14541 14541 128
214 4667
214 5802
214 10149
215 5306
215 5307
215 7801
215 8126
215 8734
215 9816
224 8765
1278 503
1278 1674
1278 6077
1278 10300
1445 6878
1501 9999
1501 10482
1501 13507
1505 1836
2543 1836
3237 7812
3291 5881
3291 7473
3291 8616
3291 10588
3429 4915
4080 121
4080 3654
7228 1119
7228 7812
8279 9519
8279 10365
9667 2791
9860 11074
9860 14268
9866 397
9866 673
9866 1219
9866 2494
9866 3174
9866 3906
9866 3939
9866 4732
9866 5661
9866 6029
9866 6140
9866 6279
9866 7003
9866 7089
9866 8921
9866 9642
9866 9813
9866 9977
9866 10004
9866 10011
9866 10012
9866 10151
9866 10391
9866 10769
9866 11074
9866 11109
9866 11262
9866 11346
9866 11382
9866 11441
9866 11526
9866 11536
9866 12437
9866 12686
9866 14299
9868 5884
9868 10004
9868 10114
9868 12686
9869 5884
9869 6905
9869 6920
9869 9560
9869 11788
9869 12052
9869 14204
9871 5878
9871 5884
9871 6923
9871 12052
9879 6073
9879 9999
10718 7069
10718 8273
11528 133
11528 161
11528 448
11528 1024
11528 1659
11528 2089
11528 2113
11528 3174
11528 3270
11528 3295
11528 3404
11528 4425
11528 4645
11528 4676
11528 5105
11528 5377
11528 5813
11528 6302
11528 6622
11528 6921
11528 6923
11528 6928
11528 8906
11528 8913
11528 9009
11528 10013
11528 10114
11528 10398
11528 11521
11528 11526
11528 11576
11528 11578
11528 11788
11528 12000
11528 12591
11528 12611
11528 14204
11629 1836
14377 12025
