14541 14541 236
228 10062
285 451
302 6997
325 12731
401 7698
425 6997
425 10988
451 285
476 2314
483 2900
510 13602
522 12680
555 569
555 2825
567 8207
569 555
608 1166
608 10062
619 1524
619 10062
663 995
732 1546
732 13556
882 12680
917 4426
995 663
1085 3116
1149 2788
1166 608
1166 4395
1166 5738
1312 9972
1320 9972
1524 619
1530 6257
1542 3222
1546 732
1596 1938
1607 5466
1736 10062
1745 2443
1887 3222
1921 5891
1938 1596
1938 2325
1980 2755
1980 9605
2048 8940
2076 10062
2123 2748
2204 3377
2238 2620
2239 2779
2239 13005
2249 2478
2249 4395
2265 2277
2277 2265
2292 12917
2314 476
2325 1545
2325 1938
2368 3222
2424 907
2443 1745
2478 2249
2478 11236
2703 2933
2716 2778
2716 13644
2724 10062
2740 9758
2748 2123
2748 3376
2748 13272
2755 1980
2778 2716
2779 2239
2784 2930
2790 7144
2825 2826
2826 2825
2837 6712
2837 9658
2884 8520
2900 483
2920 10309
2930 2784
2933 2703
3016 10309
3116 1085
3163 2716
3202 7808
3222 2368
3222 4292
3222 12917
3286 7276
3318 3608
3318 4937
3376 2748
3377 2204
3608 3318
3680 10934
3865 10062
4167 11225
4292 3222
4292 10934
4295 11225
4395 1166
4395 2249
4395 2251
4395 5621
4426 917
4464 7358
4464 13814
4554 3568
4752 9157
4937 3318
5084 13499
5096 1607
5217 7299
5465 5466
5466 5465
5490 10708
5535 12917
5621 4395
5890 6174
5891 1921
5991 8071
6174 5890
6257 1530
6362 13602
6373 12023
6464 10708
6712 2837
6720 12543
6997 302
6997 425
7092 2584
7117 11935
7144 2790
7276 3286
7288 10062
7299 5217
7338 10892
7358 4464
7363 12680
7698 401
7781 11576
7808 3202
8207 567
8207 10601
8520 2884
8881 12174
8925 13272
8940 2048
9157 4752
9185 2325
9248 12593
9605 1980
9658 2837
9807 9099
9810 8740
9972 1312
9972 1320
10062 228
10062 608
10062 619
10062 1736
10062 2076
10062 2724
10062 3865
10062 7288
10062 10953
10062 12668
10133 3965
10309 2500
10309 2920
10309 3016
10486 9265
10601 8207
10683 10708
10708 2478
10708 6464
10708 9353
10708 10683
10708 11225
10818 14072
10934 3680
10934 4292
10934 12917
10953 10062
10988 425
10988 5479
11225 4167
11225 10708
11225 10988
11225 11971
11236 2478
11277 12680
11576 7781
11794 3608
11935 7117
11971 11225
12023 6373
12344 8756
12543 6720
12593 9248
12680 522
12680 882
12680 2317
12680 2588
12680 2716
12680 7363
12680 11277
12680 11878
12680 12894
12707 12680
12731 325
12894 12680
12917 476
12917 3222
12917 5535
12917 10934
13272 2748
13272 8925
13310 14033
13473 4937
13556 732
13602 3371
13602 6362
13644 2716
13814 4464
14033 13310
14072 10818
14299 6720
