14541 14541 244
35 4366
147 4366
256 4366
431 4366
614 4366
702 4366
796 4366
837 4366
862 4366
900 4366
952 4100
952 4366
952 6945
952 8508
952 8782
952 9119
1030 4366
1131 4366
1145 4366
1152 4366
1173 4366
1232 4366
1254 1602
1254 2389
1254 3920
1254 4100
1254 4366
1254 4419
1254 5861
1254 6945
1254 8239
1254 8674
1254 8782
1254 8897
1254 9092
1254 9119
1384 4366
1384 9119
1403 4366
1420 4366
1514 4366
1695 4366
1833 4366
2058 4366
2058 6945
2103 4366
2165 1768
2165 2389
2165 4366
2165 8782
2243 4366
2274 4366
2380 4366
2390 4366
2487 4366
2627 4366
2977 4366
3033 4366
3038 4366
3062 4366
3073 4366
3085 4366
3085 9119
3155 4366
3282 4366
3296 4366
3547 4366
3561 4366
3621 4366
3936 4366
4003 4366
4104 4366
4117 4366
4206 4366
4206 13146
4261 4366
4526 4366
4547 4366
4603 4366
4842 4366
4940 4366
4988 4366
5064 8782
5146 4366
5146 8674
5146 8782
5433 4366
5709 4366
5867 4366
5867 5861
5867 11266
5918 4366
6021 4366
6289 4366
6370 4366
6383 4366
6459 4366
6556 4366
6571 4366
6578 4366
6807 4366
7048 4366
7048 8674
7048 9119
7199 4366
7217 4118
7217 4366
7217 8782
7328 4366
7341 4366
7354 2389
7354 4366
7354 6945
7354 8674
7354 8782
7435 4366
7683 4366
7707 4118
7707 4366
7707 6945
7707 8782
7996 4366
8005 4366
8005 8782
8005 9119
8064 4366
8106 4366
8113 4366
8138 1602
8138 4366
8138 6945
8138 8782
8370 4366
8427 4366
8579 4366
8610 4118
8610 4366
8610 8782
8610 9119
8633 4366
8783 4100
8783 4366
8783 6945
8783 8674
8783 8782
8783 9119
8869 2389
8869 4366
8869 6945
8869 8782
8869 9119
8875 4366
8878 4366
8878 6268
8890 4366
9136 4366
9136 9119
9150 4366
9154 4366
9154 5861
9154 8782
9184 4366
9184 8782
9470 4366
9470 9119
9507 4366
9562 4366
9622 4366
9680 4366
9823 4366
9881 4366
9894 4366
9900 4366
9938 4118
9938 4366
9938 6945
9938 8782
9938 9119
10020 4366
10029 4366
10072 4366
10211 4366
10255 4366
10436 4366
11070 4366
11147 4366
11299 4366
11358 4366
11476 1768
11476 2389
11476 4366
11476 4419
11476 5861
11476 6268
11476 7043
11476 8897
11476 10343
11479 4366
11767 4366
11767 6945
11774 4366
12250 4366
12362 4366
12599 4366
12626 4366
12626 6945
12626 8782
12663 4366
12688 4366
12688 9119
12811 4366
12821 4366
12828 4366
12849 4366
12866 4366
12929 4366
13128 4366
13215 4366
13220 4366
13247 4366
13247 9119
13357 4366
13423 4366
13496 4366
13496 8782
13610 4366
13610 9119
13940 2389
13940 4118
13940 4366
13940 6945
13940 8782
13940 8897
13940 13146
14011 4366
14011 9119
14054 4366
14348 4366
14388 4366
14509 4366
14509 5487
14509 5861
14509 9119
14522 4366
