14541 14541 125
1125 2392
1125 3382
1125 4321
1125 7113
1125 8132
1125 8681
1125 8891
1125 10901
2392 1125
2392 3382
2392 4321
2392 4883
2392 6171
2392 8681
2392 8891
2392 10900
2392 10901
2506 5041
3382 1125
3382 2392
3382 4320
3382 4321
3382 5148
3382 8132
3382 8891
3382 10900
3997 4706
3997 5050
3997 11709
4320 3382
4320 4321
4320 4883
4320 7113
4320 7602
4320 8132
4320 8681
4320 10901
4321 1125
4321 2392
4321 3382
4321 4320
4321 6171
4321 7602
4321 8132
4321 10900
4322 4321
4322 7602
4322 8681
4322 10199
4706 3997
4706 5050
4883 4320
4883 4322
4883 5148
4883 7602
4897 4898
4897 4900
4898 4897
4900 4897
5041 2506
5050 3997
5050 4706
5050 11709
5148 2392
5148 3382
5148 4883
5148 7113
5148 8132
5148 10900
5148 10901
5689 5690
5690 5689
6171 2392
6171 4321
6171 8681
6171 8891
6171 10900
7113 1125
7113 2392
7113 4320
7113 5148
7113 6171
7113 8132
7113 8681
7113 8891
7602 4320
7602 4321
7602 4883
8132 1125
8132 2392
8132 3382
8132 4320
8132 4321
8132 7113
8132 8891
8263 4322
8681 1125
8681 4320
8681 4322
8681 6171
8681 7113
8681 8891
8681 10901
8891 2392
8891 3382
8891 4321
8891 6171
8891 7113
8891 8681
8891 10901
10199 4322
10900 2392
10900 3382
10900 4321
10900 5148
10900 6171
10901 1125
10901 2392
10901 4321
10901 8681
10901 8891
10901 10900
11709 3997
11709 4706
11709 5050
