14541 14541 191
1382 2633
1382 4406
1382 4950
1382 5484
1382 5576
1382 7160
1382 7514
1382 7515
1382 7516
1382 7517
1382 7518
1382 7519
1382 7520
1382 10805
1382 11189
3265 3215
3265 3353
3265 3427
3265 4258
3265 5799
3265 5800
3265 5814
3265 10349
5691 390
5691 645
5691 885
5691 1036
5691 1405
5691 1527
5691 1760
5691 1891
5691 2428
5691 2430
5691 2431
5691 2432
5691 2608
5691 2951
5691 2992
5691 3094
5691 3138
5691 3224
5691 3287
5691 3859
5691 3861
5691 4025
5691 4039
5691 4046
5691 4071
5691 4854
5691 8659
5691 11356
5691 11874
5691 12922
5691 13226
5691 13480
5694 5852
5694 5860
5694 5885
5694 5886
5694 5888
5694 6761
5694 6762
5694 6799
5694 6801
5694 6863
5694 6994
5694 7005
5694 7014
5694 7015
5694 7081
5694 7252
5694 7421
5694 7481
5694 7599
6806 44
6806 235
6806 330
6806 1137
6806 1418
6806 4983
6806 6161
6806 6695
6806 7062
6806 7112
6806 7114
6806 7174
6806 7191
6806 7194
6806 7195
6806 7204
6806 7215
6806 7218
6806 7219
6806 7220
6806 7238
6806 9441
6806 9760
6806 10232
6806 12656
6806 13353
6806 14487
8113 1279
8113 1322
8113 3006
8113 3024
8113 3025
8113 3026
8113 3877
8113 3879
8113 4138
8113 5905
8113 6334
8113 6674
8113 6993
8113 7146
8113 7754
8113 7908
8113 8266
8113 8268
8113 8269
8113 8283
8113 8380
8113 8574
8113 8576
8113 9193
8113 9194
8113 9280
8113 9351
8113 9681
8113 9682
8113 10029
8113 14369
8113 14370
9902 1146
9902 1327
9902 1951
9902 1952
9902 3718
9902 4019
9902 4602
9902 4760
9902 5002
9902 5020
9902 5022
9902 5024
9902 5030
9902 5033
9902 5202
9902 5446
9902 5541
9902 5544
9902 5545
9902 5546
9902 5548
9902 5559
9902 5598
9902 5600
9902 5693
9902 5711
9902 5712
9902 5716
9902 5780
9902 5824
9902 5906
9902 6749
9902 6764
9902 6768
9902 6771
9902 6772
9902 6774
9902 6775
9902 6778
9902 6782
9902 6784
12757 3069
12757 3076
12757 3080
12757 3987
12757 6328
12757 6344
12757 7558
12757 7910
12757 7911
12757 8271
12757 8643
12757 8732
12757 9278
12757 9355
12757 9356
12757 14371
12757 14379
