14541 14541 286
43 6131
248 5831
1122 4792
1163 9299
1538 5831
1603 9607
1656 5831
1769 5310
1982 5831
2099 1183
2219 10375
2245 11422
2387 7963
2401 5831
2420 1178
2420 1180
2429 9173
2494 9343
2538 5831
2609 5831
2931 5831
2976 1750
2976 5831
2976 8125
2993 5963
2993 9985
3091 12659
3245 5831
3278 1082
3278 6443
3368 4332
3525 1179
3548 5696
3549 3032
3551 3971
3551 5696
3551 12484
3552 748
3552 5696
3586 1179
3586 1180
3586 3971
3586 5696
3587 1180
3587 5696
3607 8687
3612 1180
3612 14001
3622 1181
3622 3032
3622 14001
3623 3971
3623 14001
3624 1181
3624 3971
3624 12484
3667 3032
3667 12484
3669 1178
3670 1178
3670 1179
3670 1181
3670 12484
3671 1178
3671 1180
3671 3968
3724 5696
3727 1181
3727 12484
3731 5831
3731 11593
3736 11593
3738 5831
3782 1082
3860 1664
3860 4382
3860 11593
3929 13999
3952 1443
3975 1180
3975 1181
3975 3969
4210 5831
4339 748
4440 7963
4455 5831
4492 9607
4492 12737
4582 5831
4627 5831
4738 6008
4825 1082
4825 6443
4878 748
4974 1180
4974 12484
5083 1664
5083 9556
5167 517
5167 880
5167 7066
5231 8687
5318 1750
5927 11491
5971 5696
5971 12484
5973 1181
5973 3032
5974 1180
5974 1181
5975 1180
5984 9936
5985 9936
6032 5831
6116 9173
6116 9174
6116 9176
6123 1664
6123 9556
6210 1758
6253 1082
6365 1540
6401 6131
6401 8058
6415 8058
6445 8561
6480 7995
6501 5831
6659 8389
6661 880
6724 9556
6725 9556
6746 9607
6754 1717
7009 10752
7033 12905
7060 12484
7075 6131
7085 4332
7085 9180
7103 9985
7200 5831
7276 5831
7300 1750
7343 5831
7390 5026
7396 5026
7405 1180
7405 14001
7414 2014
7422 9607
7422 12737
7597 9853
7623 6325
7685 1664
7685 9556
7702 6131
7784 1180
7784 5696
7784 12484
7864 1180
7864 5696
7968 5831
7968 9556
8000 9556
8010 7928
8024 880
8041 1178
8041 1179
8041 1180
8041 1181
8041 14001
8093 9175
8093 12905
8153 1750
8187 5829
8216 5831
8275 12457
8293 7066
8406 11683
8477 1750
8509 12484
8646 7928
8762 1181
8762 14001
8781 1181
8781 3032
8843 1758
8863 1914
8866 9985
8999 11491
9024 5831
9024 7995
9024 9556
9024 10174
9024 10375
9026 540
9026 748
9026 3553
9026 3889
9098 1750
9098 8687
9296 8389
9342 13418
9350 1180
9350 1181
9350 3032
9350 12484
9350 14001
9380 2496
9380 9556
9600 9556
9606 12737
9700 9607
9700 12629
9700 12905
9750 880
9981 9607
10075 1750
10142 12484
10167 10521
10196 4987
10201 9173
10239 1178
10239 1179
10248 7617
10276 5831
10382 92
10382 9985
10382 11457
10382 12905
10387 540
10387 748
10387 3553
10387 14344
10488 9985
10489 1443
10489 9985
10580 5963
10581 5963
10586 5831
10668 12737
10764 5460
10775 5831
10775 9556
10879 7995
10879 10174
10898 4987
10953 9607
10998 5831
10998 9556
11008 1758
11014 9985
11014 11457
11116 1750
11235 9951
11235 13266
11350 10174
11351 10174
11417 13266
11453 8687
11579 9556
11628 9175
11656 1518
11661 3889
12003 5831
12326 1180
12326 12484
12525 9556
12528 1518
12584 11491
12683 8058
12738 10174
12746 7617
12746 9985
12747 5829
12747 9985
13122 10456
13130 1699
13973 5831
13975 5831
14028 7790
14028 11646
14059 5831
14060 5831
14089 5831
