14541 14541 493
42 7594
138 7594
143 7594
172 7594
191 7594
359 7594
362 7594
434 7594
440 7594
447 7594
448 7594
459 7594
477 7594
492 7594
493 7594
494 7594
512 7594
523 7594
561 7594
568 7594
579 7594
583 7594
587 7594
590 7594
591 7594
593 7594
599 7594
618 7594
620 7594
716 7594
745 7594
825 7594
840 7594
872 7594
926 7594
945 7594
1008 7594
1020 7594
1061 7594
1083 7594
1089 7594
1208 7594
1228 7594
1240 7594
1315 7594
1355 7594
1408 7594
1520 7594
1602 7594
1609 7594
1675 7594
1702 7594
1793 7594
1992 7594
1998 7594
2005 7594
2012 7594
2025 7594
2049 7594
2062 7594
2070 7594
2071 7594
2073 7594
2086 7594
2115 7594
2122 7594
2158 7594
2188 7594
2196 7594
2197 7594
2220 7594
2294 7594
2465 7594
2511 7594
2513 7594
2578 7594
2841 7594
2946 7594
2960 7594
2966 7594
3095 7594
3152 7594
3193 7594
3199 7594
3302 7594
3346 7594
3357 7594
3537 7594
3554 7594
3566 7594
3614 7594
3661 7594
3704 7594
3741 7594
3785 7594
3818 7594
3906 7594
3938 7594
3943 7594
3982 7594
3994 7594
3996 7594
4004 7594
4165 7594
4366 7594
4436 7594
4438 7594
4441 7594
4443 7594
4445 7594
4447 7594
4450 7594
4465 7594
4471 7594
4483 7594
4488 7594
4495 7594
4507 7594
4538 7594
4640 7594
5019 7594
5071 7594
5183 7594
5190 7594
5237 7594
5317 7594
5377 7594
5452 7594
5633 7594
5635 7594
5650 7594
5661 7594
5662 7594
5664 7594
5675 7594
5687 7594
5701 7594
5714 7594
5721 7594
5736 7594
5742 7594
5750 7594
5778 7594
5801 7594
5813 7594
5825 7594
5848 7594
5851 7594
5864 7594
5874 7594
5878 7594
5884 7594
5887 7594
6063 7594
6125 7594
6135 7594
6136 7594
6157 7594
6163 7594
6234 7594
6279 7594
6307 7594
6332 7594
6420 7594
6466 7594
6543 7594
6544 7594
6545 7594
6552 7594
6559 7594
6562 7594
6564 7594
6565 7594
6569 7594
6579 7594
6581 7594
6623 7594
6626 7594
6634 7594
6718 7594
6770 7594
6905 7594
6920 7594
6921 7594
6923 7594
6928 7594
6935 7594
7148 7594
7153 7594
7186 7594
7365 7594
7366 7594
7367 7594
7369 7594
7374 7594
7397 7594
7401 7594
7413 7594
7429 7594
7433 7594
7436 7594
7441 7594
7447 7594
7467 7594
7485 7594
7536 7594
7544 7594
7627 7594
7635 7594
7672 7594
7674 7594
7676 7594
7677 7594
7686 7594
7691 7594
7694 7594
7696 7594
7709 7594
7727 7594
7732 7594
7737 7594
7738 7594
7750 7594
7766 7594
7767 7594
7774 7594
7775 7594
7783 7594
7785 7594
7798 7594
7807 7594
7823 7594
7826 7594
7829 7594
7830 7594
7846 7594
7855 7594
7873 7594
7874 7594
7883 7594
7952 7594
7958 7594
8018 7594
8082 7594
8084 7594
8087 7594
8089 7594
8092 7594
8099 7594
8101 7594
8104 7594
8105 7594
8114 7594
8136 7594
8142 7594
8146 7594
8151 7594
8174 7594
8176 7594
8178 7594
8245 7594
8246 7594
8247 7594
8248 7594
8249 7594
8250 7594
8255 7594
8265 7594
8282 7594
8340 7594
8357 7594
8363 7594
8366 7594
8369 7594
8396 7594
8414 7594
8438 7594
8493 7594
8496 7594
8497 7594
8502 7594
8504 7594
8512 7594
8514 7594
8518 7594
8522 7594
8523 7594
8529 7594
8530 7594
8542 7594
8545 7594
8572 7594
8587 7594
8591 7594
8605 7594
8615 7594
8619 7594
8625 7594
8736 7594
8746 7594
8821 7594
8864 7594
8901 7594
8907 7594
8908 7594
8913 7594
8915 7594
8918 7594
8919 7594
8921 7594
8948 7594
8949 7594
8967 7594
9013 7594
9029 7594
9058 7594
9079 7594
9080 7594
9084 7594
9091 7594
9093 7594
9096 7594
9097 7594
9103 7594
9106 7594
9107 7594
9108 7594
9109 7594
9118 7594
9120 7594
9122 7594
9124 7594
9127 7594
9128 7594
9135 7594
9143 7594
9145 7594
9155 7594
9211 7594
9216 7594
9227 7594
9231 7594
9232 7594
9239 7594
9258 7594
9275 7594
9307 7594
9309 7594
9310 7594
9334 7594
9370 7594
9505 7594
9508 7594
9520 7594
9521 7594
9530 7594
9548 7594
9554 7594
9560 7594
9561 7594
9565 7594
9582 7594
9584 7594
9586 7594
9594 7594
9620 7594
9629 7594
9642 7594
9647 7594
9766 7594
9806 7594
9812 7594
9813 7594
9814 7594
9817 7594
9834 7594
9837 7594
9856 7594
9883 7594
9913 7594
9920 7594
9925 7594
9974 7594
9976 7594
9977 7594
9979 7594
9983 7594
10004 7594
10011 7594
10012 7594
10013 7594
10025 7594
10026 7594
10059 7594
10076 7594
10079 7594
10105 7594
10106 7594
10108 7594
10114 7594
10117 7594
10132 7594
10280 7594
10361 7594
10397 7594
10398 7594
10416 7594
10422 7594
10428 7594
10438 7594
10440 7594
10582 7594
10613 7594
10631 7594
10643 7594
10695 7594
10735 7594
10769 7594
10784 7594
10823 7594
11110 7594
11149 7594
11262 7594
11305 7594
11307 7594
11338 7594
11391 7594
11465 7594
11520 7594
11522 7594
11523 7594
11524 7594
11537 7594
11538 7594
11576 7594
11651 7594
11667 7594
11702 7594
11807 7594
11867 7594
12000 7594
12011 7594
12057 7594
12116 7594
12244 7594
12348 7594
12495 7594
12636 7594
12673 7594
12686 7594
12742 7594
12752 7594
12770 7594
12788 7594
12799 7594
12805 7594
12815 7594
12817 7594
12822 7594
12910 7594
12912 7594
12924 7594
12930 7594
12936 7594
12962 7594
12969 7594
12990 7594
12998 7594
13004 7594
13007 7594
13016 7594
13025 7594
13127 7594
13158 7594
13194 7594
13197 7594
13209 7594
13240 7594
13408 7594
13447 7594
13452 7594
13606 7594
13773 7594
13994 7594
14095 7594
14196 7594
14204 7594
14282 7594
14298 7594
14338 7594
14352 7594
14372 7594
14386 7594
