14541 14541 8491
13 4275
43 3036
77 268
77 322
77 2240
77 2363
77 2866
77 3371
77 3617
77 3984
77 4309
77 4853
77 5483
77 7166
77 8544
77 8851
79 1955
79 2029
79 2350
79 2670
79 3676
79 4183
79 4431
79 6712
79 8970
85 10436
87 8658
106 2762
107 4307
110 345
110 5846
110 11063
111 4260
111 7128
111 10058
113 2930
120 6061
129 11277
140 2854
140 5418
140 7967
142 13580
166 364
166 2758
166 2759
178 338
178 575
178 1713
178 2738
178 2916
178 10493
189 696
189 2350
189 3676
189 3901
189 4183
189 4431
189 6712
189 9931
211 241
212 610
212 5961
212 8123
221 2850
221 3888
222 11812
225 1103
229 649
229 654
230 10615
241 211
268 77
268 322
268 2368
268 2604
268 3134
268 3905
268 3984
268 4723
268 4853
268 5185
268 5464
268 5483
268 7166
268 7701
268 7711
268 9630
268 10856
309 462
309 1209
316 6867
322 77
322 268
322 441
322 2866
322 2925
322 3328
322 3344
322 3984
322 4853
322 4964
322 7166
322 8851
322 14040
328 13211
336 5458
336 7675
336 8495
336 13107
337 696
337 2743
337 4573
337 5023
337 8177
338 178
338 1572
338 5111
345 110
345 659
345 5846
345 11063
363 1638
363 3768
363 4101
363 6276
363 6974
363 12497
363 12709
364 166
367 7099
369 8291
370 2702
370 11063
381 2088
381 4714
382 12828
396 758
396 5486
397 10391
406 2563
406 2623
406 2763
406 3221
406 5683
406 6278
406 6551
406 7660
406 11028
406 11225
406 12668
407 2942
407 11185
418 3393
418 4476
418 6867
418 8977
425 406
425 486
425 619
425 718
425 749
425 764
425 972
425 2159
425 3029
425 3045
425 4151
425 5029
425 5653
425 6058
425 6586
425 6997
425 8254
425 8873
425 8881
425 10617
425 10988
425 11028
425 11712
425 12002
425 13306
425 13486
436 2235
436 7582
436 7583
436 8623
436 8810
436 9249
436 10223
436 10824
436 13303
441 322
441 534
441 535
441 723
441 888
441 1921
441 2282
441 2662
441 2925
441 3061
441 3328
441 3344
441 3389
441 3426
441 4158
441 4262
441 4351
441 10683
441 11225
441 14260
450 14382
460 2216
460 2232
460 5992
460 13556
461 489
461 13580
462 309
462 1209
462 8291
462 10408
471 3953
471 12411
471 12897
476 2771
486 1149
486 3029
486 3045
486 5653
486 6464
486 7716
486 8254
486 8873
486 9761
486 12002
486 12215
488 1692
488 1910
488 2531
488 4491
488 4548
488 4549
488 5110
488 6630
488 7912
488 8181
488 8804
488 9016
488 9222
488 9432
488 10462
488 12698
488 13414
489 461
501 601
501 4783
501 8188
503 2236
503 12731
506 5112
514 7358
519 3759
519 6514
519 7173
519 7716
519 9024
519 10168
519 10879
519 11040
519 11350
519 11352
519 12738
531 488
531 619
531 646
531 663
531 749
531 990
531 1692
531 1910
531 2255
531 2541
531 2932
531 4491
531 4549
531 5085
531 5110
531 5466
531 6630
531 7912
531 8181
531 8372
531 8804
531 9016
531 9222
531 9432
531 10462
531 11971
531 12698
531 13310
531 13414
532 5525
534 441
534 535
534 723
534 743
534 888
534 1921
534 2282
534 2424
534 2662
534 3426
534 3916
534 4158
534 4262
534 6763
534 10683
534 14260
535 441
535 534
535 723
535 743
535 888
535 2424
535 2662
535 3389
535 3426
535 3916
535 4262
535 4351
535 6763
535 10683
535 14260
536 9575
536 9596
536 11361
575 178
575 2709
575 2738
575 9775
589 9311
601 501
601 2477
601 3486
601 4525
601 4783
601 8188
610 212
610 1504
610 9635
619 425
619 2541
619 2932
619 3405
619 5085
619 5376
619 5466
619 6940
619 8925
619 9918
619 10455
619 11857
619 11971
619 12668
621 5238
621 11117
631 11597
633 9138
639 2747
639 13210
643 841
646 488
646 531
646 749
646 890
646 1692
646 1910
646 2531
646 4491
646 4548
646 4549
646 5110
646 6058
646 6630
646 7912
646 8181
646 8372
646 9016
646 9222
646 9432
646 10462
646 12698
646 13414
649 229
649 654
654 229
654 649
656 1785
656 1949
656 2743
659 345
659 1388
659 5846
663 531
663 619
663 2255
663 2541
663 2932
663 5085
663 8925
663 11971
663 12699
664 2762
664 2902
664 3707
665 667
667 665
685 2776
693 695
693 1871
693 1953
693 2002
693 2913
693 4183
693 5965
693 7904
693 8551
693 8552
693 12470
693 14382
695 1953
695 2002
695 2913
695 5965
695 7904
695 8551
695 8552
695 12470
695 14382
696 189
696 337
696 2743
696 5023
696 8177
700 701
700 1726
700 2443
700 2445
701 700
701 1726
701 2443
701 2445
701 10708
702 1190
702 6290
702 6627
702 7352
702 8314
702 8495
704 1544
704 1566
704 8751
718 425
718 764
718 2615
718 4151
718 6058
718 6748
718 10988
718 11712
718 13486
718 13541
723 441
723 534
723 743
723 888
723 1921
723 2424
723 2662
723 3389
723 3426
723 3916
723 4262
723 4351
723 6763
723 10683
723 14260
725 1545
725 2358
725 13486
727 1085
727 1291
727 4098
727 4131
727 4466
727 7161
727 10442
727 11519
730 12319
732 3995
732 5090
732 5288
732 7765
732 9074
743 441
743 535
743 723
743 888
743 1921
743 2282
743 2424
743 2662
743 3389
743 4158
743 4262
743 4351
743 5037
743 6763
743 9567
743 9568
743 10683
743 14260
749 425
749 531
749 718
749 764
749 4151
749 6058
749 6748
749 6759
749 8372
749 10988
749 11712
749 13310
750 890
750 5891
750 8912
750 10951
751 757
751 1085
751 1924
751 6414
751 11963
757 751
757 1924
757 3222
757 5110
757 6414
757 11963
758 396
758 2495
758 4565
758 5486
758 7084
758 7182
758 8312
758 10899
758 11098
764 425
764 718
764 2615
764 2880
764 6058
764 6586
764 6748
764 8110
764 9765
764 10988
764 13486
764 13541
798 2709
798 4265
798 12012
832 2950
832 3579
832 3781
832 4756
832 4848
832 5210
832 8647
832 9125
832 9595
832 10126
832 10880
832 11385
832 11833
832 13414
836 7593
841 702
841 1190
841 3317
841 12319
841 12854
856 3617
856 4005
856 5473
856 5517
856 6556
856 8671
856 9588
856 12249
856 14060
864 2736
867 10346
867 13446
867 14004
878 3061
878 3426
878 6816
878 8498
878 10091
878 11223
878 11519
887 8362
887 10886
887 11355
887 11993
888 441
888 534
888 535
888 723
888 743
888 2424
888 2662
888 3389
888 3426
888 3916
888 4158
888 4262
888 4351
888 6763
888 10683
888 14260
890 531
890 646
890 750
890 3746
890 5891
890 6058
890 6759
890 8372
890 8912
890 10951
890 11172
890 13310
891 3345
891 7629
895 8607
899 7675
907 13580
914 1916
914 2703
914 2704
914 2824
914 4909
914 5920
914 12609
914 14003
923 1864
923 3447
923 5125
923 5171
924 11247
954 113
954 2705
959 960
959 9276
960 959
960 9276
972 5029
972 8881
972 10617
972 10951
972 11991
972 13306
987 1881
987 11861
987 13301
990 531
990 663
990 2255
990 2363
990 2541
990 2932
990 3731
990 3734
990 3735
990 5085
990 5376
990 5466
990 6940
990 7730
990 8925
990 9918
990 10052
990 10455
990 11857
990 11971
990 12426
990 12510
990 12668
990 12699
990 12727
990 12886
990 13969
990 14059
991 2235
991 3190
991 5757
991 8030
999 122
1009 2620
1009 2918
1009 3047
1013 13218
1014 2572
1014 5262
1033 2773
1033 4896
1033 5961
1033 7063
1033 8468
1033 9775
1033 10493
1033 10796
1033 13446
1038 2932
1084 2097
1084 8187
1084 9485
1084 9750
1084 12376
1085 727
1085 751
1085 1291
1085 4098
1085 4131
1085 4466
1085 7161
1085 10442
1085 11519
1103 225
1103 2404
1103 2636
1103 4001
1103 4876
1103 5140
1103 7256
1122 3633
1122 11660
1124 12599
1139 1671
1139 2416
1139 4008
1139 4220
1148 5680
1148 8823
1148 8945
1148 9207
1148 10190
1148 10253
1148 10310
1148 10447
1148 13167
1148 14525
1149 486
1149 7716
1149 9761
1149 12215
1162 4164
1162 10060
1162 11117
1162 12249
1163 1162
1163 4164
1163 10060
1163 11117
1163 12249
1190 702
1190 841
1190 9056
1190 10058
1190 13552
1202 2773
1202 3053
1202 6061
1209 309
1209 462
1209 10408
1241 10249
1265 1264
1268 2928
1268 3485
1281 10618
1291 727
1291 1085
1291 4098
1291 4131
1291 4466
1291 7161
1291 10442
1291 11519
1291 12174
1294 4579
1294 5301
1294 6070
1294 8083
1333 1985
1333 2054
1333 3903
1333 4069
1333 4184
1333 4203
1333 4871
1333 6061
1333 7324
1345 4610
1357 9971
1357 11897
1364 3953
1364 4520
1364 7237
1364 11796
1364 13218
1368 4979
1368 5949
1368 6661
1368 9789
1388 659
1388 10323
1390 9095
1414 5453
1414 5486
1414 5702
1414 6335
1414 6800
1414 7002
1414 8068
1414 8220
1414 8382
1414 8383
1414 8384
1414 8888
1415 5961
1419 1941
1419 2396
1419 3114
1419 3242
1419 4570
1419 4571
1419 4572
1419 4576
1419 4577
1419 4578
1419 4735
1419 6808
1419 6956
1419 8090
1438 2826
1460 2558
1484 12152
1493 1038
1493 2932
1493 12694
1504 212
1504 610
1504 8123
1504 9635
1544 704
1544 7786
1545 2540
1545 8207
1545 9699
1546 536
1546 2076
1546 4852
1546 9575
1546 10856
1546 11361
1566 704
1566 8420
1566 8495
1566 12849
1572 338
1579 4297
1582 2771
1582 8487
1584 4101
1584 4653
1584 5585
1584 6843
1584 7263
1584 7264
1584 12886
1603 3779
1603 4822
1603 6746
1636 12707
1638 363
1638 3768
1638 4101
1638 6276
1638 6974
1638 10706
1638 12497
1662 6181
1671 1139
1671 2416
1671 4008
1671 9600
1671 10815
1686 9076
1686 13580
1692 646
1692 1910
1692 2531
1692 4491
1692 4548
1692 4549
1692 5110
1692 6630
1692 8181
1692 8804
1692 9016
1692 9222
1692 10462
1692 13414
1697 2731
1697 2913
1697 5525
1712 9140
1713 178
1713 1686
1713 4001
1713 11654
1713 13580
1726 700
1726 701
1726 2443
1726 2445
1734 6286
1734 7894
1738 2831
1738 12362
1738 13248
1752 2976
1752 5318
1752 7300
1752 8153
1752 8477
1752 9098
1752 10075
1752 11116
1782 4761
1782 5476
1782 5477
1784 3485
1784 3888
1784 4275
1784 5965
1785 656
1795 10966
1799 6370
1807 3940
1807 8472
1809 2701
1809 2702
1838 2579
1850 1911
1850 1935
1850 2032
1850 2670
1850 2939
1857 3063
1857 3197
1857 4782
1857 4894
1857 5119
1857 6314
1857 7193
1857 8546
1857 9030
1857 9110
1857 12275
1864 5125
1869 2015
1869 6595
1871 693
1871 695
1871 1953
1871 2913
1871 4183
1871 7904
1871 8551
1871 8552
1871 12470
1871 14382
1873 3358
1873 8207
1873 9758
1873 12696
1881 987
1881 2703
1888 3495
1889 2820
1889 3120
1889 4892
1889 4909
1889 14006
1910 531
1910 646
1910 2531
1910 2764
1910 3300
1910 3680
1910 4167
1910 4491
1910 4548
1910 4549
1910 4723
1910 5110
1910 5587
1910 6329
1910 6630
1910 7912
1910 8181
1910 8804
1910 8979
1910 9016
1910 9222
1910 9224
1910 9432
1910 9493
1910 10462
1910 13414
1911 1850
1911 2017
1911 2032
1911 2670
1911 2939
1911 12992
1911 13580
1911 14382
1916 914
1916 2223
1916 2703
1916 4275
1916 4909
1916 5920
1916 5965
1916 10909
1916 12470
1916 12609
1916 13970
1916 14003
1916 14023
1917 5295
1921 441
1921 534
1921 535
1921 723
1921 743
1921 2282
1921 2424
1921 2522
1921 2662
1921 3389
1921 3916
1921 4158
1921 4262
1921 4351
1921 4487
1921 5528
1921 5893
1921 5894
1921 5895
1921 6763
1921 7018
1921 7019
1921 7020
1921 7021
1921 7022
1921 7023
1921 10683
1921 14260
1923 6724
1924 757
1924 6414
1924 11145
1924 11963
1926 2731
1926 6292
1935 1850
1935 1911
1935 2017
1935 2032
1935 2670
1935 2939
1935 6397
1935 12992
1935 13580
1935 14382
1939 10436
1940 5059
1941 1419
1941 2396
1941 3114
1941 3242
1941 4568
1941 4570
1941 4572
1941 4577
1941 4735
1941 6808
1941 6956
1941 7924
1941 8090
1944 10683
1944 13005
1949 656
1949 5418
1953 693
1953 1871
1953 2002
1953 2913
1953 4183
1953 5965
1953 7904
1953 8551
1953 8552
1953 12470
1953 14382
1955 189
1955 2029
1955 2350
1955 3676
1955 3901
1955 4183
1955 4431
1955 6712
1964 7063
1969 12441
1980 6047
1981 11106
1981 13552
1982 8676
1982 13969
1985 1333
1985 2054
1985 3903
1985 4203
1985 4871
1985 6262
1985 7324
2002 695
2002 1871
2002 1953
2002 2913
2002 4275
2002 5965
2002 8551
2002 8552
2002 14382
2015 1869
2017 1850
2017 2032
2017 2939
2017 12992
2017 13580
2017 14382
2029 79
2029 1955
2029 2350
2029 2670
2029 3901
2029 4431
2029 6712
2029 9931
2032 1850
2032 1911
2032 1935
2032 2017
2032 2670
2032 2939
2032 6397
2032 12992
2032 13580
2032 14382
2040 4739
2043 8970
2043 11856
2043 14508
2054 1333
2054 1985
2054 3903
2054 4871
2054 6262
2054 7324
2076 1546
2077 9253
2087 6034
2088 381
2088 4714
2090 2780
2090 2797
2090 7945
2095 1904
2095 2916
2095 2917
2095 4203
2095 10061
2142 3114
2142 4146
2142 7867
2142 9432
2142 10696
2159 425
2159 486
2159 3029
2159 5653
2159 8254
2159 8873
2175 5105
2187 3984
2187 5288
2187 5827
2187 11897
2208 12598
2216 460
2216 2232
2223 1916
2223 4275
2223 5965
2223 6147
2223 10909
2223 12470
2223 14023
2229 4573
2232 460
2232 2216
2232 13556
2235 436
2235 991
2235 3190
2235 5757
2235 7582
2235 7583
2235 7818
2235 8030
2235 8623
2235 8810
2235 8888
2235 9064
2235 9249
2235 10223
2236 503
2240 77
2240 3371
2240 4309
2240 8544
2251 4486
2251 6809
2255 531
2255 619
2255 663
2255 2541
2255 2932
2255 5085
2255 8925
2255 12699
2275 1713
2275 10111
2282 534
2282 535
2282 723
2282 743
2282 1921
2282 2424
2282 2662
2282 3389
2282 3916
2282 4158
2282 4262
2282 4351
2282 6763
2282 10683
2308 8922
2313 3681
2313 8066
2313 9707
2313 10214
2313 11225
2313 13971
2325 1980
2325 5490
2339 8997
2342 9205
2342 10058
2350 79
2350 189
2350 1955
2350 2029
2350 3676
2350 3901
2350 4183
2350 6712
2350 9931
2358 448
2358 484
2358 725
2358 2540
2358 6061
2358 8207
2358 9699
2358 11333
2358 11597
2358 12590
2358 13486
2359 4189
2359 4548
2359 4656
2359 5288
2359 6794
2359 7268
2359 8352
2363 990
2363 2240
2363 3371
2363 3598
2363 4309
2363 7730
2363 8544
2363 10052
2363 12510
2363 12727
2363 14059
2368 2604
2368 2971
2368 3134
2368 3905
2368 5185
2368 5464
2368 6638
2368 7701
2368 7711
2368 9630
2368 11452
2368 13271
2368 14284
2387 4440
2396 1419
2396 1941
2396 3114
2396 3242
2396 4568
2396 4570
2396 4571
2396 4572
2396 4576
2396 4578
2396 4735
2396 6808
2396 6956
2396 7924
2396 8090
2403 2701
2403 2702
2403 2749
2404 1103
2404 2636
2404 4876
2404 5140
2404 7256
2406 6630
2406 10530
2416 1139
2416 4008
2416 4220
2420 3586
2420 3624
2420 3724
2420 4974
2420 5975
2420 7405
2420 8509
2420 9350
2424 441
2424 534
2424 535
2424 723
2424 743
2424 888
2424 1921
2424 2282
2424 3389
2424 3916
2424 4158
2424 4262
2424 4351
2424 6763
2424 14260
2443 700
2443 701
2443 1726
2443 2445
2443 10708
2445 701
2445 1726
2445 2443
2445 10708
2471 7786
2471 8093
2471 9700
2477 501
2477 601
2477 4783
2477 8188
2478 2859
2495 758
2495 4565
2495 7182
2495 8312
2501 10455
2522 1921
2522 4487
2522 5528
2522 5620
2522 5893
2522 5894
2522 5895
2522 7018
2522 7019
2522 7022
2522 7023
2522 9585
2531 488
2531 646
2531 1692
2531 1910
2531 4491
2531 5110
2531 6630
2531 7912
2531 8804
2531 9016
2531 9222
2531 10462
2531 12698
2531 13414
2540 1545
2540 2358
2540 7588
2540 8422
2540 9699
2541 663
2541 990
2541 2255
2541 2932
2541 5466
2541 8925
2541 11971
2541 12699
2554 8188
2558 1460
2563 406
2563 2623
2563 3125
2563 3221
2563 5683
2563 6278
2563 6551
2563 7660
2572 1014
2572 4541
2575 11353
2575 13415
2579 1838
2580 506
2584 2604
2584 3134
2584 3905
2584 5185
2584 5464
2584 6638
2584 7701
2584 7711
2584 9630
2584 11452
2584 11749
2584 13271
2604 268
2604 2368
2604 2584
2604 3134
2604 3905
2604 4442
2604 4723
2604 5185
2604 5464
2604 7701
2604 7711
2604 9630
2604 10856
2604 11452
2604 11749
2604 13271
2610 2764
2610 2770
2613 11539
2615 425
2615 718
2615 764
2615 6058
2615 6586
2615 6748
2615 10988
2615 11712
2615 13486
2615 13541
2619 6010
2619 7629
2620 2918
2620 3047
2623 406
2623 2563
2623 3125
2623 3221
2623 5683
2623 7660
2635 9631
2636 1103
2636 2404
2636 4001
2636 5140
2636 7256
2636 8417
2654 8495
2662 441
2662 534
2662 535
2662 723
2662 743
2662 888
2662 1921
2662 2282
2662 2424
2662 3389
2662 3426
2662 3916
2662 4158
2662 4262
2662 4351
2662 6763
2662 10683
2662 14260
2664 9140
2664 14418
2665 13265
2670 79
2670 1935
2670 2017
2670 2029
2670 2032
2670 2939
2670 4431
2670 6397
2670 12992
2670 13580
2682 6364
2682 8739
2682 8825
2682 8840
2682 9763
2698 12186
2699 2755
2701 1809
2701 2403
2702 370
2702 1809
2702 2403
2702 2701
2702 11063
2703 914
2703 1881
2703 1916
2703 2704
2703 2824
2703 4909
2703 12609
2704 914
2704 1916
2704 2703
2704 2722
2704 4909
2704 5920
2704 6226
2704 12609
2704 14003
2705 954
2705 2736
2705 2930
2705 10493
2705 14100
2709 178
2709 575
2709 798
2709 2738
2714 2776
2716 6225
2716 8607
2718 2754
2718 2757
2722 2189
2722 2704
2722 5920
2722 6226
2724 867
2724 12390
2731 1926
2731 2913
2731 5525
2731 9547
2732 4800
2732 5563
2732 12152
2734 14010
2736 864
2736 2705
2736 2750
2736 10493
2736 14100
2738 178
2738 575
2738 2709
2740 5420
2743 656
2743 696
2743 5023
2747 639
2748 9095
2748 11979
2749 2403
2749 4616
2750 2705
2750 2736
2750 10493
2750 14100
2754 2718
2754 2757
2755 2699
2757 2718
2757 2754
2758 166
2759 166
2759 2845
2759 13442
2762 5251
2762 8422
2762 8831
2762 9099
2762 12390
2763 406
2763 12668
2764 2610
2764 2770
2764 3300
2764 3680
2764 4723
2764 5587
2764 6329
2764 7531
2764 7564
2764 8979
2764 9224
2770 2610
2770 2764
2773 1033
2773 4896
2773 7063
2773 10796
2776 685
2776 2714
2780 2090
2780 2797
2780 7009
2780 7945
2793 14056
2793 14072
2797 2090
2797 7009
2797 7945
2800 2825
2800 2826
2800 9458
2814 11896
2814 12887
2820 1889
2820 2939
2820 3120
2820 4892
2820 4909
2820 11861
2820 13580
2820 14006
2824 914
2824 1916
2824 2703
2824 2704
2824 4909
2824 5920
2824 12609
2825 2826
2825 4554
2826 1438
2826 2800
2826 2825
2826 9458
2831 1738
2831 5794
2831 6370
2831 8633
2837 7193
2842 1414
2842 5453
2842 5486
2842 5808
2842 6335
2842 6800
2842 7002
2842 7632
2842 8015
2842 8220
2842 8382
2842 8383
2842 8384
2842 8888
2844 3692
2844 3764
2844 4551
2844 5046
2844 5110
2844 6758
2844 6824
2844 10240
2844 11080
2844 11361
2844 11890
2844 12005
2844 12278
2845 2759
2845 9775
2850 221
2850 1438
2850 2883
2850 3875
2853 4876
2853 4939
2853 5777
2853 7967
2853 10346
2854 140
2854 1949
2854 5418
2859 2478
2859 12471
2866 77
2866 322
2866 3984
2866 4853
2866 5483
2866 7166
2866 8851
2867 3431
2875 5945
2875 11289
2877 6181
2877 9076
2877 13948
2880 764
2880 8110
2880 9765
2883 2850
2885 4307
2887 5840
2888 4584
2890 10005
2891 7011
2892 6855
2902 664
2902 3707
2910 11289
2913 693
2913 1697
2913 1871
2913 1953
2913 2002
2913 2731
2913 4183
2913 5965
2913 7904
2913 8551
2913 8552
2913 12470
2913 14382
2916 178
2916 4203
2916 4909
2916 10061
2917 2095
2917 2916
2917 4203
2917 10061
2918 2620
2918 3047
2925 322
2925 441
2925 3061
2925 3328
2925 3344
2925 14040
2928 1268
2930 954
2932 531
2932 619
2932 990
2932 1038
2932 1493
2932 2255
2932 5466
2932 8925
2932 11971
2932 12694
2932 12699
2934 11996
2939 907
2939 1850
2939 1911
2939 1935
2939 2017
2939 2670
2939 4183
2939 6397
2939 13580
2939 14010
2939 14382
2942 11185
2950 3579
2950 3781
2950 4756
2950 4848
2950 8647
2950 9125
2950 9595
2950 10880
2950 11385
2950 11712
2950 11833
2950 13414
2958 12083
2965 3894
2965 4101
2965 4314
2965 5029
2965 5445
2965 5573
2965 6402
2965 7161
2965 7209
2965 9086
2965 11141
2965 11175
2971 14284
2974 11170
2974 12023
2976 5318
2993 8866
2993 9026
2993 10209
2993 10382
2993 10489
2993 11606
2993 12751
3005 13272
3029 425
3029 486
3029 2159
3029 3045
3029 5653
3029 8254
3029 8873
3029 12002
3036 43
3045 486
3045 2159
3045 3029
3045 6464
3045 8254
3047 1009
3047 2620
3047 2918
3051 13162
3053 1202
3053 7669
3061 322
3061 441
3061 3344
3061 3426
3061 6301
3061 6816
3061 8498
3061 10091
3061 11223
3061 11519
3061 11749
3061 14040
3063 1857
3063 3197
3063 4782
3063 4894
3063 6314
3063 7193
3063 8236
3063 8546
3063 8651
3063 9030
3063 9031
3063 9110
3063 12275
3079 3940
3110 5604
3114 2142
3114 3242
3114 4146
3114 4568
3114 4570
3114 4571
3114 4572
3114 4576
3114 4577
3114 4578
3114 6808
3114 6956
3114 7867
3114 7924
3114 8090
3114 9432
3114 10696
3120 1889
3120 2820
3120 4892
3120 4909
3120 14006
3125 406
3125 2563
3125 2623
3125 3221
3125 5683
3125 6278
3125 7660
3130 8727
3131 3948
3131 11098
3134 268
3134 2368
3134 2584
3134 2604
3134 4723
3134 5185
3134 5464
3134 6638
3134 7701
3134 9630
3134 11452
3134 11749
3134 13271
3163 13566
3165 1455
3178 11160
3190 991
3190 2235
3190 5757
3190 8030
3197 1857
3197 4782
3197 5119
3197 6314
3197 7193
3197 8236
3197 8546
3197 8651
3197 9030
3197 9031
3197 9110
3197 12275
3198 10315
3202 2787
3202 8468
3203 7009
3221 406
3221 2563
3221 2623
3221 3125
3221 5683
3221 6278
3221 6551
3221 7660
3221 8544
3222 13306
3242 1419
3242 1941
3242 2396
3242 3114
3242 4568
3242 4570
3242 4571
3242 4572
3242 4577
3242 4578
3242 4735
3242 6808
3242 7924
3242 8090
3245 3890
3245 6501
3245 13997
3277 3833
3277 7780
3277 10445
3286 2104
3297 4252
3300 1910
3300 2764
3300 3680
3300 4167
3300 4723
3300 6329
3300 8979
3300 9224
3300 9493
3301 7854
3317 841
3317 11245
3320 4906
3320 6001
3320 6168
3320 8144
3320 8693
3320 8789
3320 9471
3320 9473
3320 9706
3320 9780
3320 9947
3320 9955
3320 12131
3320 12133
3328 322
3328 441
3328 2925
3328 3061
3328 3344
3328 14040
3330 5641
3344 322
3344 441
3344 3061
3344 3328
3344 14040
3345 891
3345 10669
3356 4127
3356 10152
3358 1873
3358 4852
3358 9758
3365 955
3365 6181
3365 9083
3365 10549
3371 77
3371 2240
3371 2363
3371 4309
3371 8544
3389 441
3389 535
3389 723
3389 743
3389 1921
3389 2424
3389 2662
3389 3916
3389 4158
3389 4262
3389 6763
3389 10683
3389 14260
3393 418
3399 5295
3399 10909
3419 6167
3426 441
3426 534
3426 535
3426 743
3426 878
3426 888
3426 1921
3426 2282
3426 2662
3426 3061
3426 3389
3426 3916
3426 4262
3426 4351
3426 6301
3426 8498
3426 10091
3426 10683
3426 11223
3426 11519
3426 11749
3431 2867
3434 7076
3434 9342
3434 9916
3434 13556
3445 13214
3447 923
3466 5198
3471 1148
3471 5680
3471 8435
3471 8823
3471 9207
3471 10190
3471 10253
3471 10447
3471 13167
3474 5777
3477 12907
3479 5457
3479 5463
3479 8433
3481 6085
3481 6257
3481 7546
3481 9487
3481 11098
3485 1268
3485 4275
3492 9493
3495 1888
3495 3481
3495 6257
3495 7546
3495 7773
3495 9487
3525 3586
3525 10239
3548 3586
3548 3587
3548 3612
3548 3623
3548 3667
3548 3669
3548 3724
3548 5971
3548 7864
3549 5973
3549 7405
3549 7864
3551 3548
3551 3552
3551 3586
3551 3587
3551 3612
3551 3623
3551 5971
3551 7784
3551 7864
3552 3551
3552 3586
3552 3587
3552 3622
3552 3624
3552 7784
3552 7864
3557 7778
3557 11098
3565 3759
3565 6659
3565 9277
3579 832
3579 2950
3579 4848
3579 5210
3579 5300
3579 8647
3579 9125
3579 9595
3579 10126
3579 10880
3579 11385
3579 11833
3581 8472
3581 11811
3586 2420
3586 3525
3586 3548
3586 3551
3586 3552
3586 3587
3586 3622
3586 3623
3586 3624
3586 3669
3586 3671
3586 4974
3586 5975
3586 7864
3586 8509
3586 9350
3586 10239
3587 2420
3587 3548
3587 3551
3587 3552
3587 3586
3587 3671
3587 4974
3587 5971
3587 5975
3587 7784
3587 8509
3587 9350
3598 990
3598 10052
3598 12426
3598 12510
3598 12727
3607 4120
3607 5231
3607 6666
3607 6667
3607 9098
3607 10818
3607 11453
3610 5322
3610 6362
3610 7209
3610 7268
3610 13306
3612 3548
3612 3551
3612 7864
3612 8041
3617 77
3617 856
3617 8671
3617 10934
3617 14060
3622 3549
3622 3552
3622 3586
3622 3669
3622 3670
3622 3671
3622 3724
3622 5973
3622 5975
3622 7405
3622 7864
3622 8762
3622 8781
3622 9344
3623 3548
3623 3586
3623 3624
3624 2420
3624 3548
3624 3551
3624 3552
3624 3623
3624 3669
3624 3670
3624 3671
3624 3727
3624 4974
3624 5971
3624 5973
3624 5974
3624 5975
3624 7405
3624 8509
3624 8781
3624 9344
3624 9350
3626 10714
3629 10435
3629 12186
3633 1122
3633 6286
3633 6364
3633 10819
3633 11660
3637 4723
3637 8386
3667 3670
3667 5971
3667 5975
3667 7784
3667 8781
3667 9350
3667 12326
3669 3551
3669 3586
3669 3612
3669 3622
3669 3623
3669 3624
3669 3727
3669 5974
3669 7864
3669 8762
3669 8781
3669 9344
3670 3622
3670 3624
3670 3667
3670 3727
3670 3975
3670 5971
3670 5973
3670 5974
3670 5975
3670 8041
3670 8762
3670 9350
3670 10239
3670 12326
3671 3587
3671 3622
3671 3624
3671 3724
3671 4974
3671 5975
3671 7405
3671 7784
3671 8041
3671 9350
3671 10239
3676 79
3676 189
3676 1955
3676 2029
3676 2350
3676 3901
3676 4183
3676 4431
3676 6712
3676 8468
3676 9931
3680 1910
3680 2764
3680 3300
3680 4167
3680 4723
3680 5587
3680 6329
3680 8979
3680 9224
3680 9493
3681 5586
3681 8066
3681 9707
3681 11225
3681 13971
3686 4203
3691 7303
3691 11660
3691 12362
3691 13248
3692 4551
3692 5046
3692 5110
3692 6652
3692 6758
3692 6824
3692 9785
3697 3730
3697 3732
3697 3734
3697 3860
3697 13969
3707 664
3707 2902
3717 6740
3724 2420
3724 3548
3724 3552
3724 3586
3724 3587
3724 3622
3724 3671
3724 4974
3724 5973
3724 7405
3724 7784
3724 7864
3724 8509
3724 8762
3724 8781
3724 9344
3724 9350
3727 3622
3727 3624
3727 3669
3727 3670
3727 3975
3727 5973
3727 7784
3727 7864
3727 8762
3727 8781
3727 12326
3730 3697
3730 3731
3730 3732
3730 3734
3730 3735
3730 3736
3730 3737
3730 3860
3730 13969
3730 14059
3731 990
3731 3730
3731 3732
3731 3734
3731 3735
3731 3736
3731 3737
3731 3860
3731 13969
3731 14059
3732 990
3732 3697
3732 3730
3732 3731
3732 3735
3732 3736
3732 3860
3732 13969
3734 990
3734 3697
3734 3731
3734 3732
3734 3736
3734 3860
3734 13969
3734 14059
3735 990
3735 3697
3735 3730
3735 3731
3735 3732
3735 3734
3735 3736
3735 14059
3736 3697
3736 3730
3736 3731
3736 3732
3736 3735
3736 3860
3736 13969
3736 14059
3737 3730
3739 2604
3739 4442
3746 750
3746 890
3746 5891
3746 8912
3746 10951
3746 11172
3759 519
3759 3565
3759 7173
3759 9024
3759 9277
3759 11040
3764 2844
3764 4572
3764 5046
3764 5110
3764 6652
3764 6758
3764 6824
3764 9785
3764 11080
3764 11361
3764 11890
3764 12005
3764 12278
3768 363
3768 1638
3768 4101
3768 6276
3768 6974
3768 10706
3768 12497
3768 12709
3779 1603
3779 4822
3781 832
3781 2950
3781 3579
3781 4756
3781 4848
3781 5210
3781 5300
3781 8647
3781 9125
3781 9595
3781 10126
3781 10880
3781 11385
3781 11712
3781 11833
3781 13414
3789 111
3789 10058
3792 7936
3801 6625
3801 7016
3801 7163
3801 7507
3801 8384
3801 8884
3801 9246
3801 9790
3801 10207
3801 10405
3801 10617
3801 10868
3801 11611
3821 6162
3821 9192
3833 3277
3839 6167
3839 7641
3839 11591
3839 13971
3840 9714
3842 8779
3856 6260
3860 3697
3860 3731
3860 3732
3860 3734
3860 3735
3860 3736
3860 13969
3875 2850
3875 4554
3875 12390
3875 12471
3888 221
3890 3245
3890 13997
3894 2965
3894 4101
3894 5445
3894 7161
3901 79
3901 189
3901 1955
3901 2350
3901 3676
3901 4183
3901 4431
3901 6712
3901 9931
3903 1333
3903 2054
3903 4203
3903 6262
3903 7324
3905 268
3905 2368
3905 2584
3905 2604
3905 3134
3905 5464
3905 6638
3905 7701
3905 7711
3905 10856
3905 11452
3905 11749
3905 13271
3916 441
3916 534
3916 535
3916 723
3916 743
3916 888
3916 1921
3916 2424
3916 2662
3916 3389
3916 3426
3916 4158
3916 4262
3916 4351
3916 6763
3916 14260
3931 7611
3939 12894
3940 1807
3940 3079
3948 3131
3953 471
3953 4520
3953 7237
3953 11796
3953 12897
3953 13218
3975 3624
3975 3667
3975 3670
3975 3727
3975 5971
3975 5974
3975 5975
3975 7784
3975 8509
3975 8781
3975 9350
3984 268
3984 322
3984 2187
3984 2866
3984 4853
3984 5288
3984 5483
3984 5827
3984 7166
3984 8851
3984 11897
3995 732
3995 5090
3995 5288
3995 7765
3995 9074
4001 923
4001 1103
4001 1713
4001 2404
4001 3447
4001 4876
4001 5140
4001 7256
4001 8468
4001 9775
4001 10858
4001 11690
4005 856
4005 5463
4005 9715
4008 1139
4008 1671
4008 2416
4008 4220
4008 13332
4069 1333
4077 6057
4089 1838
4089 2579
4098 727
4098 1291
4098 4131
4098 10442
4098 11519
4101 363
4101 1584
4101 2965
4101 3894
4101 4653
4101 5445
4101 5585
4101 6276
4101 6843
4101 6974
4101 7161
4101 7263
4101 7264
4101 10706
4101 11175
4101 12497
4101 12709
4101 12886
4120 3607
4120 5997
4120 6667
4120 9012
4120 10347
4120 11453
4120 11579
4122 7632
4122 13473
4127 3356
4127 10152
4131 727
4131 1085
4131 1291
4131 4098
4131 4466
4131 7161
4131 10442
4131 11519
4131 12174
4146 2142
4146 3114
4146 7867
4151 425
4151 718
4151 764
4151 6586
4151 6748
4151 10988
4151 11712
4151 13486
4151 13541
4158 441
4158 534
4158 535
4158 723
4158 743
4158 888
4158 1921
4158 2282
4158 2424
4158 2662
4158 3389
4158 3916
4158 4262
4158 4351
4158 6763
4158 10683
4158 14260
4164 1162
4164 1163
4164 11117
4167 2764
4167 3300
4167 3680
4167 4723
4167 5587
4167 6329
4167 8979
4167 9224
4167 9493
4170 11224
4170 11670
4173 5035
4173 7295
4182 4265
4183 79
4183 189
4183 695
4183 2002
4183 2029
4183 2350
4183 2939
4183 3676
4183 3901
4183 4431
4183 5965
4183 6712
4183 7904
4183 8551
4183 8552
4183 9931
4183 12470
4183 13442
4183 13580
4183 14010
4183 14382
4184 1333
4184 4871
4189 2359
4189 4548
4189 4656
4189 4852
4189 5288
4189 6390
4189 6794
4189 7268
4189 8352
4196 4255
4196 7390
4196 7396
4203 1333
4203 1985
4203 2054
4203 2917
4203 3903
4203 4871
4203 6262
4203 7324
4203 10061
4220 1671
4220 2416
4226 450
4226 4800
4226 13265
4226 14382
4252 3297
4255 4196
4255 7390
4255 7396
4255 11417
4260 111
4260 7128
4262 441
4262 534
4262 535
4262 723
4262 743
4262 888
4262 1921
4262 2282
4262 2424
4262 2662
4262 3426
4262 3916
4262 4158
4262 4351
4262 6763
4262 10683
4262 14260
4264 4265
4265 798
4265 4182
4265 4264
4275 13
4275 1784
4275 1916
4275 2002
4275 2223
4275 6147
4275 12470
4275 13970
4275 14023
4297 1579
4307 107
4307 2885
4309 77
4309 2240
4309 2363
4309 8544
4314 5573
4314 6402
4314 7209
4314 9086
4351 441
4351 534
4351 535
4351 723
4351 743
4351 2282
4351 2424
4351 2662
4351 3389
4351 3426
4351 4158
4351 4262
4351 10683
4351 14260
4374 5856
4411 12545
4431 79
4431 189
4431 1955
4431 2029
4431 2350
4431 2670
4431 3676
4431 4183
4431 9931
4440 2387
4442 2604
4442 3739
4442 4700
4442 5880
4442 8455
4442 8720
4442 8995
4442 9082
4442 10008
4444 10757
4466 727
4466 1085
4466 1291
4466 4098
4466 4131
4466 7161
4466 10442
4466 12174
4467 7208
4475 4939
4476 418
4485 6193
4485 8460
4486 5817
4486 6809
4487 1921
4487 2522
4487 5528
4487 5620
4487 5891
4487 5893
4487 5894
4487 5895
4487 6684
4487 7018
4487 7019
4487 7020
4487 7022
4487 9585
4491 488
4491 531
4491 646
4491 1692
4491 1910
4491 2531
4491 4548
4491 4549
4491 5110
4491 7912
4491 8181
4491 8804
4491 9016
4491 9222
4491 9432
4491 10462
4491 13414
4519 11057
4520 1364
4520 3953
4520 7237
4532 9785
4532 10244
4532 12249
4533 4532
4533 9785
4533 10244
4533 12249
4541 1014
4548 531
4548 646
4548 1692
4548 1910
4548 2359
4548 2531
4548 4189
4548 4549
4548 4656
4548 4852
4548 5110
4548 5288
4548 6390
4548 6630
4548 6794
4548 7268
4548 7912
4548 8181
4548 9016
4548 9222
4548 9432
4548 10462
4548 12698
4548 13414
4549 488
4549 531
4549 1692
4549 1910
4549 2531
4549 4491
4549 5110
4549 6630
4549 7912
4549 8181
4549 8804
4549 9016
4549 9222
4549 9432
4549 10462
4549 13414
4551 3692
4551 3764
4551 4572
4551 6652
4551 6758
4551 6824
4551 9785
4551 10240
4551 11080
4551 11361
4551 11890
4551 12278
4554 664
4554 2762
4554 2825
4554 3875
4554 5251
4554 6744
4554 7275
4554 7588
4554 8422
4554 9099
4554 10005
4554 12390
4562 12249
4565 2495
4565 7182
4565 8312
4565 11098
4568 1941
4568 2396
4568 3242
4568 4570
4568 4572
4568 4576
4568 4577
4568 4578
4568 4735
4568 6808
4568 6956
4568 7924
4568 8090
4570 1419
4570 2396
4570 3114
4570 3242
4570 4568
4570 4572
4570 4576
4570 4578
4570 4735
4570 6808
4570 6956
4570 7924
4570 8090
4571 1941
4571 2396
4571 3242
4571 4570
4571 4572
4571 4577
4571 4735
4571 6956
4571 7924
4572 1419
4572 1941
4572 2844
4572 3114
4572 3764
4572 4551
4572 4568
4572 4570
4572 5046
4572 5110
4572 6652
4572 6758
4572 6808
4572 6824
4572 6956
4572 9785
4572 10240
4572 11080
4572 11361
4572 11890
4572 12005
4572 12278
4573 337
4573 696
4573 2229
4573 2743
4573 5023
4573 8177
4574 4008
4574 7764
4574 13332
4574 13442
4576 1941
4576 3114
4576 3242
4576 4570
4576 4577
4576 4578
4577 1419
4577 1941
4577 2396
4577 3114
4577 3242
4577 4568
4577 4570
4577 4571
4577 4576
4577 4735
4577 7924
4578 1419
4578 1941
4578 3114
4578 3242
4578 4568
4578 4570
4578 4571
4578 4576
4578 4577
4578 4735
4578 7924
4578 8090
4579 1294
4579 4723
4579 5301
4579 6070
4579 8083
4579 8599
4579 8650
4579 9059
4579 10944
4579 12886
4584 2888
4596 4831
4596 10623
4610 1345
4615 7408
4616 2749
4627 8585
4627 9400
4627 13602
4653 1584
4653 4101
4653 5585
4653 6843
4653 7263
4653 7264
4653 12886
4656 2359
4656 4189
4656 4548
4656 4852
4656 5288
4656 6390
4656 7268
4656 9140
4700 4442
4700 5795
4700 5880
4700 8455
4700 9082
4700 10008
4714 381
4714 2088
4723 268
4723 1910
4723 2368
4723 2584
4723 2764
4723 3134
4723 3637
4723 3680
4723 4167
4723 4579
4723 5185
4723 5464
4723 5587
4723 6329
4723 6638
4723 7701
4723 7711
4723 8599
4723 8650
4723 8979
4723 9059
4723 9630
4723 10856
4723 10944
4723 11452
4723 12886
4723 13218
4723 13271
4735 1941
4735 2396
4735 3114
4735 3242
4735 4570
4735 4571
4735 4576
4735 4577
4735 4578
4735 7924
4735 8090
4739 2040
4739 4800
4756 832
4756 2950
4756 3579
4756 3781
4756 4848
4756 5210
4756 5300
4756 8647
4756 9125
4756 9595
4756 10126
4756 10880
4756 11385
4756 11712
4756 11833
4756 13414
4759 6229
4759 6347
4761 1782
4761 5477
4761 5949
4766 7819
4782 1857
4782 3063
4782 3197
4782 4894
4782 5119
4782 7128
4782 7193
4782 8236
4782 8651
4782 9030
4782 12275
4783 501
4783 601
4783 2477
4783 8188
4786 8400
4800 2732
4800 4226
4800 4739
4800 9075
4800 12152
4800 13265
4810 5488
4810 7757
4815 4444
4815 10757
4816 8215
4822 1603
4822 3779
4822 6746
4831 4596
4833 5458
4833 8495
4833 9138
4833 13112
4833 13342
4848 832
4848 2950
4848 3579
4848 3781
4848 4756
4848 8647
4848 9125
4848 9595
4848 10126
4848 11385
4848 11712
4848 13414
4852 536
4852 1546
4852 1873
4852 2359
4852 3358
4852 4189
4852 4656
4852 5288
4852 6390
4852 6794
4852 7268
4852 8352
4852 9575
4852 9596
4852 9758
4852 10856
4852 11361
4853 77
4853 268
4853 322
4853 2866
4853 5483
4853 7166
4853 8851
4861 6659
4861 8420
4861 9138
4861 9296
4861 9497
4871 1333
4871 1985
4871 3903
4871 4184
4871 4203
4871 5945
4871 6262
4871 7324
4872 6724
4872 10347
4876 1103
4876 2404
4876 2853
4876 4001
4876 4939
4876 5140
4876 7256
4892 1889
4892 2820
4892 3120
4892 4909
4892 14006
4894 1857
4894 3063
4894 3197
4894 4782
4894 5119
4894 6314
4894 7128
4894 7193
4894 8236
4894 8546
4894 8651
4894 9030
4894 9031
4894 9110
4894 12275
4896 1033
4896 7063
4896 10493
4896 10796
4896 13446
4906 6001
4906 6168
4906 8144
4906 8693
4906 9471
4906 9473
4906 9706
4906 9780
4906 9799
4906 9800
4906 9947
4906 9955
4906 12131
4909 914
4909 1889
4909 2703
4909 2704
4909 2820
4909 2824
4909 2916
4909 3120
4909 4892
4909 5920
4909 8188
4909 12609
4909 14003
4912 10058
4932 856
4932 14060
4939 2853
4939 4475
4939 4876
4964 322
4964 7303
4964 12249
4974 2420
4974 3586
4974 3624
4974 3671
4974 3724
4974 7405
4974 9350
4979 1368
4979 5949
4986 12680
4992 4810
4992 5804
4992 7757
5023 337
5023 696
5023 2743
5023 4573
5023 8177
5023 11690
5029 972
5029 2965
5029 3894
5029 7161
5029 8881
5029 10617
5029 10951
5029 11175
5029 13306
5031 8188
5035 7295
5037 743
5037 9567
5037 9568
5046 2844
5046 3692
5046 3764
5046 4551
5046 5110
5046 6652
5046 6758
5046 6824
5046 9785
5046 11080
5046 11361
5046 11890
5046 12005
5046 12278
5059 1940
5083 6123
5083 7685
5083 8000
5085 619
5085 663
5085 990
5085 2255
5085 2541
5085 2932
5085 5466
5085 12699
5088 486
5088 1149
5088 7716
5088 9761
5088 12215
5090 732
5090 3995
5090 5288
5090 7765
5106 8927
5110 488
5110 531
5110 646
5110 751
5110 1692
5110 2844
5110 3692
5110 3764
5110 4491
5110 4549
5110 4551
5110 4572
5110 5046
5110 6414
5110 6630
5110 6652
5110 6758
5110 7912
5110 8181
5110 8804
5110 9016
5110 9222
5110 9432
5110 9785
5110 10462
5110 11361
5110 11890
5110 12005
5110 12278
5110 12698
5110 13414
5111 338
5112 506
5112 2580
5119 2837
5119 3063
5119 4782
5119 4894
5119 6314
5119 7193
5119 8236
5119 8546
5119 9030
5119 9031
5119 9110
5119 12275
5125 923
5125 1864
5125 11074
5127 10470
5140 1103
5140 2404
5140 2636
5140 4001
5140 4876
5160 6809
5160 8956
5160 11247
5160 12699
5160 13310
5167 8262
5167 8293
5167 11450
5171 923
5185 268
5185 2368
5185 2584
5185 2604
5185 3134
5185 3905
5185 4723
5185 5464
5185 6638
5185 7711
5185 10856
5185 11452
5185 11749
5185 13271
5186 5866
5186 13552
5187 5629
5187 13234
5198 3466
5198 11745
5210 832
5210 2950
5210 5300
5210 8647
5210 9125
5210 9595
5210 10126
5210 11385
5210 11712
5210 11833
5210 13414
5231 3607
5231 5997
5231 9012
5231 9252
5231 10347
5231 10818
5231 11453
5238 621
5238 7206
5238 11117
5251 8838
5262 1014
5262 2572
5263 9476
5263 10242
5263 11963
5288 732
5288 2187
5288 2359
5288 3995
5288 4189
5288 4548
5288 4656
5288 4852
5288 5090
5288 5827
5288 6390
5288 6794
5288 7268
5288 7765
5288 8352
5288 9074
5288 11897
5288 14263
5295 1917
5295 3399
5300 2950
5300 3579
5300 3781
5300 4848
5300 5210
5300 8647
5300 9595
5300 10126
5300 10880
5300 11385
5300 11712
5300 11833
5300 13414
5301 1294
5301 4579
5318 1752
5318 2976
5318 7300
5318 8153
5318 8477
5318 9098
5318 11116
5319 14017
5322 3610
5322 6362
5322 7209
5322 7268
5322 13306
5355 4442
5355 5795
5355 5880
5355 8720
5355 8995
5376 619
5376 990
5376 6940
5376 9918
5376 10455
5376 11857
5376 12668
5376 12886
5390 6517
5396 10549
5418 140
5418 1949
5418 2854
5420 2740
5426 476
5426 2771
5445 3894
5445 4101
5445 5029
5445 7161
5445 11175
5449 12894
5453 1414
5453 2842
5453 5486
5453 5702
5453 6335
5453 8015
5453 8220
5453 8382
5453 8383
5453 8888
5456 6326
5456 6777
5456 8291
5457 3479
5457 5571
5457 8433
5458 336
5458 5629
5458 8495
5458 13342
5463 856
5463 3479
5463 4005
5463 9715
5464 268
5464 2368
5464 2584
5464 2604
5464 3134
5464 3905
5464 4723
5464 5185
5464 6638
5464 7701
5464 7711
5464 9630
5464 10856
5464 11452
5464 11749
5464 13271
5466 619
5466 663
5466 990
5466 2255
5466 2541
5466 2932
5466 5085
5466 8925
5466 11971
5466 12699
5473 856
5476 1782
5476 4761
5476 5949
5477 1782
5477 4761
5477 5476
5477 5949
5483 77
5483 322
5483 2866
5483 3984
5483 4853
5483 7166
5486 396
5486 758
5486 1414
5486 5702
5486 5808
5486 6335
5486 6800
5486 7002
5486 7084
5486 7632
5486 8015
5486 8382
5486 8383
5486 8384
5486 8888
5486 10899
5488 4810
5488 4992
5488 5804
5489 5835
5489 6813
5489 10331
5490 2325
5517 856
5517 8291
5525 532
5525 1697
5525 2731
5525 2913
5525 11369
5525 12827
5528 1921
5528 2522
5528 4487
5528 5620
5528 5891
5528 5893
5528 5894
5528 5895
5528 7018
5528 7021
5528 7022
5528 9585
5563 2732
5563 10493
5571 5457
5571 10167
5573 4314
5573 6402
5573 7209
5573 9086
5573 11141
5585 4101
5585 6843
5585 7264
5585 12886
5586 2313
5586 3681
5586 9707
5586 10214
5586 11225
5586 13971
5587 2764
5587 3300
5587 3680
5587 4167
5587 4723
5587 6329
5587 8979
5604 3110
5604 5605
5605 3110
5605 5604
5614 3761
5614 6506
5620 1921
5620 2522
5620 5528
5620 5891
5620 5895
5620 6684
5620 7018
5620 7019
5620 7020
5620 7021
5620 7023
5620 9585
5624 7886
5624 14525
5629 4833
5629 5187
5629 5458
5629 8495
5629 13342
5641 3330
5653 425
5653 486
5653 2159
5653 3029
5653 3045
5653 6464
5653 8254
5653 8873
5653 12002
5680 1148
5680 8435
5680 8823
5680 9207
5680 10190
5680 10253
5680 10310
5680 10447
5680 13167
5683 406
5683 2563
5683 2623
5683 3125
5683 3221
5683 6278
5683 6551
5697 8133
5702 1414
5702 2842
5702 5486
5702 5808
5702 6335
5702 6800
5702 7002
5702 7632
5702 8015
5702 8068
5702 8220
5702 8383
5702 8384
5702 8888
5751 6753
5757 2235
5757 3190
5757 8030
5777 2853
5784 10855
5794 2831
5795 4442
5795 5355
5795 5880
5795 8455
5795 8720
5795 8995
5795 9082
5804 4810
5804 4992
5804 5488
5804 7757
5808 1414
5808 2842
5808 5453
5808 5486
5808 5702
5808 6800
5808 7002
5808 7632
5808 8220
5808 8382
5808 8383
5808 8384
5808 8888
5812 10708
5817 2251
5817 6354
5817 6809
5827 2187
5827 3984
5827 11897
5827 14263
5831 8291
5831 9917
5831 10276
5831 12917
5835 10331
5840 2887
5846 79
5846 110
5846 345
5846 659
5850 14009
5856 4374
5856 7526
5866 5186
5866 10058
5866 13552
5873 7308
5873 12543
5880 4442
5880 5355
5880 5795
5880 8720
5880 8995
5880 10008
5891 750
5891 1921
5891 2522
5891 3746
5891 4487
5891 5528
5891 5620
5891 5894
5891 5895
5891 6684
5891 7018
5891 7019
5891 7020
5891 7022
5891 7023
5891 8912
5891 9585
5891 10951
5891 11172
5893 1921
5893 2522
5893 4487
5893 5528
5893 5894
5893 5895
5893 6684
5893 7019
5893 7020
5893 7021
5893 7022
5893 7023
5894 1921
5894 2522
5894 4487
5894 5528
5894 5620
5894 5891
5894 5893
5894 5895
5894 6684
5894 7018
5894 7019
5894 7020
5894 7021
5894 7022
5894 7023
5894 9585
5895 1921
5895 2522
5895 4487
5895 5528
5895 5891
5895 5893
5895 5894
5895 7019
5895 7020
5895 7021
5895 7023
5895 9585
5920 914
5920 1916
5920 2703
5920 2704
5920 2722
5920 6226
5920 12609
5920 14003
5927 8999
5927 9573
5927 10875
5927 11185
5927 12584
5933 3365
5933 5396
5933 9276
5933 10549
5945 2928
5945 4871
5949 1368
5949 1782
5949 4761
5949 4979
5949 5476
5949 6661
5958 7793
5958 10759
5958 11235
5961 212
5961 610
5961 1033
5961 1415
5961 1504
5961 2845
5961 8123
5961 9635
5965 693
5965 695
5965 1784
5965 1871
5965 1916
5965 1953
5965 2002
5965 2223
5965 2913
5965 3485
5965 4183
5965 4275
5965 7904
5965 8551
5965 8552
5965 10909
5965 12470
5965 13970
5965 14382
5971 3548
5971 3551
5971 3552
5971 3587
5971 3624
5971 3667
5971 3975
5971 5973
5971 5974
5971 5975
5971 7784
5971 9350
5973 3549
5973 3622
5973 3624
5973 3667
5973 3669
5973 3670
5973 3727
5973 3975
5973 5974
5973 5975
5973 7864
5973 8509
5973 8762
5973 8781
5973 9344
5973 9350
5974 3622
5974 3624
5974 3667
5974 3670
5974 3727
5974 3975
5974 5971
5974 5973
5974 5975
5974 7784
5974 7864
5974 8781
5974 9344
5974 9350
5974 10142
5974 12326
5975 2420
5975 3587
5975 3622
5975 3624
5975 3667
5975 3670
5975 3724
5975 5973
5975 5974
5975 7405
5975 7784
5975 7864
5975 8509
5975 8781
5975 9350
5975 12326
5992 460
5992 6717
5997 3607
5997 4120
5997 5231
5997 6666
5997 6667
5997 9098
5997 11453
5997 11579
6001 3320
6001 4906
6001 6168
6001 8144
6001 8693
6001 8789
6001 9471
6001 9473
6001 9665
6001 9706
6001 9780
6001 9799
6001 9947
6001 9955
6001 12133
6010 2619
6010 9138
6010 13218
6034 2087
6047 1980
6047 2325
6057 4077
6058 425
6058 646
6058 718
6058 890
6058 2615
6058 6586
6058 6748
6058 6759
6058 8372
6058 10988
6058 11712
6058 13310
6058 13486
6058 13541
6061 120
6061 654
6061 1202
6061 2358
6061 3203
6061 9205
6061 11074
6061 11333
6061 12590
6070 1294
6070 4579
6070 5301
6070 8083
6072 12917
6078 9795
6085 3481
6085 6257
6085 7546
6085 9487
6085 11098
6091 3434
6091 7076
6091 9342
6091 9916
6091 13556
6123 5083
6123 7685
6123 8000
6147 4275
6152 10948
6162 10579
6167 11591
6168 3320
6168 4906
6168 6001
6168 8144
6168 8693
6168 8789
6168 9471
6168 9473
6168 9665
6168 9706
6168 9780
6168 9799
6168 9800
6168 9955
6168 12131
6168 12133
6178 954
6179 8956
6179 11247
6179 12699
6181 1662
6181 2877
6181 3365
6181 9076
6181 13948
6193 4485
6193 8460
6193 10236
6224 2759
6225 2716
6226 2704
6226 2722
6226 5920
6229 4759
6229 6347
6257 3481
6257 3495
6257 6085
6257 7546
6257 7773
6257 9487
6257 11098
6260 3856
6260 6370
6260 12362
6262 1985
6262 3903
6262 4203
6262 4871
6262 7324
6276 363
6276 1638
6276 3768
6276 6974
6276 8740
6276 10706
6278 406
6278 3125
6278 3221
6278 5683
6278 7660
6286 1734
6286 3633
6286 6364
6286 7751
6286 7894
6286 8063
6286 10786
6290 5457
6292 1926
6301 878
6301 3061
6301 3426
6301 6816
6301 8498
6301 10091
6301 11223
6301 11519
6301 11749
6314 1857
6314 3063
6314 4894
6314 7128
6314 7193
6314 8236
6314 8546
6314 8651
6314 9030
6314 9031
6314 12275
6326 5456
6326 6777
6329 1910
6329 3680
6329 4167
6329 4723
6329 5587
6329 8979
6329 9493
6335 2842
6335 5453
6335 5486
6335 5702
6335 5808
6335 6800
6335 7002
6335 7632
6335 8015
6335 8068
6335 8220
6335 8382
6335 8383
6335 8384
6335 8888
6347 4759
6347 6229
6354 5817
6362 3610
6362 5322
6362 7209
6362 7268
6362 13306
6364 2682
6364 3633
6364 6286
6364 7303
6364 8313
6364 8727
6364 9624
6364 11660
6364 12249
6370 2831
6370 12362
6390 4189
6390 4548
6390 4852
6390 6794
6390 7268
6390 8352
6397 1850
6397 2017
6397 2670
6397 2939
6397 12992
6397 13580
6402 4314
6402 5573
6402 7209
6402 9086
6402 11141
6404 6405
6413 841
6414 751
6414 1924
6414 5110
6414 8597
6414 11963
6464 425
6464 486
6464 2159
6464 3029
6464 3045
6464 5653
6464 8254
6464 8873
6501 3245
6506 5614
6514 519
6514 7173
6514 7716
6514 9024
6514 10168
6514 10879
6514 11350
6514 11351
6514 11352
6517 5390
6533 3821
6533 9192
6551 406
6551 2623
6551 3125
6551 3221
6551 5683
6551 6278
6556 856
6556 9588
6584 2853
6586 425
6586 718
6586 764
6586 2615
6586 4151
6586 6748
6586 10988
6586 13486
6586 13541
6595 1869
6609 11245
6625 3801
6625 7016
6625 7163
6625 7507
6625 8384
6625 8884
6625 9246
6625 9790
6625 10207
6625 10405
6625 10617
6625 10868
6625 11611
6625 12438
6627 702
6627 6628
6627 7894
6627 8473
6628 6627
6630 488
6630 531
6630 646
6630 1692
6630 1910
6630 2406
6630 2531
6630 4491
6630 4548
6630 4549
6630 5110
6630 7092
6630 7912
6630 8181
6630 8804
6630 9016
6630 9432
6630 10530
6630 13414
6638 268
6638 2584
6638 3134
6638 4723
6638 5185
6638 7701
6638 9630
6638 10856
6638 11452
6638 11749
6652 3692
6652 3764
6652 4551
6652 4572
6652 5110
6652 6824
6652 9785
6652 11361
6652 12278
6659 3565
6659 4861
6659 9296
6659 9497
6661 1368
6661 4979
6661 5949
6662 8133
6662 11148
6666 3607
6666 4120
6666 5997
6666 6667
6666 9012
6666 10347
6666 11453
6666 11579
6667 3607
6667 4120
6667 5997
6667 6666
6667 9012
6667 10347
6667 11453
6675 11283
6684 1921
6684 2522
6684 4487
6684 5528
6684 5891
6684 5895
6684 7018
6684 7019
6684 7021
6684 7023
6684 9585
6704 10640
6712 79
6712 189
6712 1955
6712 2029
6712 3676
6712 3901
6712 4431
6712 9931
6717 460
6717 5992
6724 1923
6724 10213
6724 10347
6724 11544
6740 3717
6746 1603
6746 4822
6748 425
6748 718
6748 749
6748 764
6748 4151
6748 6058
6748 6586
6748 10988
6748 11712
6748 13486
6748 13541
6753 5751
6758 3692
6758 3764
6758 4551
6758 4572
6758 5046
6758 5110
6758 6652
6758 11361
6758 12005
6758 12278
6759 531
6759 646
6759 749
6759 890
6759 6058
6759 8372
6759 13310
6763 441
6763 723
6763 743
6763 888
6763 2282
6763 2424
6763 2662
6763 3916
6763 4158
6763 4262
6763 4351
6763 10683
6763 14260
6767 6769
6777 5456
6777 6326
6794 2359
6794 4189
6794 4548
6794 4656
6794 4852
6794 5288
6794 6390
6794 7268
6794 8352
6800 2842
6800 5702
6800 5808
6800 6335
6800 7002
6800 7632
6800 8220
6800 8382
6800 8384
6800 8888
6808 1419
6808 2396
6808 3114
6808 3242
6808 4568
6808 4570
6808 4571
6808 4572
6809 2251
6809 4486
6809 5160
6809 5817
6809 6179
6809 8956
6809 11247
6809 12699
6813 5489
6813 5835
6813 10331
6816 878
6816 3061
6816 3426
6816 6301
6816 8498
6816 10091
6816 11519
6816 11749
6824 3692
6824 3764
6824 4551
6824 4572
6824 5046
6824 6652
6824 6758
6824 9785
6824 10240
6824 11080
6824 11361
6824 11890
6824 12005
6824 12278
6843 4101
6843 5585
6843 7263
6843 7264
6843 12886
6849 12681
6855 2892
6855 14006
6857 2759
6857 5251
6857 7531
6857 8838
6857 9099
6861 7097
6862 3131
6862 7551
6862 8401
6862 9138
6862 11098
6867 316
6867 418
6940 619
6940 990
6940 9918
6940 10455
6940 11857
6940 12886
6956 1419
6956 1941
6956 2396
6956 3114
6956 3242
6956 4568
6956 4570
6956 4571
6956 4572
6956 6808
6970 1016
6974 3768
6974 4101
6974 6276
6974 10706
6974 12497
6974 12709
6997 425
7002 1414
7002 2842
7002 5453
7002 5486
7002 5702
7002 5808
7002 6335
7002 6800
7002 7632
7002 8068
7002 8220
7002 8382
7002 8384
7009 2090
7009 2797
7009 7945
7011 2891
7011 6014
7012 7478
7012 13948
7016 3801
7016 6625
7016 7163
7016 8884
7016 9246
7016 9790
7016 10207
7016 10617
7016 10868
7016 11611
7016 12438
7018 2522
7018 4487
7018 5528
7018 5620
7018 5893
7018 5895
7018 6684
7018 7020
7018 7021
7018 7022
7018 7023
7018 9585
7019 1921
7019 2522
7019 4487
7019 5620
7019 5891
7019 5893
7019 5894
7019 6684
7019 7020
7019 7022
7019 7023
7019 9585
7020 2522
7020 5620
7020 5891
7020 5894
7020 5895
7020 6684
7020 7019
7020 7021
7020 7022
7020 7023
7021 1921
7021 4487
7021 5528
7021 5620
7021 5894
7021 5895
7021 6684
7021 7018
7021 7019
7021 7020
7021 7022
7021 9585
7022 1921
7022 4487
7022 5528
7022 5620
7022 5891
7022 5893
7022 5894
7022 5895
7022 6684
7022 7018
7022 7020
7022 7021
7022 7023
7022 9585
7023 1921
7023 2522
7023 4487
7023 5528
7023 5620
7023 5893
7023 5894
7023 5895
7023 6684
7023 7018
7023 7019
7023 9585
7060 3975
7060 5973
7060 7784
7060 9350
7060 10142
7060 12326
7063 1964
7063 10493
7063 10796
7063 13446
7076 6091
7076 9342
7076 9916
7076 13556
7084 396
7084 758
7084 5486
7092 2406
7092 10530
7097 6861
7099 367
7099 9493
7128 111
7128 3063
7128 3789
7128 4782
7128 4894
7128 5119
7128 7193
7128 8546
7128 8651
7128 9030
7128 9110
7128 10058
7161 727
7161 1085
7161 2965
7161 3894
7161 4098
7161 4466
7161 5029
7161 5445
7161 10442
7161 11175
7161 11519
7161 12174
7163 3801
7163 6625
7163 7016
7163 9246
7163 10207
7163 10405
7163 10617
7163 10868
7163 11611
7163 12438
7166 77
7166 268
7166 322
7166 2866
7166 3984
7166 4853
7173 519
7173 3759
7173 6514
7173 7716
7173 10168
7173 10879
7173 11040
7173 11351
7173 11352
7173 12738
7182 758
7182 2495
7182 4565
7182 8312
7182 11098
7192 7303
7192 12249
7193 1857
7193 2837
7193 3063
7193 3197
7193 4782
7193 4894
7193 5119
7193 6314
7193 7128
7193 8236
7193 8546
7193 9030
7193 9031
7193 9110
7193 12275
7206 621
7206 5238
7206 11117
7209 2965
7209 3610
7209 4314
7209 5322
7209 5573
7209 6362
7209 6402
7209 7268
7209 9086
7209 11141
7209 13306
7225 8633
7237 10966
7237 11796
7237 12707
7237 13218
7256 1103
7256 2404
7256 4001
7256 4876
7256 5140
7263 1584
7263 4101
7263 4653
7263 5585
7263 6843
7263 7264
7264 1584
7264 4101
7264 4653
7264 5585
7264 6843
7268 2359
7268 3610
7268 4656
7268 5288
7268 5322
7268 6362
7268 6390
7268 6794
7268 8352
7268 13306
7275 4554
7295 4173
7295 5035
7300 1752
7300 5318
7300 8153
7300 11116
7303 856
7303 3691
7303 4964
7303 6364
7303 7192
7303 9624
7303 10819
7303 11660
7303 12249
7303 13415
7308 5873
7324 1985
7324 2054
7324 3903
7324 4203
7324 4871
7339 13282
7352 702
7356 856
7356 5555
7356 6556
7356 9588
7358 514
7362 8313
7362 8386
7390 4196
7390 4255
7390 7396
7391 10436
7395 7962
7395 8072
7396 4255
7396 7390
7396 11417
7405 2420
7405 3549
7405 3586
7405 3587
7405 3622
7405 3624
7405 3724
7405 4974
7405 5975
7405 7864
7405 8509
7405 9350
7408 4615
7471 8120
7471 8334
7471 9291
7478 7012
7478 13948
7507 3801
7507 6625
7507 8384
7507 8884
7507 9246
7507 10207
7507 10405
7507 10617
7507 11611
7507 12438
7508 8150
7508 10649
7531 2764
7531 6857
7531 9099
7546 3481
7546 3495
7546 6257
7546 7773
7546 11098
7551 7786
7551 8401
7551 11098
7551 12333
7564 2764
7564 7759
7564 12917
7582 436
7582 2235
7582 7583
7582 7818
7582 8623
7582 8810
7582 9064
7582 9249
7582 10223
7582 10824
7582 13303
7583 436
7583 2235
7583 7582
7583 7818
7583 8623
7583 8810
7583 8888
7583 9249
7583 10223
7583 10824
7583 13303
7588 2540
7588 9099
7593 836
7610 9139
7611 3931
7629 891
7629 2619
7632 1414
7632 2842
7632 4122
7632 5453
7632 5486
7632 5702
7632 5808
7632 6335
7632 7002
7632 8015
7632 8220
7632 8382
7632 8383
7632 8384
7632 13473
7636 14089
7641 3839
7641 8495
7641 11225
7641 12249
7645 12828
7654 2679
7660 406
7660 2623
7660 5683
7660 6278
7660 6551
7665 9198
7666 10886
7669 3053
7675 336
7685 5083
7685 6123
7685 8000
7701 268
7701 2368
7701 2584
7701 2604
7701 3134
7701 3905
7701 4723
7701 5185
7701 5464
7701 6638
7701 7711
7701 9630
7701 10856
7701 11452
7701 13271
7705 7719
7705 8401
7711 268
7711 2368
7711 2584
7711 2604
7711 3905
7711 4723
7711 5185
7711 5464
7711 6638
7711 7701
7711 9630
7711 10856
7711 11452
7711 11749
7716 486
7716 1149
7716 5088
7716 6514
7716 7848
7716 8640
7716 8710
7716 9385
7716 9761
7716 10008
7716 10168
7716 10243
7716 10879
7716 11040
7716 11042
7716 11351
7716 11354
7716 11380
7716 11401
7716 11409
7716 11410
7716 12215
7716 12738
7719 9986
7730 990
7730 2363
7730 3598
7730 10052
7730 12426
7730 12510
7730 12727
7730 14059
7751 6286
7751 8063
7757 4810
7757 5488
7757 5804
7759 7564
7759 12917
7763 8627
7763 12519
7764 4008
7764 4574
7764 13332
7765 732
7765 3995
7765 5090
7765 5288
7773 3481
7773 3495
7773 6085
7773 6257
7773 7546
7773 9487
7778 3557
7778 12750
7780 3277
7780 10445
7781 4520
7781 11346
7784 3548
7784 3551
7784 3552
7784 3587
7784 3622
7784 3667
7784 3671
7784 3724
7784 3727
7784 3975
7784 5971
7784 5975
7784 9350
7784 12326
7786 704
7786 8093
7786 8905
7786 9700
7786 9916
7786 10382
7786 11098
7786 11826
7786 12333
7793 2331
7793 5958
7793 10759
7793 11235
7793 11417
7808 5298
7818 436
7818 2235
7818 7582
7818 7583
7818 8810
7818 8888
7818 9064
7818 9249
7818 10223
7818 10824
7848 7716
7848 8640
7848 8710
7848 9385
7848 10008
7848 10168
7848 10243
7848 11040
7848 11042
7848 11408
7848 12738
7854 3301
7859 10058
7859 11979
7864 3548
7864 3549
7864 3551
7864 3552
7864 3586
7864 3612
7864 3622
7864 3669
7864 3671
7864 3724
7864 3727
7864 5974
7864 5975
7864 7405
7864 8762
7864 9344
7867 2142
7867 3114
7867 4146
7867 9432
7867 10696
7886 1148
7886 5624
7886 14525
7894 1734
7894 6286
7894 8473
7904 693
7904 695
7904 1871
7904 1953
7904 2002
7904 4183
7904 5965
7904 8552
7904 12470
7912 488
7912 531
7912 646
7912 1692
7912 1910
7912 2531
7912 4491
7912 4549
7912 5110
7912 8181
7912 8804
7912 9016
7912 9222
7912 9432
7912 12698
7917 8588
7920 7922
7920 11148
7920 11272
7920 12001
7922 7920
7922 11272
7924 1419
7924 2396
7924 3242
7924 4568
7924 4570
7924 4571
7924 4576
7924 4577
7924 4578
7924 4735
7924 8090
7934 8648
7936 3792
7936 8313
7936 14024
7945 2090
7945 2797
7945 7009
7962 7395
7967 2853
8000 5083
8000 6123
8000 7685
8014 8038
8014 9366
8014 9628
8015 1414
8015 2842
8015 5486
8015 5808
8015 6335
8015 6800
8015 7002
8015 7632
8015 8068
8015 8220
8015 8382
8015 8383
8015 8384
8015 8888
8024 6661
8024 10058
8030 2235
8030 3190
8030 5757
8035 8038
8035 8588
8035 12175
8038 8014
8038 8035
8038 9452
8038 9628
8038 12175
8041 3671
8041 10239
8063 7751
8063 10786
8066 2313
8066 3681
8066 5586
8066 10214
8066 11225
8068 1414
8068 5453
8068 5702
8068 6800
8068 7002
8068 8220
8068 8382
8068 8383
8068 8384
8072 7395
8079 9452
8083 4579
8083 5301
8083 6070
8090 1419
8090 1941
8090 3114
8090 3242
8090 4568
8090 4570
8090 4576
8090 4577
8090 4578
8090 4735
8090 7924
8093 2471
8093 7786
8093 9700
8107 11074
8110 2880
8110 9765
8120 7471
8120 8334
8120 8714
8123 212
8123 610
8123 1504
8123 3278
8123 5961
8123 9635
8130 1281
8133 5697
8144 3320
8144 4906
8144 6001
8144 6168
8144 8693
8144 8789
8144 9471
8144 9473
8144 9665
8144 9706
8144 9780
8144 9799
8144 9800
8144 9947
8144 9955
8144 12131
8144 12133
8150 7508
8150 10649
8153 1752
8153 5318
8153 7300
8153 10075
8153 11116
8155 8406
8177 696
8177 2743
8177 4573
8177 5023
8181 488
8181 646
8181 1692
8181 2531
8181 4491
8181 4548
8181 4549
8181 5110
8181 6630
8181 7912
8181 8804
8181 9222
8181 9432
8181 12698
8187 1084
8187 9485
8187 12376
8188 601
8188 2554
8188 4783
8188 4909
8188 5031
8207 924
8207 1545
8207 1873
8207 2358
8207 2540
8207 9699
8207 12696
8207 13162
8215 4816
8216 12917
8220 1414
8220 2842
8220 5486
8220 5702
8220 5808
8220 6800
8220 7002
8220 7632
8220 8015
8220 8068
8220 8382
8220 8384
8220 8888
8236 1857
8236 3063
8236 3197
8236 4782
8236 4894
8236 5119
8236 6314
8236 7128
8236 8651
8236 9030
8236 9110
8254 486
8254 3029
8254 3045
8254 5653
8254 6464
8254 8873
8254 12002
8262 5167
8262 8293
8262 11450
8273 10090
8290 13499
8291 462
8291 5456
8291 5517
8291 8362
8291 9917
8291 10276
8291 10436
8291 10586
8291 11263
8291 12351
8291 12362
8291 12598
8291 12917
8293 5167
8293 8262
8293 11450
8312 758
8312 2495
8312 11098
8313 6364
8313 7362
8313 7936
8313 9161
8314 702
8334 7471
8334 8120
8338 10819
8352 2359
8352 4189
8352 4548
8352 4656
8352 4852
8352 5288
8352 6390
8352 6794
8352 7268
8362 5112
8362 11355
8362 11993
8372 531
8372 646
8372 749
8372 890
8372 6058
8372 6759
8372 13310
8382 1414
8382 2842
8382 5453
8382 5486
8382 5702
8382 6335
8382 6800
8382 7002
8382 7632
8382 8015
8382 8068
8382 8220
8382 8383
8382 8384
8382 8888
8383 1414
8383 2842
8383 5486
8383 5702
8383 5808
8383 6335
8383 6800
8383 7002
8383 7632
8383 8015
8383 8068
8383 8220
8383 8382
8383 8384
8383 8888
8384 1414
8384 2842
8384 3801
8384 5453
8384 5486
8384 5702
8384 5808
8384 6335
8384 6625
8384 6800
8384 7002
8384 7632
8384 8015
8384 8068
8384 8220
8384 8382
8384 9246
8384 9790
8384 10207
8384 10405
8384 10617
8384 10868
8384 11611
8386 3637
8386 7362
8386 8554
8401 6862
8401 7551
8401 7705
8401 9138
8406 8155
8420 1566
8420 2666
8420 4861
8420 8495
8420 12849
8422 2540
8422 4554
8422 9099
8433 3479
8433 5457
8435 1148
8435 3471
8435 5680
8435 8823
8435 9207
8435 10190
8435 10253
8435 10310
8435 10447
8435 13167
8455 4700
8455 5355
8455 5795
8455 9082
8455 10008
8460 4485
8468 1033
8468 3202
8468 3676
8468 3686
8468 9775
8468 12152
8472 1807
8472 3581
8472 11811
8473 3839
8473 6167
8473 6627
8473 7894
8477 5318
8477 7300
8477 8153
8477 10075
8477 11116
8487 1582
8495 336
8495 702
8495 856
8495 1566
8495 2654
8495 3839
8495 4833
8495 5629
8495 7641
8495 8420
8495 8633
8495 12849
8495 13107
8495 13342
8495 13429
8495 13971
8495 14099
8498 878
8498 3061
8498 3426
8498 6301
8498 6816
8498 10091
8498 11223
8498 11519
8498 11749
8509 2420
8509 3586
8509 3587
8509 3624
8509 3671
8509 3724
8509 3975
8509 5973
8509 5975
8509 7405
8509 7784
8509 9350
8509 12326
8538 12598
8544 77
8544 2240
8544 3221
8544 4309
8546 3063
8546 3197
8546 4782
8546 4894
8546 5119
8546 8236
8546 9030
8546 9031
8546 9110
8546 12275
8551 693
8551 695
8551 1871
8551 1953
8551 2002
8551 2913
8551 4183
8551 5965
8551 7904
8551 12470
8551 14382
8552 695
8552 1871
8552 1953
8552 2002
8552 2913
8552 4183
8552 7904
8552 8551
8552 14382
8554 7362
8554 8386
8585 4627
8585 9400
8588 7917
8588 8035
8588 9452
8588 12175
8597 6414
8599 4723
8599 10944
8599 12886
8600 9026
8600 10470
8600 11661
8607 895
8607 2716
8623 436
8623 2235
8623 7582
8623 7583
8623 7818
8623 8810
8623 8888
8623 9064
8623 10223
8623 13303
8627 7763
8627 12519
8633 2831
8633 7225
8633 9661
8633 12362
8633 12828
8640 7848
8640 8710
8640 9385
8640 10008
8640 10168
8640 10243
8640 11040
8640 11042
8640 11354
8640 11380
8640 11401
8640 11408
8640 11409
8640 12738
8647 832
8647 2950
8647 3579
8647 3781
8647 4756
8647 5210
8647 5300
8647 9125
8647 9595
8647 10126
8647 10880
8647 11712
8647 11833
8647 13414
8648 7934
8650 4723
8650 8599
8650 9059
8650 10944
8651 1857
8651 3063
8651 3197
8651 4782
8651 4894
8651 5119
8651 6314
8651 7128
8651 7193
8651 8236
8651 8546
8651 9030
8651 9031
8651 9110
8651 12275
8658 87
8671 856
8676 1982
8693 3320
8693 4906
8693 6001
8693 6168
8693 8144
8693 9473
8693 9665
8693 9706
8693 9780
8693 9800
8693 9947
8693 9955
8693 12131
8693 12133
8702 10474
8702 14072
8710 7848
8710 8640
8710 9385
8710 10008
8710 10243
8710 11040
8710 11042
8710 11354
8710 11401
8710 11408
8710 11409
8710 12738
8714 8334
8720 4442
8720 4700
8720 5355
8720 5880
8720 8995
8720 10008
8727 3130
8727 11660
8739 8825
8739 8840
8739 9763
8739 10915
8740 6276
8740 9692
8740 9810
8743 7206
8751 704
8762 3622
8762 3624
8762 3670
8762 3724
8762 3727
8762 5973
8762 5974
8762 7864
8762 8781
8762 9344
8779 3842
8781 3667
8781 3724
8781 3727
8781 3975
8781 5973
8781 5974
8781 5975
8781 7864
8781 8762
8781 9344
8781 10142
8789 3320
8789 4906
8789 6001
8789 8144
8789 8693
8789 9471
8789 9473
8789 9665
8789 9706
8789 9799
8789 9947
8789 9955
8789 12131
8789 12133
8804 488
8804 531
8804 1692
8804 2531
8804 4491
8804 4549
8804 5110
8804 6630
8804 7912
8804 8181
8804 9016
8804 9432
8804 10462
8804 12698
8804 13414
8810 436
8810 7582
8810 7818
8810 8623
8810 8888
8810 9064
8810 9249
8810 10223
8810 10824
8810 13303
8823 3471
8823 5680
8823 8945
8823 9207
8823 10190
8823 10253
8823 10447
8823 13167
8825 8739
8825 8840
8825 9763
8825 10915
8831 2762
8838 5251
8838 6857
8840 2682
8840 8739
8840 8825
8840 9763
8840 10915
8851 77
8851 268
8851 322
8851 2866
8851 3984
8851 4853
8851 5483
8851 7166
8866 2993
8866 9026
8866 10092
8866 10209
8866 10382
8866 10488
8866 10489
8866 11014
8866 11606
8866 12746
8866 12747
8873 486
8873 2159
8873 3029
8873 3045
8873 5653
8873 6464
8873 8254
8873 12002
8881 425
8881 972
8881 5029
8881 10617
8881 10951
8881 11991
8881 13306
8884 3801
8884 6625
8884 7016
8884 7163
8884 7507
8884 8384
8884 9246
8884 9790
8884 10405
8884 10868
8884 11611
8884 12438
8888 436
8888 1414
8888 2235
8888 2842
8888 5453
8888 5702
8888 5808
8888 6335
8888 6800
8888 7002
8888 7582
8888 7583
8888 7632
8888 8015
8888 8382
8888 8383
8888 8384
8888 8623
8888 8810
8888 9064
8888 9249
8888 10223
8888 10824
8888 13303
8905 7786
8905 12333
8912 750
8912 890
8912 3746
8912 5891
8912 11172
8922 1781
8922 2308
8925 531
8925 619
8925 990
8925 1656
8925 2255
8925 2541
8925 2932
8925 5085
8925 5466
8925 11971
8925 12249
8925 12699
8927 5106
8928 10058
8945 1148
8945 3471
8945 5680
8945 8823
8945 9207
8945 10310
8945 10447
8956 5160
8956 6179
8956 6809
8956 11247
8956 13310
8970 2043
8970 4431
8970 11856
8977 418
8979 1910
8979 3680
8979 4167
8979 4723
8979 6329
8979 9224
8979 9493
8995 4442
8995 4700
8995 5795
8995 5880
8995 8455
8995 8720
8995 9082
8995 10008
8997 10493
8999 5927
8999 9573
8999 10875
8999 11185
8999 12584
9005 4533
9005 9785
9005 10244
9012 4120
9012 5231
9012 6666
9012 6667
9012 9252
9012 9304
9012 10347
9016 488
9016 531
9016 646
9016 1692
9016 1910
9016 2531
9016 4549
9016 5110
9016 6630
9016 7912
9016 9222
9016 9432
9016 12698
9016 13414
9024 519
9024 3759
9024 6514
9024 7173
9024 7716
9024 10168
9024 10879
9024 11040
9024 11352
9024 12738
9026 2993
9026 8866
9026 9138
9026 10092
9026 10387
9026 10488
9026 11014
9026 11606
9026 11661
9026 12746
9026 12747
9030 3063
9030 3197
9030 4782
9030 4894
9030 5119
9030 7128
9030 7193
9030 8236
9030 8546
9030 8651
9030 9031
9030 9110
9030 12275
9031 1857
9031 3063
9031 3197
9031 4782
9031 4894
9031 5119
9031 7128
9031 8236
9031 8546
9031 8651
9031 9030
9031 9110
9031 12275
9035 13358
9056 11245
9059 4579
9059 4723
9059 8599
9059 8650
9059 10944
9059 12886
9064 436
9064 2235
9064 7582
9064 7583
9064 7818
9064 10223
9064 10824
9064 13303
9074 732
9074 3995
9074 5090
9074 5288
9074 7765
9075 4226
9075 13265
9076 1686
9076 2877
9082 4442
9082 4700
9082 5795
9082 8455
9082 8720
9082 8995
9082 10008
9083 3365
9086 4314
9086 5573
9086 6402
9086 7209
9086 11141
9095 1390
9095 2748
9098 1752
9098 3607
9098 5231
9098 5318
9098 5997
9098 8153
9098 10818
9098 11453
9099 2540
9099 2718
9099 2762
9099 4554
9099 6857
9099 7531
9099 8422
9110 1857
9110 3063
9110 3197
9110 4782
9110 4894
9110 6314
9110 7128
9110 7193
9110 8236
9110 8651
9110 9031
9110 12275
9125 832
9125 2950
9125 3579
9125 3781
9125 4756
9125 5210
9125 5300
9125 8647
9125 10126
9125 10880
9125 11385
9125 11712
9125 11833
9138 633
9138 4861
9138 6862
9138 7551
9138 8401
9138 8420
9138 9026
9138 10387
9138 10470
9138 13218
9139 7610
9139 12696
9140 1712
9140 2664
9140 4656
9140 14418
9157 10772
9161 7362
9161 7936
9161 8313
9192 3821
9192 6162
9192 6533
9198 1281
9198 7665
9198 11255
9198 12012
9205 2342
9205 6061
9205 10058
9207 3471
9207 5680
9207 8435
9207 8823
9207 10190
9207 10253
9207 10447
9207 13167
9222 488
9222 531
9222 646
9222 1692
9222 1910
9222 2531
9222 4491
9222 4548
9222 4549
9222 5110
9222 6630
9222 7912
9222 8181
9222 8804
9222 10462
9222 12698
9222 13414
9224 1910
9224 2764
9224 3300
9224 3680
9224 4167
9224 4723
9224 5587
9224 8979
9224 9493
9238 8702
9238 9304
9238 10474
9238 14072
9244 9361
9246 3801
9246 6625
9246 7163
9246 7507
9246 8384
9246 9790
9246 10207
9246 10405
9246 10617
9246 10868
9246 11611
9246 12438
9249 436
9249 2235
9249 7583
9249 7818
9249 8810
9249 8888
9249 9064
9249 10824
9249 13303
9252 5231
9252 9012
9252 10347
9253 2077
9276 960
9276 3365
9276 5396
9276 5933
9276 10549
9277 3565
9277 3759
9291 7471
9296 4861
9296 6659
9296 9497
9304 8702
9304 9238
9304 10474
9304 14072
9304 14089
9311 589
9342 3434
9342 6091
9342 7076
9342 9916
9342 13556
9344 3622
9344 3624
9344 3727
9344 5973
9344 5974
9344 7864
9344 8762
9344 8781
9344 10142
9350 2420
9350 3586
9350 3587
9350 3624
9350 3670
9350 3671
9350 3975
9350 4974
9350 5971
9350 5973
9350 5975
9350 7060
9350 7405
9350 7784
9350 8509
9350 12326
9361 9244
9366 8014
9366 8038
9366 9628
9385 7716
9385 7848
9385 8640
9385 8710
9385 10168
9385 10243
9385 11040
9385 11042
9385 11354
9385 11380
9385 11401
9385 11410
9385 12738
9390 7962
9390 9451
9400 8585
9400 13602
9432 488
9432 531
9432 646
9432 1692
9432 2531
9432 3114
9432 4548
9432 4549
9432 5110
9432 6630
9432 7867
9432 7912
9432 8181
9432 8804
9432 9016
9432 9222
9432 10462
9432 12698
9449 12710
9451 7962
9451 9390
9452 8035
9452 8038
9452 8588
9452 11148
9452 12175
9458 2800
9458 2825
9458 2826
9471 3320
9471 4906
9471 6168
9471 8144
9471 8693
9471 8789
9471 9473
9471 9665
9471 9706
9471 9780
9471 9799
9471 9800
9471 9947
9471 12133
9473 3320
9473 4906
9473 6001
9473 6168
9473 8144
9473 8693
9473 8789
9473 9665
9473 9706
9473 9800
9473 9947
9473 9955
9473 12131
9473 12133
9476 5263
9485 1084
9485 8187
9485 12376
9487 3495
9487 6085
9487 6257
9487 7546
9487 7773
9493 1164
9493 2764
9493 3300
9493 3492
9493 3680
9493 4167
9493 5587
9493 6329
9493 7099
9493 8979
9493 9224
9497 4861
9497 6659
9497 9296
9500 9501
9501 9500
9528 10927
9528 11178
9545 6962
9547 2731
9547 13211
9567 743
9567 5037
9567 9568
9568 743
9568 5037
9568 9567
9573 5927
9573 8999
9573 10875
9573 12584
9575 536
9575 1546
9575 4852
9575 9596
9575 10856
9575 11361
9585 2522
9585 5528
9585 5620
9585 5891
9585 5893
9585 5895
9585 6684
9585 7018
9585 7020
9585 7021
9585 7022
9585 7023
9588 856
9588 6556
9588 7356
9595 832
9595 2950
9595 3579
9595 3781
9595 5210
9595 5300
9595 8647
9595 9125
9595 10880
9595 11385
9595 11712
9595 11833
9595 13414
9596 1546
9596 4852
9596 9575
9596 10856
9596 11361
9600 1671
9600 10815
9601 11715
9606 10668
9624 7303
9628 8014
9628 8038
9628 9366
9630 268
9630 2368
9630 2584
9630 3134
9630 3905
9630 4723
9630 5185
9630 5464
9630 7701
9630 7711
9630 11452
9630 11749
9630 13271
9635 212
9635 1504
9635 5961
9635 8123
9637 9628
9661 8633
9665 4906
9665 6001
9665 9471
9665 9473
9665 9706
9665 9799
9665 9955
9665 12131
9665 12133
9692 8740
9692 9810
9699 725
9699 1545
9699 2358
9699 2540
9699 8207
9700 2471
9700 7786
9700 8093
9706 3320
9706 4906
9706 6001
9706 6168
9706 8144
9706 8693
9706 8789
9706 9473
9706 9665
9706 9780
9706 9799
9706 9800
9706 9947
9706 12131
9706 12133
9707 2313
9707 8066
9707 11225
9707 13971
9714 3840
9715 4005
9715 5463
9750 1084
9750 8187
9750 12376
9758 1873
9758 3358
9758 4852
9758 11225
9761 7716
9763 2682
9763 8739
9763 8825
9763 8840
9765 764
9765 2880
9765 8110
9775 575
9775 1033
9775 2845
9775 4001
9775 8468
9780 3320
9780 4906
9780 6001
9780 6168
9780 8693
9780 8789
9780 9471
9780 9473
9780 9665
9780 9706
9780 9799
9780 9800
9780 9947
9780 9955
9780 12131
9780 12133
9785 2844
9785 3692
9785 3764
9785 4532
9785 4533
9785 4551
9785 4572
9785 5046
9785 5110
9785 6652
9785 6758
9785 6824
9785 9005
9785 10240
9785 11080
9785 11361
9785 11890
9785 12005
9785 12278
9789 1368
9790 3801
9790 7016
9790 7163
9790 7507
9790 8384
9790 8884
9790 9246
9790 10207
9790 10405
9790 10868
9790 11611
9790 12438
9795 6078
9799 3320
9799 4906
9799 6001
9799 6168
9799 8789
9799 9471
9799 9473
9799 9665
9799 9800
9799 9947
9799 9955
9799 12131
9799 12133
9800 3320
9800 4906
9800 6001
9800 6168
9800 8144
9800 8693
9800 8789
9800 9471
9800 9473
9800 9665
9800 9706
9800 9780
9800 9799
9800 9947
9800 12131
9800 12133
9807 10516
9810 8740
9810 9692
9916 6091
9916 7076
9916 7551
9916 7786
9916 9342
9916 11098
9916 12333
9916 13556
9917 5831
9917 8291
9917 10276
9917 10586
9917 12917
9918 619
9918 990
9918 5376
9918 6940
9918 12886
9931 79
9931 189
9931 1955
9931 2029
9931 2350
9931 3676
9931 3901
9931 4183
9931 4431
9931 6712
9947 3320
9947 4906
9947 6001
9947 6168
9947 8144
9947 8789
9947 9471
9947 9473
9947 9780
9947 9799
9947 9800
9947 9955
9947 12131
9955 3320
9955 4906
9955 6001
9955 6168
9955 8789
9955 9471
9955 9473
9955 9665
9955 9706
9955 9799
9955 9800
9955 9947
9971 1357
9972 12585
9986 7719
10005 2890
10008 4700
10008 5355
10008 5795
10008 5880
10008 7716
10008 7848
10008 8455
10008 8640
10008 8720
10008 9082
10008 9385
10008 10168
10008 11040
10008 11042
10008 11380
10008 11401
10008 11408
10008 11410
10008 12738
10052 990
10052 2363
10052 3598
10052 12426
10052 12510
10058 111
10058 1190
10058 2342
10058 3789
10058 4912
10058 5866
10058 7128
10058 7859
10058 8024
10058 8928
10058 9205
10058 11979
10058 13552
10060 1162
10060 1163
10060 11117
10061 2095
10061 2917
10061 4203
10075 1752
10075 5318
10075 7300
10075 8153
10075 11116
10090 8273
10091 878
10091 3061
10091 3426
10091 6301
10091 6816
10091 11223
10091 11519
10092 2993
10092 8866
10092 9026
10092 10382
10092 10488
10092 10489
10092 11606
10092 12746
10092 12747
10126 832
10126 2950
10126 3579
10126 3781
10126 4756
10126 4848
10126 5300
10126 8647
10126 9595
10126 10880
10126 11712
10126 13414
10142 5974
10142 9344
10152 4127
10167 5457
10168 519
10168 6514
10168 7173
10168 7716
10168 7848
10168 8640
10168 8710
10168 9024
10168 9385
10168 10008
10168 10243
10168 10879
10168 11040
10168 11042
10168 11350
10168 11351
10168 11352
10168 11354
10168 11380
10168 11401
10168 11408
10168 11410
10168 12738
10190 1148
10190 3471
10190 5680
10190 8435
10190 8823
10190 8945
10190 9207
10190 10253
10190 10447
10190 13167
10207 3801
10207 6625
10207 7016
10207 7507
10207 8384
10207 8884
10207 9246
10207 9790
10207 10405
10207 10617
10207 10868
10207 11611
10209 2993
10209 10382
10209 10488
10209 10489
10209 12751
10213 6724
10213 11544
10214 3681
10214 5586
10214 8066
10214 11225
10214 13971
10223 7582
10223 7583
10223 7818
10223 8888
10223 9249
10236 4485
10236 6193
10236 8460
10239 3670
10239 3671
10239 8041
10240 2844
10240 3764
10240 4551
10240 4572
10240 5046
10240 5110
10240 6652
10240 6758
10240 6824
10240 9785
10240 11080
10240 11361
10242 5263
10243 7716
10243 7848
10243 8640
10243 8710
10243 9385
10243 10008
10243 10168
10243 11040
10243 11042
10243 11354
10243 11401
10243 11408
10243 11409
10243 11410
10243 12738
10244 4533
10244 9005
10249 1241
10253 1148
10253 5680
10253 8435
10253 8823
10253 8945
10253 9207
10253 10190
10253 10310
10253 10447
10253 13167
10276 8291
10276 9917
10276 10586
10284 1712
10284 9140
10287 10804
10287 11246
10308 10649
10310 1148
10310 3471
10310 8823
10310 8945
10310 9207
10310 10190
10310 10253
10310 10447
10310 13167
10323 1388
10331 5489
10331 6813
10346 710
10346 867
10346 2853
10346 12424
10346 13446
10346 14004
10347 4872
10347 5231
10347 6666
10347 6667
10347 6724
10347 9012
10347 9252
10350 10213
10356 12051
10382 2471
10382 2993
10382 8093
10382 9026
10382 10092
10382 10209
10382 10488
10382 10489
10382 11014
10382 11606
10382 12746
10382 12747
10382 12751
10387 9026
10387 9138
10387 10470
10387 11099
10391 397
10405 6625
10405 7163
10405 7507
10405 8384
10405 8884
10405 9246
10405 9790
10405 10207
10405 10617
10405 10868
10405 11611
10405 12438
10408 309
10408 462
10408 1209
10435 11655
10435 12186
10436 85
10436 1939
10436 7391
10436 8291
10436 11999
10436 12598
10442 1085
10442 4098
10442 4131
10442 7161
10442 11519
10442 12174
10445 3277
10445 7780
10447 1148
10447 3471
10447 5680
10447 8435
10447 8823
10447 8945
10447 9207
10447 10190
10447 10253
10447 10310
10447 13167
10455 990
10455 9918
10455 11857
10455 12886
10462 488
10462 531
10462 646
10462 1910
10462 2531
10462 4491
10462 4549
10462 5110
10462 7912
10462 8181
10462 8804
10462 9222
10462 9432
10462 12698
10462 13414
10470 5127
10470 8600
10470 9026
10470 9138
10470 10387
10470 11661
10474 8702
10474 9238
10474 14072
10474 14089
10487 5846
10488 2993
10488 8866
10488 9026
10488 10092
10488 10209
10488 10489
10488 11014
10488 12746
10488 12747
10488 12751
10489 9026
10489 10092
10489 10209
10489 10382
10489 10488
10489 11014
10489 11606
10489 12747
10489 12751
10493 1033
10493 2339
10493 2736
10493 2750
10493 2773
10493 7063
10493 8997
10493 10796
10493 13446
10493 14100
10516 9807
10530 2406
10530 6630
10530 7092
10549 3365
10549 5396
10549 9276
10579 6162
10579 9192
10580 10581
10581 10580
10586 5831
10586 8291
10586 9917
10586 10276
10586 12917
10615 230
10617 425
10617 972
10617 5029
10617 6625
10617 7016
10617 7163
10617 7507
10617 8384
10617 8881
10617 8884
10617 9246
10617 10207
10617 10405
10617 10868
10617 10951
10617 11611
10617 11991
10617 13306
10618 1281
10623 4831
10623 10871
10640 6704
10649 7508
10649 8150
10649 10308
10669 3345
10683 441
10683 534
10683 535
10683 723
10683 743
10683 888
10683 1921
10683 2282
10683 2424
10683 2662
10683 3389
10683 3426
10683 3916
10683 4158
10683 4262
10683 6763
10683 14260
10696 2142
10696 3114
10696 9432
10697 12319
10706 363
10706 1638
10706 4101
10706 6276
10706 12497
10706 12709
10708 700
10708 701
10708 1726
10708 2443
10708 5812
10714 3626
10757 4444
10757 4815
10759 5958
10786 6286
10786 7751
10787 1451
10796 1033
10796 2773
10796 10493
10796 13446
10804 10287
10804 11246
10815 1671
10815 9600
10818 5997
10818 11453
10819 3633
10819 6364
10819 7303
10819 8338
10819 9624
10824 436
10824 2235
10824 7582
10824 7583
10824 7818
10824 8888
10824 9064
10824 9249
10824 10223
10824 13303
10852 12581
10855 5784
10856 268
10856 536
10856 1546
10856 2584
10856 2604
10856 3134
10856 3905
10856 4723
10856 4852
10856 5464
10856 6638
10856 7701
10856 9575
10856 9596
10856 9630
10856 11749
10856 13271
10864 9758
10864 10913
10864 14060
10868 3801
10868 6625
10868 7016
10868 7163
10868 8384
10868 9246
10868 9790
10868 10207
10868 10405
10868 10617
10868 11611
10868 12438
10871 10623
10875 5927
10875 8999
10875 9573
10875 11185
10875 12584
10879 519
10879 3759
10879 6514
10879 7173
10879 7716
10879 10168
10879 11040
10879 11350
10879 11351
10879 11352
10879 12738
10880 832
10880 2950
10880 3579
10880 3781
10880 4848
10880 5210
10880 5300
10880 8647
10880 9125
10880 9595
10880 10126
10880 11385
10880 11712
10880 13414
10886 887
10886 7666
10899 758
10899 5486
10899 7084
10909 1916
10909 2223
10909 3399
10909 5965
10909 12470
10909 13970
10909 14023
10913 14060
10915 8739
10915 8825
10915 8840
10927 556
10927 9528
10927 11178
10934 77
10934 3617
10944 4579
10944 4723
10944 8599
10944 9059
10944 12886
10948 6152
10950 13217
10951 425
10951 750
10951 890
10951 972
10951 8912
10951 10617
10951 11172
10951 11991
10951 13306
10966 1795
10966 7237
10988 425
10988 749
10988 764
10988 4151
10988 6058
10988 6586
10988 6748
10988 11712
10988 13486
10988 13541
11014 8866
11014 9026
11014 10092
11014 10382
11014 10488
11014 10489
11014 11606
11014 12746
11014 12747
11028 406
11040 6514
11040 7716
11040 7848
11040 9385
11040 10008
11040 10168
11040 10243
11040 10879
11040 11350
11040 11352
11040 11354
11040 11380
11040 11401
11040 11408
11040 11409
11040 12738
11042 7716
11042 7848
11042 8640
11042 8710
11042 9385
11042 10168
11042 10243
11042 11040
11042 11354
11042 11380
11042 11401
11042 11409
11042 11410
11042 12738
11050 12543
11057 4519
11063 110
11063 345
11063 370
11063 2702
11063 5846
11074 5125
11074 6061
11074 8107
11074 12444
11074 13271
11080 2844
11080 3764
11080 4551
11080 4572
11080 5110
11080 6652
11080 6758
11080 6824
11080 9785
11080 10240
11080 11361
11080 11890
11080 12005
11080 12278
11098 758
11098 2495
11098 3131
11098 3481
11098 3495
11098 4565
11098 6257
11098 6862
11098 7182
11098 7546
11098 7551
11098 7773
11098 7778
11098 7786
11098 8312
11098 9138
11098 9916
11098 12333
11098 12750
11099 10387
11116 1752
11116 5318
11116 8153
11116 8477
11116 10075
11117 621
11117 1162
11117 1163
11117 4164
11117 5238
11117 7206
11117 8743
11117 10060
11138 7912
11141 2965
11141 4314
11141 5573
11141 6402
11141 7209
11141 9086
11145 1924
11148 6662
11148 7920
11148 9452
11170 2974
11170 12023
11172 750
11172 890
11172 5891
11172 8912
11175 2965
11175 3894
11175 5029
11175 5445
11175 7161
11178 9528
11178 10927
11185 407
11185 2942
11185 5927
11185 10875
11223 878
11223 3426
11223 6816
11223 8498
11223 10091
11223 11519
11223 11749
11224 4170
11224 11670
11225 406
11225 2313
11225 7362
11225 7641
11225 8066
11225 9707
11225 10214
11225 11971
11225 13332
11225 13971
11225 14517
11235 5958
11235 7705
11235 7793
11235 8401
11235 11417
11245 3317
11245 6609
11245 9056
11246 10287
11246 10804
11247 5160
11247 6179
11247 6809
11247 8956
11247 12699
11252 13407
11255 9198
11263 8291
11263 12351
11272 7917
11272 7920
11272 7922
11272 8588
11272 12001
11277 129
11283 6675
11289 2814
11289 2875
11289 2910
11289 11896
11309 7954
11333 2358
11346 7781
11350 519
11350 6514
11350 7173
11350 9024
11350 10168
11350 11040
11350 11351
11350 11352
11351 519
11351 6514
11351 7716
11351 9024
11351 10168
11351 10879
11351 11040
11352 519
11352 6514
11352 7173
11352 7716
11352 9024
11352 11040
11352 11351
11352 12738
11353 2575
11353 13415
11354 7716
11354 7848
11354 8640
11354 9385
11354 10008
11354 10243
11354 11040
11354 11042
11354 11380
11354 11401
11354 11408
11354 11409
11354 11410
11354 12738
11355 887
11355 8362
11355 11993
11358 11999
11361 536
11361 1546
11361 2844
11361 3692
11361 3764
11361 4572
11361 4852
11361 5046
11361 5110
11361 6652
11361 6758
11361 6824
11361 9575
11361 9596
11361 9785
11361 10240
11361 10856
11361 11080
11361 11890
11361 12005
11361 12278
11369 5525
11380 7716
11380 8640
11380 10008
11380 10168
11380 11040
11380 11354
11380 11401
11380 11408
11380 11409
11380 11410
11380 12738
11385 832
11385 2950
11385 3579
11385 3781
11385 4756
11385 4848
11385 5300
11385 8647
11385 9125
11385 9595
11385 10126
11385 10880
11385 11712
11385 13414
11401 7848
11401 8640
11401 9385
11401 10008
11401 10168
11401 10243
11401 11040
11401 11042
11401 11354
11401 11380
11401 11408
11401 11409
11401 11410
11401 12738
11408 7716
11408 7848
11408 8640
11408 8710
11408 9385
11408 10168
11408 10243
11408 11040
11408 11042
11408 11354
11408 11380
11408 11401
11408 11409
11408 11410
11409 7716
11409 7848
11409 8640
11409 8710
11409 9385
11409 10008
11409 10168
11409 11040
11409 11042
11409 11354
11409 11380
11409 11401
11409 11408
11409 11410
11409 12738
11410 7716
11410 7848
11410 8640
11410 8710
11410 9385
11410 10008
11410 10243
11410 11042
11410 11380
11410 11401
11410 11408
11410 11409
11410 12738
11417 4196
11417 4255
11417 7390
11417 7396
11417 7793
11417 11235
11450 8262
11450 8293
11452 268
11452 2368
11452 2584
11452 2604
11452 3134
11452 4723
11452 5185
11452 6638
11452 9630
11452 10856
11453 3607
11453 4120
11453 5231
11453 5997
11453 6666
11453 6667
11453 9098
11453 10818
11489 12408
11519 727
11519 878
11519 1291
11519 3061
11519 3426
11519 4098
11519 4131
11519 4466
11519 6301
11519 6816
11519 7161
11519 10091
11519 11223
11519 11749
11519 12174
11539 2613
11544 6724
11544 10213
11579 3607
11579 4120
11591 3839
11597 631
11606 2993
11606 8866
11606 10092
11606 10382
11606 10488
11606 10489
11606 12746
11606 12747
11611 3801
11611 6625
11611 7016
11611 7163
11611 7507
11611 8384
11611 8884
11611 9790
11611 10207
11611 10405
11611 10617
11611 10868
11611 12438
11655 10435
11660 1122
11660 3633
11660 3691
11660 6364
11660 8727
11661 8600
11661 9026
11661 10470
11670 11224
11690 4001
11690 5023
11690 12976
11701 4170
11712 425
11712 718
11712 749
11712 764
11712 832
11712 2615
11712 2950
11712 3579
11712 3781
11712 4151
11712 4756
11712 5210
11712 6058
11712 6586
11712 8647
11712 9125
11712 9595
11712 10126
11712 10880
11712 10988
11712 11385
11712 13414
11712 13541
11715 9601
11745 5198
11745 13580
11749 268
11749 878
11749 2368
11749 2604
11749 3061
11749 3134
11749 3426
11749 3905
11749 4723
11749 5464
11749 6301
11749 6638
11749 6816
11749 7701
11749 7711
11749 8498
11749 9630
11749 10091
11749 10856
11749 11452
11749 11519
11749 13271
11796 1364
11796 3953
11796 4520
11811 8472
11812 222
11826 7786
11833 832
11833 2950
11833 3579
11833 3781
11833 4756
11833 4848
11833 5210
11833 5300
11833 8647
11833 9125
11833 9595
11833 10126
11833 10880
11833 11385
11833 11712
11833 13414
11856 2043
11856 8970
11856 14508
11857 5376
11857 6940
11857 9918
11857 10455
11857 12668
11857 12886
11861 987
11861 1881
11890 2844
11890 3692
11890 3764
11890 4551
11890 5046
11890 6652
11890 6758
11890 6824
11890 10240
11890 11361
11890 12005
11890 12278
11896 2814
11896 11289
11897 1357
11897 2187
11897 3984
11897 5288
11897 5827
11897 14263
11963 751
11963 757
11963 1924
11963 5110
11963 5263
11963 6414
11963 9476
11971 531
11971 663
11971 2255
11971 2541
11971 2932
11971 5085
11971 5466
11971 8925
11971 11225
11971 12699
11979 2748
11979 7859
11979 10058
11979 12707
11979 13272
11991 425
11991 972
11991 5029
11991 8881
11991 10617
11991 10951
11991 13306
11993 887
11993 8362
11993 11355
11999 11358
11999 12598
12001 11272
12002 425
12002 2159
12002 5653
12002 6464
12002 8254
12002 8873
12005 2844
12005 3764
12005 4551
12005 4572
12005 5046
12005 5110
12005 6652
12005 6758
12005 6824
12005 9785
12005 10240
12005 11080
12005 11361
12005 11890
12012 798
12012 9198
12012 9604
12023 2974
12023 11170
12051 10356
12083 2958
12126 7395
12126 7962
12131 4906
12131 6001
12131 6168
12131 8144
12131 8693
12131 9471
12131 9665
12131 9706
12131 9799
12131 9800
12131 9947
12131 12133
12133 3320
12133 4906
12133 6001
12133 6168
12133 8144
12133 8693
12133 9473
12133 9706
12133 9780
12133 9799
12133 9800
12133 9955
12133 12131
12152 1484
12152 2732
12152 8468
12174 727
12174 1085
12174 1291
12174 4098
12174 4466
12174 10442
12175 8588
12175 9452
12175 11148
12186 2698
12186 3629
12186 10435
12215 5088
12215 7716
12215 9761
12249 856
12249 1162
12249 1163
12249 4533
12249 4562
12249 4964
12249 6364
12249 7192
12249 7303
12249 7641
12249 8727
12249 8925
12249 11164
12249 13415
12275 1857
12275 3063
12275 3197
12275 4782
12275 4894
12275 5119
12275 6314
12275 8236
12275 8651
12275 9030
12275 9031
12275 9110
12278 2844
12278 4551
12278 4572
12278 5046
12278 6652
12278 6758
12278 6824
12278 9785
12278 11080
12278 11361
12278 11890
12278 12005
12319 730
12319 841
12319 12854
12319 12873
12326 3667
12326 3670
12326 3727
12326 5971
12326 5973
12326 5974
12326 5975
12326 7060
12326 7784
12326 8509
12326 9350
12333 8905
12333 9916
12333 11098
12333 11826
12351 11263
12362 1738
12362 3691
12362 6260
12362 6370
12362 8633
12362 13248
12376 1084
12376 8187
12376 9485
12376 9750
12390 2610
12390 2762
12390 3875
12390 4554
12408 11489
12424 10346
12426 2363
12426 3598
12426 7730
12426 10052
12426 12510
12426 12727
12431 1905
12438 3801
12438 6625
12438 7016
12438 7163
12438 7507
12438 8384
12438 8884
12438 9246
12438 9790
12438 10207
12438 10405
12438 10617
12438 10868
12438 11611
12440 4939
12441 1969
12444 11074
12444 13271
12470 693
12470 695
12470 1871
12470 1916
12470 2223
12470 2913
12470 3399
12470 4183
12470 4275
12470 7904
12470 8551
12470 8552
12470 10909
12470 13970
12470 14023
12470 14382
12471 2478
12471 2859
12471 3875
12497 363
12497 1638
12497 6276
12497 10706
12497 12709
12510 2363
12510 7730
12510 10052
12510 12727
12510 14059
12519 7763
12519 8627
12543 5873
12543 11050
12545 725
12545 4411
12584 5927
12584 9573
12584 10875
12585 9972
12590 2358
12598 2208
12598 8291
12598 8538
12598 10436
12598 11999
12599 1124
12609 1916
12609 2703
12609 2704
12609 2824
12609 4909
12609 5920
12609 14003
12623 3985
12668 406
12668 619
12668 990
12668 5376
12668 6940
12668 9918
12668 10455
12668 11857
12668 12886
12680 4986
12680 12892
12681 6849
12694 1038
12694 2932
12696 1873
12696 8207
12696 9139
12698 488
12698 531
12698 646
12698 1692
12698 1910
12698 2531
12698 4491
12698 4548
12698 4549
12698 5110
12698 6630
12698 7912
12698 8181
12698 8804
12698 9016
12698 9222
12698 9432
12698 10462
12698 13414
12699 531
12699 619
12699 990
12699 2255
12699 2932
12699 5085
12699 5160
12699 5466
12699 6179
12699 8925
12699 8956
12699 11247
12699 11971
12699 13310
12707 848
12707 1636
12707 7237
12707 11979
12709 363
12709 1638
12709 3768
12709 6276
12709 6974
12709 10706
12709 12497
12710 9449
12727 990
12727 2363
12727 3598
12727 7730
12727 10052
12727 12426
12727 14059
12738 7173
12738 8640
12738 8710
12738 9024
12738 9385
12738 10008
12738 10168
12738 10243
12738 10879
12738 11350
12738 11352
12738 11354
12738 11380
12738 11401
12738 11408
12738 11409
12738 11410
12746 2993
12746 8866
12746 10092
12746 10209
12746 10382
12746 10489
12746 11014
12746 11606
12746 12747
12746 12751
12747 2993
12747 8866
12747 9026
12747 10092
12747 10382
12747 10488
12747 10489
12747 11014
12747 11606
12747 12746
12750 3557
12750 7778
12750 11098
12751 2993
12751 8866
12751 10209
12751 10382
12827 5525
12828 382
12828 6370
12828 7645
12828 8633
12828 9661
12849 1566
12854 841
12854 12319
12868 164
12873 12319
12886 619
12886 990
12886 1584
12886 4101
12886 4723
12886 5376
12886 5585
12886 6940
12886 7263
12886 8650
12886 9059
12886 10455
12886 10944
12886 11857
12892 12680
12894 3939
12894 5449
12897 3953
12907 3477
12917 5831
12917 6072
12917 7564
12917 7759
12917 8216
12917 8291
12917 9917
12917 10276
12917 10586
12965 13409
12976 11690
12992 1935
12992 2032
12992 2670
12992 2939
12992 6397
12992 13580
13005 10683
13107 336
13107 8495
13112 4833
13112 9138
13162 8207
13167 1148
13167 3471
13167 5680
13167 8435
13167 8823
13167 8945
13167 10190
13167 10253
13167 10310
13167 10447
13210 639
13211 328
13211 9547
13214 11597
13217 4216
13217 10950
13218 1013
13218 1364
13218 3953
13218 4520
13218 7237
13218 9138
13218 11796
13234 5187
13248 1738
13248 3691
13248 12362
13265 2665
13265 4226
13265 4800
13265 9075
13269 13508
13271 268
13271 2368
13271 2584
13271 2604
13271 3134
13271 3905
13271 4723
13271 5464
13271 7701
13271 7711
13271 9630
13271 10856
13271 11074
13271 11452
13271 12444
13272 3005
13282 7339
13301 987
13301 12471
13303 436
13303 7582
13303 7583
13303 7818
13303 8810
13303 9249
13303 10223
13303 10824
13306 757
13306 972
13306 3222
13306 3610
13306 5029
13306 5322
13306 6362
13306 7209
13306 7268
13306 8881
13306 10617
13306 10951
13306 11991
13310 749
13310 890
13310 5160
13310 6058
13310 6179
13310 6809
13310 8372
13310 8956
13332 4008
13342 4833
13342 5458
13342 5629
13342 8495
13358 9035
13409 12965
13414 488
13414 531
13414 646
13414 1692
13414 1910
13414 2531
13414 2950
13414 3579
13414 3781
13414 4491
13414 4548
13414 4549
13414 4756
13414 4848
13414 5210
13414 5300
13414 7912
13414 8181
13414 8647
13414 8804
13414 9016
13414 9125
13414 9222
13414 9432
13414 9595
13414 10126
13414 10880
13414 11712
13414 11833
13414 12698
13415 2575
13415 4964
13415 7303
13415 12249
13417 856
13429 8495
13442 2759
13442 4183
13442 4574
13446 867
13446 2773
13446 10346
13446 10493
13446 10796
13446 14004
13473 4122
13473 7632
13486 718
13486 749
13486 764
13486 1545
13486 2358
13486 2540
13486 2615
13486 4151
13486 6058
13486 6586
13486 6748
13486 8207
13486 9699
13486 10988
13486 11712
13486 13541
13499 8290
13508 13269
13541 425
13541 749
13541 4151
13541 6058
13541 6586
13541 6748
13541 10988
13541 11712
13541 13486
13552 1190
13552 1981
13552 5186
13552 5866
13552 10058
13556 460
13556 2216
13556 3434
13556 6091
13556 7076
13556 9342
13556 9916
13566 3163
13580 142
13580 461
13580 907
13580 1686
13580 1850
13580 1911
13580 1935
13580 2017
13580 2032
13580 2820
13580 2939
13580 4183
13580 11745
13580 12992
13580 14010
13580 14382
13602 8585
13602 9400
13948 2877
13948 6181
13948 7012
13948 9076
13969 1982
13969 3697
13969 3730
13969 3731
13969 3734
13969 3735
13969 3736
13969 3860
13969 14059
13970 1916
13970 5965
13970 10909
13970 12470
13970 14023
13971 2313
13971 3681
13971 7641
13971 8066
13971 10214
13971 11225
13971 14057
13997 3245
13997 3890
13997 6501
14003 914
14003 1916
14003 2704
14003 2824
14003 4909
14003 5920
14003 12609
14004 867
14004 13446
14006 1889
14006 3120
14006 4892
14006 4909
14009 5850
14010 2734
14010 2939
14010 4183
14010 13580
14017 5319
14023 2223
14023 4275
14023 5965
14023 10909
14023 12470
14023 13970
14040 322
14040 441
14040 2925
14040 3328
14040 3344
14056 2793
14056 14072
14056 14088
14059 990
14059 2363
14059 3697
14059 3730
14059 3731
14059 3732
14059 3734
14059 3735
14059 3736
14059 3860
14059 7730
14059 10052
14059 12426
14059 13969
14060 856
14060 3617
14060 4932
14060 10864
14072 2793
14072 8702
14072 9238
14072 9304
14072 14088
14072 14089
14088 2793
14088 14056
14088 14072
14089 8702
14089 9304
14089 14072
14099 8495
14100 2705
14100 2736
14100 2750
14100 10493
14260 441
14260 534
14260 723
14260 743
14260 888
14260 1921
14260 2282
14260 2424
14260 2662
14260 3389
14260 3426
14260 4262
14260 4351
14260 10683
14263 2187
14263 3984
14263 5288
14263 5827
14263 11897
14284 2368
14284 2971
14382 450
14382 695
14382 1850
14382 1871
14382 1935
14382 1953
14382 2002
14382 2913
14382 2939
14382 4183
14382 4226
14382 5965
14382 6397
14382 7904
14382 8551
14382 8552
14382 9076
14382 12470
14382 13580
14418 2664
14418 9140
14508 8970
14508 11856
14517 7362
14517 11225
14525 1148
14525 7886
