14541 14541 966
0 12970
1 12970
2 12970
3 12970
4 12970
5 12970
6 12970
7 12970
8 12970
9 12970
10 12970
11 12970
12 12970
14 12970
17 12970
18 12970
19 12970
20 12970
21 12970
23 12970
24 12970
26 12970
27 12970
216 12970
219 12970
223 12970
249 12970
251 12970
252 12970
253 12970
255 12970
258 12970
259 12970
260 12970
261 12970
262 12970
263 12970
264 12970
265 12970
266 12970
269 12970
270 12970
271 12970
272 12970
273 12970
274 12970
275 12970
276 12970
277 12970
278 12970
279 12970
281 12970
282 12970
283 12970
310 12970
350 12970
432 12970
606 12970
1051 12970
1133 12970
1337 12970
1391 12970
1508 12970
1513 12970
1756 12970
1803 12970
1915 12970
2031 12970
2034 12970
2036 12970
2037 12970
2056 12970
2057 12970
2061 12970
2210 12970
2346 12970
2526 12970
2528 12970
2529 12970
2596 12970
2721 12970
2963 12970
3093 12970
3146 12970
3157 12970
3250 12970
3342 12970
3503 12970
3934 12970
3973 12970
4009 12970
4161 12970
4195 12970
4219 12970
4283 12970
4379 12970
4408 12970
4427 12970
4432 12970
4637 12970
5429 12970
5474 12970
5520 12970
5660 12970
5902 12970
6084 12970
6300 12970
6636 12970
6936 12970
6995 12970
6996 12970
7340 12970
7410 12970
7630 12970
8061 12970
8718 12970
8857 12970
8882 12970
9051 12970
9271 12970
9360 12970
9372 12970
9534 12970
9688 12970
10028 12970
10084 12970
10303 12970
10378 12970
10439 12970
10637 12970
10719 12970
10721 12970
10722 12970
10723 12970
10725 12970
10730 12970
10733 12970
10734 12970
10736 12970
10737 12970
10738 12970
10739 12970
10740 12970
10741 12970
10742 12970
10743 12970
10744 12970
10745 12970
10746 12970
10747 12970
10748 12970
10749 12970
10750 12970
10751 12970
10776 12970
10854 12970
10919 12970
11083 12970
11087 12970
11088 12970
11089 12970
11095 12970
11155 12970
11198 12970
11214 12970
11261 12970
11271 12970
11284 12970
11285 12970
11286 12970
11303 12970
11316 12970
11345 12970
11373 12970
11468 12970
11469 12970
11470 12970
11471 12970
11473 12970
11504 12970
11509 12970
11510 12970
11547 12970
11552 12970
11553 12970
11554 12970
11556 12970
11557 12970
11558 12970
11572 12970
11599 12970
11607 12970
11617 12970
11630 12970
11638 12970
11639 12970
11644 12970
11663 12970
11665 12970
11668 12970
11672 12970
11720 12970
11727 12970
11732 12970
11750 12970
11773 12970
11786 12970
11814 12970
11815 12970
11816 12970
11817 12970
11818 12970
11865 12970
11889 12970
11903 12970
11905 12970
11909 12970
11910 12970
11917 12970
11930 12970
11934 12970
11938 12970
11940 12970
11941 12970
11942 12970
11943 12970
11945 12970
11946 12970
11947 12970
11975 12970
11976 12970
11978 12970
11985 12970
11986 12970
11988 12970
11989 12970
11990 12970
11992 12970
11998 12970
12016 12970
12027 12970
12037 12970
12038 12970
12039 12970
12040 12970
12041 12970
12043 12970
12044 12970
12049 12970
12054 12970
12058 12970
12100 12970
12101 12970
12102 12970
12108 12970
12124 12970
12125 12970
12156 12970
12157 12970
12159 12970
12163 12970
12188 12970
12189 12970
12190 12970
12191 12970
12197 12970
12212 12970
12217 12970
12238 12970
12239 12970
12240 12970
12241 12970
12242 12970
12243 12970
12247 12970
12254 12970
12255 12970
12256 12970
12257 12970
12258 12970
12259 12970
12260 12970
12261 12970
12262 12970
12263 12970
12264 12970
12266 12970
12267 12970
12268 12970
12269 12970
12272 12970
12282 12970
12286 12970
12287 12970
12288 12970
12370 12970
12419 12970
12442 12970
12468 12970
12480 12970
12481 12970
12493 12970
12503 12970
12622 12970
12705 12970
12736 12970
12760 12970
12764 12970
12850 12970
12852 12970
12904 12970
12963 12970
12974 12970
12977 12970
12978 12970
12981 12970
12982 12970
12983 12970
12984 12970
12985 12970
12986 12970
13002 12970
13008 12970
13009 12970
13011 12970
13012 12970
13013 12970
13022 12970
13023 12970
13024 12970
13090 12970
13103 12970
13104 12970
13106 12970
13108 12970
13110 12970
13111 12970
13135 12970
13136 12970
13150 12970
13159 12970
13172 12970
13173 12970
13174 12970
13175 12970
13176 12970
13177 12970
13178 12970
13179 12970
13180 12970
13181 12970
13182 12970
13183 12970
13184 12970
13207 12970
13219 12970
13230 12970
13254 12970
13255 12970
13257 12970
13261 12970
13286 12970
13287 12970
13288 12970
13289 12970
13290 12970
13292 12970
13293 12970
13318 12970
13319 12970
13320 12970
13321 12970
13322 12970
13335 12970
13339 12970
13340 12970
13356 12970
13373 12970
13374 12970
13375 12970
13376 12970
13377 12970
13378 12970
13379 12970
13380 12970
13381 12970
13382 12970
13383 12970
13384 12970
13385 12970
13387 12970
13388 12970
13389 12970
13390 12970
13391 12970
13392 12970
13393 12970
13394 12970
13395 12970
13396 12970
13397 12970
13398 12970
13399 12970
13402 12970
13403 12970
13406 12970
13433 12970
13434 12970
13435 12970
13436 12970
13437 12970
13457 12970
13458 12970
13464 12970
13466 12970
13470 12970
13479 12970
13485 12970
13487 12970
13518 12970
13519 12970
13520 12970
13521 12970
13522 12970
13523 12970
13524 12970
13525 12970
13526 12970
13527 12970
13528 12970
13529 12970
13530 12970
13531 12970
13532 12970
13534 12970
13536 12970
13537 12970
13538 12970
13562 12970
13563 12970
13586 12970
13613 12970
13622 12970
13623 12970
13624 12970
13625 12970
13626 12970
13627 12970
13629 12970
13630 12970
13631 12970
13632 12970
13634 12970
13635 12970
13636 12970
13637 12970
13638 12970
13639 12970
13640 12970
13641 12970
13642 12970
13643 12970
13645 12970
13648 12970
13649 12970
13650 12970
13651 12970
13652 12970
13653 12970
13654 12970
13656 12970
13657 12970
13658 12970
13659 12970
13660 12970
13661 12970
13662 12970
13663 12970
13664 12970
13665 12970
13666 12970
13667 12970
13668 12970
13669 12970
13670 12970
13671 12970
13672 12970
13673 12970
13674 12970
13675 12970
13676 12970
13677 12970
13678 12970
13679 12970
13680 12970
13681 12970
13682 12970
13683 12970
13684 12970
13685 12970
13686 12970
13687 12970
13688 12970
13689 12970
13690 12970
13691 12970
13692 12970
13693 12970
13694 12970
13695 12970
13696 12970
13697 12970
13698 12970
13699 12970
13700 12970
13701 12970
13702 12970
13703 12970
13704 12970
13705 12970
13706 12970
13707 12970
13708 12970
13709 12970
13710 12970
13711 12970
13712 12970
13713 12970
13714 12970
13715 12970
13716 12970
13717 12970
13718 12970
13719 12970
13720 12970
13721 12970
13722 12970
13723 12970
13724 12970
13725 12970
13726 12970
13727 12970
13728 12970
13729 12970
13730 12970
13731 12970
13732 12970
13733 12970
13734 12970
13735 12970
13737 12970
13738 12970
13744 12970
13745 12970
13746 12970
13754 12970
13756 12970
13757 12970
13758 12970
13759 12970
13760 12970
13761 12970
13762 12970
13763 12970
13764 12970
13767 12970
13768 12970
13769 12970
13770 12970
13771 12970
13772 12970
13774 12970
13776 12970
13777 12970
13778 12970
13779 12970
13780 12970
13781 12970
13782 12970
13783 12970
13784 12970
13785 12970
13786 12970
13787 12970
13788 12970
13789 12970
13790 12970
13791 12970
13792 12970
13793 12970
13794 12970
13795 12970
13796 12970
13797 12970
13798 12970
13799 12970
13800 12970
13801 12970
13802 12970
13803 12970
13804 12970
13805 12970
13806 12970
13807 12970
13808 12970
13809 12970
13810 12970
13811 12970
13812 12970
13816 12970
13817 12970
13818 12970
13819 12970
13832 12970
13834 12970
13840 12970
13841 12970
13845 12970
13848 12970
13851 12970
13854 12970
13855 12970
13856 12970
13857 12970
13858 12970
13859 12970
13860 12970
13861 12970
13862 12970
13863 12970
13864 12970
13865 12970
13866 12970
13867 12970
13868 12970
13869 12970
13870 12970
13871 12970
13878 12970
13879 12970
13880 12970
13881 12970
13882 12970
13883 12970
13884 12970
13885 12970
13886 12970
13887 12970
13888 12970
13889 12970
13891 12970
13893 12970
13896 12970
13897 12970
13898 12970
13899 12970
13900 12970
13901 12970
13902 12970
13903 12970
13904 12970
13905 12970
13906 12970
13907 12970
13908 12970
13909 12970
13910 12970
13911 12970
13912 12970
13913 12970
13914 12970
13915 12970
13919 12970
13920 12970
13922 12970
13923 12970
13924 12970
13925 12970
13926 12970
13927 12970
13928 12970
13929 12970
13934 12970
13938 12970
13952 12970
13962 12970
13983 12970
13985 12970
13986 12970
14012 12970
14013 12970
14014 12970
14027 12970
14042 12970
14061 12970
14062 12970
14070 12970
14074 12970
14075 12970
14076 12970
14077 12970
14078 12970
14079 12970
14090 12970
14091 12970
14096 12970
14098 12970
14106 12970
14109 12970
14111 12970
14117 12970
14130 12970
14131 12970
14132 12970
14133 12970
14134 12970
14135 12970
14136 12970
14137 12970
14138 12970
14139 12970
14140 12970
14141 12970
14142 12970
14143 12970
14144 12970
14145 12970
14146 12970
14147 12970
14148 12970
14149 12970
14150 12970
14151 12970
14152 12970
14153 12970
14154 12970
14155 12970
14156 12970
14157 12970
14158 12970
14159 12970
14160 12970
14161 12970
14162 12970
14163 12970
14164 12970
14165 12970
14166 12970
14167 12970
14168 12970
14169 12970
14170 12970
14171 12970
14172 12970
14173 12970
14174 12970
14175 12970
14176 12970
14177 12970
14178 12970
14179 12970
14180 12970
14181 12970
14182 12970
14183 12970
14184 12970
14185 12970
14186 12970
14187 12970
14188 12970
14189 12970
14190 12970
14191 12970
14195 12970
14196 12970
14197 12970
14198 12970
14199 12970
14200 12970
14201 12970
14202 12970
14203 12970
14205 12970
14206 12970
14207 12970
14208 12970
14210 12970
14211 12970
14212 12970
14213 12970
14214 12970
14215 12970
14216 12970
14217 12970
14218 12970
14219 12970
14221 12970
14222 12970
14223 12970
14224 12970
14225 12970
14226 12970
14228 12970
14229 12970
14230 12970
14231 12970
14232 12970
14233 12970
14234 12970
14235 12970
14236 12970
14237 12970
14238 12970
14239 12970
14240 12970
14241 12970
14242 12970
14243 12970
14244 12970
14245 12970
14246 12970
14247 12970
14248 12970
14249 12970
14250 12970
14251 12970
14252 12970
14253 12970
14254 12970
14255 12970
14256 12970
14257 12970
14258 12970
14259 12970
14285 12970
14286 12970
14287 12970
14291 12970
14292 12970
14293 12970
14294 12970
14295 12970
14296 12970
14297 12970
14300 12970
14301 12970
14303 12970
14304 12970
14305 12970
14307 12970
14309 12970
14310 12970
14311 12970
14312 12970
14313 12970
14315 12970
14316 12970
14317 12970
14318 12970
14319 12970
14320 12970
14321 12970
14322 12970
14323 12970
14324 12970
14325 12970
14326 12970
14327 12970
14328 12970
14329 12970
14330 12970
14331 12970
14334 12970
14337 12970
14339 12970
14341 12970
14349 12970
14350 12970
14351 12970
14353 12970
14354 12970
14355 12970
14356 12970
14361 12970
14362 12970
14363 12970
14364 12970
14365 12970
14366 12970
14367 12970
14368 12970
14373 12970
14374 12970
14381 12970
14385 12970
14389 12970
14390 12970
14391 12970
14393 12970
14394 12970
14395 12970
14398 12970
14399 12970
14401 12970
14405 12970
14406 12970
14407 12970
14411 12970
14412 12970
14413 12970
14414 12970
14415 12970
14416 12970
14417 12970
14419 12970
14420 12970
14421 12970
14425 12970
14426 12970
14430 12970
14431 12970
14434 12970
14437 12970
14438 12970
14444 12970
14445 12970
14446 12970
14447 12970
14449 12970
14451 12970
14453 12970
14454 12970
14455 12970
14457 12970
14482 12970
14483 12970
14484 12970
14485 12970
14486 12970
14488 12970
14489 12970
14490 12970
14494 12970
14504 12970
14507 12970
14510 12970
14511 12970
14512 12970
14513 12970
14514 12970
14515 12970
14516 12970
14518 12970
14519 12970
14521 12970
14526 12970
14527 12970
14528 12970
14529 12970
14531 12970
14532 12970
14534 12970
14537 12970
14538 12970
14539 12970
14540 12970
