14541 14541 834
25 7709
36 5474
39 14156
43 5474
46 11286
80 7467
81 13150
87 8918
110 3973
114 5474
118 13150
119 8882
121 3973
124 14167
125 3973
130 8512
136 5474
137 8882
158 11286
163 8882
164 13150
167 3973
171 3973
186 5474
196 14199
198 13150
229 7467
289 13150
293 5474
345 7709
361 5474
364 3973
405 8882
414 5474
426 2556
471 13150
484 8512
488 10401
489 3973
502 9602
504 7467
506 13837
508 2556
524 5474
529 14153
530 3844
539 8378
542 3862
544 12239
550 14169
577 11261
588 8882
589 3973
631 11948
643 7467
649 14210
656 11948
722 13150
730 8882
735 5474
765 13150
792 13150
828 5474
854 445
870 3973
965 13150
972 3343
1013 14168
1014 8882
1016 11948
1053 14149
1055 11672
1066 13150
1088 5474
1109 11286
1119 12230
1143 3973
1159 3973
1167 7467
1190 14167
1209 8882
1219 13150
1235 5474
1241 5474
1250 4219
1251 14146
1252 5474
1265 3973
1313 12130
1318 14361
1344 5474
1356 11909
1375 3973
1376 3973
1390 5474
1412 12256
1511 5474
1523 7467
1535 3973
1541 5474
1552 14146
1587 10414
1651 5474
1652 3973
1658 9084
1659 14356
1661 13150
1662 8333
1674 6300
1683 8882
1690 5474
1691 11948
1697 3846
1754 5474
1795 7467
1801 11672
1807 3973
1808 8882
1842 1007
1846 7467
1854 7752
1859 13150
1867 5474
1886 8882
1898 14149
1911 8333
1913 14193
1923 5474
1925 14037
1946 5474
1949 5474
1983 3845
2087 5474
2089 4219
2111 3973
2130 13229
2174 5474
2177 5474
2192 14146
2198 5474
2203 5474
2212 5474
2217 14167
2228 11948
2234 5474
2264 3973
2270 14166
2275 13830
2279 11948
2293 223
2319 7752
2331 13745
2403 3973
2412 9578
2420 3973
2423 8512
2458 13372
2552 13150
2557 5474
2570 13150
2572 14168
2575 13831
2580 606
2624 7467
2630 8882
2654 11948
2659 10861
2678 8512
2679 14210
2685 9578
2688 12010
2695 5474
2701 3973
2702 3973
2708 3973
2711 10338
2722 3973
2725 14153
2743 5474
2749 5474
2752 8512
2781 14069
2782 11941
2784 5474
2797 3973
2824 14133
2835 8512
2848 8512
2851 8378
2878 5474
2893 12239
2902 12016
2904 12235
2973 14153
2995 11473
3036 10416
3053 7467
3079 14168
3144 8882
3165 11630
3184 3973
3198 5474
3258 10299
3267 3846
3270 11088
3288 14149
3312 10328
3317 5474
3319 8882
3322 8882
3336 13150
3344 11286
3349 7467
3381 3973
3431 14146
3437 3973
3440 8882
3447 5474
3468 5474
3474 13150
3482 13150
3484 5474
3485 8333
3550 11948
3581 3973
3616 8018
3618 11948
3652 4625
3653 2034
3654 5474
3717 13150
3744 7467
3795 7752
3851 14179
3881 7752
3895 14132
3896 3973
3899 10394
3901 2596
3931 13150
3933 14160
3940 3973
3948 3793
3965 13150
3976 5474
3985 11948
3990 5474
4001 11286
4013 7467
4014 13229
4106 5474
4120 3973
4124 9578
4133 5474
4157 7709
4170 5474
4179 5474
4196 5474
4216 9372
4220 3973
4234 14189
4264 3973
4274 9510
4308 7752
4357 5474
4364 5474
4367 5474
4389 1189
4391 5474
4394 8512
4397 12098
4435 3793
4460 11261
4478 7752
4519 14146
4520 14167
4527 14156
4542 14133
4543 8882
4580 1133
4585 5474
4591 14044
4601 10303
4610 5474
4616 14168
4626 10338
4649 3846
4694 8882
4705 5474
4761 5474
4822 5474
4843 3844
4856 13229
4912 5474
4915 12098
4936 12311
4969 5474
5021 14212
5036 8018
5039 5474
5052 1133
5059 11948
5060 3973
5073 13229
5076 11948
5106 1245
5122 5474
5150 7467
5155 7752
5167 11945
5216 5474
5226 11421
5228 5474
5233 11572
5239 3973
5260 551
5262 5474
5278 11945
5307 7752
5328 12267
5334 11599
5403 11286
5417 11286
5421 11948
5438 14153
5462 11948
5475 13150
5526 7467
5560 9145
5561 13150
5563 3973
5566 14044
5570 7467
5603 5474
5614 8918
5648 7467
5649 3973
5666 8918
5672 13229
5682 9372
5743 13150
5758 6455
5764 11570
5813 13470
5823 8512
5837 445
5841 13150
5846 3973
5856 11960
5857 10115
5866 14168
5869 172
5870 7491
5876 10498
5878 14295
5884 14196
5913 13372
5915 11948
5920 5474
5921 14151
5922 5474
5951 14231
5961 8099
5981 7752
5986 12255
6012 5474
6022 10299
6032 3846
6034 5474
6045 1091
6060 7752
6067 11948
6074 9372
6076 7467
6099 13773
6116 8882
6119 3793
6120 7752
6129 14167
6148 9292
6152 5317
6156 5474
6173 5474
6181 8333
6183 8882
6192 8572
6207 7467
6227 13245
6231 8512
6242 1988
6254 11473
6261 3973
6263 13229
6279 3973
6322 8882
6327 5474
6396 3862
6398 8882
6405 7467
6411 5474
6413 6300
6435 14117
6444 9578
6462 8379
6506 8918
6508 5474
6533 14153
6557 3973
6567 8882
6574 12010
6583 3973
6609 5474
6622 6457
6627 13150
6628 11286
6631 8882
6642 9502
6662 13229
6731 3973
6737 14146
6740 5815
6803 13150
6817 310
6831 5815
6832 11077
6849 5474
6850 3973
6879 565
6883 13466
6894 7467
6909 11948
6917 5474
6919 3973
6920 3973
6921 8333
6923 13406
6927 11948
6929 3973
6932 11421
6948 7752
6959 14167
6966 12079
6970 5474
6984 4612
6988 8512
6998 3973
6999 2034
7003 11088
7007 5474
7009 3973
7012 5474
7013 5474
7029 13150
7037 4408
7038 14167
7044 12079
7045 8512
7049 5474
7055 7752
7067 8918
7075 14191
7111 7467
7144 11630
7149 5474
7152 7467
7208 3973
7239 565
7263 5474
7271 7467
7304 11948
7315 14153
7326 3793
7339 8882
7373 6176
7395 5474
7426 10338
7432 7752
7477 9145
7479 12079
7552 11948
7600 12188
7611 5474
7670 8882
7671 13229
7682 5474
7694 10306
7736 13229
7761 13150
7763 8882
7804 8018
7805 4372
7812 1007
7820 11474
7837 11599
7844 5474
7845 8099
7850 8882
7896 11261
7913 13229
7914 9372
7916 14179
7917 14163
7920 11948
7922 14175
7923 5474
7926 13230
7927 5474
7935 3973
7954 5474
7962 9372
7967 8882
8014 11271
8035 5474
8038 5474
8041 5474
8042 3862
8057 5474
8072 5474
8073 8512
8075 8918
8079 5474
8112 1988
8115 5474
8128 11482
8147 11948
8162 1733
8199 11286
8213 9104
8221 8882
8223 5474
8225 11948
8302 14176
8303 13229
8314 13150
8316 12819
8319 13150
8362 11948
8404 5474
8434 8512
8515 12974
8581 14168
8588 13229
8627 11948
8641 13150
8658 13227
8668 7467
8733 9578
8734 7752
8751 13150
8753 5474
8756 7467
8764 9145
8765 7939
8773 5474
8774 11948
8827 7752
8842 5474
8876 5474
8900 14159
8906 13669
8921 3973
8936 5474
8952 557
8963 13662
8964 5474
8982 10776
8994 11482
8999 8099
9002 13356
9009 5474
9011 5474
9017 5474
9041 12130
9044 11948
9052 5474
9056 13150
9065 7536
9068 13150
9105 7467
9113 5474
9116 5474
9171 10562
9240 14168
9244 3846
9251 557
9262 8512
9269 7709
9291 11909
9294 3973
9311 3973
9320 12736
9338 557
9348 2124
9365 13229
9375 11482
9390 11948
9405 7467
9417 13968
9443 14458
9448 13229
9451 11948
9452 5474
9511 8882
9519 445
9539 14404
9551 12980
9560 13672
9568 12766
9576 11948
9579 11948
9580 10115
9601 9372
9604 7467
9628 557
9637 5474
9717 13150
9742 11473
9775 13150
9835 3793
9891 5474
9907 1733
9914 8512
9928 4408
9930 5474
9935 14166
9970 12323
9975 14146
9977 11599
9987 12079
9989 12079
9993 11416
10000 7467
10004 14196
10011 1051
10012 14196
10013 14196
10023 14287
10043 14061
10061 13150
10070 7752
10077 13229
10081 13229
10114 14196
10134 10413
10138 4372
10154 3973
10162 5474
10201 5474
10227 5474
10256 11603
10315 3843
10323 3973
10346 5474
10350 13150
10380 11242
10398 7340
10408 5474
10419 8882
10441 11934
10482 12872
10487 3973
10505 10313
10535 11242
10550 8882
10565 8099
10588 7709
10595 8918
10598 4195
10615 14130
10618 3973
10642 557
10691 11948
10697 13150
10700 5474
10792 7752
10820 14167
10821 13840
10855 5474
10857 1337
10875 11286
10885 8099
10886 7467
10923 11340
10924 10115
10931 5474
10948 14186
10950 13150
10961 3844
10995 1733
11024 3973
11047 13229
11053 10401
11063 3973
11078 14289
11138 5474
11148 5474
11159 9521
11167 13150
11199 5474
11201 3973
11215 5474
11224 14179
11228 12079
11239 272
11245 13150
11260 14196
11262 14168
11272 8882
11275 14147
11301 7752
11313 13150
11315 3973
11322 7752
11327 3973
11346 13150
11353 12760
11355 5474
11382 3973
11390 7752
11420 3973
11460 8512
11480 7752
11507 3973
11576 11941
11585 9104
11597 2030
11637 13150
11654 3973
11670 5474
11701 14167
11714 13229
11715 13745
11742 5474
11788 14196
11802 5474
11811 3973
11862 9145
11877 7467
11899 8512
11913 14155
11916 7591
11936 11242
11954 3973
11996 3973
12020 8882
12025 14199
12051 11948
12052 11786
12059 8378
12111 5474
12126 5474
12175 8882
12276 11502
12277 14167
12298 5474
12380 1245
12432 11416
12470 8333
12519 3973
12533 5474
12554 11948
12555 10002
12568 3973
12584 3973
12588 13372
12594 8512
12606 13395
12623 5474
12624 5474
12681 8882
12690 8882
12702 5474
12706 1733
12726 3973
12730 5474
12732 11421
12765 14168
12774 5474
12807 3973
12825 5474
12845 1337
12846 13372
12847 5474
12848 9954
12854 11948
12855 11584
12868 5474
12895 3973
12897 14389
12926 5384
12999 14196
13067 14146
13130 7647
13152 7752
13160 9145
13193 7491
13200 3973
13228 4372
13239 13470
13246 3973
13275 12132
13278 7467
13279 7467
13282 8512
13311 551
13331 5474
13409 13150
13417 8882
13428 7467
13429 11948
13459 14398
13463 3862
13489 3973
13501 8882
13512 14179
13552 11948
13570 11948
13574 14454
13588 7467
13873 3973
13937 13485
13942 7467
13960 11572
13963 3973
13988 13150
14000 5474
14003 9372
14004 5474
14028 14430
14052 3973
14071 14210
14099 5474
14302 4625
14384 2022
