14541 14541 361
16 3925
80 971
120 2520
244 7957
267 6467
302 1473
302 4093
325 12362
397 9150
397 9854
397 11144
405 9873
448 2415
448 10416
461 9872
470 9870
563 1321
601 6969
621 9195
644 9882
647 9872
659 874
664 6027
665 9872
809 816
1122 874
1135 4446
1223 9881
1223 10448
1250 6777
1333 5602
1356 8679
1370 8538
1412 2818
1412 6187
1412 9881
1470 9870
1511 2520
1538 9195
1556 8809
1650 5297
1679 8679
1679 13455
1692 505
1752 3384
1900 13058
2048 9622
2080 10448
2100 2520
2104 9846
2133 12362
2201 9873
2245 2320
2245 6389
2322 1800
2414 10527
2490 1403
2494 12663
2581 9825
2672 8679
2682 1566
2725 874
2754 2611
2757 2107
2762 9416
2762 13034
2768 846
2768 4715
2837 10436
2837 12598
2837 12599
2844 9195
2846 8538
2875 6969
2917 9416
2953 6578
2953 9881
2974 1124
2976 12598
3014 8266
3035 10699
3165 2806
3165 6289
3174 2449
3174 9897
3174 10416
3322 2571
3449 12362
3480 3479
3610 874
3906 2818
3906 10416
3965 2520
4125 12663
4157 3993
4210 9195
4315 3385
4539 6743
4582 9195
4626 7938
4645 9881
4668 214
4705 4417
4722 9872
4833 5456
4833 13342
4932 9195
5052 2818
5052 7470
5052 9881
5052 13494
5058 9872
5165 6252
5165 9848
5187 4446
5226 3743
5314 11258
5401 12362
5419 9870
5458 5456
5566 9881
5629 4446
5629 7506
5629 13342
5659 3236
5661 10416
5661 11602
5744 9872
5813 10416
5827 2520
5837 2536
5837 14016
5954 3434
6052 4683
6066 2806
6116 13347
6120 10372
6140 859
6140 2263
6140 2274
6140 2713
6140 6289
6140 9562
6140 9819
6140 9873
6140 9897
6140 10086
6140 10211
6140 10527
6140 11144
6140 11602
6170 8532
6181 9873
6227 14464
6271 9872
6279 10416
6302 9823
6411 9870
6476 8538
6519 5516
6557 12516
6574 4384
6574 9825
6631 8809
6744 453
6831 4253
6870 1325
6878 1766
6878 2806
6923 10416
6928 10416
6928 11004
6937 13951
6951 2520
6998 2818
6998 6450
6998 9811
7003 8427
7037 2455
7075 8064
7097 2611
7111 9890
7111 12866
7250 10372
7370 1124
7377 2520
7378 13273
7452 10415
7471 7668
7471 13273
7610 13423
7629 11188
7634 13247
7805 1989
7805 2536
7805 11883
7805 14016
7836 2520
7837 2818
7837 3547
7837 9881
7837 11929
7935 1796
7976 8291
7976 11358
8107 8108
8112 877
8242 8954
8262 6289
8313 5558
8313 8727
8313 13145
8397 9826
8433 8432
8635 2520
8691 5457
8913 10416
8921 10416
8936 2806
8936 5061
8980 5414
8980 9826
9031 431
9095 9004
9105 11883
9138 704
9138 1566
9138 5456
9161 5558
9161 8727
9161 13145
9196 9195
9291 6383
9291 10388
9291 13215
9291 13273
9291 14423
9294 6289
9294 11070
9405 1918
9449 2818
9500 8064
9501 4417
9501 8064
9587 336
9587 10058
9642 10416
9717 5414
9717 6289
9750 13252
9758 841
9813 10416
9937 2299
9965 5765
9975 10388
9999 12500
10011 10416
10012 4110
10013 1559
10013 1839
10013 8679
10127 9897
10310 9873
10323 2818
10346 628
10374 9150
10374 9849
10391 9691
10398 10416
10757 4444
10759 8495
10769 10416
10772 3062
10812 1021
10812 7683
10820 856
11050 9622
11054 8679
11074 9872
11138 6730
11160 12251
11164 4344
11236 453
11262 10416
11275 1081
11382 2263
11460 5414
11475 5905
11475 8269
11521 1039
11521 2449
11521 5409
11521 7048
11521 9872
11521 10448
11526 9854
11526 10416
11536 9897
11576 10416
11581 1766
11581 2818
11581 8679
11648 2818
11899 11217
11982 5765
12133 10020
12199 2299
12199 8291
12199 8380
12199 10436
12199 12598
12249 702
12275 431
12383 8458
12390 1321
12424 1303
12434 1844
12531 7076
12531 10058
12577 9004
12609 1303
12609 2903
12694 9004
12801 8230
12801 9873
12807 1839
12807 2972
12847 8809
12926 2536
12988 1021
12988 1421
12988 2607
12988 10490
12988 13494
13268 9004
13268 12362
13274 2520
13278 5634
13300 8106
13334 2818
13820 1468
13873 837
13873 1839
13873 5414
13873 8679
13873 9881
13873 10086
13970 4294
14028 6795
14028 9872
14057 9195
14060 9195
14089 9872
14268 3073
14302 12762
14384 2075
14384 2806
14384 6289
14384 7683
14384 8679
14517 1766
