14541 14541 883
3050 7985
5234 11659
7586 55
7586 280
7586 2176
7586 14473
7586 14481
8164 236
8164 452
8164 946
8164 1305
8164 1440
8164 1861
8164 2166
8164 2517
8164 4119
8164 4660
8164 8830
8164 9830
8164 9831
8164 9833
8164 11268
8164 11530
8164 12505
8164 13165
8164 14462
8164 14472
8164 14475
8164 14479
8351 410
8351 868
8351 1711
8351 1816
8351 1860
8351 2075
8351 2129
8351 2306
8351 2489
8351 2896
8351 2901
8351 3075
8351 3186
8351 3269
8351 3285
8351 3464
8351 3687
8351 4079
8351 4086
8351 4110
8351 4159
8351 4214
8351 4457
8351 4699
8351 4729
8351 4970
8351 5151
8351 5512
8351 5567
8351 5909
8351 6284
8351 6980
8351 7241
8351 7258
8351 7316
8351 7411
8351 7525
8351 7824
8351 8428
8351 8500
8351 8675
8351 8752
8351 8894
8351 9701
8351 10169
8351 10212
8351 10312
8351 10524
8351 10791
8351 11335
8351 14464
8708 38
8708 91
8708 127
8708 144
8708 147
8708 169
8708 231
8708 335
8708 468
8708 478
8708 479
8708 552
8708 558
8708 560
8708 681
8708 692
8708 711
8708 715
8708 768
8708 793
8708 815
8708 816
8708 837
8708 849
8708 855
8708 859
8708 860
8708 869
8708 874
8708 876
8708 973
8708 1039
8708 1042
8708 1045
8708 1081
8708 1086
8708 1087
8708 1093
8708 1144
8708 1154
8708 1156
8708 1169
8708 1171
8708 1184
8708 1201
8708 1213
8708 1218
8708 1231
8708 1237
8708 1238
8708 1243
8708 1287
8708 1317
8708 1398
8708 1399
8708 1421
8708 1425
8708 1514
8708 1559
8708 1646
8708 1669
8708 1673
8708 1678
8708 1689
8708 1700
8708 1725
8708 1761
8708 1762
8708 1763
8708 1764
8708 1796
8708 1797
8708 1798
8708 1799
8708 1800
8708 1810
8708 1811
8708 1813
8708 1814
8708 1815
8708 1833
8708 1839
8708 1844
8708 1918
8708 1968
8708 2004
8708 2016
8708 2116
8708 2120
8708 2132
8708 2147
8708 2149
8708 2154
8708 2167
8708 2207
8708 2211
8708 2214
8708 2218
8708 2242
8708 2263
8708 2286
8708 2299
8708 2310
8708 2316
8708 2318
8708 2336
8708 2338
8708 2360
8708 2364
8708 2375
8708 2394
8708 2395
8708 2397
8708 2422
8708 2442
8708 2455
8708 2473
8708 2488
8708 2491
8708 2535
8708 2536
8708 2544
8708 2553
8708 2603
8708 2607
8708 2612
8708 2627
8708 2668
8708 2676
8708 2713
8708 2806
8708 2818
8708 2857
8708 2858
8708 2909
8708 2983
8708 3002
8708 3008
8708 3013
8708 3020
8708 3021
8708 3038
8708 3041
8708 3042
8708 3044
8708 3082
8708 3103
8708 3195
8708 3223
8708 3226
8708 3233
8708 3234
8708 3238
8708 3254
8708 3266
8708 3273
8708 3292
8708 3293
8708 3311
8708 3314
8708 3316
8708 3329
8708 3332
8708 3339
8708 3385
8708 3395
8708 3499
8708 3547
8708 3561
8708 3695
8708 3751
8708 3790
8708 3798
8708 3832
8708 3835
8708 3836
8708 3878
8708 3936
8708 3954
8708 3989
8708 4096
8708 4099
8708 4116
8708 4137
8708 4145
8708 4175
8708 4178
8708 4181
8708 4201
8708 4206
8708 4208
8708 4261
8708 4268
8708 4284
8708 4291
8708 4313
8708 4330
8708 4336
8708 4338
8708 4341
8708 4344
8708 4346
8708 4362
8708 4370
8708 4375
8708 4390
8708 4404
8708 4405
8708 4407
8708 4415
8708 4430
8708 4433
8708 4480
8708 4481
8708 4501
8708 4517
8708 4518
8708 4524
8708 4544
8708 4546
8708 4590
8708 4603
8708 4608
8708 4617
8708 4618
8708 4629
8708 4642
8708 4648
8708 4690
8708 4693
8708 4725
8708 4745
8708 4765
8708 4809
8708 4823
8708 4902
8708 4907
8708 4973
8708 4984
8708 4988
8708 5012
8708 5038
8708 5043
8708 5078
8708 5116
8708 5117
8708 5158
8708 5195
8708 5204
8708 5296
8708 5297
8708 5316
8708 5342
8708 5361
8708 5362
8708 5375
8708 5409
8708 5410
8708 5411
8708 5412
8708 5413
8708 5423
8708 5424
8708 5431
8708 5437
8708 5480
8708 5513
8708 5533
8708 5554
8708 5611
8708 5622
8708 5704
8708 5707
8708 5713
8708 5725
8708 5735
8708 5759
8708 5760
8708 5770
8708 5783
8708 5785
8708 5788
8708 5793
8708 5807
8708 5833
8708 5872
8708 5917
8708 5919
8708 6004
8708 6087
8708 6093
8708 6100
8708 6142
8708 6187
8708 6209
8708 6214
8708 6272
8708 6304
8708 6306
8708 6433
8708 6450
8708 6463
8708 6502
8708 6590
8708 6620
8708 6633
8708 6676
8708 6682
8708 6685
8708 6688
8708 6742
8708 6795
8708 6807
8708 6953
8708 6961
8708 7093
8708 7199
8708 7261
8708 7270
8708 7297
8708 7353
8708 7380
8708 7428
8708 7618
8708 7683
8708 7712
8708 7776
8708 7985
8708 7996
8708 8048
8708 8194
8708 8258
8708 8289
8708 8370
8708 8419
8708 8478
8708 8571
8708 8631
8708 8679
8708 8722
8708 8807
8708 8809
8708 8909
8708 8973
8708 9020
8708 9045
8708 9054
8708 9102
8708 9130
8708 9150
8708 9189
8708 9228
8708 9359
8708 9464
8708 9562
8708 9811
8708 9819
8708 9823
8708 9842
8708 9855
8708 9859
8708 9863
8708 9874
8708 9875
8708 9876
8708 9877
8708 9878
8708 9881
8708 10086
8708 10093
8708 10520
8708 10527
8708 10632
8708 10766
8708 10916
8708 11004
8708 11046
8708 11070
8708 11299
8708 11494
8708 11904
8708 11918
8708 11927
8708 12396
8708 12443
8708 12445
8708 12482
8708 12516
8708 12599
8708 12666
8708 12851
8708 13019
8708 13029
8708 13089
8708 13224
8708 13304
8708 13338
8708 13352
8708 13357
8708 13386
8708 13455
8708 13469
8708 13498
8708 13504
8708 13596
8708 13951
8708 14039
8708 14066
8708 14116
8708 14275
8708 14314
8708 14347
8708 14456
8708 14477
8708 14478
9889 38
9889 55
9889 192
9889 227
9889 323
9889 349
9889 355
9889 373
9889 435
9889 521
9889 547
9889 815
9889 893
9889 1152
9889 1194
9889 1201
9889 1203
9889 1236
9889 1249
9889 1332
9889 1361
9889 1404
9889 1436
9889 1536
9889 1551
9889 1604
9889 1670
9889 1687
9889 1693
9889 1700
9889 1812
9889 1821
9889 1930
9889 2161
9889 2254
9889 2274
9889 2295
9889 2310
9889 2343
9889 2415
9889 2421
9889 2559
9889 2569
9889 2634
9889 2646
9889 2675
9889 2687
9889 2840
9889 3038
9889 3041
9889 3282
9889 3314
9889 3384
9889 3409
9889 3446
9889 3606
9889 3655
9889 3855
9889 3954
9889 3989
9889 4109
9889 4144
9889 4230
9889 4231
9889 4420
9889 4472
9889 4537
9889 4540
9889 4563
9889 4564
9889 4638
9889 4666
9889 4776
9889 4910
9889 5137
9889 5414
9889 5469
9889 5508
9889 5539
9889 5634
9889 5741
9889 6446
9889 6488
9889 6688
9889 7291
9889 7857
9889 7938
9889 8235
9889 8632
9889 8675
9889 8890
9889 9359
9889 9481
9889 9527
9889 9825
9889 9826
9889 9845
9889 9846
9889 9847
9889 9849
9889 9850
9889 9861
9889 9862
9889 9874
9889 9882
9889 9890
9889 9961
9889 9980
9889 10093
9889 10448
9889 10515
9889 10679
9889 11034
9889 11082
9889 11217
9889 11783
9889 12140
9889 12248
9889 12332
9889 12445
9889 12496
9889 12500
9889 12517
9889 12797
9889 12851
9889 12866
9889 13028
9889 13087
9889 13441
9889 13564
9889 13569
9889 13596
9889 13918
9889 13946
9889 14424
9889 14474
10172 971
10172 1449
10172 2954
10172 3655
10172 4401
10172 5469
10172 6133
10172 8080
10172 10183
10172 11919
10172 13550
10172 14463
10172 14467
10172 14476
10437 2983
10437 9463
11789 8427
11795 35
11795 91
11795 256
11795 336
11795 431
11795 453
11795 702
11795 704
11795 796
11795 846
11795 862
11795 883
11795 899
11795 900
11795 952
11795 958
11795 1030
11795 1090
11795 1118
11795 1124
11795 1131
11795 1145
11795 1152
11795 1173
11795 1232
11795 1263
11795 1382
11795 1403
11795 1420
11795 1468
11795 1473
11795 1510
11795 1566
11795 1695
11795 1826
11795 2058
11795 2103
11795 2139
11795 2170
11795 2243
11795 2333
11795 2369
11795 2380
11795 2393
11795 2487
11795 2600
11795 2611
11795 2627
11795 2808
11795 2816
11795 2831
11795 2977
11795 2984
11795 3062
11795 3073
11795 3085
11795 3180
11795 3265
11795 3296
11795 3352
11795 3434
11795 3454
11795 3563
11795 3574
11795 3621
11795 3925
11795 4003
11795 4104
11795 4198
11795 4373
11795 4526
11795 4547
11795 4711
11795 4729
11795 4746
11795 4842
11795 4971
11795 5146
11795 5219
11795 5272
11795 5333
11795 5339
11795 5406
11795 5433
11795 5440
11795 5602
11795 5709
11795 5845
11795 5867
11795 6021
11795 6027
11795 6370
11795 6383
11795 6459
11795 6496
11795 6542
11795 6556
11795 6571
11795 6578
11795 6706
11795 6730
11795 6743
11795 6885
11795 6969
11795 7048
11795 7199
11795 7217
11795 7223
11795 7328
11795 7332
11795 7341
11795 7354
11795 7521
11795 7707
11795 7748
11795 7869
11795 7948
11795 7985
11795 8005
11795 8025
11795 8064
11795 8106
11795 8113
11795 8138
11795 8291
11795 8407
11795 8427
11795 8495
11795 8579
11795 8610
11795 8633
11795 8715
11795 8727
11795 8783
11795 8793
11795 8808
11795 8869
11795 8875
11795 8878
11795 9136
11795 9154
11795 9416
11795 9470
11795 9618
11795 9622
11795 9680
11795 9772
11795 9900
11795 9939
11795 10020
11795 10029
11795 10058
11795 10072
11795 10255
11795 10388
11795 10503
11795 10699
11795 11147
11795 11258
11795 11358
11795 11476
11795 11479
11795 11767
11795 11774
11795 11787
11795 11866
11795 12251
11795 12319
11795 12328
11795 12381
11795 12599
11795 12626
11795 12663
11795 12688
11795 12821
11795 12828
11795 12837
11795 12849
11795 12929
11795 13145
11795 13215
11795 13220
11795 13256
11795 13342
11795 13496
11795 13610
11795 13940
11795 14011
11795 14054
11795 14388
11795 14509
11795 14522
12831 134
12831 877
12831 1377
12831 1537
12831 1558
12831 1989
12831 2105
12831 2160
12831 2176
12831 3017
12831 3034
12831 3136
12831 3169
12831 3213
12831 3236
12831 3540
12831 3743
12831 4000
12831 4081
12831 4084
12831 4253
12831 4741
12831 5627
12831 5730
12831 7457
12831 7470
12831 8039
12831 8206
12831 9827
12831 9829
12831 9863
12831 10396
12831 10490
12831 11883
12831 12518
12831 13494
12831 13564
12831 14016
12831 14058
12831 14466
12831 14469
13302 3574
13302 7985
