14541 14541 104
2649 4485
2649 5481
2649 6480
2649 7414
2649 7689
2649 8216
2649 8923
2649 9917
2649 10060
2649 10236
2649 14059
4485 2649
4485 5481
4485 7414
4485 7689
4485 8216
4485 8923
4485 9917
4485 10060
4485 10236
4485 14059
5481 2649
5481 4485
5481 6480
5481 7414
5481 7689
5481 8216
5481 8923
5481 9917
5481 10060
5481 10236
5481 14059
6480 2649
6480 4485
6480 5481
6480 7414
6480 7689
6480 9917
6480 10060
6480 10236
6480 14059
7414 2649
7414 4485
7414 5481
7414 7689
7414 8216
7414 8923
7414 9917
7414 10060
7414 10236
7414 14059
7689 2649
7689 4485
7689 5481
7689 6480
7689 7414
7689 8216
7689 14059
8216 2649
8216 4485
8216 5481
8216 6480
8216 7414
8216 8923
8216 9917
8216 10060
8216 10236
8923 2649
8923 4485
8923 5481
8923 6480
8923 7414
8923 8216
8923 9917
8923 10060
8923 10236
9917 4485
9917 6480
9917 7414
9917 8216
9917 8923
9917 10060
9917 10236
10060 4485
10060 5481
10060 6480
10060 7414
10060 8216
10060 8923
10060 9917
10060 10236
10236 2649
10236 4485
10236 5481
10236 6480
10236 7414
10236 8216
10236 8923
10236 9917
14059 2649
14059 5481
14059 7414
14059 7689
14059 8216
