14541 14541 726
32 10280
445 5874
445 8545
445 11244
445 12116
523 12116
568 2005
568 6234
568 10280
568 12116
587 2005
587 12116
591 11244
745 6234
745 10280
745 12116
1054 5874
1054 7725
1083 2005
1083 12116
1214 2005
1214 6234
1214 10280
1214 12116
2115 1043
2115 2005
2115 3018
2115 3241
2115 5079
2115 5874
2115 7625
2115 7902
2115 8077
2115 8545
2115 8611
2115 8749
2115 9392
2115 10280
2115 11244
2122 1043
2122 2005
2122 3018
2122 3241
2122 5874
2122 7625
2122 7902
2122 8077
2122 8545
2122 8611
2122 8749
2122 9392
2122 10280
2122 11244
2960 1043
2960 2005
2960 2484
2960 3018
2960 3241
2960 5874
2960 7625
2960 7902
2960 8077
2960 8545
2960 8611
2960 8749
2960 11244
2960 12116
3661 1043
3661 2005
3661 3241
3661 5874
3661 7625
3661 7902
3661 8611
3661 8749
3661 9392
3661 11244
3661 12116
3785 2005
3785 12116
5317 1043
5317 2005
5317 3018
5317 3241
5317 5079
5317 5874
5317 7625
5317 7902
5317 8545
5317 8611
5317 8749
5317 10280
5317 11244
5635 5079
5635 11244
5635 12116
6006 6234
6006 6277
6006 7725
6006 9309
6006 9491
6466 1483
6466 1611
6466 5874
6466 8545
6466 11244
6545 2005
6545 6234
6545 6935
6545 9309
6545 10280
6545 12116
6552 2005
6552 12116
6552 13284
6559 6234
6559 8545
6559 11244
6559 12116
6565 1043
6565 2005
6565 2484
6565 3018
6565 3241
6565 5079
6565 7625
6565 7902
6565 8545
6565 8611
6565 8749
6565 11244
6569 1043
6569 2005
6569 2484
6569 3018
6569 3241
6569 5079
6569 7625
6569 7902
6569 8077
6569 8545
6569 8611
6569 8749
6569 9392
6569 11244
6581 5874
6623 1043
6623 2005
6623 2484
6623 3018
6623 3241
6623 5079
6623 5874
6623 7625
6623 7902
6623 8545
6623 8611
6623 8749
6623 10280
6623 11244
6623 12116
6626 1043
6626 2005
6626 2484
6626 3018
6626 3241
6626 5079
6626 5874
6626 7625
6626 7902
6626 8545
6626 8611
6626 8749
6626 11244
7136 8545
7136 11244
7148 1043
7148 2005
7148 3018
7148 3241
7148 5874
7148 7625
7148 7902
7148 8077
7148 8545
7148 8611
7148 8749
7148 11244
7186 1043
7186 2005
7186 3018
7186 3241
7186 7625
7186 7902
7186 8545
7186 8611
7186 8749
7186 11244
7367 11244
7429 2005
7429 10280
7536 11244
7544 1043
7544 2005
7544 3018
7544 7625
7544 7902
7544 8611
7544 8749
7544 9392
7544 11244
7676 1043
7676 2005
7676 2484
7676 3018
7676 3241
7676 5874
7676 7625
7676 7902
7676 8077
7676 8545
7676 8611
7676 8749
7676 10280
7676 11244
7677 1043
7677 2005
7677 2484
7677 3018
7677 3241
7677 5874
7677 7625
7677 7902
7677 8545
7677 8611
7677 8749
7677 9392
7677 10280
7677 11244
7699 2005
7699 12116
7727 1043
7727 2005
7727 3241
7727 7625
7727 7902
7727 8545
7727 8611
7727 8749
7727 11244
7767 2005
7769 2005
7769 10280
7769 12116
7775 12116
7829 1043
7829 2005
7829 2484
7829 3018
7829 5874
7829 7625
7829 7902
7829 8545
7829 8611
7829 8749
7829 11244
7873 1043
7873 2005
7873 2484
7873 3018
7873 3241
7873 5874
7873 7625
7873 7902
7873 8545
7873 8611
7873 8749
7873 9392
7873 11244
7874 1043
7874 2005
7874 2484
7874 3018
7874 3241
7874 7625
7874 7902
7874 8077
7874 8545
7874 8611
7874 8749
7874 9392
7874 11244
8082 1043
8082 2005
8082 3018
8082 3241
8082 5874
8082 7625
8082 7902
8082 8077
8082 8545
8082 8611
8082 8749
8082 11244
8087 1043
8087 2005
8087 2484
8087 5874
8087 7625
8087 7902
8087 8545
8087 8611
8087 8749
8087 11244
8099 1043
8099 2005
8099 3018
8099 5079
8099 5874
8099 7625
8099 7902
8099 8545
8099 8611
8099 8749
8099 10280
8099 11244
8099 12116
8142 2005
8142 10280
8246 1043
8246 2005
8246 2484
8246 3241
8246 5079
8246 7625
8246 7902
8246 8077
8246 8545
8246 8611
8246 8749
8246 11244
8247 1043
8247 2005
8247 3018
8247 5874
8247 7625
8247 7902
8247 8077
8247 8545
8247 8611
8247 8749
8247 11244
8247 12116
8248 1043
8248 2005
8248 3018
8248 3241
8248 7625
8248 7902
8248 8077
8248 8545
8248 8611
8248 8749
8248 11244
8249 1043
8249 2005
8249 2484
8249 3018
8249 5874
8249 7625
8249 7902
8249 8077
8249 8545
8249 8611
8249 8749
8249 9392
8249 11244
8250 1043
8250 2005
8250 7625
8250 7902
8250 8077
8250 8545
8250 10280
8250 11244
8250 12116
8357 1043
8357 2005
8357 2484
8357 3241
8357 5874
8357 7625
8357 7902
8357 8545
8357 8611
8357 8749
8357 10280
8357 11244
8363 1043
8363 2005
8363 2484
8363 3018
8363 3241
8363 5079
8363 7625
8363 7902
8363 8077
8363 8545
8363 8611
8363 8749
8363 9392
8363 10280
8363 11244
8366 1043
8366 2005
8366 2484
8366 3018
8366 3241
8366 5079
8366 7625
8366 7902
8366 8077
8366 8545
8366 8611
8366 8749
8366 11244
8366 12116
8369 2005
8369 5874
8369 6234
8369 8545
8369 9309
8369 10280
8369 11244
8369 12116
8373 2005
8373 5874
8373 12116
8414 1043
8414 2005
8414 3018
8414 3241
8414 5079
8414 7625
8414 7902
8414 8545
8414 8611
8414 8749
8414 11244
8502 11244
8518 11244
8572 1043
8572 2005
8572 2484
8572 3018
8572 5079
8572 5874
8572 7625
8572 7902
8572 8545
8572 8611
8572 8749
8572 11244
8864 11244
8901 10754
8901 12116
8907 1043
8907 2005
8907 2484
8907 7902
8907 8545
8907 8611
8907 8749
8907 9392
8907 11244
8915 8545
8915 11244
9106 1043
9106 2005
9106 2484
9106 3018
9106 7625
9106 7902
9106 8545
9106 8611
9106 8749
9106 9392
9106 11244
9107 2564
9211 2005
9211 12116
9231 2005
9231 9490
9292 11244
9292 12116
9307 1043
9307 2005
9307 3018
9307 7625
9307 7902
9307 8545
9307 8611
9307 8749
9307 11244
9508 1043
9508 2005
9508 2484
9508 3018
9508 5079
9508 7902
9508 8545
9508 9392
9508 11244
9530 1043
9530 2005
9530 3018
9530 3241
9530 7625
9530 7902
9530 8545
9530 8611
9530 8749
9530 11244
9530 12116
9582 2005
9582 12116
9584 7725
9584 10280
9584 12116
9591 7725
9629 1043
9629 2005
9629 3018
9629 3241
9629 7625
9629 7902
9629 8545
9629 8611
9629 8749
9629 9392
9629 11244
9806 1043
9806 2005
9806 3241
9806 5079
9806 7625
9806 7902
9806 8077
9806 8545
9806 8749
9806 11244
9806 12116
9808 2532
9808 5874
9808 6234
9808 7902
9808 8749
9808 9309
9808 11244
9808 12116
9812 5019
9821 12116
9920 11244
9925 1043
9925 2005
9925 2484
9925 3018
9925 3241
9925 5874
9925 7625
9925 7902
9925 8545
9925 8611
9925 8749
9925 11244
9925 12116
9932 11244
9974 1043
9974 2005
9974 3018
9974 3241
9974 7625
9974 7902
9974 8545
9974 8611
9974 8749
9974 11244
9983 1043
9983 2005
9983 2484
9983 3018
9983 5079
9983 7625
9983 7902
9983 8545
9983 8611
9983 8749
9983 11244
10026 1043
10026 2005
10026 2484
10026 3018
10026 3241
10026 5874
10026 7625
10026 7902
10026 8077
10026 8545
10026 8749
10026 11244
10108 2005
10108 6234
10108 12116
10416 2005
10416 5874
10416 6234
10416 9864
10416 10280
10416 12116
10416 13284
11338 10280
11338 11244
11338 12116
11338 13766
11465 2005
11465 6234
11465 8278
11465 10280
11524 8545
11524 11244
11524 12116
11533 12116
11538 1043
11538 2005
11538 3018
11538 3241
11538 7625
11538 7902
11538 8077
11538 8545
11538 8611
11538 8749
11538 10280
11538 11244
11538 12116
12011 11244
12673 1043
12673 2005
12673 2484
12673 3018
12673 3241
12673 5874
12673 7625
12673 7902
12673 8077
12673 8545
12673 8611
12673 8749
12673 9392
12673 11244
12742 9490
12770 11244
12805 11244
12822 5665
12930 8545
12930 11244
12975 7725
12975 10280
12990 9143
12990 9490
12998 11244
12998 12116
13007 5874
13007 8545
13007 11244
13018 1682
13018 10754
13018 12116
13209 2005
13401 1043
13401 2005
13401 7902
13401 8611
13401 9392
13401 11244
13401 13766
13775 2005
13775 7902
13775 8545
13775 11244
13775 13766
14196 1043
14196 2005
14196 5874
14196 7625
14196 7902
14196 8545
14196 8611
14196 8749
14196 9392
14196 10280
14196 11244
14196 12116
14338 1043
14338 2005
14338 3018
14338 3241
14338 7625
14338 7902
14338 8545
14338 8611
14338 8749
14338 11244
14352 1043
14352 2005
14352 3018
14352 3241
14352 5079
14352 5874
14352 7625
14352 7902
14352 8077
14352 8545
14352 8611
14352 8749
14352 11244
