14541 14541 179
147 6654
256 359
256 6654
614 6654
702 6654
837 6654
900 6654
952 6654
1030 359
1131 6654
1145 6654
1152 6654
1173 359
1173 6654
1232 5415
1232 6654
1254 5415
1254 6654
1384 6654
1420 6654
1695 6654
2058 6654
2103 5415
2103 6654
2165 6654
2243 6654
2274 5415
2274 6654
2380 6654
2390 6654
2487 359
2487 5415
2487 6654
3062 6654
3073 6654
3085 5415
3085 6654
3155 5415
3155 6654
3296 6654
3547 5415
3621 359
3621 6654
3936 5415
3936 6654
4003 6654
4104 5415
4117 5415
4117 6654
4261 5415
4261 6654
4526 6654
4547 6654
4603 5415
4603 6654
4842 5415
4940 6654
4988 359
5064 5415
5064 6654
5146 359
5146 6654
5433 6654
5709 6654
5867 5415
5867 6654
5918 6654
6370 6654
6383 359
6383 5415
6383 6654
6459 6654
6556 359
6556 5415
6556 6654
6571 5415
6571 6654
6578 6654
7048 5415
7048 6654
7217 6654
7328 6654
7341 359
7341 6654
7354 6654
7435 6654
7707 6654
7996 359
8005 6654
8064 6654
8106 6654
8138 5415
8138 6654
8427 359
8427 5415
8427 6654
8610 5415
8610 6654
8633 6654
8783 6654
8869 6654
8875 359
8875 6654
8878 6654
9136 6654
9150 5415
9154 359
9154 5415
9154 6654
9184 6654
9470 359
9470 6654
9507 359
9507 5415
9507 6654
9562 6654
9622 6654
9680 359
9680 6654
9894 6654
9900 359
9900 6654
9938 5415
10020 6654
10029 359
10072 359
10072 5415
10072 6654
10255 359
10255 5415
10255 6654
10436 6654
11070 6654
11147 6654
11358 6654
11476 6654
11479 6654
11767 5415
11767 6654
11774 6654
12250 6654
12362 6654
12599 6654
12626 6654
12663 359
12663 6654
12688 6654
12811 6654
12821 5415
12821 6654
12828 6654
12849 6654
12929 359
12929 6654
13128 5415
13215 359
13215 5415
13215 6654
13220 6654
13247 6654
13357 6654
13496 6654
13610 6654
13940 5415
13940 6654
14011 5415
14011 6654
14054 359
14054 5415
14054 6654
14348 359
14348 5415
14348 6654
14388 6654
14509 5415
14509 6654
14522 359
14522 5415
14522 6654
