14541 14541 1734
50 702
50 1566
50 5456
51 856
52 1566
52 5456
52 10058
57 704
57 7680
57 10241
58 704
60 856
61 4444
61 5589
61 12450
62 5457
64 5457
65 702
65 3483
67 10058
67 11188
68 4444
68 5589
72 3200
72 8532
73 8409
74 702
102 856
131 8495
141 3483
141 8409
146 856
287 3434
288 3434
315 841
341 12319
347 11188
377 12319
378 8495
379 12319
383 3745
385 8495
388 8495
409 10058
485 8495
526 8495
545 2208
554 7668
554 10388
559 7668
559 10388
585 12319
632 5456
640 12450
670 702
671 5589
679 4444
679 6575
720 704
720 5456
726 3856
726 8224
728 10058
733 5457
736 5457
744 10388
747 704
752 856
754 3856
754 6730
755 6730
756 3434
760 7076
760 10058
774 1566
774 5456
788 10058
817 704
817 7680
817 10241
829 3434
839 3434
844 8495
852 10058
892 5457
892 13342
915 10058
935 8495
956 7076
1064 800
1064 10388
1111 702
1113 800
1113 7668
1147 10058
1168 4446
1168 8495
1197 7076
1197 10058
1216 8532
1220 5456
1242 800
1242 13273
1307 7668
1307 10388
1319 702
1319 856
1319 8495
1338 3200
1338 5457
1341 4444
1341 5589
1350 856
1379 3434
1409 7332
1423 7076
1423 8300
1423 10058
1450 3200
1450 8532
1454 702
1456 5456
1457 5456
1463 702
1482 2831
1482 3434
1497 1566
1497 5456
1533 12319
1574 702
1574 8495
1574 12251
1585 10058
1597 3200
1639 856
1647 10058
1655 3434
1666 10058
1704 5589
1704 10058
1707 5589
1708 3434
1709 4417
1709 5589
1709 10058
1710 5589
1710 10058
1715 8495
1716 10058
1719 7680
1719 13342
1741 8432
1755 7076
1755 11188
1780 704
1780 8532
1788 856
1790 704
1802 704
1804 800
1804 13273
1823 702
1832 4444
1832 12450
1834 704
1835 704
1837 3434
1851 12319
1858 702
1882 841
1885 10058
1943 3483
1973 6556
1979 856
2003 5456
2013 13217
2028 5064
2082 5516
2082 10058
2200 10372
2250 702
2288 1566
2291 702
2305 1566
2305 5456
2328 3200
2329 702
2329 11258
2340 704
2374 3479
2382 10058
2407 5517
2437 4446
2469 3745
2469 7668
2481 702
2493 704
2493 5456
2493 10058
2498 704
2503 1566
2503 8025
2504 8828
2515 7076
2515 8495
2546 704
2546 10058
2547 12319
2641 841
2767 10058
2828 3200
2970 1566
2970 8025
2978 13273
2996 856
2996 4446
3040 856
3043 702
3043 1566
3105 12450
3133 856
3133 5517
3187 856
3188 4446
3192 704
3192 4444
3192 6575
3196 702
3196 13145
3276 3483
3337 5003
3354 5064
3355 800
3355 10388
3366 7668
3366 10388
3367 800
3367 7668
3367 10388
3378 704
3378 7680
3391 7668
3391 10388
3420 702
3420 6730
3421 704
3422 3200
3423 704
3423 11258
3424 10058
3465 10058
3494 3479
3504 5456
3504 10058
3506 3200
3506 4444
3516 12319
3562 1566
3562 6260
3576 12319
3602 704
3628 702
3628 11188
3632 8495
3641 7076
3641 8300
3641 10058
3642 702
3642 11188
3651 10058
3657 7985
3668 5457
3674 8495
3699 7076
3699 10058
3709 12319
3713 4444
3713 6575
3713 7985
3714 7985
3715 704
3715 4444
3715 6575
3716 704
3742 12319
3774 7076
3774 8300
3774 10058
3810 6260
3816 856
3816 1566
3819 702
3822 13273
3829 7076
3848 7985
3850 856
3850 7985
3869 10058
3871 3856
3872 7985
3872 8532
3880 11188
3883 704
3883 7985
3892 7675
3892 8495
3912 702
3913 702
3915 8495
3919 8495
3921 5456
3926 1566
3926 8532
3928 1472
3944 8495
3945 5558
3964 3434
3972 704
3972 7680
3972 10241
3983 5457
3991 7668
4002 4444
4002 5589
4011 8495
4016 3434
4073 8495
4074 3434
4090 3434
4097 10388
4114 702
4115 5456
4129 7076
4132 800
4132 13273
4141 1566
4174 1566
4174 8025
4186 3479
4186 9195
4188 5457
4193 3483
4193 4444
4222 856
4233 9195
4267 3434
4267 11258
4279 4417
4281 5457
4281 6575
4286 702
4286 11188
4289 5589
4289 12450
4323 1095
4342 3434
4359 856
4388 5064
4414 5517
4414 10058
4424 856
4463 704
4473 5457
4484 702
4522 11188
4581 5555
4583 1566
4583 8025
4586 10058
4647 5456
4647 8495
4651 8495
4657 3432
4673 12319
4680 3483
4680 8202
4695 704
4697 5558
4697 10058
4701 704
4703 8300
4726 10058
4730 704
4736 5457
4742 6730
4749 856
4749 7985
4749 9195
4750 1566
4750 12184
4784 8495
4790 5272
4790 8532
4791 704
4805 3434
4805 7076
4805 10058
4806 8495
4818 12319
4819 8495
4821 1566
4821 3856
4827 1566
4829 3200
4834 10058
4838 10058
4841 9195
4841 10388
4855 841
4855 12319
4869 8432
4875 800
4875 13273
4884 8727
4884 12319
4887 704
4887 7680
4887 7985
4887 10241
4893 8409
4916 8025
4916 8495
4928 4444
4928 6575
4928 7985
4949 5064
4949 6730
4949 8409
4959 8495
4961 5456
4961 8495
4963 5064
4982 8495
4994 800
5001 3483
5004 5558
5005 7985
5011 3856
5011 7332
5013 3483
5047 5457
5054 10058
5056 12319
5070 5517
5070 10058
5087 4444
5087 6575
5100 856
5100 3434
5100 9195
5102 6730
5104 702
5104 1566
5129 6730
5130 5558
5133 5558
5139 12319
5144 8495
5157 856
5168 4444
5168 6575
5168 7680
5168 7985
5168 10241
5172 7985
5182 12319
5188 7076
5191 3479
5223 5456
5244 3483
5276 4444
5276 6575
5276 7985
5280 704
5280 4444
5280 7985
5286 856
5289 856
5302 7668
5302 10388
5320 704
5320 12319
5321 8495
5350 8495
5350 8532
5358 856
5358 3434
5358 3479
5373 1566
5373 12251
5379 3856
5389 3787
5405 704
5405 8432
5422 841
5422 12319
5491 704
5491 5456
5496 10058
5507 10058
5521 5456
5532 856
5534 5518
5537 1566
5537 5456
5550 7675
5550 8495
5569 3200
5582 10058
5595 3200
5597 704
5597 1566
5599 8300
5599 10058
5610 5456
5612 12319
5617 10388
5623 856
5623 11258
5631 6730
5632 856
5632 5457
5646 5456
5668 1566
5670 800
5670 10388
5673 1566
5674 3200
5697 3745
5698 704
5703 5516
5717 1095
5717 5064
5717 7332
5726 5589
5726 10058
5729 10058
5731 6575
5731 8409
5767 704
5767 3479
5786 5589
5792 5457
5792 6575
5803 11188
5844 800
5844 7668
5844 10388
5875 4444
5875 6575
5892 704
5892 6575
5911 704
5911 7985
5911 11188
5937 10058
5938 6260
5938 6370
5960 7076
5960 10058
5976 841
5976 3479
5976 5517
5976 6730
5976 7985
5976 11188
5977 702
5979 1566
5979 8532
5987 1566
5994 4446
5995 8727
5998 3787
6002 856
6024 4417
6024 6777
6080 1566
6080 8495
6081 5516
6118 1566
6160 7985
6169 6777
6169 10058
6172 7309
6172 8532
6184 12251
6188 12319
6196 3483
6198 12319
6199 3432
6206 3483
6208 1566
6208 4444
6208 6575
6281 3200
6281 8532
6295 8495
6305 5558
6331 856
6333 8495
6350 5457
6353 6730
6379 5064
6379 7578
6380 702
6380 8432
6381 841
6381 4444
6381 7985
6381 10241
6381 12319
6400 3483
6400 11188
6403 856
6403 1566
6407 8495
6412 702
6412 8432
6421 1566
6421 8025
6421 8495
6428 7332
6438 7985
6441 8108
6442 800
6447 4444
6447 5651
6447 8495
6447 13145
6456 702
6460 704
6460 8432
6473 800
6473 13273
6484 704
6484 11188
6499 8532
6520 7985
6531 841
6531 12319
6539 8495
6554 3434
6554 5517
6568 7076
6568 10058
6573 5517
6573 10058
6580 8495
6585 3200
6598 704
6598 5456
6600 7076
6600 10058
6616 704
6616 1566
6621 704
6637 8495
6650 13145
6660 856
6660 7985
6660 12319
6669 800
6669 10388
6670 5457
6672 8532
6680 3200
6680 3745
6680 4446
6703 800
6703 13273
6711 704
6751 4444
6751 6575
6773 702
6773 11188
6780 12251
6783 3434
6783 9195
6810 3787
6812 7332
6818 800
6818 13273
6819 800
6819 13273
6821 856
6821 7985
6821 9195
6828 3483
6860 3483
6871 7076
6871 10058
6873 702
6922 10058
6944 7680
6955 1566
6955 10058
6958 6730
6971 10058
6978 841
6991 10058
7010 4417
7010 10058
7040 8495
7065 841
7065 6730
7072 5558
7080 3483
7080 4446
7095 11188
7104 8495
7104 12849
7106 7985
7106 8495
7106 8727
7115 800
7116 7680
7116 7985
7122 3483
7124 3856
7124 8409
7126 7578
7129 8495
7131 7985
7131 8108
7134 7985
7134 9195
7137 3434
7139 856
7139 7680
7139 7985
7139 8532
7140 5558
7140 6730
7141 702
7156 11188
7164 7675
7164 8495
7165 13217
7171 3434
7171 11258
7172 702
7172 11188
7172 11258
7176 856
7176 1095
7177 11188
7177 11258
7216 10058
7233 10058
7233 13145
7251 3483
7285 5457
7289 7675
7289 8495
7301 7985
7320 704
7325 6730
7333 8025
7335 6260
7350 10058
7355 5651
7355 6730
7368 800
7368 7668
7368 10388
7371 3434
7379 12319
7407 702
7430 7076
7430 10058
7438 800
7438 13273
7444 3479
7446 10058
7463 3856
7463 12251
7466 856
7468 7985
7474 10372
7495 704
7533 704
7543 4446
7543 5457
7553 13342
7592 7076
7592 8300
7605 3434
7608 6575
7624 7076
7624 10058
7626 3434
7638 7076
7643 8108
7658 8409
7687 8108
7703 704
7721 704
7721 856
7721 5456
7724 8201
7726 5517
7726 7076
7731 5558
7735 8495
7735 10388
7744 12319
7758 5003
7758 10058
7768 3434
7792 8495
7792 13342
7794 3200
7811 7675
7811 8495
7816 11188
7821 8727
7822 3434
7825 8300
7832 3479
7832 7680
7832 10241
7839 7332
7839 8727
7839 12319
7841 4444
7841 6575
7849 856
7863 6730
7868 702
7871 704
7871 3200
7871 7680
7871 10241
7871 13145
7876 5516
7882 10058
7919 5517
7960 704
7960 6260
7960 7680
7960 10241
7992 3434
8011 10388
8012 7076
8036 702
8044 702
8044 3787
8044 11258
8100 10058
8100 11188
8116 7985
8116 8532
8117 8300
8140 841
8145 9966
8167 8025
8172 3856
8172 8409
8175 702
8175 8432
8180 10058
8182 704
8217 5589
8222 3200
8228 6730
8240 7076
8244 7680
8244 10241
8252 856
8299 6260
8299 7076
8299 10058
8353 704
8353 4444
8354 10058
8429 800
8429 10388
8446 5516
8451 7985
8453 5064
8453 8409
8453 10058
8462 7985
8470 7332
8474 6730
8475 8495
8479 3432
8486 7680
8486 7985
8488 6556
8517 7076
8528 3434
8543 12319
8549 702
8549 7332
8549 11188
8555 800
8555 10388
8558 7668
8558 10388
8559 4417
8566 7985
8570 702
8577 3479
8603 704
8603 4444
8603 6575
8621 1566
8621 8025
8652 704
8664 704
8664 8495
8667 3856
8667 8409
8680 704
8680 1566
8680 8495
8680 12849
8685 704
8685 10058
8698 3483
8700 800
8705 704
8721 704
8754 10388
8755 8300
8758 10388
8760 12319
8766 4417
8766 6777
8770 10058
8771 7985
8771 9195
8772 702
8772 11188
8780 8300
8780 10058
8786 5064
8786 6575
8788 3479
8792 6260
8800 4444
8800 7985
8803 7680
8803 10241
8814 704
8814 7680
8814 10241
8816 3856
8817 5456
8834 702
8880 3483
8883 3787
8885 3434
8885 5517
8885 7076
8885 7985
8885 8108
8886 1566
8886 8495
8899 12319
8966 800
8966 7668
8966 10388
8972 704
8974 8495
8983 6575
8985 11258
8992 1566
8992 3856
8992 8409
9123 3856
9123 6260
9177 8495
9186 7985
9191 702
9191 8300
9221 3200
9223 7675
9230 10058
9256 702
9260 8025
9274 3434
9293 800
9293 10388
9308 856
9308 7985
9316 7076
9316 10058
9327 13145
9328 8432
9332 8025
9333 1566
9333 5456
9333 8495
9340 12319
9341 5064
9341 12319
9367 3434
9379 8495
9387 5064
9389 12251
9393 704
9393 1566
9393 5456
9394 4444
9394 6575
9431 856
9431 9195
9434 8495
9453 7985
9454 7985
9454 10651
9455 10058
9457 702
9489 10058
9509 8432
9509 11188
9540 4444
9540 5589
9541 5555
9569 856
9571 7076
9571 8300
9589 5457
9590 10058
9603 8495
9608 8495
9611 7076
9611 10058
9617 5064
9617 5457
9617 6575
9633 5558
9633 13145
9646 8532
9653 5517
9662 6730
9670 7985
9670 9195
9670 12319
9677 1566
9683 3483
9731 10058
9732 704
9732 4446
9732 5516
9734 704
9735 704
9735 856
9735 7985
9735 8532
9739 856
9739 12319
9745 800
9745 5064
9745 6575
9745 10388
9751 5064
9784 7985
9798 3200
9798 3745
9832 10058
9836 704
9836 7985
9841 5555
9852 8495
9852 10058
9865 10058
9887 856
9893 704
9893 6575
9904 856
9904 5456
9904 7985
9910 8532
9921 4446
9946 11188
9950 3787
9958 8532
10001 704
10001 856
10001 7985
10016 3434
10016 12319
10022 3200
10022 10058
10033 8727
10042 10058
10050 704
10066 841
10066 12319
10067 1566
10067 12849
10074 856
10074 3479
10074 9195
10094 5517
10113 7985
10116 856
10116 3479
10116 6556
10116 12319
10120 3856
10137 704
10137 7985
10140 704
10146 12319
10155 1566
10155 5456
10155 10058
10157 3483
10157 5272
10160 841
10160 856
10160 12319
10166 11258
10179 4444
10179 6575
10200 7332
10205 8532
10216 8727
10221 702
10221 11188
10225 8495
10247 5456
10247 10058
10259 12184
10259 13145
10261 3434
10270 1566
10270 8025
10270 8495
10273 10388
10275 10058
10277 3434
10297 5064
10297 8300
10319 9195
10320 8495
10345 10058
10355 856
10359 3479
10359 7076
10407 702
10407 11188
10429 10058
10432 10058
10461 8495
10466 7076
10466 10058
10467 704
10467 1566
10467 7985
10467 8495
10471 10058
10472 5456
10477 8409
10481 975
10483 8409
10483 8727
10495 1566
10504 3856
10504 7985
10504 8409
10504 8432
10534 12251
10544 10058
10547 704
10547 1566
10547 7680
10547 10241
10570 3856
10570 6260
10571 6370
10573 11188
10585 4446
10590 704
10590 7985
10590 8532
10592 704
10592 1566
10600 5558
10600 8727
10600 12319
10616 704
10616 4444
10616 6575
10620 6730
10624 13342
10626 3856
10629 7675
10629 8495
10636 702
10636 3787
10636 11258
10638 6575
10638 10058
10638 11188
10646 8495
10656 7076
10656 10058
10662 7668
10673 800
10681 5517
10681 10058
10685 800
10685 10388
10693 7076
10693 10058
10704 8108
10704 8495
10709 5272
10713 1566
10713 10058
10724 800
10724 3745
10724 7668
10729 704
10767 1566
10767 8495
10778 8495
10781 8495
10782 8495
10783 704
10783 1566
10783 8025
10783 8495
10788 10058
10794 10388
10798 856
10798 9195
10802 4417
10802 8432
10808 5456
10809 856
10809 7985
10817 704
10817 4444
10817 6575
10817 7985
10827 704
10865 12319
10869 6575
10869 7985
10869 8532
10874 8495
10874 10388
10877 702
10878 704
10903 3432
10904 704
10904 12849
10905 3856
10906 4417
10906 10058
10911 702
10932 702
10936 8495
10939 702
10957 8495
10964 3856
10967 856
10973 8495
10974 702
10985 4417
10986 4444
10986 6575
10992 856
10992 7985
10992 12319
11020 856
11021 7076
11027 3856
11029 856
11030 9195
11038 3434
11039 5456
11044 6730
11044 7985
11045 702
11049 4417
11049 10058
11052 702
11055 856
11055 3200
11060 704
11064 8495
11071 5456
11075 5558
11079 856
11097 10058
11097 11188
11102 7985
11102 10651
11108 702
11115 5064
11120 856
11120 12251
11140 6575
11146 856
11152 1566
11162 702
11173 10058
11181 5517
11183 702
11183 1566
11184 1566
11184 7309
11186 8108
11207 3200
11210 856
11212 856
11241 704
11243 704
11251 8495
11253 7680
11278 704
11280 10058
11287 1566
11287 7309
11287 7680
11287 7985
11288 1566
11288 5456
11288 7309
11296 7668
11297 704
11306 702
11306 11258
11314 8495
11336 9195
11376 8828
11379 8495
11398 7985
11399 8025
11404 704
11404 1566
11404 7680
11413 5794
11415 4446
11415 5064
11419 13342
11424 10058
11425 702
11427 856
11429 702
11438 10058
11439 6730
11444 3787
11445 3434
11446 7668
11447 3200
11447 7985
11451 3856
11451 6575
11458 704
11462 4444
11462 6575
11462 7985
11490 5457
11495 702
11505 10058
11511 3434
11512 704
11512 4444
11512 7680
11512 7985
11512 10241
11518 4417
11518 8495
11580 800
11580 7668
11580 7680
11589 841
11594 8495
11612 704
11612 7680
11612 8495
11612 10241
11623 10548
11625 11258
11626 7076
11640 3479
11664 12319
11666 3479
11677 7985
11679 9664
11680 7309
11681 4444
11681 6575
11681 7985
11689 13342
11691 13342
11692 7675
11692 8495
11700 13342
11707 856
11707 3856
11707 12319
11713 3856
11713 8727
11728 856
11728 3433
11728 7680
11734 3483
11734 8409
11747 12362
11748 3432
11755 7076
11755 8300
11776 704
11776 11258
11777 13342
11778 3200
11779 8495
11780 3434
11782 856
11790 800
11790 10388
11800 10058
11805 8025
11808 5456
11808 10058
11809 702
11810 5517
11813 856
11813 1566
11813 5456
11813 8532
11822 1566
11822 10058
11823 11188
11824 704
11824 4444
11825 702
11827 3200
11828 7985
11829 7309
11831 800
11832 8409
11834 8532
11844 702
11847 13342
11851 10548
11852 6730
11860 12319
11886 800
11886 13273
11900 8495
11906 6260
11944 7985
11944 9195
11953 13342
11958 8495
11961 6556
11961 7680
11961 9154
11969 3787
11977 13342
11987 800
11987 3200
11987 3745
12009 704
12009 7332
12026 704
12026 7985
12056 13342
12064 4446
12064 8495
12071 8409
12072 7668
12074 704
12074 7680
12074 7985
12075 5517
12075 10058
12148 3434
12149 6575
12149 8495
12158 3433
12160 702
12180 856
12180 7985
12180 11258
12192 10388
12192 13217
12210 7668
12210 10388
12214 3856
12221 10058
12252 702
12290 8495
12300 856
12303 702
12303 11188
12314 10388
12322 702
12322 8432
12322 11188
12343 7985
12349 800
12349 4444
12349 6575
12352 7680
12354 800
12358 5456
12402 5064
12405 8409
12406 704
12406 13342
12407 8532
12422 3483
12422 3856
12425 7985
12430 12319
12454 7076
12464 3787
12466 3856
12466 6730
12466 8409
12467 4444
12467 5064
12467 6575
12478 8409
12485 702
12489 6575
12489 8409
12490 4444
12491 4417
12492 8727
12494 4444
12494 5589
12511 6730
12515 8224
12515 12319
12522 7675
12526 13217
12527 704
12527 4444
12527 7985
12527 8532
12532 8532
12535 6370
12537 704
12537 7985
12540 1566
12540 5456
12540 7309
12546 8495
12547 13217
12548 10058
12596 3434
12604 856
12605 12319
12612 7985
12614 7076
12615 3787
12618 7578
12619 7332
12628 8495
12628 10058
12633 8727
12634 5064
12639 704
12642 7985
12642 9195
12644 8727
12645 8495
12645 8532
12645 12849
12648 3432
12650 8495
12661 1566
12661 5456
12661 10058
12662 1566
12664 12319
12669 4444
12671 3856
12674 3432
12674 12251
12676 7985
12677 13145
12682 3432
12682 3856
12682 7985
12684 6575
12687 5516
12689 841
12689 856
12697 702
12700 1566
12700 3787
12703 11188
12716 10058
12721 3483
12725 12319
12728 7985
12735 8495
12741 3483
12775 8727
12777 702
12777 8432
12802 704
12802 5456
12806 8495
12810 5064
12810 7578
12832 4446
12877 856
12880 702
12882 8495
12885 4446
12885 13342
12891 10058
12896 704
12899 5456
12927 7985
12961 856
12967 8495
12968 704
12991 704
13083 800
13083 7668
13094 8495
13095 12319
13096 704
13098 5456
13100 704
13113 8495
13115 8495
13129 12319
13133 704
13133 11188
13134 8495
13139 704
13140 856
13141 702
13149 4446
13149 8495
13164 10058
13169 3745
13169 5456
13169 7668
13187 8495
13189 8495
13190 7668
13190 10388
13192 8495
13196 856
13199 702
13199 6556
13199 12849
13202 8495
13212 10058
13223 13342
13232 8495
13235 12319
13236 702
13243 8495
13253 800
13253 10388
13315 702
13316 7985
13317 1566
13317 8432
13324 702
13326 10058
13329 5064
13344 12319
13477 8495
13540 704
13548 8495
13554 8495
13555 7668
13555 10388
13578 10058
13593 5456
13600 704
13750 856
13751 841
13813 856
13833 3434
13849 702
13849 11188
13850 12319
13935 702
13935 8300
13949 8495
13950 702
13961 6730
13966 702
13976 8495
13977 856
13981 702
13984 3200
13990 704
13991 702
14005 8300
14031 5517
14032 10058
14032 12251
14035 5558
14043 704
14048 12319
14081 3856
14086 841
14086 12319
14119 856
14119 3479
14120 8495
14121 704
14123 856
14124 8495
14125 856
14125 5589
14273 8495
14274 856
14276 10058
14375 7076
14375 8300
14375 10058
14441 856
14442 8495
14443 4446
14443 8495
14492 856
14493 702
14495 8495
14497 856
14499 12319
14503 10058
14505 3200
