14541 14541 344
383 3942
383 4702
383 11792
670 9396
756 9396
844 3942
844 4702
844 11792
892 9396
956 3942
956 11792
1113 9396
1379 9396
1456 3942
1456 4702
1456 11792
1457 3942
1457 4702
1457 11792
1503 3942
1503 4702
1503 9396
1503 11792
1548 3942
1548 4702
1548 11792
1574 9396
1719 3942
1719 11792
1837 9396
1851 3942
1943 9396
2257 3942
2257 9396
2257 9929
2291 9396
2329 9396
2377 9396
2407 3942
2407 11792
2437 3942
2467 3942
2467 4702
2467 11792
2503 9396
2684 3942
2684 4702
2684 9396
2684 11792
2970 9396
2986 3942
2986 4702
2986 11792
3007 11792
3283 3942
3392 4702
3392 11792
3642 9396
3674 9396
3679 9396
3783 9396
3872 4702
3921 3942
3921 9396
3921 11792
4097 9396
4142 9396
4215 3942
4215 4702
4233 9396
4279 3942
4279 4702
4279 9396
4342 9396
4424 9396
4583 9396
4632 3942
4632 11792
4742 9396
4818 9396
4865 9396
5013 9396
5172 3942
5172 4702
5188 4702
5189 9396
5211 9396
5224 3942
5224 4702
5286 9396
5365 3942
5365 4702
5491 9396
5493 4702
5493 9396
5493 11792
5494 3942
5494 4702
5494 9396
5494 11792
5495 3942
5495 4702
5495 11792
5496 9396
5507 9396
5553 3942
5553 4702
5553 11792
5569 11792
5610 3942
5610 11792
5612 3942
5612 4702
5612 11792
5646 3942
5646 11792
5668 3942
5673 9396
5685 3942
5685 4702
5685 11792
5722 9396
5756 3942
5756 4702
5756 9396
5756 11792
5803 9396
5938 3942
5938 4702
5994 3942
5998 4702
6130 3942
6130 9553
6130 11792
6169 9396
6215 3942
6215 4702
6215 9396
6293 3942
6293 11792
6379 9396
6421 9396
6428 9396
6438 3942
6438 4702
6499 9396
6600 9396
6616 9396
6735 3942
6735 4702
6735 9396
6810 3942
6810 4702
6810 11792
6812 9396
6819 9396
6868 3942
6868 4702
6902 4702
6944 3942
6944 4702
7064 9396
7104 9396
7122 9396
7156 9396
7177 9396
7407 9396
7462 9396
7486 3942
7486 9396
7486 11792
7553 3942
7553 4702
7606 9396
7608 9396
7624 9396
7839 9396
7868 9396
7915 9396
7925 9396
7959 9396
7960 3942
7960 9553
7992 3942
7992 4702
7992 9396
7992 11792
8012 4702
8012 9396
8044 9396
8169 9396
8172 9396
8175 9396
8299 3942
8299 4702
8426 3942
8426 4702
8429 9396
8589 9396
8680 9396
8747 9396
8754 9396
8787 9396
8816 9396
8817 3942
8817 4702
8883 3942
8883 4702
8883 9396
8885 3942
8885 4702
8974 9396
8985 3942
8985 9396
9256 9396
9293 9396
9332 9396
9333 9396
9389 4702
9603 9396
9653 3942
9670 9396
9686 9396
9725 11792
9796 3942
9796 4702
9911 4702
9950 3942
9950 4702
9956 9396
9995 3942
10067 9396
10074 9396
10166 3942
10166 4702
10166 9396
10205 9396
10259 9396
10301 11792
10444 3942
10444 9553
10473 9396
10477 9396
10574 9396
10670 9396
10681 9396
10785 9396
10802 9396
10878 3942
10906 9396
10962 9396
10963 9396
10985 3942
10985 4702
11039 3942
11039 4702
11039 11792
11049 9396
11052 9396
11071 9396
11140 9396
11182 9396
11287 9396
11293 9396
11306 9396
11404 9396
11411 9396
11413 9396
11414 9396
11419 3942
11419 4702
11445 9396
11447 9396
11511 3942
11511 4702
11511 9396
11518 9396
11580 3942
11580 4702
11580 9396
11623 9396
11625 3942
11625 4702
11625 9396
11625 11792
11640 9396
11689 3942
11689 11792
11691 3942
11691 4702
11691 11792
11692 9396
11700 3942
11700 11792
11754 9396
11777 3942
11790 9396
11805 4702
11805 9396
11809 3942
11809 11792
11822 9396
11827 11792
11828 9396
11836 9396
11844 9396
11847 3942
11847 11792
11900 9396
11953 3942
11953 9929
11962 9396
11977 3942
11977 11792
12168 3942
12168 11792
12369 3942
12369 4702
12410 9396
12454 4702
12612 3942
12612 4702
12615 3942
12615 4702
12677 9396
12704 9396
12725 9396
12885 3942
12885 4702
12885 9929
12899 9396
13098 3942
13098 11792
13169 9396
13199 3942
13199 11792
13223 3942
13223 11792
13593 3942
13593 4702
13593 9396
13593 11792
13849 9396
13961 3942
