14541 14541 149
92 10870
368 10350
481 6370
516 820
517 1084
517 8187
540 10387
703 407
703 4872
741 4682
748 4705
748 8600
818 11931
819 11931
823 6962
880 8024
1082 3278
1179 8041
1183 2099
1195 6962
1324 1084
1518 14089
1540 6365
1717 6754
1758 11008
2353 8275
2419 2993
2496 9012
2496 10347
3032 3975
3049 2494
3435 8600
3435 9026
3487 2853
3553 8600
3553 9026
3553 9138
3889 8600
3969 3975
3970 8041
4185 3019
4323 10886
4332 3368
4382 8905
4497 2097
4772 6365
4795 8275
4867 1084
4987 10196
4987 10898
5026 11417
5068 6962
5310 1769
5447 2974
5460 10764
5468 2097
5470 2097
5580 6666
5652 3975
5829 8187
5831 13969
5834 7362
5834 8554
5858 10213
5963 2993
5963 10580
5963 10581
6008 4121
6015 6746
6131 3036
6151 2245
6232 8181
6325 7623
6443 3278
6443 4825
6532 9450
6665 9574
6739 3278
7066 8293
7617 10248
7790 11646
7872 2099
7963 2387
7963 4440
7978 4519
7978 11057
7995 9024
8009 9975
8125 1752
8125 2976
8141 2494
8231 10668
8243 4519
8243 11057
8389 9296
8561 6445
8687 3607
8687 11453
9036 2929
9094 2099
9172 6116
9173 10201
9175 7033
9176 6116
9180 2429
9180 6116
9180 10201
9180 10210
9299 1162
9299 1163
9343 2494
9388 14072
9388 14089
9556 7685
9788 2562
9936 5984
9936 5985
9951 11235
9985 2993
10147 3356
10174 519
10174 7173
10174 9024
10342 3437
10375 9024
10752 7009
11422 2245
11467 12849
11593 14059
11683 8406
11739 6252
11837 8784
12104 7597
12372 1368
12457 8275
12484 3975
12629 9700
12737 10668
13151 2831
13266 7793
13418 6091
13765 2234
13765 6091
14082 6724
14085 4519
14085 11057
14127 7581
14261 8319
14344 10387
