14541 14541 123
16 9008
115 9008
476 3613
476 8009
564 7799
578 6151
578 11422
584 9008
584 11422
668 3613
668 9008
687 9008
995 9008
1346 11422
1546 9388
1570 1183
1752 97
1752 1750
1769 3487
1769 5310
1857 1657
2060 9008
2238 8243
2245 1183
2245 6151
2472 9343
2494 9343
2649 5831
2776 6151
2837 1657
2849 9008
2889 1183
2930 3613
2930 9008
2949 1750
2974 1657
2974 5447
2976 1750
2976 8125
3063 1657
3063 3725
3063 5447
3088 9008
3090 9008
3090 12161
3197 1657
3197 5447
3438 9008
3453 9008
3486 1183
3486 3487
3497 7872
3568 5436
3568 9008
3929 5436
4021 11422
4077 1183
4077 8058
4207 3725
4380 9008
4525 1183
4545 9008
4724 9008
4738 6008
5111 9008
5119 1657
5132 9008
5201 9008
5724 9008
5832 5447
5832 9008
6056 9008
6057 11422
6065 9008
6065 11422
6122 7872
6177 9008
6314 1657
6480 5831
6732 9008
6997 1183
7135 1183
7193 1657
7412 3613
7412 9008
7452 1750
7716 1750
7808 1183
8071 1183
8186 1183
8216 5831
8236 1657
8520 9008
8546 1657
8564 1183
8651 1657
8923 5831
9086 9008
9086 11035
9917 5831
10060 5831
10360 9008
10516 1183
11116 1750
11158 5447
11170 5447
11231 6151
11367 9008
12023 5447
12275 1657
12333 4382
12334 1750
12557 6151
12557 9008
12801 9008
13595 9008
13603 5923
13620 9008
13936 9008
13958 9008
14023 13999
14059 5831
14268 11422
