14541 14541 298
63 12356
71 10628
75 12356
812 6664
1011 8085
1098 10628
1159 8232
1255 6664
1458 6664
1459 6664
1533 8085
1708 10628
1804 12942
1853 12865
2028 6664
2066 6664
2311 8232
2515 13262
3052 8232
3153 8653
3283 6429
3388 6664
3422 13262
3618 8232
3713 7403
3857 11084
4323 12356
4359 8653
4437 13262
4751 5400
4830 7403
4877 6664
4920 12865
4928 7244
4949 7244
4959 8654
4960 7244
4960 10628
4991 7403
5189 7244
5211 7403
5250 6664
5250 8232
5256 6664
5256 8232
5349 6664
5349 8232
5358 13262
5383 7244
5385 6664
5385 8232
5389 7403
5393 7403
5756 13262
5791 8232
5953 6429
5956 7403
5956 11084
5972 7403
5979 10628
5980 6664
5995 8085
5995 12865
6002 7403
6196 7403
6199 8085
6206 7403
6292 6664
6315 13262
6381 7403
6456 11084
6703 11084
6812 7403
6849 8232
6881 6664
6934 6664
6954 6664
6985 7403
6991 7244
7064 6429
7064 7244
7064 8085
7072 7244
7074 6664
7074 8232
7100 7403
7122 6429
7124 7244
7125 7244
7125 13262
7126 6429
7134 13262
7140 7244
7140 10628
7212 6664
7386 7244
7400 7403
7459 7244
7462 6429
7462 8085
7468 10628
7509 6664
7526 6664
7538 7403
7539 7403
7584 8653
7607 7403
7637 10628
7639 7244
7666 6664
7744 8085
7843 6429
7843 8085
7915 10628
7915 11397
8169 6429
8169 7244
8172 6429
8217 13262
8415 10628
8452 13262
8482 11397
8562 10970
8617 8232
8652 8653
8667 7244
8685 7244
8697 7244
8697 11397
8698 10970
8811 10970
8816 7244
8886 7244
9162 12865
9434 8654
9455 10628
9569 12356
9662 6664
9677 10970
9685 7244
9685 11397
9686 7244
9687 7244
9738 13262
9844 10970
9956 10628
9956 11397
9971 8232
10146 8085
10259 11084
10291 10628
10291 11397
10471 10970
10472 10970
10473 10970
10477 12155
10477 12356
10481 10970
10483 10970
10483 12356
10518 10970
10611 11084
10626 10970
10627 7244
10653 10628
10653 11397
10663 10970
10663 12155
10676 12865
10785 10970
10808 12356
10809 12461
10809 12865
10811 10628
10811 11397
10866 8085
10878 12865
10903 10970
10905 12356
10905 12461
10962 10970
10963 12356
10968 12461
11022 7244
11025 8653
11026 10970
11027 12461
11079 8085
11103 12942
11146 12461
11152 10970
11182 10970
11186 12865
11292 12155
11292 12356
11298 8085
11396 12461
11398 12461
11411 12155
11411 12356
11412 10970
11413 10970
11413 12356
11425 8085
11447 12155
11447 12356
11451 10970
11485 10628
11485 10970
11495 8085
11595 8655
11595 10628
11664 8085
11680 12942
11687 10970
11687 12155
11687 12356
11705 12860
11710 12155
11728 12461
11748 12356
11828 13262
11832 12155
11832 12461
11844 13262
11852 7244
11959 11084
12154 12461
12158 12155
12158 12461
12166 12461
12166 12860
12349 12155
12355 12942
12357 12942
12357 13262
12358 12461
12367 10970
12368 12356
12368 12461
12405 12865
12410 12356
12410 12461
12429 8653
12444 8232
12460 12461
12466 12461
12476 12942
12478 12461
12488 12942
12513 12461
12536 12461
12537 13262
12618 12461
12628 12865
12634 12942
12634 13262
12655 8653
12660 12942
12664 13262
12669 12942
12671 12942
12672 12860
12672 12942
12672 13262
12676 12865
12682 11084
12684 12942
12691 12942
12691 13262
12697 8085
12728 12942
12742 6664
12769 7403
12775 12942
12906 12865
12925 12942
12956 12860
12956 13262
12968 13262
13096 10628
13098 8232
13134 8654
13154 8654
13164 8655
13202 8654
13212 12942
13600 12865
13750 8653
13974 11084
13978 12865
14034 6664
14034 8232
14125 8232
14273 8654
14274 8654
14496 8655
14500 8655
