14541 14541 1144
3645 368
3645 545
3645 1823
3645 5309
3645 5858
3645 7391
3645 13149
3645 13978
3645 13979
3645 14082
3646 1531
3646 1533
3646 4982
3646 6456
3646 13263
3646 13989
3646 13990
3726 1147
3726 1195
3726 2469
3726 3424
3726 5468
3726 6325
3726 6735
3726 6922
3726 6925
3726 7010
3726 7617
3726 7758
3726 8389
3726 8974
3726 8985
3726 9556
3726 9683
3726 10155
3726 10200
3726 10277
3726 10767
3726 10910
3726 11281
3726 11454
3726 11481
3726 11649
3726 12085
3726 12402
3776 7617
3776 8389
3776 9683
3776 10174
3776 10767
3776 10867
3776 11454
3776 11593
3776 12402
3776 12721
3800 1181
3800 7758
3800 10174
3800 11454
3800 12721
3800 13266
4149 1308
4149 6484
4334 839
4334 1804
4334 3188
4334 3196
4334 3918
4334 4129
4334 4142
4334 4388
4402 139
4402 830
4402 1293
4402 1308
4402 3043
4402 4477
4402 8786
4402 8849
4402 10320
4402 12943
4459 64
4459 65
4459 66
4459 67
4459 632
4459 11809
4748 4826
4748 5013
4748 5875
4748 6703
4748 7768
4748 8721
4748 10259
4748 10806
4748 11462
4748 11822
4748 12075
4824 1183
4824 1195
4824 1512
4824 1750
4824 1914
4824 2690
4824 3599
4824 3825
4824 4332
4824 4762
4824 4990
4824 5468
4824 5831
4824 6439
4824 7799
4824 8389
4824 9036
4824 9094
4824 9299
4824 9788
4824 9936
4824 10174
4824 11454
4824 11592
4824 11593
4824 11837
4824 12085
4824 12423
4824 12553
4824 12905
4824 13266
5258 4826
5258 4963
5258 4965
5258 5026
5258 6439
5258 6703
5258 10259
5258 10806
5258 11462
5258 11485
5258 11593
5258 11735
5258 11822
5364 2066
5364 3816
5364 7533
5364 9893
5364 10425
5364 10592
5366 73
5366 74
5366 760
5366 829
5366 1025
5366 5631
5366 10547
5366 11805
5366 13984
5366 14119
5370 1482
5370 4680
5370 6892
5370 9571
5370 10015
5370 10355
5370 11152
5370 12064
5370 12558
5371 68
5371 69
5371 754
5371 755
5371 5578
5371 9333
5371 13540
5374 61
5374 62
5374 63
5374 4512
5374 5786
5374 9828
5374 11612
5374 11825
5374 14049
6149 5013
6149 5026
6149 5696
6149 7066
6149 10806
6149 11593
6155 3858
6155 4750
6155 4826
6155 4930
6155 4963
6155 5013
6155 5026
6155 5264
6155 5875
6155 6703
6155 7325
6155 8125
6155 8389
6155 8721
6155 9563
6155 9590
6155 9832
6155 10022
6155 10806
6155 11406
6155 11454
6155 11462
6155 11512
6155 11748
6155 11836
6155 11844
6155 11876
6155 12075
6155 12085
6158 8721
6158 10174
6158 10259
6158 10806
6158 11485
6158 11512
6158 11593
6158 12905
6158 13266
6430 1183
6430 1195
6430 1750
6430 3825
6430 4332
6430 4795
6430 4820
6430 4930
6430 4965
6430 5026
6430 5831
6430 5988
6430 5990
6430 6015
6430 6131
6430 6325
6430 6439
6430 6976
6430 7799
6430 8125
6430 9008
6430 9094
6430 9299
6430 9788
6430 9936
6430 9985
6430 11593
6430 12776
6614 146
6614 525
6614 9087
6614 11847
6614 12833
6614 14048
6853 3674
6853 3822
6853 4884
6853 5211
6853 5995
6853 6199
6853 6206
6853 11049
6869 3822
6869 4751
6869 4772
6869 4821
6869 4884
6869 5026
6869 5956
6869 5990
6869 5995
6869 6196
6869 6206
6869 6976
6869 7539
6869 11049
6869 11593
7587 3679
7587 3822
7587 4772
7587 4821
7587 4887
7587 5168
7587 5211
7587 5956
7587 5988
7587 5990
7587 6015
7587 6206
7587 6947
7587 7400
7587 9603
7587 10066
7587 10806
7587 11049
7587 11900
7587 12085
7587 13113
7587 14443
7884 4657
7884 4875
7884 5224
7884 6711
7884 6864
7884 7233
7884 7251
7884 7486
7884 7605
7884 7643
8067 5026
8067 5990
8067 5993
8067 5995
8067 6199
8067 6206
8067 7617
8067 11049
8067 11592
8067 11593
8067 11609
8109 738
8109 3983
8109 4289
8109 4611
8109 6900
8109 10884
8109 11962
8109 13555
8109 13981
8166 880
8166 1183
8166 1195
8166 1750
8166 2690
8166 3487
8166 3825
8166 4332
8166 4772
8166 4795
8166 4930
8166 4965
8166 5026
8166 5831
8166 6008
8166 6015
8166 6439
8166 6853
8166 6947
8166 7335
8166 7617
8166 7799
8166 8058
8166 8243
8166 8792
8166 9008
8166 9094
8166 9299
8166 9556
8166 9788
8166 9936
8166 9985
8166 10174
8166 11593
8166 11609
8166 12905
8317 377
8317 10936
8317 12950
8317 13117
8484 57
8484 58
8484 59
8484 60
8484 640
8484 1574
8484 3367
8484 7724
8484 11972
8484 12494
8490 4994
8490 5365
8490 5383
8490 6812
8490 8169
8490 8701
8490 9687
8490 10197
8490 10205
8490 11045
8678 4960
8678 4994
8678 5026
8678 5365
8678 6865
8678 7592
8678 8169
8678 8231
8678 8452
8678 8701
8678 8768
8678 8792
8678 8886
8678 10135
8678 10197
8678 11045
8678 11593
8678 12085
9406 4188
9406 8684
9406 10732
9406 12802
9406 12899
9407 2996
9407 7876
9407 9645
9407 10727
9407 10728
9407 10729
9407 13083
9408 733
9408 3133
9408 3576
9408 9570
9408 9617
9408 10638
9408 10724
9408 10726
9409 728
9409 5697
9409 8645
9409 12761
9409 14440
9409 14442
9410 726
9410 1704
9410 2469
9410 4473
9410 4730
9410 7547
9410 11777
9410 14503
9410 14505
9410 14506
9412 2377
9412 2547
9412 9467
9412 13164
9412 13169
9412 14496
9412 14500
9414 3928
9414 10782
9414 12322
9414 14492
9414 14499
9903 880
9903 1195
9903 1230
9903 1750
9903 3599
9903 5468
9903 6325
9903 9123
9903 9985
9906 1230
9906 1518
9906 1750
9906 2440
9906 3599
9906 4497
9906 5460
9906 12372
9906 13266
9927 1750
9927 4382
9927 4497
9927 4792
9927 5580
9927 5829
9927 12372
9927 13266
10279 5460
10279 5580
10279 10015
10279 10355
10279 11152
10279 13266
10281 839
10281 1540
10281 2327
10281 2684
10281 3599
10281 3918
10281 4129
10281 4142
10281 4792
10281 12905
10281 13418
10285 73
10285 829
10285 2327
10285 5631
10285 10547
10285 12372
10285 13418
10288 11039
10288 13166
10288 13477
10288 13600
10288 14277
10288 14278
10411 1226
10411 4382
10411 4777
10411 4875
10411 5224
10411 6080
10411 6188
10411 6315
10411 6325
10411 6711
10411 6830
10411 7065
10411 7137
10411 7233
10411 7251
10411 7605
10411 7643
10411 7650
10411 7802
10411 9388
10411 9985
10468 5026
10468 5365
10468 8169
10468 8231
10468 8701
10468 8768
10468 8792
10468 10197
10468 10205
10468 11593
10468 12085
10468 12905
10476 4772
10476 4818
10476 4928
10476 4949
10476 4965
10476 5365
10476 6015
10476 6812
10476 6865
10476 6978
10476 7122
10476 7139
10476 7335
10476 7468
10476 8169
10476 8231
10476 8792
10476 8886
10476 9686
10476 10016
10476 10205
10476 10221
10476 12085
10476 13095
10519 4994
10519 5365
10519 5383
10519 6812
10519 6865
10519 8054
10519 8169
10519 8452
10519 8701
10519 8792
10519 8886
10519 10197
10519 10495
10519 11045
10568 1195
10568 4382
10568 5468
10568 5829
10568 6325
10568 6711
10568 7233
10568 7251
10568 7292
10568 7605
10568 7643
10568 7802
10568 9123
10569 1098
10569 1293
10569 1308
10569 1518
10569 1655
10569 2999
10569 3599
10569 4477
10569 5460
10569 8661
10569 8849
10569 10320
10569 13266
10569 13418
10572 73
10572 74
10572 481
10572 1025
10572 1540
10572 1597
10572 2419
10572 10547
10572 10978
10572 12905
10572 13418
10578 6325
10578 6947
10578 7617
10578 8315
10578 8350
10578 8389
10578 9489
10578 9985
10578 10174
10578 10286
10578 10294
10578 10566
10578 11813
10583 747
10583 1708
10583 2978
10583 4680
10583 10355
10583 11152
10583 12558
10583 13266
10583 13418
10583 14081
10593 68
10593 754
10593 1715
10593 2330
10593 4497
10593 4516
10593 9333
10593 13540
10593 14345
10596 64
10596 66
10596 67
10596 94
10596 880
10596 1529
10596 4074
10596 9607
10596 11809
10596 14345
10608 2327
10608 6325
10608 7871
10608 8350
10608 8389
10608 8562
10608 9985
10608 10286
10608 10566
10608 12905
10657 1178
10657 5026
10657 6812
10657 8886
10657 11593
10876 1463
10876 4115
10876 4586
10876 10650
10876 14279
10876 14280
10993 1178
10993 1518
10993 8315
10993 8389
10993 8562
10993 8862
10993 9123
11056 4215
11056 8315
11056 8350
11056 8562
11056 8621
11056 8754
11056 9387
11056 9489
11056 10286
11056 10566
11056 11813
11058 6735
11058 7758
11058 8012
11058 9683
11058 9921
11058 10200
11058 10277
11058 10767
11058 10910
11058 11766
11058 12402
11058 12661
11058 12721
11081 880
11081 2327
11081 2440
11081 4497
11081 5580
11081 5831
11081 12372
11081 13266
11081 13999
11096 481
11096 1082
11096 1230
11096 1540
11096 2440
11096 2999
11096 4497
11096 5460
11096 8661
11096 12372
11096 13418
11096 13999
11118 1528
11118 10937
11118 11241
11118 12697
11118 13161
11118 13966
11119 1531
11119 1533
11119 4982
11119 6456
11119 13989
11119 13990
11123 7443
11123 10433
11123 10788
11123 11311
11124 1273
11124 9892
11124 12967
11124 13139
11124 14046
11125 1640
11125 8118
11125 11259
11125 12882
11125 13113
11125 14047
11126 75
11126 1639
11126 5729
11126 12639
11127 1770
11127 4484
11127 9603
11128 1113
11128 3758
11128 13140
11128 13991
11128 13992
11129 3639
11129 4784
11129 5157
11129 10146
11129 10781
11129 11427
11129 13964
11130 3919
11130 11377
11130 13096
11130 13149
11130 13974
11130 13976
11130 13977
11131 2382
11131 6195
11131 11251
11131 11977
11132 4323
11132 6978
11132 14273
11132 14276
11133 1851
11133 3187
11133 5162
11133 10878
11133 13098
11133 13196
11133 14125
11134 6941
11134 7446
11134 10571
11134 13223
11195 5681
11195 8506
11195 9563
11195 12891
11195 12961
11196 11425
11196 12218
11196 12521
11197 1884
11197 3632
11197 11424
11197 13253
11204 7771
11204 8652
11204 10967
11204 12430
11204 12735
11205 378
11205 3516
11205 10955
11205 13187
11205 13189
11205 13324
11226 1211
11226 1858
11226 7744
11226 13191
11383 73
11383 74
11383 829
11383 873
11383 2462
11383 5493
11383 10547
11383 10978
11383 11805
11642 8212
11642 9379
11642 10345
11642 12881
11820 6473
11820 7617
11820 7758
11820 8389
11820 9683
11820 10200
11820 10767
11820 10867
11820 11281
11820 11454
11820 11593
11820 11844
11820 12402
11820 12661
11820 13323
11848 3869
11848 11426
11849 7742
11849 11079
11849 11297
11849 11438
11902 748
11902 3944
11902 10911
11902 12996
11902 13192
12095 485
12095 11495
12095 12884
12095 13129
12095 13201
12095 13939
12178 6015
12178 7106
12178 7438
12178 7465
12178 7963
12178 8566
12178 8787
12178 8818
12178 9457
12178 9784
12178 10483
12178 10810
12178 10811
12178 11593
12178 11837
12231 3852
12231 4777
12231 11298
12231 11779
12231 12689
12231 13752
12233 613
12233 7729
12233 7743
12233 10713
12233 10829
12246 3819
12246 13577
12291 1064
12291 7584
12291 11108
12291 12655
12293 7183
12293 9434
12293 10877
12293 13195
12293 13578
12296 2013
12296 11429
12296 13233
12297 12221
12297 13236
12299 4832
12299 8543
12304 4834
12304 7756
12304 13312
12305 11020
12305 13579
12353 4772
12353 7106
12353 8687
12353 8768
12353 8818
12353 9951
12353 10483
12353 10518
12353 10810
12353 11593
12359 4942
12359 7106
12359 7336
12359 7438
12359 8231
12359 9784
12359 9951
12359 10483
12359 10518
12359 10653
12359 10810
12359 11412
12509 1178
12509 1179
12509 1181
12509 1657
12509 5447
12509 5696
12509 7580
12509 11491
12509 12484
12538 9259
12538 10785
12538 10968
12538 11023
12538 11334
12538 11707
12538 11829
12538 12405
12538 12410
12538 12536
12553 6473
12630 1082
12630 1183
12630 1664
12630 1750
12630 2690
12630 4942
12630 5026
12630 5831
12630 6008
12630 7511
12630 7617
12630 7799
12630 7928
12630 8231
12630 8389
12630 8463
12630 8687
12630 8768
12630 9008
12630 9094
12630 9556
12630 9788
12630 9936
12630 9951
12630 11180
12630 11683
12630 11837
12630 12104
12640 3822
12640 9544
12652 1195
12652 1540
12652 1750
12652 1914
12652 2327
12652 2440
12652 3487
12652 3599
12652 5468
12652 6439
12652 8389
12652 9556
12652 9788
12652 10174
12652 10444
12652 10867
12652 12905
12652 13266
12779 4999
12779 7124
12779 7465
12779 11045
12787 9259
12787 10785
12787 11334
12787 11829
12787 11832
12787 12349
12787 12405
12787 12467
12787 12536
12813 1183
12813 5248
12813 8231
12813 8561
12813 9259
12813 9936
12813 10660
12813 10673
12813 10906
12813 11030
12813 11162
12813 11184
12813 11334
12813 11336
12813 11685
12813 11828
12813 11829
12842 1750
12842 2690
12842 6015
12842 8687
12842 9008
12842 9788
12842 9951
12842 11683
12842 12535
12842 12629
12843 4961
12843 7928
12843 8687
12843 10785
12843 10968
12843 11023
12843 11334
12843 11683
12843 11713
12843 11829
12843 12405
12843 12410
12843 12536
12843 12629
12843 12737
12861 7928
12861 8687
12861 9951
12861 10785
12861 11593
12861 11829
12861 12536
12861 12737
12864 6518
12864 9259
12864 10785
12864 10968
12864 11023
12864 11052
12864 11085
12864 11146
12864 11288
12864 11334
12864 11707
12864 11828
12864 11829
12864 12350
12864 12410
12864 12536
12864 12628
13118 1178
13118 1179
13118 1657
13118 3032
13118 5696
13118 7580
13118 11491
13118 12484
13118 14001
13483 1518
13483 1664
13483 1750
13483 2690
13483 5831
13483 7928
13483 8687
13483 8768
13483 9008
13483 9094
13483 9936
13483 9951
13483 11085
13483 11180
13483 11491
13483 11683
13483 12535
13483 12629
13483 12737
13483 12863
13824 5182
13824 6818
13824 12160
13824 12540
13824 12634
13824 12644
13824 12669
13824 12691
13824 12775
13824 12927
