14541 14541 127
1489 208
1489 209
1489 836
1489 1773
1489 2718
1489 2755
1489 2757
1489 2763
1489 7661
1489 7669
1489 9083
1489 9636
1489 9742
1489 9757
1489 9978
1489 10346
1489 10760
1489 10768
1489 11252
1489 11541
1489 11858
1489 13608
1489 14448
6134 13
6134 176
6134 186
6134 189
6134 205
6134 208
6134 301
6134 316
6134 416
6134 429
6134 466
6134 563
6134 709
6134 1202
6134 1333
6134 1776
6134 1869
6134 2321
6134 2433
6134 2540
6134 2705
6134 2706
6134 2709
6134 2716
6134 2722
6134 2736
6134 2758
6134 2761
6134 2771
6134 2773
6134 2814
6134 2861
6134 2888
6134 3016
6134 3466
6134 3486
6134 3791
6134 3990
6134 4380
6134 4460
6134 4489
6134 4909
6134 5031
6134 5198
6134 5615
6134 6054
6134 6291
6134 6595
6134 7808
6134 8763
6134 8922
6134 9185
6134 10061
6134 10309
6134 10858
6134 10892
6134 11846
6134 11858
6134 11861
6134 12390
6134 12431
6134 13301
6134 13442
6134 13621
6134 14055
6134 14102
7337 1773
7675 208
7675 209
7675 836
7675 1773
7675 2718
7675 2755
7675 2757
7675 2763
7675 7661
7675 7669
7675 9083
7675 9636
7675 9742
7675 9757
7675 9978
7675 10346
7675 10760
7675 10768
7675 11252
7675 11541
7675 11858
7675 13608
7675 14448
7817 209
7817 348
7817 421
7817 674
7817 677
7817 1343
7817 1773
7817 2742
7817 7669
7817 8006
7817 11031
7817 13065
7817 14448
13109 1773
