14541 14541 2321
16 405
25 7804
25 11862
104 405
104 1697
104 1867
104 1965
104 2893
104 7695
104 9402
104 13970
132 13409
166 6064
166 6183
166 11637
166 11654
286 25
286 333
286 2632
286 4539
286 5560
286 5764
286 5857
286 6049
286 6826
286 6829
286 6875
286 9417
286 10034
286 13428
286 13449
333 2660
333 7804
346 1343
346 7478
346 7669
346 10760
348 609
361 1109
361 4601
361 5764
361 8073
361 8952
361 10034
361 12611
361 13428
361 14533
392 2660
392 4649
392 5648
392 5775
392 5857
392 6066
392 6207
392 6221
392 6227
392 6261
392 6831
392 6879
392 8073
392 9040
392 9937
392 12360
392 13346
405 1601
405 1697
405 1867
405 2492
405 2893
405 4367
405 6918
405 7695
407 405
407 1601
407 1867
407 2878
407 7936
407 13409
476 10346
502 5461
502 8507
502 9551
502 12685
502 13568
519 1965
519 2142
519 2878
519 3245
519 5394
519 7206
519 9972
519 14072
519 14089
536 6033
609 210
609 2230
609 2703
609 2730
609 5615
609 5942
609 7662
609 12431
609 14100
621 405
621 407
621 1697
621 2893
621 3575
621 4580
621 9972
621 12003
621 13970
633 4591
633 5226
633 5962
633 7045
633 13619
634 11585
651 2423
651 3899
651 5560
651 9970
673 5566
673 7935
673 11420
673 12726
686 166
729 9262
729 13588
792 1981
809 7967
809 11024
809 13428
851 609
854 5857
854 7152
854 8704
870 6064
870 7967
870 11654
870 11916
878 1697
878 11597
889 8515
918 6894
918 12439
924 13972
987 2020
987 10023
987 10812
987 10995
987 12807
998 1109
998 2660
998 4539
998 6500
998 6883
999 3010
999 3575
999 12003
1055 3652
1055 9914
1097 407
1097 13972
1109 2275
1109 2632
1109 4539
1109 5560
1109 8073
1109 8704
1109 9580
1109 10023
1109 10034
1109 13428
1122 854
1141 6831
1141 8515
1141 9002
1141 10023
1141 14498
1142 625
1142 1316
1162 7695
1163 7695
1223 502
1223 6984
1250 792
1250 1981
1250 9975
1250 11047
1356 1412
1356 5226
1356 5837
1356 6066
1356 6998
1356 7426
1356 8073
1356 8507
1356 10043
1356 10365
1356 11460
1356 11899
1356 13619
1356 14384
1358 9763
1387 10441
1412 502
1412 5226
1412 5837
1412 6577
1412 6899
1412 7805
1412 8507
1412 9551
1412 10365
1412 12685
1427 392
1427 8515
1427 10441
1427 12360
1427 12439
1556 5648
1556 6557
1556 9981
1570 132
1570 14000
1603 8947
1656 407
1656 8535
1658 2423
1658 5226
1658 6049
1658 7152
1658 8073
1658 9627
1671 132
1674 502
1674 1223
1674 2830
1674 5648
1674 5857
1674 5876
1674 6066
1674 6831
1674 7152
1674 7286
1674 7473
1674 8434
1674 8616
1674 8980
1674 9417
1674 9551
1674 9560
1674 9914
1674 9987
1674 10323
1674 10812
1674 12060
1674 12611
1674 12695
1674 12825
1674 13449
1679 361
1679 3626
1679 5421
1679 5560
1679 6049
1679 6875
1679 6883
1679 6937
1679 7208
1679 8515
1679 8952
1679 9697
1679 9970
1679 13122
1679 14533
1697 405
1697 407
1697 1601
1697 1867
1697 13409
1752 405
1752 1697
1752 1867
1752 2538
1752 3929
1752 5394
1752 7208
1752 9972
1752 13970
1849 10441
1849 12360
1878 2820
1878 2934
1878 9547
1878 9714
1981 13200
2020 3652
2020 6932
2020 14302
2043 1983
2096 2492
2096 5228
2113 114
2113 298
2113 405
2113 1867
2113 4737
2113 12611
2113 14000
2117 3929
2117 7083
2117 10998
2117 14060
2251 7781
2275 2759
2275 2826
2275 11654
2293 6076
2293 6261
2293 9989
2322 809
2322 2660
2322 4601
2322 9970
2325 8535
2386 168
2386 1516
2386 5142
2386 9547
2386 12609
2423 2678
2423 4601
2423 5764
2492 405
2492 2096
2492 3929
2492 7206
2492 12944
2492 13970
2492 14000
2492 14089
2538 289
2538 405
2538 7083
2552 7967
2575 1867
2575 9402
2577 7477
2610 10346
2629 5837
2629 6577
2632 25
2632 494
2632 2660
2632 2678
2632 5560
2632 6899
2632 8507
2632 11078
2632 11862
2632 12685
2632 12926
2635 6878
2660 2678
2660 7804
2660 9295
2660 9970
2663 4539
2663 5560
2663 5857
2663 6261
2663 6826
2663 9262
2663 9970
2663 10032
2663 10034
2666 6500
2672 2660
2672 4539
2672 4601
2672 5560
2672 5857
2672 6049
2672 6221
2672 6227
2672 10034
2672 11156
2672 13428
2672 13561
2678 6899
2678 9295
2678 9914
2678 9970
2703 45
2703 2862
2703 4460
2703 6076
2703 6883
2703 9604
2703 10043
2703 13489
2703 14533
2711 2851
2711 5857
2711 6227
2711 6879
2711 9547
2711 9970
2716 7781
2722 4460
2722 6883
2722 7801
2722 13489
2726 13246
2730 2820
2731 2711
2731 7175
2731 9547
2731 10023
2732 7967
2732 11916
2738 166
2752 8916
2758 166
2758 186
2758 6226
2758 10921
2759 166
2805 9636
2811 6883
2811 8434
2819 9636
2830 286
2830 6049
2830 6829
2830 9417
2830 9959
2835 1109
2835 2423
2835 6076
2835 6883
2835 7037
2835 12825
2835 13489
2850 166
2850 186
2850 6064
2851 3899
2851 5775
2851 6076
2851 6207
2851 6879
2851 7004
2851 8507
2851 10000
2851 10032
2851 12685
2872 2835
2872 10023
2892 9775
2892 11996
2893 405
2893 1697
2893 1867
2893 2575
2893 2730
2893 9972
2893 10812
2893 14000
2914 7175
2940 13246
2949 28
2949 132
2949 405
2949 1697
2949 1752
2949 1867
2949 2113
2949 2893
2953 5560
2953 6049
2953 9262
2953 10034
2953 11159
2976 289
2976 405
2976 407
2976 1752
2976 2293
2976 2538
2976 13970
3009 85
3009 298
3009 405
3009 1697
3009 2893
3009 3929
3009 8756
3009 9972
3009 13970
3009 13973
3009 14268
3010 405
3010 407
3010 621
3010 999
3010 1697
3010 1867
3010 2893
3010 3575
3010 9972
3010 11215
3010 12003
3010 13973
3036 4649
3090 12726
3143 918
3143 6221
3143 6557
3143 8190
3143 8900
3143 9937
3143 9981
3143 10441
3165 4649
3165 6207
3165 13275
3268 6883
3286 3929
3286 14268
3305 5561
3305 13588
3336 10487
3394 4601
3394 6076
3394 6221
3394 6858
3394 10023
3394 13122
3470 4539
3575 405
3575 407
3575 1697
3575 4579
3575 12003
3626 6049
3629 6066
3629 8515
3629 10023
3652 5461
3652 5758
3652 6574
3652 6984
3652 9551
3834 361
3834 4539
3834 6894
3834 7208
3834 13246
3840 10047
3851 2660
3851 6832
3851 7208
3851 7695
3851 8339
3851 8980
3851 9547
3851 11690
3851 12695
3899 9669
3899 12685
3899 13568
3929 114
3929 298
3929 2492
3929 14000
3967 13973
3998 7695
3998 11738
3998 13970
4021 13970
4070 9262
4070 13588
4168 7175
4210 2538
4306 6227
4311 6210
4311 12360
4315 405
4315 1697
4315 1867
4315 2893
4326 2660
4326 2851
4326 5775
4326 8900
4326 9017
4326 9604
4326 10047
4326 12360
4326 13122
4467 809
4525 10061
4539 333
4539 2632
4539 5560
4539 5775
4539 6826
4539 7067
4539 9040
4539 9060
4539 9642
4539 10034
4539 11159
4539 12594
4539 14533
4562 6875
4562 13973
4579 999
4580 407
4580 1697
4591 3652
4591 5226
4591 5758
4591 5876
4591 6577
4591 8507
4591 13619
4591 14358
4601 2660
4622 5560
4649 6207
4649 6823
4649 9040
4649 13346
4676 5377
4684 8952
4705 1683
4705 7528
4713 298
4713 405
4713 2135
4713 4713
4713 14000
4736 11595
4737 1601
4737 1867
4909 2730
4909 2820
5009 6500
5027 7694
5098 407
5187 625
5187 1316
5226 502
5226 2020
5226 4601
5226 5560
5226 5758
5226 5837
5226 6577
5226 6899
5226 6932
5226 8507
5226 8916
5226 9021
5226 9914
5226 9970
5226 10032
5226 12685
5226 12862
5226 12926
5228 10487
5233 10000
5233 11078
5305 407
5305 621
5305 1697
5305 12003
5328 4649
5328 6207
5328 6823
5328 8900
5328 12360
5334 6221
5334 9006
5334 9970
5357 286
5357 809
5357 2660
5357 2703
5357 5226
5357 5629
5357 6049
5357 6221
5357 6227
5357 6642
5357 6829
5357 6894
5357 8515
5357 8850
5357 8952
5357 9417
5357 9697
5357 9858
5357 13815
5377 4676
5377 9642
5380 6572
5380 13228
5394 9972
5394 14000
5421 7067
5448 6411
5448 7237
5461 8507
5461 12685
5481 407
5490 13973
5560 25
5560 2660
5560 2678
5560 4601
5560 5837
5560 6577
5560 7804
5560 8507
5560 9970
5560 11862
5560 12732
5566 3652
5566 5876
5566 6577
5566 6984
5566 7111
5566 7426
5566 7805
5566 11420
5566 14302
5629 5187
5629 5328
5629 7004
5629 7037
5629 11912
5648 2632
5648 2660
5648 5560
5648 5566
5648 5764
5648 5857
5648 5869
5648 5876
5648 6207
5648 7473
5648 9993
5648 11037
5648 11156
5648 12825
5659 12685
5659 13568
5663 13973
5758 502
5758 8507
5758 9551
5758 9669
5758 12685
5758 14358
5761 2660
5761 5421
5761 6221
5761 6879
5761 8900
5761 9006
5761 10034
5761 10441
5761 11892
5761 12360
5764 2678
5764 6932
5764 7476
5764 7804
5775 2660
5775 6076
5775 7804
5775 9060
5775 9669
5823 502
5823 3652
5823 5226
5823 5421
5823 5758
5823 5837
5823 6227
5823 6231
5823 6577
5823 6831
5823 7045
5823 7152
5823 8073
5823 9105
5823 9262
5823 10034
5823 11460
5837 502
5837 5758
5837 5870
5837 6577
5837 6899
5837 6932
5837 8507
5837 12685
5837 14302
5857 2632
5857 2660
5857 3899
5857 5226
5857 5560
5857 5764
5857 5869
5857 6462
5857 7004
5857 7476
5857 7804
5857 8434
5857 9669
5857 9970
5857 10032
5857 11159
5857 12685
5857 14533
5876 3652
5876 5566
5876 6932
5876 6984
5876 8507
5876 9551
5876 9669
5876 12685
5876 14302
5881 7152
5907 7009
5907 9975
5962 2660
5962 5226
5962 5775
5962 5881
5962 6462
5962 7152
5962 8916
5962 10000
5962 12926
6033 8515
6049 2660
6049 4601
6049 5226
6049 5560
6049 5764
6049 5775
6049 6932
6049 9580
6049 11585
6049 12926
6050 10023
6065 10061
6066 25
6066 2632
6066 4601
6066 5560
6066 5764
6066 5857
6066 6049
6066 6831
6066 8073
6066 9060
6066 11862
6066 14533
6073 5566
6073 12726
6076 3899
6076 7004
6116 13275
6117 2660
6117 6221
6117 12276
6117 12965
6127 405
6127 407
6127 1697
6127 4315
6127 7206
6127 13970
6128 166
6128 346
6128 609
6128 1878
6128 2703
6128 8642
6128 9636
6128 9704
6128 9714
6128 10507
6128 11541
6128 12431
6128 13535
6182 6883
6182 10023
6182 12380
6207 333
6207 5869
6207 6823
6207 7239
6207 8507
6210 4601
6210 5334
6210 6049
6210 6831
6210 10441
6221 4601
6221 5226
6221 5869
6221 6207
6221 8294
6221 9006
6226 2758
6226 13489
6227 6242
6231 502
6231 2020
6231 5758
6231 6577
6231 12926
6231 13619
6242 9970
6249 494
6249 502
6249 5226
6249 5560
6249 6932
6249 8507
6249 9580
6249 10924
6249 12926
6261 4601
6261 7004
6261 7804
6261 8294
6261 9021
6261 9970
6261 11078
6271 333
6316 2893
6462 11585
6477 5394
6477 9972
6479 13970
6479 13972
6500 333
6500 998
6500 4539
6500 5421
6500 6826
6500 6883
6500 10023
6500 10034
6500 12726
6500 13489
6557 6207
6572 3618
6572 11585
6577 502
6577 3652
6577 5758
6577 6574
6577 6899
6577 6984
6577 8507
6577 9669
6577 12685
6629 9858
6642 4539
6642 4601
6642 5659
6642 6049
6642 6066
6642 6831
6642 9060
6642 9262
6642 9914
6823 389
6823 2678
6823 4601
6826 6207
6826 13428
6829 361
6829 4539
6829 5857
6829 6049
6829 6066
6829 6875
6829 8073
6829 8294
6829 9970
6829 12926
6831 502
6831 2423
6831 2678
6831 3652
6831 3899
6831 4601
6831 5226
6831 5758
6831 5775
6831 5857
6831 5869
6831 6049
6831 6076
6831 6207
6831 6221
6831 6227
6831 6249
6831 6261
6831 6826
6831 7067
6831 7804
6831 8294
6831 8434
6831 8507
6831 9040
6831 9060
6831 9970
6831 10034
6831 10043
6831 12926
6841 3626
6841 4070
6841 6049
6841 6066
6841 6831
6841 8863
6841 9262
6841 9624
6841 13588
6850 10034
6858 2678
6858 8073
6875 2632
6875 4539
6875 5421
6875 5764
6875 6049
6875 14533
6878 9402
6878 9970
6879 5775
6879 9006
6879 10000
6881 651
6881 2198
6881 3375
6881 6049
6881 6572
6881 7426
6881 9580
6881 9627
6881 12847
6883 2423
6883 4539
6883 5421
6883 5560
6883 5857
6883 6261
6883 8073
6883 10023
6883 10043
6883 11037
6883 11996
6894 5857
6894 6049
6894 9105
6894 9404
6894 10023
6894 12060
6899 502
6899 6984
6899 9551
6899 12685
6905 3652
6905 9560
6932 502
6932 5870
6932 6577
6932 6899
6932 9970
6937 2660
6937 7208
6937 8294
6937 11213
6937 12796
6939 2851
6939 5775
6939 11892
6939 13122
6966 5929
6984 502
6984 8507
6984 9551
6984 9669
6984 12685
6984 13568
6988 502
6988 2629
6988 5837
6988 5857
6988 7152
6988 8507
6988 9105
6988 9627
6988 10365
6988 12685
6998 2020
6998 2629
6998 5837
6998 6577
6998 6899
6998 6984
6998 8507
6998 13619
7004 3899
7004 9970
7009 9975
7011 166
7012 166
7037 5226
7037 5857
7037 8704
7037 9105
7037 9580
7037 10924
7037 12926
7044 6966
7044 7479
7044 9989
7044 11227
7045 4591
7045 5226
7045 5560
7045 5764
7045 5837
7045 6049
7045 6577
7045 6899
7045 7152
7045 7812
7045 8507
7045 9105
7045 9914
7045 10365
7045 12926
7045 13449
7045 14358
7067 7004
7083 132
7083 298
7083 405
7083 3929
7083 4737
7083 14000
7097 2716
7097 2731
7097 10061
7097 10346
7097 10921
7103 8843
7103 14498
7111 2629
7111 3652
7111 5566
7111 5837
7111 5876
7111 6577
7111 7426
7111 8507
7111 12685
7111 12926
7111 12988
7111 14302
7144 9405
7144 10023
7152 502
7152 2020
7152 2660
7152 3899
7152 5837
7152 6577
7152 6899
7152 6932
7152 6984
7152 9914
7152 9970
7152 12685
7152 14302
7206 405
7206 407
7206 1697
7206 1867
7206 2492
7206 9972
7206 13970
7208 333
7208 5648
7208 5857
7208 5962
7208 6557
7208 12060
7208 12825
7239 6899
7239 6932
7239 7004
7276 2538
7276 2893
7276 13970
7276 14089
7286 1674
7286 5857
7286 6049
7286 6066
7286 6642
7286 6826
7286 6831
7286 9417
7286 9697
7286 9858
7286 12695
7286 14533
7402 298
7402 2893
7402 13970
7414 13970
7426 502
7426 2632
7426 5226
7426 5560
7426 6577
7426 6932
7426 9105
7426 10365
7426 10482
7426 11535
7426 12926
7426 13619
7426 14358
7452 1752
7452 2976
7473 7152
7473 8616
7476 3899
7476 7004
7479 5870
7479 5929
7479 6966
7479 9989
7479 12732
7512 1601
7512 1697
7512 2893
7512 6294
7512 7083
7512 7206
7512 13970
7552 6227
7555 14000
7556 8900
7636 12003
7636 14089
7669 609
7695 9402
7705 625
7716 1752
7730 3575
7795 4649
7795 5334
7795 6826
7795 6894
7795 9006
7795 10023
7795 12360
7795 12695
7801 494
7801 2632
7801 5775
7801 11078
7805 502
7805 6577
7805 6932
7805 12926
7808 166
7812 7152
7837 5566
7837 7111
7837 7935
7837 10482
7837 11420
7837 14302
7848 1752
7848 2976
7848 12003
7896 2632
7896 7054
7896 7801
7896 11078
7896 12686
7935 5566
7935 6984
7935 9669
7935 11420
7935 12685
7935 12726
7936 462
7936 12774
7936 13409
7946 9858
7946 12059
7967 2730
7967 11996
8004 12164
8024 333
8024 5648
8024 6823
8024 13346
8073 2423
8073 2632
8073 4601
8073 5560
8073 5764
8073 6231
8073 9021
8073 9970
8073 12926
8112 4626
8190 918
8190 8515
8190 9697
8190 9981
8190 11275
8199 6932
8199 9914
8273 7801
8275 2666
8275 9972
8339 392
8339 2851
8339 3394
8339 3851
8339 5775
8339 6210
8339 6221
8339 6227
8339 6831
8339 6879
8339 7795
8339 8900
8339 9017
8339 9574
8339 9858
8339 10441
8339 12360
8339 14498
8362 5775
8434 2678
8434 3899
8434 4601
8434 7067
8434 8507
8434 9970
8434 12685
8513 6076
8513 10023
8513 13489
8515 502
8515 5560
8515 5764
8515 5857
8515 6207
8515 6577
8515 6831
8515 8073
8515 9262
8515 10365
8515 10924
8535 193
8535 289
8535 293
8535 298
8535 405
8535 2177
8535 3319
8535 3419
8535 3929
8535 4013
8535 4225
8535 4274
8535 6181
8535 8362
8535 9972
8535 9975
8535 11912
8535 12025
8535 14000
8584 8585
8585 2198
8585 2258
8585 2666
8585 3381
8585 7083
8585 7793
8585 9972
8585 12437
8585 13970
8585 14052
8585 14060
8616 5837
8616 7152
8642 709
8642 2731
8642 2872
8642 9547
8704 9518
8779 14003
8843 4649
8843 6210
8843 8339
8843 9574
8843 13122
8843 13346
8850 121
8850 2423
8850 2632
8850 2660
8850 4601
8850 5421
8850 5560
8850 5857
8850 6049
8850 6261
8850 6831
8850 6988
8850 7208
8850 7426
8850 7804
8850 8294
8850 8952
8850 9262
8850 9970
8850 10034
8850 11078
8850 11899
8850 13449
8863 3470
8863 8952
8863 12059
8900 333
8900 4649
8900 6207
8900 9040
8900 12726
8916 6932
8916 12926
8937 104
8937 1697
8937 1867
8937 2575
8937 2811
8937 2893
8937 6883
8947 13122
8952 121
8980 2020
8980 3851
9002 633
9002 5226
9002 5857
9002 7426
9002 11159
9006 389
9006 4649
9006 5775
9006 8294
9006 9040
9006 11037
9006 13346
9017 2660
9017 4601
9017 4649
9017 5648
9017 5962
9017 6207
9017 6221
9017 6823
9017 6850
9017 7239
9017 9970
9017 12825
9021 5837
9021 6574
9021 6577
9021 8507
9021 11078
9040 9060
9060 2660
9060 4601
9060 8294
9060 9295
9088 5561
9088 6221
9088 11581
9105 502
9105 2020
9105 5226
9105 5560
9105 6462
9105 6932
9105 9970
9105 12926
9138 12965
9139 809
9157 8585
9262 3899
9262 5857
9262 5869
9262 6049
9262 6577
9262 6932
9262 7004
9262 7045
9262 8073
9262 8434
9262 10032
9262 10924
9262 12926
9295 5869
9295 9970
9337 5171
9337 9908
9357 8004
9357 10045
9357 12164
9375 6462
9400 1867
9400 2893
9402 2878
9402 9975
9405 651
9405 5857
9405 6076
9405 6875
9405 9959
9405 9987
9405 10032
9417 333
9417 5560
9417 5857
9417 6049
9417 6826
9417 7804
9417 8073
9417 9580
9417 9970
9417 14533
9501 12726
9547 2862
9547 4460
9551 5461
9551 5659
9551 8507
9551 12685
9560 5461
9560 6574
9560 6899
9560 6984
9574 5775
9574 11892
9574 12360
9574 12695
9580 2632
9580 4601
9580 5226
9580 5560
9580 6249
9580 6261
9580 6932
9580 8916
9580 9105
9580 10924
9580 12847
9580 12926
9604 2423
9604 2660
9604 3899
9604 5421
9604 5775
9604 6577
9604 6826
9604 7004
9604 9970
9604 10032
9604 10043
9604 11159
9624 5857
9624 8434
9624 9262
9624 13428
9624 13449
9627 854
9627 2423
9627 4591
9627 5226
9627 5837
9627 6049
9627 6577
9627 7152
9627 7426
9627 7805
9627 8073
9627 9105
9627 9262
9627 9580
9627 12847
9631 8515
9636 987
9636 2731
9636 6817
9636 8988
9636 9075
9636 9908
9636 14128
9669 8507
9669 12685
9669 13568
9669 14358
9697 286
9697 1109
9697 5648
9697 5857
9697 6066
9697 6261
9697 6831
9697 6883
9697 6932
9697 9262
9697 9417
9697 10023
9697 12796
9697 13489
9757 9337
9757 13535
9763 11912
9763 14498
9858 2632
9858 6831
9858 6879
9858 8515
9858 9959
9858 9970
9858 10924
9858 12360
9914 6574
9914 6984
9914 7804
9914 8507
9914 9970
9917 7936
9917 13970
9917 14060
9959 2632
9959 5560
9959 5857
9959 8073
9959 9970
9959 14533
9972 462
9972 1808
9972 2492
9972 2878
9972 6572
9972 11047
9972 14533
9981 121
9981 3629
9981 6050
9981 6831
9981 9697
9981 9858
9981 10023
9981 12439
9987 854
9987 9604
9987 11213
9989 5870
9989 5929
9989 6966
10007 8642
10007 9337
10023 121
10023 5560
10023 5869
10023 6826
10023 7045
10023 9262
10023 13489
10032 5226
10032 6076
10032 7067
10032 9604
10034 333
10034 2632
10034 2660
10034 4601
10034 5226
10034 5560
10034 5764
10034 5857
10034 6261
10034 6826
10034 7067
10034 7804
10034 9580
10034 9604
10034 9970
10043 4601
10043 5837
10043 8434
10043 9021
10043 9295
10043 12686
10047 5421
10047 6572
10060 7936
10061 166
10061 2716
10061 2738
10061 2845
10323 6826
10323 9627
10323 9970
10323 10812
10323 11460
10323 11899
10346 1981
10346 6817
10346 9975
10357 6076
10357 7004
10365 4591
10365 5226
10365 5758
10365 5837
10365 6577
10365 8507
10365 12685
10365 14358
10398 4676
10441 12360
10482 3652
10482 5566
10482 5876
10482 7152
10482 9959
10482 14302
10507 2893
10507 8642
10507 9636
10598 1683
10708 2045
10756 9006
10760 13535
10768 8642
10768 9337
10812 1223
10812 3652
10812 5648
10812 6577
10812 6998
10812 7152
10812 7426
10812 13747
10812 14302
10818 14072
10853 11581
10913 11897
10921 2758
10924 5226
10924 5560
10924 6577
10924 6932
10924 9105
10924 12926
10998 114
10998 132
10998 462
10998 3929
10998 4367
10998 4582
10998 7083
10998 7936
10998 9972
10998 11897
10998 12686
10998 13973
10998 14000
11008 6210
11008 14028
11037 2020
11037 5226
11037 7152
11047 792
11047 13200
11054 809
11054 6261
11054 9959
11054 10034
11054 13561
11078 6932
11078 8294
11139 3596
11139 4562
11139 4786
11139 6033
11139 9088
11139 12437
11156 5226
11156 6231
11156 6261
11156 6826
11156 9105
11156 10043
11156 11213
11156 12926
11159 3899
11159 5764
11159 7004
11159 10032
11159 10043
11159 11535
11159 13428
11164 9262
11164 11585
11176 6557
11176 8900
11191 7528
11201 11156
11201 11585
11201 14533
11213 2020
11213 2660
11213 7004
11213 9970
11213 12926
11227 6932
11227 7476
11227 12732
11227 13193
11228 9989
11247 8756
11275 2663
11275 3626
11275 5560
11275 6049
11275 6500
11275 6829
11275 6831
11275 9697
11275 13815
11343 12164
11420 4591
11420 5226
11420 6577
11420 7805
11420 12685
11460 4591
11460 5226
11460 5764
11460 5837
11460 6577
11460 6831
11460 7045
11460 7152
11460 7804
11460 10365
11541 13535
11576 4676
11581 3899
11581 4539
11581 5648
11581 5775
11581 5857
11581 6066
11581 6826
11581 7004
11581 9105
11581 9604
11581 9970
11581 11156
11585 5226
11585 6899
11585 9970
11648 11643
11699 3899
11699 7067
11699 7476
11699 9604
11699 9970
11699 10032
11715 9366
11738 1981
11738 8756
11806 6221
11861 609
11862 3899
11862 6932
11862 7067
11862 7476
11862 9914
11862 9970
11862 12732
11892 6879
11897 1601
11897 1697
11897 7936
11897 8756
11897 9088
11899 1658
11899 4591
11899 5226
11899 5837
11899 5857
11899 6231
11899 6831
11899 6899
11899 6988
11899 7152
11899 8507
11899 9105
11899 10365
11899 11460
12003 407
12003 1697
12003 4460
12003 6918
12003 8756
12023 1697
12059 2660
12059 9040
12060 6049
12060 9262
12060 9580
12060 10034
12060 13449
12164 9797
12253 6207
12253 13275
12334 2976
12380 4539
12380 5560
12380 6049
12380 11156
12380 11159
12380 13449
12380 14533
12431 2703
12431 2892
12431 12609
12432 9518
12434 2632
12434 2660
12434 5560
12434 5648
12434 5869
12434 6832
12434 9959
12434 9970
12434 11037
12434 12825
12434 13561
12437 405
12437 6033
12439 5764
12439 5857
12439 6988
12439 7067
12439 8507
12439 9959
12439 9987
12439 10441
12439 11460
12439 11899
12444 854
12591 6850
12594 8704
12594 13619
12611 333
12611 361
12611 9580
12611 13428
12685 8507
12698 1674
12698 3851
12698 8434
12726 2678
12726 5226
12726 5560
12726 6577
12726 6984
12726 9560
12726 9669
12726 11420
12726 12685
12726 14302
12732 6577
12732 6932
12749 8535
12796 5775
12796 6826
12796 7804
12796 8073
12796 9060
12796 13428
12807 12847
12825 2660
12825 6076
12825 6207
12845 11585
12847 7044
12847 8916
12855 2423
12855 7479
12862 11227
12862 13193
12913 392
12913 918
12913 1387
12913 1427
12913 5593
12913 6557
12913 6894
12913 7151
12913 7556
12913 8515
12913 9981
12913 12439
12913 13275
12913 13604
12917 10346
12926 494
12926 502
12926 3652
12926 6577
12926 6932
12926 6984
12926 8507
12926 9970
12926 12685
12926 12926
12944 2492
12944 2730
12965 3618
12965 12059
12972 642
12972 11106
12988 502
12988 3652
12988 5560
12988 5962
12988 6574
12988 7801
12988 12926
13005 8535
13101 12685
13122 389
13122 1059
13122 3470
13122 4601
13122 5334
13122 6221
13122 6879
13122 8947
13122 9017
13122 10034
13122 11213
13122 13428
13122 14028
13157 6883
13193 5870
13228 854
13234 5560
13237 8900
13237 9040
13246 361
13246 10995
13275 4649
13275 6207
13275 6823
13283 2851
13283 4601
13283 6049
13283 6066
13283 12059
13346 4601
13346 6823
13346 9060
13346 9295
13355 12609
13428 2660
13428 4601
13428 5764
13428 6462
13428 6832
13428 8294
13428 9040
13428 11862
13449 2678
13449 5226
13449 5560
13449 5648
13449 5837
13449 6049
13449 6261
13449 7045
13449 7152
13449 9105
13449 14358
13450 4601
13450 5775
13450 13346
13464 656
13489 494
13489 5560
13489 5561
13489 5857
13489 6049
13489 6076
13489 6261
13489 6883
13489 7067
13489 9970
13489 10023
13489 10043
13489 11159
13499 407
13499 2665
13499 6918
13499 7936
13535 4460
13535 6181
13535 9076
13535 9547
13535 9714
13561 5560
13561 7045
13561 9959
13561 11156
13568 7694
13568 12685
13585 1059
13585 2660
13585 4539
13585 5560
13585 7004
13585 7045
13585 7054
13585 9959
13585 9970
13585 13428
13585 13449
13588 4539
13588 5857
13588 6049
13588 8073
13588 9262
13588 9404
13588 9604
13588 9970
13588 10032
13595 2893
13602 405
13604 8900
13619 2629
13619 3652
13619 5876
13619 9021
13815 1109
13815 4539
13815 5560
13815 5857
13815 6049
13815 6066
13815 6894
13815 9262
13815 9417
13815 9697
13815 10034
13815 11159
13815 12444
13815 12594
13815 13428
13873 1658
13873 4591
13873 5775
13873 6049
13873 6577
13873 7054
13873 7152
13873 8507
13873 10365
13873 12685
13873 14358
13957 286
13957 5421
13957 5761
13957 5764
13957 6066
13957 6831
13957 6894
13957 7067
13957 7795
13957 8073
13957 8850
13957 8952
13957 9697
13957 9858
13957 12360
13957 13346
13957 13428
13970 2492
13970 2572
13970 6918
13970 13409
13971 6878
13971 7695
13971 8756
13971 11588
13971 13972
13973 405
13973 1601
13973 2878
13973 8756
13988 12855
14000 114
14000 132
14000 298
14000 462
14000 1981
14000 2492
14000 2570
14000 2572
14000 2878
14000 4013
14000 13409
14010 6879
14017 4085
14028 4539
14028 4601
14028 6207
14028 6221
14059 2538
14059 13970
14072 298
14072 405
14072 407
14072 1697
14072 1867
14072 4013
14072 4225
14072 4737
14072 14000
14072 14089
14087 405
14087 8850
14087 9972
14089 7936
14089 9972
14089 13973
14268 298
14268 1867
14302 3652
14302 6984
14302 9551
14302 12685
14358 7054
14358 8507
14358 12685
14384 2020
14384 5226
14384 5876
14384 6577
14384 6899
14384 6984
14384 6998
14384 7152
14384 9551
14384 12686
14452 6462
14498 854
14498 3394
14498 4601
14498 6076
14498 6207
14498 6221
14498 7075
14498 7795
14498 9002
14498 9501
14498 9697
14498 10023
14533 25
14533 2632
14533 5560
14533 5764
14533 6462
14533 11862
