14541 14541 404
35 6504
35 7674
91 2091
91 3206
305 4452
305 7674
453 6504
614 2092
614 4814
702 5181
704 5181
796 339
796 5193
800 5181
856 5181
884 4452
884 5181
884 7674
899 6504
952 14340
958 42
958 4452
975 6534
1090 2062
1090 6504
1090 6770
1090 9289
1095 5181
1115 2091
1115 3206
1117 2091
1117 3206
1118 2091
1118 3206
1131 13194
1145 1520
1173 1008
1232 8619
1254 1108
1384 509
1384 4365
1403 4452
1403 7674
1407 1078
1407 2400
1420 2091
1468 12758
1472 5181
1473 7674
1510 339
1510 14360
1566 5181
1695 509
1695 4365
1705 2091
1826 2091
1826 3206
2058 14340
2103 2091
2103 3206
2139 2091
2139 3206
2165 1108
2165 3938
2165 10193
2170 4452
2170 6470
2170 9081
2208 4452
2208 5181
2243 1008
2333 2091
2333 3206
2341 2091
2341 3206
2369 2091
2369 6504
2369 6534
2371 2091
2371 3206
2378 1108
2378 2091
2378 3206
2380 10643
2452 3206
2487 3938
2505 2091
2505 3206
2518 2091
2518 3206
2542 2091
2542 3206
2565 2091
2565 3206
2571 4452
2571 6504
2592 2091
2592 3938
2597 2091
2597 12903
2618 3206
2648 2091
2648 3206
2977 509
2977 1177
2977 4365
2984 339
3059 2091
3059 3206
3062 1008
3064 14282
3073 3938
3073 14282
3085 4365
3155 2062
3180 14282
3200 5181
3249 2091
3249 3206
3294 2091
3294 3206
3432 5181
3434 12348
3479 5181
3479 9553
3543 2091
3543 3206
3563 2091
3563 3206
3574 6504
3621 12903
3693 2064
3700 2091
3700 3206
3745 5181
3787 6534
3794 2091
3794 3206
4003 6504
4023 2091
4023 5181
4023 6504
4023 7674
4093 4452
4093 7674
4104 2091
4104 3206
4117 2091
4117 3206
4198 3938
4417 12903
4446 5181
4526 5218
4547 4365
4636 2091
4644 1078
4672 1078
4746 2091
4746 3206
4842 2091
4940 4452
4940 9081
4971 2091
4971 3206
5003 4452
5156 2091
5156 3206
5186 5181
5272 6534
5339 3938
5433 13194
5440 6504
5440 12903
5456 5181
5457 5181
5497 2062
5497 2091
5517 5181
5555 5181
5558 5181
5651 5181
5709 13194
5765 5181
5830 4452
5830 6504
5845 2091
5845 3206
5867 2091
5867 3206
5879 2091
5879 3206
6021 2091
6021 3206
6185 2091
6340 1078
6383 2062
6383 2064
6389 4452
6389 7674
6467 12903
6496 8340
6556 4452
6556 5181
6571 10193
6575 5181
6578 2062
6578 2064
6708 5181
6730 4452
6743 8340
6743 12903
6968 2091
6969 4452
6969 7674
7048 42
7048 2062
7048 6770
7048 9289
7048 9548
7076 5181
7088 2062
7088 2091
7088 3206
7217 14340
7223 3938
7230 2091
7230 3206
7312 2091
7328 4814
7332 5181
7354 9081
7375 2091
7435 5218
7506 2091
7506 3206
7578 5181
7649 4452
7668 12794
7680 5181
7707 1108
7707 2062
7707 2064
7707 2091
7707 9289
7707 9548
7707 12903
7748 2091
7748 3206
7906 2091
7948 3938
7961 1078
7985 5181
8005 2091
8025 3137
8064 12903
8081 2091
8106 2091
8106 3206
8108 5181
8127 7674
8138 2062
8138 2091
8138 3938
8184 5181
8184 7674
8201 5181
8202 5181
8224 5181
8300 5181
8407 6504
8427 2062
8483 3206
8495 5181
8532 5181
8579 6504
8579 12903
8579 14282
8715 8340
8727 5181
8730 42
8730 4452
8783 3206
8829 5181
8869 3938
8875 14340
9117 2091
9117 3206
9136 2091
9136 3206
9154 1108
9154 4452
9154 10193
9184 3206
9195 5181
9235 6504
9324 2091
9324 3206
9347 2091
9416 2091
9416 4452
9416 7674
9445 6504
9459 2091
9470 3938
9507 3938
9507 13147
9618 6504
9618 7674
9622 1129
9622 9058
9664 5181
9664 6504
9680 6504
9680 8340
9764 2091
9764 3206
9772 4452
9772 7674
9809 1078
9848 6504
9894 3347
9938 2091
9938 3206
9939 6504
9966 5181
9967 4452
9967 6504
10020 1008
10056 3206
10072 10643
10228 2062
10228 2091
10241 4452
10255 3938
10257 2091
10257 3206
10336 1078
10372 4452
10388 4452
10388 6504
10478 5181
10478 7674
10478 9553
10503 3206
10514 2091
10548 5181
10651 5181
10661 5181
11188 5181
11258 4452
11476 10193
11562 2091
11562 3206
11787 1078
11863 2091
11863 3206
11866 2062
11866 2091
11866 3206
12184 5181
12251 5181
12319 5181
12319 6504
12362 14282
12626 2092
12626 4814
12688 14340
12821 339
12821 14360
12828 14282
13128 509
13128 4365
13145 5181
13215 1108
13215 2062
13215 2064
13215 9548
13217 5181
13220 14340
13273 5181
13342 5181
13347 14340
13423 3938
13423 6504
13423 12758
13423 12903
13423 14282
13496 10501
13496 10643
13610 1008
13940 14340
14011 3938
14054 2062
14054 6770
14054 9548
14272 4452
14272 6504
14272 12903
14272 14282
14348 2062
14423 1108
14423 2091
14423 3206
14509 14340
