14541 14541 123
502 4445
502 4450
502 7686
1223 4445
1223 4450
1223 7672
1223 7686
1223 10341
1223 10695
1356 4445
1356 4450
1356 12608
1412 4445
1412 7686
1412 8510
1412 8522
1658 4445
1658 14372
3652 4445
3652 4450
3652 7686
3652 8522
3652 12608
3652 14372
4591 4445
4591 7672
5226 4450
5226 8497
5226 14372
5566 8522
5566 12608
5758 7672
5758 7686
5823 7686
5823 14372
5837 4445
5837 7686
5837 8522
5837 10695
5837 14372
5876 4450
5876 8522
6231 4445
6231 7686
6577 4445
6577 4450
6577 7686
6577 10695
6577 14372
6899 8522
6984 4445
6984 7686
6984 8522
6984 12608
6988 4450
6988 10695
6988 14372
6998 4445
6998 4450
7045 4445
7045 4450
7045 7686
7045 8510
7111 4445
7111 8522
7111 10341
7111 12608
7152 8510
7152 9096
7426 4445
7426 7686
7426 10695
7426 12608
7935 4450
8507 4445
8507 8510
9551 4450
9551 8522
9627 4445
9627 9096
9627 14372
9669 4445
9669 4450
9669 7686
9669 8522
9669 10695
10365 7686
10812 4450
10812 7369
10812 8497
10812 8510
10812 12608
11420 4445
11460 4445
11460 4450
11460 8522
11899 4450
12685 4450
12685 7686
12685 8510
12685 14372
12732 14372
12926 4450
12926 7686
12926 8497
12926 14372
13449 4450
13449 8510
13568 5778
13568 7696
13568 8504
13568 9093
13568 10695
13619 4445
13619 8497
13873 4445
13873 7686
13873 8510
13873 8522
14302 4450
14302 8522
14384 8510
14384 8522
