14541 14541 867
191 1766
191 9872
191 9873
321 1695
321 4526
321 4940
321 6383
321 6571
321 7948
321 9151
321 9470
321 9897
321 10255
321 11602
321 11767
321 12363
321 12970
321 13128
321 13220
321 14054
384 256
384 431
384 862
384 1205
384 1598
384 2831
384 3030
384 3031
384 3033
384 4373
384 4606
384 5406
384 6252
384 7225
384 8291
384 8633
384 9235
384 9939
384 10436
384 11358
384 12362
384 12598
384 12599
384 12828
384 12829
384 13247
469 1685
469 5222
469 9004
469 9870
469 9872
637 5414
1127 1249
1127 9150
1127 9826
1267 1766
1267 5222
1309 1766
1309 9873
1310 1766
1310 5222
1310 9872
1310 9873
1424 10416
1909 214
1909 1145
1909 1510
1909 2170
1909 2243
1909 2380
1909 2487
1909 2600
1909 4547
1909 4940
1909 5709
1909 6383
1909 6571
1909 6578
1909 7328
1909 8579
1909 8715
1909 9004
1909 9470
1909 9894
1909 10072
1909 10388
1909 11929
1909 12849
2427 448
2427 3180
2427 7707
2427 7948
2427 8291
2427 9150
2427 11602
2427 12599
2427 13215
2427 13247
3050 796
3050 1090
3050 1131
3050 1145
3050 1384
3050 2243
3050 2380
3050 2487
3050 3062
3050 4940
3050 5339
3050 5440
3050 5918
3050 6496
3050 6571
3050 6632
3050 7354
3050 7435
3050 7649
3050 7707
3050 7869
3050 7948
3050 8025
3050 8271
3050 8715
3050 9151
3050 9494
3050 9622
3050 9894
3050 10020
3050 10072
3050 10255
3050 10388
3050 12663
3050 12821
3050 12837
3050 12849
3050 13215
3050 13220
3050 13423
3050 14011
3050 14054
3050 14272
3050 14348
3050 14522
3156 12011
3263 280
3263 452
3263 1021
3263 1678
3263 4384
3263 6289
3263 6571
3263 7409
3263 9151
3263 9817
3263 9819
3263 9825
3263 9826
3263 9830
3263 9845
3263 11082
3263 12518
3263 13165
3263 13215
3263 14456
3263 14465
3263 14468
3263 14470
3263 14475
3263 14480
3264 837
3264 877
3264 1218
3264 1678
3264 1860
3264 1989
3264 2806
3264 2818
3264 3269
3264 3547
3264 4079
3264 4338
3264 5414
3264 6289
3264 7683
3264 8039
3264 8679
3264 9150
3264 9562
3264 9811
3264 9842
3264 9881
3264 9980
3264 10448
3264 11904
3264 12518
3264 13946
3281 1090
3281 1254
3281 1263
3281 1384
3281 2380
3281 6383
3281 6571
3281 7707
3281 7948
3281 8138
3281 9151
3281 9470
3281 11602
3281 11767
3281 12837
3281 13128
3281 13215
3281 13610
3809 6781
3887 3180
3887 5440
3887 6496
3887 7675
3887 9680
4321 5905
4369 2449
4369 2977
4369 6989
4369 11926
4482 1124
4482 1598
4482 5406
4482 5440
4482 8291
4482 9680
4482 11147
4482 11479
4482 12598
4482 12599
4635 783
4635 1042
4635 1952
4635 2343
4635 3076
4635 3597
4635 4428
4635 4546
4635 4590
4635 4809
4635 5195
4635 5342
4635 5480
4635 5755
4635 6386
4635 8380
4635 8526
4635 9150
4635 9681
4635 9855
4635 12923
4635 13033
4635 13074
5234 766
5234 1099
5234 11586
5234 11895
5336 1254
5336 2103
5336 6571
5336 6578
5336 7707
5336 9266
5336 10020
5336 11767
5336 13044
5336 13056
5336 13062
5336 13079
5336 13082
5336 13273
5336 13610
5336 14522
5415 1559
5415 2487
5415 6578
5616 5709
5616 5845
5616 6358
5616 13273
6872 1384
6872 5918
6872 6571
6872 7328
6872 9151
6872 9470
6872 9507
6872 13215
6872 14011
6872 14054
7586 280
7586 2360
7586 2818
7586 4618
7586 5414
7586 7683
7586 8973
7586 9150
7586 10086
7586 14481
8124 614
8124 899
8124 900
8124 1090
8124 1117
8124 1254
8124 1263
8124 1510
8124 2103
8124 2170
8124 2243
8124 2977
8124 3073
8124 3085
8124 3155
8124 3180
8124 3574
8124 4093
8124 4711
8124 4940
8124 5433
8124 5440
8124 5709
8124 5918
8124 6289
8124 6459
8124 6571
8124 6632
8124 6743
8124 7048
8124 7328
8124 7354
8124 8005
8124 8025
8124 8427
8124 8579
8124 8715
8124 9494
8124 9507
8124 9894
8124 9897
8124 10072
8124 10255
8124 11476
8124 11767
8124 11787
8124 12849
8124 12970
8124 13220
8124 14348
8124 14522
8351 402
8351 971
8351 1218
8351 1816
8351 2129
8351 3269
8351 3323
8351 4079
8351 4540
8351 4564
8351 4699
8351 4729
8351 5078
8351 7683
8351 8631
8351 8809
8351 9846
8351 10086
8351 10312
8351 11070
8351 13298
8548 9150
8708 127
8708 214
8708 702
8708 704
8708 783
8708 796
8708 856
8708 899
8708 900
8708 958
8708 1090
8708 1117
8708 1124
8708 1145
8708 1154
8708 1156
8708 1173
8708 1205
8708 1213
8708 1254
8708 1287
8708 1510
8708 1763
8708 1811
8708 1826
8708 1918
8708 1994
8708 2103
8708 2170
8708 2208
8708 2233
8708 2243
8708 2360
8708 2380
8708 2422
8708 2487
8708 2818
8708 3062
8708 3073
8708 3082
8708 3180
8708 3195
8708 3233
8708 3234
8708 3339
8708 3395
8708 3483
8708 3574
8708 3876
8708 3954
8708 4104
8708 4213
8708 4330
8708 4346
8708 4384
8708 4444
8708 4711
8708 4940
8708 5061
8708 5146
8708 5297
8708 5339
8708 5433
8708 5440
8708 5513
8708 5514
8708 5735
8708 5867
8708 5918
8708 6289
8708 6313
8708 6370
8708 6383
8708 6459
8708 6543
8708 6571
8708 6578
8708 6632
8708 6743
8708 7199
8708 7328
8708 7354
8708 7435
8708 7441
8708 7668
8708 7683
8708 7707
8708 7948
8708 8005
8708 8174
8708 8271
8708 8427
8708 8532
8708 8679
8708 8715
8708 8730
8708 8973
8708 9150
8708 9151
8708 9416
8708 9507
8708 9622
8708 9823
8708 9857
8708 9894
8708 10020
8708 10065
8708 10072
8708 10086
8708 10211
8708 10255
8708 10388
8708 10416
8708 10436
8708 10527
8708 10699
8708 11004
8708 11476
8708 11918
8708 11927
8708 12011
8708 12396
8708 12598
8708 12626
8708 12663
8708 12821
8708 12828
8708 12849
8708 12966
8708 13089
8708 13128
8708 13224
8708 13249
8708 13338
8708 13352
8708 13423
8708 13496
8708 13504
8708 13610
8708 14039
8708 14054
8708 14116
8708 14272
8708 14348
8708 14465
8708 14477
8708 14509
8708 14522
8891 5905
8891 8266
8891 8269
9007 1263
9007 2977
9007 13128
9479 10416
9815 1213
9815 1332
9815 1693
9815 2559
9815 2612
9815 2634
9815 2806
9815 2818
9815 3150
9815 5469
9815 6383
9815 6633
9815 7428
9815 8809
9815 9150
9815 9825
9815 9855
9815 13298
9815 13441
9889 55
9889 971
9889 1218
9889 1236
9889 1361
9889 1404
9889 1821
9889 2415
9889 2687
9889 3041
9889 8310
9889 8890
9889 9847
9889 11004
9889 12762
9889 13087
10172 402
10172 2644
10437 614
10437 899
10437 900
10437 1090
10437 1117
10437 1205
10437 1695
10437 2103
10437 2170
10437 2243
10437 2336
10437 3062
10437 3155
10437 3180
10437 3574
10437 4093
10437 4104
10437 4711
10437 4940
10437 5440
10437 6289
10437 6459
10437 6743
10437 7048
10437 7354
10437 7435
10437 8495
10437 8715
10437 8730
10437 9507
10437 9842
10437 9894
10437 10255
10437 10388
10437 10503
10437 11070
10437 11476
10437 11787
10437 12362
10437 13423
10437 13496
10437 14272
10540 1384
10540 1695
10540 2170
10540 3085
10540 6571
10540 6632
10540 10020
11789 614
11789 796
11789 1090
11789 1145
11789 1173
11789 1254
11789 1339
11789 1510
11789 1695
11789 2243
11789 2380
11789 2487
11789 2806
11789 2977
11789 3085
11789 3155
11789 3180
11789 3574
11789 3794
11789 4384
11789 4547
11789 4971
11789 5339
11789 5433
11789 5440
11789 5457
11789 5709
11789 5918
11789 6383
11789 6459
11789 6571
11789 6578
11789 6743
11789 7048
11789 7328
11789 7354
11789 7409
11789 7435
11789 7948
11789 8427
11789 8715
11789 8730
11789 9151
11789 9416
11789 9494
11789 9622
11789 10020
11789 10072
11789 10416
11789 10436
11789 11614
11789 11787
11789 12598
11789 12626
11789 12828
11789 13128
11789 13496
11789 13610
11789 14011
11789 14348
11789 14522
11795 614
11795 796
11795 899
11795 900
11795 958
11795 1090
11795 1117
11795 1131
11795 1145
11795 1173
11795 1254
11795 1384
11795 1510
11795 1566
11795 1695
11795 1828
11795 1877
11795 2103
11795 2165
11795 2170
11795 2243
11795 2380
11795 2393
11795 2474
11795 2487
11795 2600
11795 2977
11795 3062
11795 3155
11795 3574
11795 3693
11795 4093
11795 4104
11795 4526
11795 4547
11795 4711
11795 4940
11795 5433
11795 5440
11795 5651
11795 5709
11795 5918
11795 6383
11795 6571
11795 6578
11795 6632
11795 6743
11795 7076
11795 7221
11795 7354
11795 7435
11795 7506
11795 7649
11795 7707
11795 7948
11795 8025
11795 8138
11795 8271
11795 8291
11795 8427
11795 8715
11795 8730
11795 8875
11795 9151
11795 9494
11795 9507
11795 9622
11795 9894
11795 10020
11795 10072
11795 10255
11795 10388
11795 10503
11795 11258
11795 11476
11795 11767
11795 11787
11795 12626
11795 12663
11795 12849
11795 12970
11795 13128
11795 13215
11795 13220
11795 13273
11795 13423
11795 13496
11795 14054
11795 14272
11795 14348
11795 14509
11795 14522
12103 4660
12103 12362
12103 12866
12374 1766
12374 2520
12374 9870
12374 9872
12374 9873
12374 14509
12831 971
12831 10679
12831 12762
12831 13494
13302 614
13302 796
13302 899
13302 958
13302 1090
13302 1117
13302 1131
13302 1145
13302 1173
13302 1254
13302 1384
13302 1510
13302 1695
13302 2103
13302 2170
13302 2243
13302 2380
13302 2487
13302 3062
13302 3073
13302 3085
13302 3155
13302 3574
13302 4093
13302 4104
13302 4526
13302 4940
13302 5339
13302 5433
13302 5440
13302 5709
13302 6370
13302 6383
13302 6459
13302 6571
13302 6578
13302 6632
13302 6989
13302 7048
13302 7328
13302 7354
13302 7435
13302 7649
13302 7707
13302 7948
13302 8005
13302 8025
13302 8291
13302 8427
13302 8579
13302 8715
13302 8730
13302 9150
13302 9470
13302 9494
13302 9507
13302 9622
13302 9680
13302 9894
13302 10020
13302 10072
13302 10388
13302 11258
13302 11476
13302 11767
13302 11787
13302 12626
13302 12663
13302 12688
13302 12821
13302 12837
13302 12849
13302 13220
13302 13423
13302 13496
13302 13610
13302 14054
13302 14272
13302 14348
13302 14509
13302 14522
13945 8092
