14541 14541 803
52 8473
60 3948
61 4815
61 10757
64 11591
66 8313
66 9161
94 8155
156 5314
156 9500
287 5954
347 7629
385 6116
613 12933
632 9138
671 9205
679 5401
720 4833
720 5458
720 9138
747 8107
754 3394
756 3789
760 12531
761 4766
774 8473
829 8313
829 9161
830 8313
830 9161
839 8313
839 9161
892 5629
956 6290
1025 3948
1025 4389
1025 5401
1025 8313
1035 1458
1098 9161
1111 7356
1197 12531
1216 122
1220 4833
1220 6396
1220 7149
1220 9138
1220 11826
1242 7471
1242 8120
1293 4656
1307 8191
1308 8313
1341 222
1341 4815
1341 10757
1350 12298
1409 3789
1423 12531
1450 122
1456 4833
1456 5458
1456 9138
1457 4833
1457 5458
1457 9138
1463 11477
1585 3255
1585 8361
1597 2325
1647 10715
1666 10158
1707 9205
1708 7641
1716 12249
1719 5629
1755 12531
1780 3839
1780 6167
1780 7513
1804 7471
1834 5647
1835 5647
1837 7641
1882 6286
1892 3626
2066 9449
2082 3839
2082 6519
2108 11647
2250 6767
2250 6769
2257 8313
2257 9161
2257 10759
2305 8473
2305 9138
2329 5314
2329 9500
2467 8313
2467 9161
2493 8473
2539 8313
2539 9161
2547 6878
2996 4574
3040 2234
3043 8473
3105 4656
3188 5187
3340 3470
3340 8313
3340 9161
3378 10759
3378 12298
3422 2325
3423 9500
3494 3495
3504 5458
3511 8313
3511 9161
3539 2471
3539 7786
3539 8093
3539 9700
3539 10382
3562 8473
3641 12531
3642 7629
3657 924
3657 7343
3672 5401
3699 12531
3713 4815
3713 10757
3716 845
3716 7032
3716 11098
3742 2342
3774 12531
3796 8313
3796 9161
3822 7471
3829 12531
3857 393
3857 1926
3857 2093
3872 3839
3872 6167
3926 514
3926 3839
3926 6167
3945 7972
3945 8863
3945 8940
3964 7641
3966 7705
3992 13271
4002 4815
4002 10757
4016 5954
4016 7641
4074 10150
4090 2204
4090 5954
4129 12531
4130 6737
4142 8313
4142 9161
4186 9196
4186 14060
4193 1902
4193 4815
4193 10757
4233 3131
4267 5314
4267 5954
4267 7437
4267 7641
4267 9500
4281 9588
4286 12585
4359 7764
4359 12441
4424 14060
4453 2342
4512 13271
4522 7629
4581 7356
4632 8313
4632 9161
4651 3948
4657 4656
4673 6286
4697 13602
4747 8863
4750 1734
4774 4723
4788 11647
4788 14083
4790 3839
4790 5273
4790 6167
4806 7997
4811 7471
4811 7946
4821 5401
4855 11018
4873 7641
4875 7471
4877 8313
4877 9161
4893 2680
4922 8313
4922 9161
4928 4815
4928 10757
4951 12186
4952 4833
4990 6962
4991 8313
4991 9161
4994 7471
4994 8120
5001 4786
5001 8400
5004 8313
5025 9353
5034 1712
5034 8313
5047 7356
5047 9588
5087 4815
5087 10757
5100 14060
5102 9758
5104 3739
5129 8313
5129 9161
5130 6445
5130 8313
5130 9161
5133 8313
5133 9161
5168 12748
5172 8420
5188 12531
5211 5390
5211 5401
5224 9500
5264 8784
5289 12298
5302 7471
5350 3839
5350 6167
5365 8313
5365 9161
5379 5401
5491 4833
5493 2388
5521 9138
5532 14299
5578 10158
5596 12531
5623 9500
5646 8473
5646 9138
5657 3789
5670 122
5673 9078
5686 328
5686 1868
5686 7271
5703 13305
5937 3617
5937 5954
5938 5954
5960 12531
5976 8313
5976 9161
5976 12416
5977 10158
5979 8262
5987 9138
5995 8313
5995 9161
6024 8600
6172 3839
6172 6167
6172 11247
6208 4815
6208 10757
6305 8313
6305 9161
6331 10759
6331 12298
6381 10708
6403 9138
6441 8313
6441 9161
6490 12590
6499 3839
6499 6167
6568 1656
6568 12531
6570 8313
6570 9161
6570 9225
6585 4570
6594 6737
6594 7352
6594 9138
6597 2494
6600 12531
6613 5458
6621 5458
6660 12465
6672 3851
6703 7471
6703 8120
6765 4566
6773 7629
6783 7641
6818 7471
6818 8120
6818 8334
6860 9204
6860 13740
6864 8313
6864 9161
6865 12249
6871 12531
6873 4861
6902 10580
6902 10581
6971 6396
6971 7149
6976 3131
6990 7356
6990 9588
6991 406
7064 5401
7072 3438
7080 5187
7104 4923
7104 9138
7106 812
7106 8313
7106 9161
7109 8313
7116 5954
7124 5390
7124 5401
7126 10787
7131 3471
7131 12465
7134 4932
7134 8584
7137 5954
7139 5571
7140 8313
7140 9161
7156 7629
7165 12854
7167 7641
7171 5314
7171 5954
7171 9500
7172 9500
7177 9500
7185 10145
7233 7705
7233 8313
7233 9161
7233 11857
7292 12249
7298 4566
7301 12465
7325 8313
7325 9161
7335 5401
7335 8927
7357 5571
7371 5954
7386 11798
7386 12416
7438 7471
7463 5401
7465 4851
7468 9161
7468 12465
7475 406
7475 6661
7475 9225
7486 2342
7486 12249
7553 4833
7553 5629
7592 12531
7607 3530
7608 8313
7608 9161
7608 9758
7624 12531
7626 5954
7638 12531
7643 8691
7650 676
7697 5458
7703 4861
7721 2929
7731 8313
7731 9161
7768 5954
7792 5629
7794 9789
7821 8313
7821 9161
7822 5954
7825 6627
7839 8313
7839 9161
7841 4815
7841 10757
7959 12416
7992 7641
8012 12531
8026 3470
8044 2388
8044 9500
8100 7629
8169 8620
8169 12587
8172 5390
8172 5401
8180 3438
8217 10158
8228 6186
8299 5954
8353 3948
8353 4389
8403 12748
8426 3840
8446 6583
8446 7424
8446 13305
8451 12465
8462 12465
8469 2748
8486 12465
8491 4833
8492 2625
8492 9500
8528 5954
8559 2445
8589 8313
8589 9161
8667 5390
8667 5401
8680 4923
8680 9138
8685 10158
8717 12531
8747 9500
8748 2625
8766 8600
8770 6396
8770 7149
8771 9196
8772 7629
8814 12003
8816 5401
8817 9138
8862 3438
8880 7764
8985 9500
9047 10435
9047 12186
9162 3977
9230 12416
9260 8757
9260 10915
9274 5954
9308 5314
9308 7437
9308 9500
9316 12531
9332 8757
9341 9588
9367 5954
9489 9225
9514 8927
9525 7356
9525 7764
9540 4815
9540 10757
9541 9095
9570 6862
9571 12531
9590 13085
9603 4426
9611 338
9611 12531
9617 9588
9617 10715
9633 8313
9633 9161
9668 8584
9674 11225
9685 461
9727 8352
9732 5187
9735 6862
9735 11098
9784 7161
9828 8313
9828 9161
9832 5106
9832 10759
9865 3438
9865 9225
9904 1455
9910 3839
9910 6167
9910 7997
9921 5187
9933 12416
9946 3480
9946 7629
9956 1544
10015 8313
10015 9161
10033 8313
10033 9161
10042 12441
10066 8671
10067 4923
10067 9138
10113 924
10113 12465
10116 7719
10116 9986
10120 538
10120 5401
10137 12465
10157 5273
10166 3255
10166 9500
10205 10581
10205 12751
10216 14517
10221 7629
10259 12249
10261 10158
10286 4852
10294 3358
10319 9196
10319 14060
10355 10062
10425 4766
10433 6061
10456 13122
10466 4851
10466 12531
10467 12465
10472 5458
10472 9138
10472 12748
10477 4723
10477 6841
10483 8313
10483 9161
10495 9138
10504 5401
10518 4964
10570 1734
10590 12465
10592 8473
10592 8927
10600 8313
10600 9161
10624 5629
10626 5390
10627 11798
10627 12416
10636 2388
10636 9500
10656 12531
10662 7471
10676 2099
10693 12531
10704 8691
10711 8313
10711 9161
10724 7471
10731 1742
10781 6740
10794 7471
10794 7946
10803 4566
10808 9138
10810 3221
10810 8544
10874 9500
10877 1190
10905 5390
10939 4861
10939 9095
10962 10435
10964 5390
10973 1541
10992 9074
11021 3471
11026 10008
11027 4227
11027 5390
11027 9225
11030 9196
11039 4833
11039 5458
11039 9138
11044 12465
11045 633
11060 8584
11064 11145
11075 6445
11075 8313
11075 9161
11097 7629
11103 8669
11120 2099
11146 12249
11184 9138
11243 12298
11280 5866
11287 2625
11287 9138
11287 12465
11288 5458
11293 9500
11296 7471
11306 9500
11379 5732
11399 8757
11414 11350
11414 11351
11415 5187
11425 6627
11462 2830
11485 2698
11505 13552
11512 9789
11612 6918
11625 3255
11625 5314
11625 9500
11681 11738
11687 13602
11688 8107
11689 5629
11691 5629
11706 7437
11707 9789
11707 12465
11713 5390
11713 9161
11734 5401
11735 6661
11735 9225
11748 5401
11755 12249
11755 12531
11776 9500
11777 5458
11805 9138
11813 3839
11813 6167
11828 8742
11831 9157
11847 5629
11851 3090
11852 11160
11876 9449
11886 9291
11900 2625
11900 5314
11944 12465
11953 5629
11962 11647
11962 14083
11965 4861
12026 12465
12056 5629
12064 5187
12075 406
12075 4389
12075 9225
12093 3948
12093 4389
12180 9500
12210 7471
12214 5401
12214 8313
12214 9161
12221 13552
12252 3617
12300 8584
12303 7629
12343 8925
12365 6286
12368 10435
12391 8313
12391 9161
12402 12249
12406 5629
12422 5401
12425 7343
12425 12465
12433 8866
12447 12416
12454 12531
12460 11857
12467 12748
12488 4582
12488 14060
12492 8313
12492 9161
12494 4815
12494 10757
12513 2558
12532 6170
12535 3131
12535 6862
12535 11098
12536 8313
12536 9161
12596 5954
12605 13429
12612 4314
12612 5647
12612 6402
12633 8313
12633 9161
12644 8313
12644 9161
12644 11647
12664 3789
12671 5390
12677 8313
12677 9161
12682 5401
12682 12249
12684 4464
12687 7424
12687 13305
12691 4766
12703 7629
12704 9606
12716 5866
12716 13552
12728 7286
12728 11539
12775 8313
12775 9161
12802 4833
12833 12585
12863 8585
12906 290
12927 633
12943 7471
12967 8928
12991 3717
13026 4833
13113 4426
13143 12585
13169 4833
13169 9138
13223 5458
13223 5629
13316 12465
13317 9290
13317 10899
13323 4861
13540 9161
13593 4833
13593 5458
13593 9138
13755 7641
13821 9588
13833 7641
13849 7629
13981 8420
14035 8313
14035 9161
14049 8313
14049 9161
14122 7936
14125 9205
14375 12531
14496 9205
14502 11591
14502 12585
14503 6628
