14541 14541 1749
50 3942
51 3942
52 3942
56 3942
57 3942
58 3942
59 3942
60 3942
61 3942
62 3942
63 3942
64 3942
65 3942
66 3942
68 3942
71 3942
72 3942
72 4702
73 3942
74 3942
94 3942
102 3942
102 4702
112 3942
131 3942
139 3942
141 3942
146 3942
156 3942
287 3942
288 3942
315 3942
341 3942
347 3942
351 3942
377 3942
378 3942
379 3942
383 3942
385 3942
388 3942
409 3942
456 3942
481 3942
485 3942
526 3942
528 3942
545 3942
549 3942
554 3942
559 3942
572 3942
585 3942
613 3942
613 9553
632 3942
640 3942
670 3942
671 3942
679 3942
720 3942
726 3942
728 3942
733 3942
738 3942
744 3942
747 3942
752 3942
754 3942
755 3942
756 3942
759 3942
760 3942
774 3942
817 3942
829 3942
830 3942
842 3942
844 3942
852 3942
873 3942
892 3942
915 3942
935 3942
956 3942
1010 3942
1025 3942
1064 3942
1098 3942
1110 3942
1111 3942
1113 3942
1168 3942
1197 3942
1211 3942
1216 3942
1220 3942
1226 3942
1273 3942
1293 3942
1307 3942
1308 3942
1319 3942
1338 3942
1341 3942
1348 3942
1350 3942
1409 3942
1423 3942
1448 3942
1450 3942
1454 3942
1456 3942
1457 3942
1459 3942
1459 9553
1462 3942
1463 3942
1482 3942
1482 9553
1482 9929
1497 3942
1531 3942
1533 3942
1548 3942
1574 3942
1585 3942
1597 3942
1637 3942
1639 3942
1640 3942
1647 3942
1655 3942
1666 3942
1704 3942
1707 3942
1708 3942
1709 3942
1710 3942
1715 3942
1716 3942
1719 4702
1741 3942
1755 3942
1780 3942
1788 3942
1790 3942
1802 3942
1805 3942
1823 3942
1825 3942
1832 3942
1834 3942
1835 3942
1837 3942
1851 3942
1858 3942
1882 3942
1883 3942
1884 3942
1885 3942
1892 3942
1908 3942
1943 3942
1973 3942
1979 3942
2003 3942
2013 3942
2028 3942
2066 3942
2082 3942
2108 3942
2168 3942
2200 3942
2250 3942
2257 3942
2288 3942
2291 3942
2305 3942
2315 3942
2328 3942
2329 3942
2330 3942
2340 3942
2355 3942
2374 3942
2377 3942
2382 3942
2407 3942
2407 4702
2437 3942
2462 3942
2467 3942
2469 3942
2481 3942
2493 3942
2498 3942
2498 9929
2503 3942
2503 4702
2504 3942
2515 3942
2539 3942
2539 4702
2546 3942
2547 3942
2641 3942
2673 3942
2767 3942
2828 3942
2843 3942
2970 3942
2978 3942
2986 3942
2996 3942
3007 3942
3040 3942
3043 3942
3105 3942
3133 3942
3153 3942
3187 3942
3188 3942
3192 3942
3218 3942
3276 3942
3283 3942
3337 3942
3337 9929
3340 3942
3351 3942
3354 3942
3355 3942
3366 3942
3366 4702
3367 3942
3378 3942
3378 9929
3391 3942
3392 3942
3420 3942
3421 3942
3422 3942
3422 9929
3423 3942
3424 3942
3465 3942
3494 3942
3504 3942
3506 3942
3511 3942
3516 3942
3539 3942
3541 3942
3542 3942
3562 3942
3576 3942
3628 3942
3632 3942
3639 3942
3641 3942
3642 3942
3651 3942
3657 3942
3668 3942
3672 3942
3674 3942
3678 3942
3699 3942
3713 3942
3714 3942
3716 3942
3742 3942
3758 3942
3770 3942
3774 3942
3783 3942
3796 3942
3797 3942
3806 3942
3810 3942
3814 3942
3816 3942
3822 3942
3829 3942
3841 3942
3848 3942
3849 3942
3850 3942
3852 3942
3857 3942
3858 3942
3870 3942
3872 3942
3880 3942
3880 9553
3883 3942
3892 3942
3912 3942
3913 3942
3915 3942
3919 3942
3921 3942
3922 3942
3923 3942
3926 3942
3928 3942
3944 3942
3945 3942
3964 3942
3966 3942
3972 3942
3983 3942
3991 3942
3992 3942
4002 3942
4011 3942
4015 3942
4016 3942
4073 3942
4074 3942
4090 3942
4090 4702
4090 9929
4097 3942
4114 3942
4115 3942
4129 3942
4130 3942
4132 3942
4141 3942
4142 3942
4154 3942
4174 3942
4186 3942
4188 3942
4190 3942
4190 9929
4192 3942
4193 3942
4212 3942
4215 3942
4233 3942
4267 3942
4281 3942
4286 9553
4289 3942
4310 3942
4310 4702
4323 3942
4342 3942
4343 3942
4347 3942
4347 9553
4359 3942
4414 3942
4424 3942
4437 3942
4437 9929
4453 3942
4463 3942
4473 3942
4477 3942
4484 3942
4512 3942
4522 3942
4581 3942
4583 3942
4586 3942
4632 3942
4647 3942
4651 3942
4673 3942
4674 3942
4680 3942
4686 3942
4686 4702
4695 3942
4697 3942
4701 3942
4703 3942
4726 3942
4730 3942
4742 3942
4747 3942
4749 3942
4750 3942
4751 3942
4774 3942
4775 3942
4784 3942
4788 3942
4790 3942
4791 3942
4791 9929
4805 3942
4806 3942
4811 3942
4818 3942
4819 3942
4820 3942
4820 9553
4821 3942
4826 3942
4827 3942
4828 3942
4829 3942
4830 3942
4832 3942
4834 3942
4838 3942
4839 3942
4841 3942
4855 3942
4857 3942
4865 3942
4869 3942
4873 3942
4873 4702
4875 3942
4877 3942
4884 3942
4887 3942
4889 3942
4893 3942
4916 3942
4920 3942
4922 3942
4924 3942
4928 3942
4949 3942
4951 3942
4952 3942
4955 3942
4959 3942
4960 3942
4961 3942
4963 3942
4982 3942
4990 3942
4991 3942
4994 3942
5000 3942
5001 3942
5004 3942
5005 3942
5013 3942
5016 3942
5025 3942
5034 3942
5047 3942
5054 3942
5056 3942
5070 3942
5087 3942
5097 3942
5100 3942
5102 3942
5104 3942
5109 3942
5129 3942
5130 3942
5133 3942
5135 3942
5144 3942
5157 3942
5162 3942
5166 3942
5168 3942
5170 3942
5172 3942
5177 3942
5182 3942
5188 3942
5211 3942
5223 3942
5224 3942
5230 3942
5244 3942
5244 9929
5248 3942
5257 3942
5264 3942
5276 3942
5279 3942
5280 3942
5286 3942
5286 4702
5289 3942
5302 3942
5320 3942
5321 3942
5350 3942
5358 3942
5365 3942
5372 3942
5372 4702
5373 3942
5379 3942
5383 3942
5389 3942
5393 3942
5395 3942
5395 9553
5397 3942
5404 3942
5405 3942
5405 4702
5422 3942
5485 3942
5485 9553
5485 9929
5491 3942
5492 3942
5493 3942
5494 3942
5495 3942
5496 3942
5506 3942
5507 3942
5511 3942
5521 3942
5532 3942
5534 3942
5537 3942
5569 3942
5575 3942
5578 3942
5582 3942
5595 3942
5596 3942
5597 3942
5599 3942
5612 3942
5617 3942
5623 3942
5631 3942
5632 3942
5646 3942
5657 3942
5658 3942
5668 3942
5670 3942
5671 3942
5673 3942
5674 3942
5681 3942
5685 3942
5686 3942
5686 4702
5697 3942
5698 3942
5698 4702
5703 3942
5717 3942
5722 3942
5726 3942
5729 3942
5731 3942
5731 9553
5756 3942
5786 3942
5792 3942
5803 3942
5844 3942
5875 3942
5892 3942
5903 3942
5904 3942
5911 3942
5926 3942
5930 3942
5937 3942
5938 3942
5953 3942
5956 3942
5960 3942
5960 4702
5964 3942
5966 3942
5972 3942
5976 3942
5977 3942
5979 3942
5987 3942
5990 3942
5993 3942
5998 3942
6002 3942
6002 4702
6024 3942
6080 3942
6081 3942
6090 3942
6118 3942
6130 3942
6130 9553
6160 3942
6169 3942
6172 3942
6184 3942
6188 3942
6195 3942
6196 3942
6198 9553
6206 3942
6208 3942
6273 3942
6281 3942
6295 3942
6305 3942
6315 3942
6315 9553
6315 9929
6331 3942
6333 3942
6337 3942
6338 3942
6350 3942
6379 3942
6384 3942
6394 3942
6407 3942
6412 3942
6421 3942
6428 3942
6428 4702
6432 3942
6432 9929
6437 3942
6437 9553
6438 3942
6441 3942
6442 3942
6447 3942
6460 3942
6460 4702
6473 3942
6490 3942
6499 3942
6520 3942
6531 3942
6539 3942
6561 3942
6568 3942
6570 3942
6573 3942
6580 3942
6585 3942
6594 3942
6597 3942
6598 3942
6600 3942
6613 3942
6616 3942
6621 3942
6637 3942
6650 3942
6660 3942
6665 3942
6665 9553
6669 3942
6670 3942
6672 3942
6680 3942
6703 3942
6711 3942
6735 3942
6765 3942
6773 3942
6780 3942
6783 3942
6810 3942
6810 9929
6812 3942
6818 3942
6819 3942
6821 3942
6828 3942
6842 9553
6860 3942
6864 3942
6865 3942
6871 3942
6873 3942
6892 3942
6900 3942
6902 3942
6904 3942
6922 3942
6925 3942
6941 3942
6944 3942
6944 9553
6944 9929
6949 3942
6955 3942
6971 3942
6976 3942
6977 3942
6978 3942
6985 3942
6987 3942
6990 3942
7000 3942
7010 3942
7040 3942
7053 3942
7058 3942
7058 9553
7064 3942
7065 3942
7072 3942
7095 3942
7100 3942
7104 3942
7106 3942
7109 3942
7115 3942
7116 3942
7122 3942
7123 3942
7124 3942
7125 3942
7127 3942
7129 3942
7131 3942
7134 3942
7134 9553
7137 3942
7137 9929
7139 3942
7140 3942
7141 3942
7156 3942
7164 3942
7165 3942
7167 3942
7171 3942
7172 3942
7176 3942
7177 3942
7183 3942
7185 3942
7185 9553
7231 3942
7231 9553
7233 3942
7251 3942
7259 3942
7285 3942
7289 3942
7292 3942
7298 3942
7298 9553
7301 3942
7320 3942
7325 3942
7333 3942
7335 3942
7355 3942
7357 3942
7368 3942
7371 3942
7379 3942
7386 3942
7388 3942
7400 3942
7404 3942
7407 3942
7416 3942
7417 3942
7430 3942
7438 3942
7438 4702
7443 3942
7446 3942
7459 3942
7459 9929
7462 3942
7463 3942
7465 3942
7468 3942
7475 3942
7511 3942
7533 3942
7538 3942
7539 3942
7543 3942
7547 3942
7584 3942
7592 3942
7605 3942
7606 3942
7607 3942
7608 3942
7624 3942
7626 3942
7637 3942
7638 3942
7639 3942
7643 3942
7650 3942
7658 3942
7687 3942
7697 3942
7700 3942
7703 3942
7724 3942
7726 3942
7731 3942
7735 3942
7742 3942
7744 3942
7758 3942
7768 3942
7771 3942
7792 3942
7794 3942
7802 3942
7811 3942
7816 3942
7821 3942
7822 3942
7825 3942
7827 3942
7832 3942
7839 3942
7843 3942
7843 4702
7849 3942
7863 3942
7863 9929
7868 3942
7871 3942
7876 3942
7915 3942
7919 3942
7959 3942
7960 3942
7992 3942
8002 3942
8011 3942
8012 3942
8021 9929
8026 3942
8031 3942
8036 3942
8044 3942
8054 3942
8065 3942
8095 3942
8100 3942
8116 3942
8117 3942
8118 3942
8140 3942
8140 4702
8145 3942
8167 3942
8167 4702
8169 3942
8172 3942
8175 3942
8180 3942
8182 3942
8189 3942
8192 3942
8211 3942
8212 3942
8217 3942
8222 3942
8228 3942
8244 3942
8257 3942
8257 9553
8277 3942
8299 3942
8315 3942
8331 3942
8335 3942
8349 3942
8350 3942
8353 3942
8354 3942
8403 3942
8415 3942
8429 3942
8446 3942
8448 3942
8451 3942
8452 3942
8453 3942
8462 3942
8469 3942
8470 3942
8474 3942
8475 3942
8476 3942
8476 9553
8479 3942
8480 3942
8482 3942
8486 3942
8488 3942
8491 3942
8492 3942
8506 3942
8517 3942
8528 3942
8543 3942
8549 3942
8555 3942
8558 3942
8559 3942
8562 3942
8565 3942
8566 3942
8570 3942
8577 3942
8589 3942
8594 3942
8603 3942
8652 9553
8661 3942
8664 3942
8664 9929
8667 9553
8680 3942
8683 3942
8684 3942
8685 3942
8697 3942
8698 3942
8700 3942
8701 3942
8705 3942
8717 3942
8721 3942
8747 3942
8748 3942
8748 4702
8754 3942
8755 3942
8758 3942
8760 3942
8770 9553
8771 3942
8772 3942
8776 3942
8777 3942
8780 3942
8780 4702
8787 3942
8791 3942
8792 3942
8800 3942
8803 3942
8811 3942
8811 9929
8812 3942
8814 3942
8816 3942
8817 3942
8818 3942
8834 3942
8849 3942
8862 3942
8874 3942
8880 3942
8883 3942
8885 3942
8886 3942
8898 3942
8899 3942
8914 3942
8924 3942
8930 3942
8966 3942
8972 3942
8974 3942
8983 3942
8985 3942
8992 3942
9047 3942
9050 3942
9070 3942
9123 3942
9152 3942
9162 3942
9177 3942
9178 3942
9186 3942
9191 3942
9202 3942
9213 3942
9213 4702
9221 3942
9223 3942
9230 3942
9236 3942
9236 9929
9256 3942
9259 3942
9260 3942
9274 3942
9281 3942
9293 3942
9300 3942
9308 3942
9316 3942
9326 3942
9327 3942
9327 9553
9328 3942
9332 3942
9333 3942
9340 3942
9367 3942
9379 3942
9389 3942
9393 3942
9394 3942
9428 3942
9428 4702
9431 3942
9434 3942
9444 3942
9453 3942
9454 3942
9455 3942
9456 3942
9457 3942
9489 3942
9509 3942
9514 3942
9525 3942
9525 4702
9540 3942
9541 3942
9543 3942
9563 3942
9569 3942
9571 3942
9590 3942
9603 3942
9608 3942
9612 3942
9613 3942
9617 3942
9633 3942
9646 3942
9656 3942
9660 3942
9662 3942
9662 9553
9662 9929
9668 3942
9670 3942
9674 3942
9677 3942
9683 3942
9685 3942
9686 3942
9687 3942
9725 3942
9727 3942
9731 3942
9732 3942
9734 3942
9735 3942
9738 3942
9738 9553
9739 3942
9745 3942
9774 3942
9796 3942
9828 3942
9832 3942
9836 3942
9841 3942
9865 3942
9887 3942
9892 3942
9893 3942
9904 3942
9910 3942
9911 3942
9921 3942
9946 3942
9950 3942
9956 3942
9958 3942
10001 3942
10015 3942
10016 3942
10022 3942
10050 3942
10067 3942
10068 3942
10078 3942
10080 3942
10094 3942
10113 3942
10116 3942
10120 3942
10136 3942
10137 3942
10140 3942
10146 3942
10155 3942
10157 3942
10159 3942
10160 3942
10166 3942
10170 3942
10179 3942
10182 3942
10189 3942
10192 3942
10197 3942
10200 3942
10205 3942
10216 3942
10218 3942
10221 3942
10224 3942
10225 3942
10229 3942
10247 3942
10259 3942
10261 3942
10269 3942
10270 3942
10273 3942
10275 3942
10277 3942
10286 3942
10291 3942
10294 3942
10297 3942
10297 4702
10301 3942
10319 3942
10320 3942
10322 3942
10345 3942
10355 3942
10359 3942
10407 3942
10425 3942
10429 3942
10432 3942
10433 3942
10457 3942
10461 3942
10466 3942
10466 4702
10467 3942
10471 3942
10472 3942
10473 3942
10477 3942
10481 3942
10483 3942
10495 3942
10504 3942
10518 3942
10534 3942
10547 3942
10566 3942
10570 3942
10571 3942
10573 3942
10574 3942
10575 3942
10585 3942
10590 3942
10592 3942
10592 4702
10611 3942
10616 3942
10620 3942
10624 3942
10626 3942
10627 3942
10629 3942
10636 3942
10638 3942
10650 3942
10653 3942
10656 3942
10662 3942
10670 3942
10673 3942
10676 3942
10676 9929
10681 3942
10685 3942
10693 3942
10704 3942
10711 3942
10713 3942
10724 3942
10726 3942
10728 3942
10729 3942
10732 3942
10767 3942
10778 3942
10781 3942
10782 3942
10783 3942
10785 3942
10788 3942
10794 3942
10798 3942
10802 3942
10803 3942
10806 3942
10808 3942
10809 3942
10811 3942
10817 3942
10829 3942
10865 3942
10869 3942
10872 3942
10872 9553
10877 3942
10878 3942
10884 3942
10903 3942
10904 3942
10904 4702
10905 3942
10906 3942
10910 3942
10911 3942
10932 3942
10936 3942
10937 3942
10939 3942
10940 3942
10949 3942
10955 3942
10956 3942
10957 3942
10962 3942
10962 9553
10963 3942
10964 3942
10967 3942
10968 3942
10973 3942
10974 3942
10978 3942
10981 3942
10985 3942
10986 3942
10992 3942
10992 4702
11020 3942
11021 3942
11022 3942
11023 3942
11026 3942
11026 9929
11027 3942
11029 3942
11030 3942
11038 3942
11039 3942
11044 3942
11045 3942
11049 3942
11052 3942
11055 3942
11060 3942
11064 3942
11071 3942
11075 3942
11079 3942
11085 3942
11085 4702
11085 9553
11097 3942
11100 3942
11102 3942
11103 3942
11108 3942
11115 3942
11120 3942
11140 3942
11146 3942
11151 3942
11152 3942
11162 3942
11171 3942
11173 3942
11181 3942
11181 4702
11182 3942
11183 3942
11184 3942
11207 3942
11210 3942
11243 3942
11243 9929
11251 3942
11253 3942
11259 3942
11280 3942
11280 9553
11280 9929
11281 3942
11288 3942
11292 3942
11293 3942
11296 3942
11297 3942
11298 3942
11306 3942
11311 3942
11314 3942
11320 3942
11334 3942
11336 3942
11375 3942
11375 9553
11376 9553
11377 3942
11379 3942
11396 3942
11398 3942
11399 3942
11404 3942
11411 3942
11412 3942
11414 3942
11414 4702
11424 3942
11425 3942
11426 3942
11428 3942
11429 3942
11438 3942
11439 3942
11444 3942
11445 3942
11446 3942
11447 3942
11447 9553
11451 3942
11458 3942
11462 3942
11481 3942
11485 3942
11490 3942
11495 3942
11505 3942
11512 3942
11518 3942
11546 3942
11580 3942
11595 3942
11612 3942
11623 3942
11626 3942
11640 3942
11649 3942
11653 3942
11664 3942
11671 3942
11677 3942
11679 3942
11680 3942
11681 3942
11685 3942
11687 3942
11688 9929
11692 3942
11694 3942
11700 3942
11705 3942
11706 3942
11707 3942
11710 3942
11710 4702
11710 9929
11713 3942
11728 3942
11734 3942
11735 3942
11741 3942
11747 3942
11748 3942
11752 3942
11754 3942
11755 3942
11766 3942
11776 3942
11777 3942
11778 3942
11779 3942
11780 3942
11780 4702
11782 3942
11790 3942
11797 3942
11800 3942
11808 3942
11809 3942
11810 3942
11813 3942
11822 3942
11823 3942
11823 4702
11824 3942
11825 3942
11827 3942
11828 3942
11829 3942
11831 3942
11834 3942
11834 9553
11836 3942
11847 3942
11851 3942
11852 3942
11860 3942
11860 9553
11860 9929
11876 3942
11886 3942
11900 3942
11906 3942
11944 3942
11953 3942
11958 3942
11959 3942
11961 3942
11962 3942
11965 3942
11965 9929
11969 3942
11972 3942
11977 3942
11987 3942
12004 3942
12009 3942
12026 3942
12056 3942
12064 3942
12071 3942
12072 3942
12074 3942
12075 3942
12093 3942
12147 3942
12147 9929
12148 3942
12149 3942
12149 9553
12154 9396
12158 3942
12160 3942
12166 3942
12180 3942
12192 3942
12210 3942
12214 3942
12218 3942
12221 3942
12252 3942
12284 3942
12290 3942
12292 3942
12300 3942
12303 3942
12307 3942
12314 3942
12322 3942
12343 3942
12349 3942
12350 3942
12352 3942
12354 3942
12355 3942
12364 3942
12365 3942
12366 3942
12367 3942
12368 3942
12369 3942
12386 3942
12391 3942
12406 3942
12407 3942
12410 3942
12420 3942
12422 3942
12425 3942
12429 3942
12430 3942
12433 3942
12433 4702
12436 3942
12447 3942
12448 3942
12454 3942
12456 3942
12459 3942
12460 3942
12464 3942
12467 3942
12477 3942
12478 3942
12485 3942
12486 3942
12488 3942
12489 3942
12490 3942
12492 3942
12494 3942
12511 3942
12511 4702
12512 3942
12515 3942
12521 3942
12522 3942
12526 3942
12527 3942
12530 3942
12532 3942
12536 3942
12537 3942
12547 3942
12558 3942
12596 3942
12604 3942
12605 3942
12612 3942
12613 3942
12615 3942
12616 3942
12617 3942
12618 3942
12619 3942
12627 3942
12628 3942
12631 3942
12633 3942
12633 9929
12639 3942
12641 3942
12642 3942
12645 3942
12648 3942
12655 3942
12660 3942
12661 3942
12662 3942
12664 3942
12664 4702
12665 3942
12667 3942
12667 9553
12669 3942
12672 3942
12676 3942
12677 3942
12682 3942
12684 3942
12687 3942
12689 3942
12691 3942
12697 3942
12700 3942
12703 3942
12704 3942
12716 9553
12721 3942
12725 3942
12741 3942
12755 3942
12761 3942
12769 3942
12777 3942
12802 3942
12806 3942
12810 3942
12832 3942
12833 3942
12877 3942
12877 9553
12880 3942
12881 3942
12881 9553
12882 3942
12885 3942
12885 9929
12891 3942
12896 3942
12899 3942
12906 3942
12906 9553
12925 3942
12927 3942
12950 3942
12961 3942
12967 3942
12968 3942
12991 3942
12996 3942
13026 3942
13026 9553
13083 3942
13094 3942
13095 3942
13096 3942
13097 3942
13098 3942
13098 4702
13100 3942
13100 9553
13113 3942
13115 3942
13117 3942
13129 3942
13133 3942
13134 3942
13140 3942
13143 3942
13144 3942
13144 9553
13149 3942
13154 3942
13164 3942
13166 3942
13169 3942
13187 3942
13189 3942
13190 3942
13191 3942
13192 9553
13195 3942
13196 3942
13201 3942
13202 3942
13202 9553
13202 9929
13204 3942
13212 9553
13223 3942
13233 3942
13236 3942
13238 3942
13243 3942
13253 3942
13315 3942
13317 3942
13323 3942
13324 3942
13325 3942
13325 4702
13326 3942
13328 3942
13329 3942
13477 3942
13540 3942
13545 3942
13545 9553
13548 3942
13554 3942
13555 3942
13571 3942
13579 3942
13589 3942
13589 9553
13589 9929
13600 3942
13750 3942
13752 3942
13755 3942
13813 3942
13821 3942
13821 4702
13833 3942
13849 3942
13850 3942
13850 4702
13935 3942
13939 3942
13949 3942
13950 3942
13961 3942
13964 3942
13966 3942
13974 3942
13976 3942
13977 3942
13978 3942
13979 3942
13981 3942
13984 3942
13991 3942
13992 3942
13993 3942
14005 3942
14035 3942
14043 3942
14046 3942
14047 3942
14048 3942
14049 3942
14050 3942
14051 3942
14081 3942
14086 3942
14103 3942
14119 3942
14120 3942
14122 3942
14124 3942
14125 3942
14126 3942
14273 3942
14274 3942
14276 3942
14277 3942
14278 3942
14279 3942
14280 3942
14283 3942
14375 3942
14440 3942
14441 3942
14443 3942
14492 3942
14493 3942
14495 3942
14496 3942
14497 3942
14499 3942
14500 3942
14502 3942
14503 3942
14505 3942
