14541 14541 307
92 4366
97 4366
342 4366
368 4366
481 4100
481 4118
481 6945
481 8782
481 9119
516 4366
517 4366
540 4366
703 4366
741 4366
748 4366
818 4366
819 4366
823 4366
880 4366
1037 4366
1058 4366
1082 4366
1114 4366
1178 4366
1179 4366
1180 4366
1181 4366
1183 4366
1183 14290
1191 4366
1195 4366
1230 4366
1295 4366
1324 4366
1411 4366
1443 4366
1512 4366
1517 4366
1518 4366
1529 4366
1540 4366
1657 4366
1664 4366
1699 4366
1717 4366
1747 4366
1750 4366
1758 4366
1914 4366
2014 4366
2205 4366
2327 4366
2353 4366
2419 4366
2440 4366
2496 4366
2690 4366
2999 4366
3032 4366
3049 4366
3210 4100
3210 4118
3210 4366
3210 5861
3210 6945
3210 8674
3210 8782
3210 9119
3251 4366
3363 4366
3416 4366
3435 4366
3487 4366
3553 4366
3582 4366
3599 4366
3611 4366
3706 4366
3725 4366
3772 1768
3772 4366
3825 4366
3854 4366
3854 5861
3889 4366
3968 4366
3969 4366
3970 4366
3971 4366
4091 4366
4185 4366
4328 4366
4332 4366
4360 4366
4382 4366
4497 4366
4516 4366
4528 5861
4634 4366
4687 4366
4762 4366
4772 4366
4787 4366
4792 4366
4795 4366
4820 4366
4835 4366
4845 4366
4863 4366
4867 4366
4886 4366
4930 4366
4933 4366
4942 4366
4965 4366
4980 4366
4987 4366
4999 4366
5026 4366
5063 4366
5068 4366
5131 4366
5143 4366
5257 4366
5309 4366
5310 4366
5395 4366
5436 4366
5441 4366
5447 4366
5460 4366
5468 4366
5470 4366
5510 5861
5580 4366
5652 4366
5678 4366
5696 4366
5829 4366
5831 4366
5831 14290
5834 4366
5858 4366
5865 4366
5923 4366
5963 4366
5988 4366
5990 4366
6008 14290
6015 4366
6090 4366
6131 4366
6151 4366
6232 4366
6274 4366
6287 4366
6325 4366
6342 5861
6439 4366
6443 4366
6532 4366
6738 4366
6739 4366
6947 4366
6983 4366
7056 5861
7057 4366
7058 4366
7066 4366
7121 4366
7274 4366
7336 4366
7391 4366
7434 5861
7580 4366
7617 4366
7706 4366
7708 5861
7790 4366
7799 14290
7901 5861
7928 4366
7950 4366
7963 4366
7978 4366
7995 4366
8009 4366
8058 4366
8125 4366
8141 4366
8231 4366
8237 4366
8237 9119
8243 4366
8305 4366
8305 9119
8349 4366
8389 4366
8430 4366
8461 4366
8463 4366
8516 4366
8560 4366
8561 4366
8561 14290
8661 4366
8687 4366
8768 4366
8792 4366
8939 4366
8950 4366
8950 8782
8950 9119
8958 4366
9008 4366
9036 4366
9094 4366
9172 4366
9173 4366
9174 4366
9175 4366
9176 4366
9180 4366
9254 4366
9299 4366
9331 4366
9343 4366
9388 4366
9424 14290
9556 4366
9607 4366
9609 4366
9640 4366
9788 4366
9853 4366
9880 4366
9936 4366
9951 4366
9985 4366
10135 4366
10143 5861
10147 4366
10174 4366
10182 4366
10250 4366
10269 4366
10316 4366
10316 9754
10342 4366
10342 14290
10375 4366
10456 4366
10469 4366
10521 4366
10660 4366
10752 4366
10803 4366
10867 4366
11035 4366
11085 4366
11180 4366
11372 4366
11422 4366
11454 4366
11457 4366
11467 4366
11467 5861
11491 4366
11592 4366
11593 4366
11608 4366
11609 4366
11646 4366
11683 4366
11747 4366
11803 5861
11837 4366
12085 4366
12085 9119
12104 4366
12161 4366
12372 4366
12423 4366
12457 4366
12484 4366
12629 4366
12737 4366
12756 4366
12776 4366
12905 4366
13092 4366
13132 4366
13151 4366
13263 4366
13266 4366
13418 4366
13515 4366
13765 4366
13987 4366
13999 4366
14001 4366
14082 4366
14085 4366
14127 4366
14261 4366
14344 4366
14345 4366
