14541 14541 252
111 12768
113 2930
115 9253
178 12587
211 241
285 451
285 12698
302 2762
302 2784
322 9758
338 9758
414 1712
425 619
425 4645
451 285
476 2716
514 11857
564 10133
619 425
621 4645
639 13210
665 13265
700 10708
701 1726
701 10708
750 2762
896 4694
967 10133
1530 13005
1534 11857
1545 2424
1712 414
1712 2195
1712 2790
1726 700
1726 701
1726 2443
1726 2445
1726 5585
1726 10708
1726 12768
1890 2623
1944 7039
1969 4645
2077 13814
2195 1712
2251 3301
2251 5621
2277 9758
2325 13602
2354 3318
2354 7117
2424 1545
2443 10708
2445 1726
2445 10708
2478 9297
2479 11158
2479 11588
2575 2722
2610 12390
2623 1890
2709 10346
2709 10966
2716 476
2718 2762
2722 2575
2722 2709
2722 4220
2748 3361
2748 6182
2762 750
2762 2718
2762 3411
2762 10988
2784 2930
2790 1712
2849 9758
2851 6879
2882 4752
2900 12587
2930 113
2930 2784
3058 13971
3222 4645
3301 2251
3301 3568
3318 2354
3318 3301
3361 2748
3411 2762
3411 12917
3471 8823
3568 3301
3617 10934
3786 13005
3851 11185
4122 5217
4122 9692
4199 9758
4199 10864
4220 2722
4485 10988
4645 621
4645 1969
4645 3222
4645 6061
4645 9138
4645 9185
4645 12587
4694 896
4694 7936
4752 2882
4752 3815
4906 6001
5103 7047
5217 4122
5217 10892
5217 11745
5217 12593
5479 13602
5585 1726
5621 2251
5890 8669
6001 4906
6061 4645
6182 2748
6744 8051
6879 2851
6997 9758
7039 1944
7117 2354
7299 11879
7318 11879
7338 11879
7660 4752
7936 4694
8051 11745
8669 5890
8956 9758
8986 14072
9138 4645
9138 10988
9185 4645
9229 10892
9248 10892
9248 12593
9253 115
9297 2478
9566 10708
9692 4122
9692 9810
9758 322
9758 338
9758 1753
9758 2277
9758 2849
9758 2910
9758 4199
9758 6997
9758 8956
9758 11086
9758 13499
9763 13005
10133 564
10133 967
10133 6970
10133 10598
10133 11313
10133 13512
10346 10966
10346 11086
10486 12593
10598 10133
10708 700
10708 701
10708 1726
10708 2445
10708 9566
10708 13814
10864 4199
10892 5217
10892 6722
10892 9248
10892 12593
10892 13473
10934 3058
10934 5896
10934 12917
10966 2709
10966 10346
10988 1680
10988 2424
10988 2762
10988 4485
10988 9138
11086 9758
11086 10346
11158 2479
11185 3851
11225 406
11588 2479
11745 5217
11745 8051
11745 12593
11796 13265
11856 11857
11857 514
11857 1534
11857 12668
11879 7299
11879 7318
11879 7338
11879 12593
11897 13105
11979 9758
12023 11897
12390 2610
12440 12939
12543 12768
12587 178
12587 2900
12587 4645
12587 11979
12593 9248
12593 9692
12593 10486
12593 10892
12593 11745
12593 11879
12668 11857
12698 285
12768 111
12768 1726
12917 3411
12917 10934
12933 10133
12939 12440
12965 10133
13005 1530
13005 3786
13005 13310
13105 11897
13210 639
13265 11796
13512 10133
13814 2077
13814 10708
13971 3058
14072 621
14072 8986
14263 1726
