14541 14541 307
40 13845
115 5527
121 11599
122 5474
299 9051
322 11473
333 2059
367 8099
395 7467
401 3973
406 11473
424 13150
425 9597
429 561
448 14140
510 11473
522 6545
608 13464
612 5474
625 12011
730 13150
751 14041
757 561
811 11473
867 7186
972 3118
991 8099
1013 11945
1013 13230
1013 14179
1085 11473
1166 13464
1209 12188
1219 11672
1224 11473
1268 571
1291 9155
1318 14136
1323 14153
1331 8099
1331 13894
1451 14179
1455 6544
1460 9542
1466 5474
1481 8099
1486 11473
1494 2122
1545 11547
1549 14136
1570 13150
1607 12011
1674 8099
1677 13150
1690 9051
1713 8099
1734 13775
1746 14153
1778 9597
1848 5474
1886 11572
1898 4147
1910 12503
1941 8099
1965 5243
1974 11473
1981 5474
2077 13150
2133 103
2143 5474
2169 6135
2189 5705
2201 10776
2203 3973
2235 14153
2238 10823
2240 13150
2252 14179
2259 1214
2264 11473
2277 14218
2349 10823
2424 571
2460 7467
2460 11242
2460 14501
2472 14214
2500 5474
2519 11934
2540 14153
2545 6330
2557 3934
2558 11554
2605 9808
2645 9372
2653 9676
2654 14403
2704 7767
2705 2220
2722 5705
2722 7532
2731 7467
2731 7647
2736 10823
2740 14041
2743 11948
2745 6135
2746 11473
2748 6135
2756 7591
2762 3973
2766 11473
2787 9155
2787 11473
2790 11473
2799 2122
2889 266
2895 8918
2910 11473
2933 3973
2959 6544
2979 14153
3014 8882
3058 13150
3114 4408
3260 13917
3371 11934
3381 9051
3438 571
3445 11942
3626 1133
3737 5474
3865 5474
3950 13479
3998 7467
4121 14153
4125 10823
4155 14169
4274 1337
4296 7467
4351 13837
4367 14199
4442 11341
4460 11473
4539 12268
4619 5474
4619 7467
4619 11572
4619 14449
4620 11672
4643 14356
4667 7752
4668 7752
4713 11948
4722 4372
4722 14153
5021 14136
5036 8918
5096 12011
5126 9104
5377 3973
5549 13464
5572 3973
5663 2122
5715 5474
5761 11934
5787 6544
6031 6135
6047 254
6050 13845
6075 11473
6075 13611
6116 5851
6117 6176
6181 11947
6226 172
6226 7467
6276 14194
6298 3973
6299 1133
6324 9711
6335 8512
6335 11473
6339 2960
6345 1240
6345 3973
6362 3973
6408 11473
6411 11930
6464 14153
6547 11630
6642 11598
6719 14179
6720 13150
6744 6545
6831 8587
6897 12474
6957 7467
6957 8018
6997 5474
7001 6135
7007 13150
7041 5887
7155 11946
7242 14173
7286 3973
7611 2960
7682 14179
7698 3973
7753 6544
7781 14449
7979 12766
8043 3973
8063 5474
8115 11572
8197 3973
8275 14179
8313 2960
8328 6135
8597 6135
8646 3973
8710 12474
8756 13245
8831 11915
8896 2556
8913 13230
8917 11242
8937 6545
8945 8099
8989 1385
9060 11599
9253 10823
9269 8512
9277 8512
9390 14179
9497 8882
9599 12910
9972 9521
9975 6569
10131 12135
10154 11572
10219 11242
10314 7630
10346 3818
10346 9292
10391 278
10708 14153
11065 9372
11072 11768
11074 11473
11106 14179
11109 11672
11145 11934
11170 1133
11194 12649
11213 13844
11225 14153
11247 8512
11260 3973
11325 11473
11327 13398
11355 10303
11389 11005
11441 14212
11526 14140
11543 11061
11578 12622
11606 14133
11738 3973
11856 3973
11856 10861
11856 13775
11878 11473
11921 5851
11971 11473
11979 14218
12003 3973
12012 6330
12012 10401
12068 9155
12151 11630
12390 11915
12444 8512
12543 13150
12545 11473
12590 11473
12651 8882
12668 13150
12706 10823
12768 11473
12768 13150
12807 14136
13162 12011
13274 6946
13303 14153
13424 14153
13449 11785
13463 11473
13473 14179
13541 9676
13814 12503
13853 8918
13973 11473
14104 9597
14263 12649
14452 14449
14517 14153
