14541 14541 2673
50 10416
51 10416
52 10416
56 10416
57 10416
58 10416
58 11338
59 440
59 6544
59 12011
60 9808
60 10416
61 9808
62 10416
63 10416
63 11338
63 11465
65 9808
66 10416
67 10416
68 9808
69 6544
71 10416
72 10416
73 6544
73 9808
73 10416
74 9808
74 10416
74 11338
75 11537
94 6552
94 10416
102 10416
102 12011
112 10416
131 10416
139 5635
139 10416
139 11524
141 8092
141 9808
141 10416
146 10416
156 10416
287 10416
288 5635
288 10416
315 10416
341 10416
347 5635
347 10416
351 11524
377 10416
378 10416
379 9808
379 10416
383 10416
385 10416
388 10416
409 10416
456 10416
481 9808
481 10416
485 10416
525 10416
526 6544
526 10416
528 5851
545 10416
549 9808
549 10416
554 10416
559 10416
572 10416
585 9808
585 10416
613 10416
632 10416
640 5635
640 10416
669 9808
669 10416
670 10416
671 10416
679 4471
679 9808
679 12011
720 10416
726 9808
728 5851
728 9808
728 10416
733 10416
736 6544
736 9808
736 10416
736 12011
738 9808
739 10416
744 5851
747 10416
752 10416
754 9808
754 10416
755 10416
756 10416
759 5635
759 9808
759 10416
760 10416
760 11338
761 10416
774 10416
788 10416
817 5635
817 10416
829 11465
830 11465
839 10416
839 11465
842 9808
844 5635
844 9808
844 10416
852 6176
873 10416
892 9808
892 10416
915 10416
935 10416
956 5851
956 10416
1010 10416
1011 10416
1025 9808
1025 10416
1025 11524
1035 6176
1035 13007
1037 10416
1064 10416
1098 6544
1098 10416
1110 5635
1110 9084
1110 9808
1110 10416
1111 10416
1113 10416
1147 9808
1147 10416
1168 10416
1197 10416
1197 11338
1211 10416
1216 6176
1216 9808
1216 10416
1226 10416
1242 10416
1273 9808
1273 10416
1293 10416
1307 10416
1308 5635
1308 10416
1308 11524
1319 10416
1338 10416
1341 9808
1341 10416
1348 10416
1348 12011
1350 10416
1379 10416
1409 9808
1423 10416
1423 11338
1448 10416
1450 6176
1450 10416
1454 10416
1456 10416
1457 10416
1459 6176
1461 5635
1461 6176
1461 6544
1461 11523
1461 12011
1463 9808
1463 10416
1497 10416
1497 11524
1503 10416
1528 10416
1531 9808
1533 9808
1533 10416
1548 11524
1574 10416
1585 10416
1637 10416
1639 10416
1640 10416
1647 5635
1647 9808
1647 10416
1655 10416
1666 10416
1704 9808
1704 10416
1707 9808
1707 10416
1708 10416
1709 9808
1709 10416
1710 9808
1710 10416
1719 10416
1741 10416
1755 10416
1755 11338
1780 10416
1788 5635
1788 10416
1790 10416
1802 9808
1802 10416
1804 10416
1804 11338
1805 10416
1823 10416
1825 9808
1832 10416
1834 10416
1835 5635
1835 10416
1837 10416
1851 9808
1851 10416
1853 10416
1858 8092
1858 10416
1882 9808
1882 12011
1883 9808
1884 9808
1885 10416
1892 10416
1892 12011
1908 10416
1943 5635
1943 9808
1943 10416
1973 10416
1979 9808
1979 10416
2003 10416
2013 10416
2028 5190
2028 5635
2028 6543
2028 6544
2028 8092
2028 8136
2028 9084
2028 9808
2028 10416
2028 11537
2028 12011
2028 13007
2028 13209
2066 6176
2066 8960
2066 10416
2066 11523
2082 10416
2083 10416
2108 5635
2108 9808
2108 10416
2168 9808
2200 6545
2250 10416
2257 10416
2288 9808
2305 10416
2328 10416
2329 10416
2329 11524
2330 10416
2340 5635
2340 5851
2340 10416
2340 12011
2355 10416
2374 10416
2377 10416
2382 9808
2407 10416
2437 10416
2462 9084
2462 9808
2462 10416
2464 10416
2467 10416
2469 10416
2481 10416
2493 10416
2498 10416
2503 10416
2504 5851
2515 5635
2515 10416
2515 11338
2534 5851
2534 11524
2546 9808
2547 10416
2641 9808
2641 10416
2673 9808
2673 10416
2684 10416
2767 7738
2767 9808
2767 10416
2828 9808
2828 10416
2843 10416
2978 10416
2986 10416
2996 10416
3007 10416
3040 5635
3040 10416
3043 10416
3105 10416
3133 10416
3153 11338
3153 11465
3187 6545
3188 5851
3188 10416
3192 10416
3192 12011
3196 10416
3218 5635
3218 6552
3218 9808
3218 10416
3251 10416
3262 6545
3276 9808
3283 10416
3337 6176
3340 10416
3351 10416
3354 5190
3354 5635
3354 8092
3354 8136
3354 9808
3354 11537
3354 12011
3354 13209
3355 10416
3366 10416
3378 10416
3391 10416
3392 10416
3421 5635
3422 10416
3423 10416
3424 9808
3424 10416
3465 10416
3504 10416
3506 9808
3506 10416
3511 10416
3516 10416
3539 10416
3541 9808
3542 9808
3562 10416
3576 10416
3576 12011
3602 10416
3628 10416
3632 9808
3632 10416
3639 9808
3641 11338
3642 10416
3651 10416
3657 10416
3668 10416
3672 9155
3672 9808
3674 10416
3675 10416
3678 5851
3679 9808
3679 11338
3679 11465
3699 10416
3709 4471
3713 9808
3713 10416
3713 12011
3714 10416
3715 9808
3715 10416
3715 12011
3716 5635
3716 9808
3716 10416
3721 5635
3721 6544
3721 10416
3721 12011
3742 10416
3758 10416
3770 10416
3774 5635
3774 11338
3783 10416
3796 10416
3797 6176
3806 10416
3810 10416
3810 11524
3814 9808
3814 11524
3816 10416
3819 10416
3822 10416
3829 10416
3829 11338
3841 9808
3848 10416
3849 10416
3850 10416
3852 10416
3857 9808
3857 10416
3869 10416
3870 9808
3871 9808
3871 10416
3872 5635
3880 6544
3880 10416
3883 5635
3883 11523
3912 10416
3913 10416
3915 5635
3915 5851
3915 9808
3915 10416
3918 5635
3918 10416
3919 10416
3921 10416
3922 10416
3923 10416
3926 10416
3928 10416
3944 10416
3945 10416
3963 10416
3964 10416
3966 10416
3972 10416
3983 10416
3991 10416
3992 10416
4002 9808
4015 5851
4015 10416
4016 6176
4016 10416
4073 5635
4073 10416
4073 11338
4074 10416
4090 10416
4090 11524
4091 10416
4097 10416
4114 10416
4115 10416
4129 10416
4129 11338
4130 10416
4132 10416
4141 10416
4142 6544
4142 8915
4142 10416
4154 9808
4174 10416
4186 10416
4188 10416
4190 6552
4190 9808
4190 10416
4192 10416
4193 10416
4212 9084
4212 12011
4215 5635
4215 10416
4215 11465
4222 9808
4233 10416
4267 5635
4267 10416
4279 10416
4281 12011
4286 10416
4289 5635
4289 11465
4310 10416
4323 5635
4323 9990
4323 11537
4323 12011
4343 5635
4343 9808
4343 10416
4347 5851
4359 5635
4388 11524
4388 12011
4414 10416
4424 10416
4437 10416
4453 10416
4463 9808
4473 10416
4477 10416
4477 10823
4477 11524
4484 10416
4512 10416
4522 10416
4528 5851
4581 10416
4583 10416
4611 10416
4632 10416
4632 11524
4657 10416
4673 9808
4673 10416
4674 11338
4680 10416
4686 10416
4697 10416
4701 2070
4701 10416
4703 10416
4726 10416
4730 10416
4736 5851
4742 10416
4742 11524
4747 10416
4749 10416
4750 10416
4750 11523
4751 440
4751 6552
4751 9808
4751 10416
4774 10416
4775 6552
4775 9808
4777 6544
4777 12011
4784 10416
4788 10416
4790 6545
4790 10416
4790 12011
4791 11465
4792 6544
4792 10416
4805 10416
4806 10416
4811 5851
4818 10416
4819 5635
4819 5851
4819 9808
4819 10416
4820 10416
4821 9808
4821 10416
4826 2070
4826 9808
4826 12011
4827 5635
4827 5851
4827 9808
4827 12011
4828 10416
4829 10416
4830 10416
4832 10416
4834 10416
4835 9808
4835 11338
4838 9808
4838 10416
4839 6176
4839 11523
4841 10416
4855 5635
4855 10416
4857 5851
4857 6176
4865 10416
4869 5635
4869 10416
4873 9808
4873 10416
4875 10416
4877 10416
4884 9084
4884 10416
4885 10416
4889 9808
4893 9808
4916 10416
4920 5190
4920 5635
4920 11338
4922 10416
4924 10416
4928 10416
4928 12011
4933 5635
4933 6544
4933 10416
4933 11524
4949 9808
4949 11524
4949 12011
4951 11524
4952 12011
4955 5851
4959 10416
4960 5635
4960 6544
4960 12011
4960 12770
4961 11465
4963 12011
4982 10416
4990 10416
4991 10416
5000 9808
5000 10416
5001 10416
5004 10416
5005 10416
5011 6552
5011 9808
5011 10416
5013 10416
5013 11524
5016 10416
5025 5635
5025 9808
5034 9808
5034 10416
5047 9944
5047 10416
5054 10416
5056 9808
5056 10416
5087 9808
5097 6545
5100 10416
5102 11524
5104 10416
5109 10416
5109 11338
5109 11465
5129 10416
5129 11524
5130 10416
5131 5851
5133 10416
5135 10416
5139 5635
5139 10416
5144 6544
5144 9808
5144 10416
5152 12011
5157 10416
5162 10416
5162 11524
5162 12011
5168 9808
5168 10416
5168 12011
5170 6063
5170 9084
5172 10416
5177 5851
5182 9808
5182 10416
5188 11338
5189 440
5189 5635
5189 11524
5189 12011
5191 10416
5209 6545
5211 6544
5211 10416
5211 12011
5223 10416
5224 10416
5230 9808
5230 12011
5244 9808
5244 12011
5248 10416
5257 9808
5264 11524
5276 9808
5276 10416
5276 12011
5279 10416
5280 9084
5280 9808
5280 10416
5280 12011
5286 10416
5289 10416
5302 10416
5320 9808
5320 10416
5321 10416
5321 11524
5350 5635
5350 9808
5350 10416
5358 10416
5365 5635
5365 12011
5372 10416
5373 5635
5373 9808
5373 12011
5379 9808
5383 9808
5383 10416
5389 9808
5389 10416
5393 10416
5393 12011
5395 10416
5397 5851
5404 5851
5405 10416
5491 10416
5492 5635
5492 10416
5493 9808
5493 10416
5494 5635
5494 9808
5494 10416
5495 9808
5495 10416
5496 9808
5496 10416
5506 5851
5507 9808
5507 10416
5511 6176
5511 11523
5521 10416
5532 10416
5534 10416
5537 10416
5550 10416
5553 10416
5569 10416
5575 10416
5575 11524
5578 10416
5578 11465
5582 9808
5582 10416
5595 10416
5596 10416
5596 11338
5597 10416
5599 10416
5610 10416
5612 5635
5612 10416
5617 10416
5623 10416
5631 10416
5632 477
5632 716
5632 10416
5646 5635
5646 10416
5657 10416
5658 9808
5658 12910
5670 5635
5670 6552
5670 9808
5670 10416
5671 5635
5671 10416
5673 10416
5674 6552
5674 9808
5674 10416
5681 10416
5685 6544
5685 10416
5685 11524
5686 4471
5686 9808
5697 10416
5703 10416
5717 10416
5722 10416
5726 10416
5729 10416
5731 9808
5731 12011
5756 10416
5767 9808
5767 10416
5767 11338
5786 10416
5792 6544
5792 10416
5792 12011
5803 10416
5844 10416
5875 5635
5875 9808
5875 12011
5892 12011
5903 10416
5911 5635
5911 10416
5912 10416
5926 10416
5930 10416
5937 5635
5937 8092
5937 10416
5938 10416
5956 9808
5960 10416
5960 11338
5964 10416
5966 9808
5966 10416
5972 6544
5972 10416
5976 5635
5976 10416
5977 10416
5987 5635
5990 10416
5993 10416
5994 10416
5995 5635
5995 10416
5998 5635
5998 9808
5998 11524
5998 12011
6002 10416
6024 5851
6024 10416
6080 10416
6081 10416
6081 11524
6090 4471
6090 11338
6130 10416
6159 5851
6169 10416
6172 10416
6184 9808
6184 10416
6188 9808
6188 10416
6195 9808
6195 10416
6196 10416
6196 12011
6198 10416
6206 9808
6208 9808
6208 10416
6208 12011
6215 9808
6215 10416
6273 10416
6281 6552
6281 9808
6281 10416
6293 9808
6293 10416
6295 10416
6305 10416
6305 11524
6315 10416
6331 10416
6333 10416
6337 11338
6337 11465
6338 9808
6338 10416
6350 10416
6353 6176
6353 9107
6353 10416
6353 11338
6353 11523
6363 10416
6379 9808
6379 10416
6379 12011
6381 10416
6384 10416
6394 10416
6400 10416
6403 10416
6407 5635
6407 10416
6412 2070
6412 5635
6412 9808
6412 10416
6421 10416
6428 10416
6432 9808
6432 10416
6432 12011
6437 10416
6438 10416
6441 5635
6441 10416
6441 12011
6442 10416
6447 9808
6447 10416
6456 10416
6460 10416
6469 4471
6469 6544
6469 8092
6469 8901
6469 9808
6469 12011
6484 9808
6484 10416
6490 477
6490 716
6490 2197
6490 5635
6490 9808
6490 10416
6490 12011
6490 13007
6499 2070
6499 10416
6518 10416
6520 10416
6531 561
6531 2070
6531 5635
6531 9808
6531 10416
6539 10416
6554 10416
6561 5635
6561 6544
6561 6545
6561 10416
6561 12011
6568 10416
6568 11338
6570 5635
6570 9808
6570 10416
6573 10416
6580 10416
6585 10416
6594 10416
6597 440
6597 5635
6597 10416
6598 10416
6600 10416
6600 11338
6613 10416
6616 10416
6621 2070
6621 5635
6621 10416
6637 10416
6650 10416
6660 9808
6660 10416
6665 9808
6669 10416
6670 10416
6672 9808
6672 10416
6680 10416
6703 10416
6711 10416
6715 6544
6715 12770
6735 10416
6751 5635
6751 9808
6751 10416
6751 12011
6765 10416
6773 5635
6773 10416
6780 10416
6783 10416
6789 10416
6810 5635
6810 9808
6810 10416
6810 11524
6810 12011
6818 10416
6819 10416
6821 10416
6828 5635
6828 10416
6830 6176
6830 11523
6842 9084
6859 1083
6859 9808
6859 10416
6859 12910
6860 10416
6860 11524
6864 9808
6864 10416
6865 10416
6868 10416
6871 10416
6873 10416
6892 9808
6900 10416
6902 10416
6904 10416
6922 9808
6925 9808
6925 10416
6941 10416
6944 10416
6949 6176
6949 9220
6949 11523
6955 10416
6958 5851
6971 10416
6971 11338
6976 10416
6977 6176
6977 11523
6978 9808
6978 10416
6985 9164
6987 10416
6990 5635
6990 6544
6990 9808
6991 10416
7000 11524
7010 10416
7040 9808
7053 5851
7053 10416
7058 10416
7064 9808
7064 10416
7065 6544
7065 9808
7065 10416
7065 12910
7080 5635
7080 10416
7095 5635
7095 10416
7100 9808
7100 10416
7104 10416
7106 10416
7109 10416
7109 11523
7115 10416
7116 10416
7122 10416
7123 5635
7123 8901
7123 9808
7124 9808
7124 11338
7124 12011
7126 10416
7126 12011
7127 6545
7129 10416
7131 10416
7134 10416
7137 10416
7139 10416
7140 10416
7141 10416
7156 5635
7156 10416
7156 12011
7164 10416
7165 10416
7167 10416
7171 10416
7172 10416
7176 12011
7177 10416
7177 11524
7183 10416
7185 10416
7216 5635
7216 6544
7216 8092
7216 9808
7216 10416
7216 12011
7231 5635
7231 10416
7233 5635
7233 5851
7233 10416
7259 10416
7285 10416
7289 5851
7289 10416
7292 9808
7292 10416
7298 10416
7301 5635
7301 10416
7320 10416
7325 10416
7333 10416
7335 9808
7335 10416
7350 9808
7350 10416
7357 5851
7357 10416
7368 10416
7371 9808
7371 12011
7379 10416
7386 10416
7388 5635
7388 9808
7388 10416
7388 11524
7400 10416
7404 10416
7407 10416
7407 11524
7416 10416
7417 10416
7417 12011
7430 5635
7430 10416
7438 10416
7443 10416
7444 10416
7446 9808
7459 5635
7459 6544
7459 8502
7459 11537
7459 12011
7459 13209
7462 10416
7463 9808
7463 10416
7465 9808
7465 10416
7466 4471
7466 9808
7468 6544
7468 10416
7474 6545
7475 10416
7475 12011
7486 5635
7486 10416
7495 10416
7511 10416
7533 10416
7538 6544
7538 12011
7539 440
7539 5190
7539 5635
7539 9107
7539 10416
7539 11338
7539 12011
7543 5851
7543 10416
7547 12011
7553 10416
7584 10416
7592 5635
7592 9808
7592 10416
7605 6544
7605 12011
7606 11537
7607 5635
7607 6136
7608 6544
7608 9084
7608 10416
7608 12011
7626 9808
7626 10416
7637 6545
7638 5635
7638 10416
7639 9084
7643 10416
7650 9808
7658 9808
7687 10416
7697 10416
7700 10416
7703 5635
7703 5851
7703 9808
7703 10416
7703 12011
7706 10416
7708 5851
7721 10416
7724 10416
7726 10416
7726 11338
7729 10416
7731 10416
7742 10416
7743 10416
7744 10416
7749 9808
7756 10416
7758 6176
7758 10416
7762 10416
7768 9808
7768 10416
7791 9808
7792 10416
7794 10416
7802 6136
7802 9808
7802 10416
7802 11524
7811 5635
7811 10416
7816 10416
7821 10416
7822 10416
7825 10416
7827 5635
7827 9808
7827 10416
7832 10416
7839 2070
7839 9808
7839 10416
7841 9808
7841 10416
7841 11338
7841 11465
7841 12011
7843 11338
7843 11465
7849 9808
7863 5635
7863 10416
7868 10416
7871 10416
7876 10416
7882 9808
7915 9808
7915 10416
7915 11524
7915 11537
7930 6545
7959 477
7992 10416
8002 10416
8011 5851
8012 10416
8012 11338
8021 5851
8031 12011
8044 5635
8054 11465
8054 11524
8054 12910
8065 10416
8095 10416
8100 10416
8117 10416
8118 10416
8140 10416
8145 6544
8145 9808
8167 10416
8169 10416
8172 9808
8175 6136
8175 9808
8175 10416
8175 11338
8180 5635
8180 10416
8182 10416
8189 10416
8192 9808
8209 5851
8211 11338
8211 11524
8212 10416
8214 9808
8214 10416
8217 10416
8222 10416
8228 9808
8228 10416
8234 10416
8240 10416
8240 11338
8244 10416
8252 10416
8257 10416
8277 6176
8277 11523
8299 10416
8308 5851
8331 9808
8335 10416
8349 10416
8350 5635
8350 10416
8353 5635
8353 9808
8353 10416
8353 12011
8354 10416
8387 9808
8387 10416
8403 10416
8415 5635
8415 9808
8415 12011
8426 5635
8426 10416
8446 10416
8448 9808
8448 10416
8451 10416
8452 5635
8452 10416
8453 9808
8453 12011
8469 10416
8470 10416
8474 5635
8474 11338
8474 11465
8475 5635
8475 10416
8476 5851
8479 9808
8479 10416
8480 12918
8482 10416
8486 9808
8486 10416
8488 10416
8491 10416
8492 10416
8506 10416
8517 10416
8517 11338
8528 5635
8528 10416
8543 10416
8549 10416
8555 10416
8558 10416
8562 5635
8565 9808
8565 10416
8566 9808
8566 11524
8567 5851
8570 9808
8570 10416
8577 10416
8589 9808
8589 10416
8594 5851
8603 6552
8603 12011
8621 9808
8645 12011
8652 10416
8661 9808
8661 10416
8664 10416
8667 8092
8667 9808
8680 10416
8683 6176
8683 11523
8684 10416
8685 10416
8685 11524
8697 12011
8698 9808
8700 10416
8700 11524
8701 10416
8705 10416
8717 10416
8717 11338
8721 5635
8747 10416
8748 10416
8754 9808
8754 10416
8754 11465
8755 10416
8758 2070
8758 8502
8758 9226
8758 9808
8758 10416
8760 10416
8770 10416
8771 10416
8772 10416
8776 11524
8777 10416
8780 5635
8780 9808
8780 10416
8786 8502
8786 9808
8786 12011
8787 5635
8787 8136
8787 11537
8787 13209
8788 10416
8791 9808
8791 11524
8791 12011
8792 10416
8800 9084
8800 9808
8800 12011
8803 10416
8811 6176
8811 11523
8812 10416
8814 10416
8816 9808
8816 10416
8817 12918
8818 9808
8818 10416
8834 9808
8834 10416
8849 9084
8862 10416
8874 10416
8880 10416
8883 5635
8883 9808
8883 10416
8883 11338
8883 12011
8885 10416
8886 10416
8898 2070
8898 6544
8898 9808
8898 12011
8899 5635
8899 9084
8899 9808
8899 10416
8914 10416
8924 9808
8924 10416
8930 10416
8966 10416
8972 10416
8974 5635
8974 10416
8974 11523
8983 8502
8983 10416
8983 12011
8985 9808
8985 10416
8985 11524
8992 7367
8992 9808
9047 9808
9047 11524
9047 12011
9050 10416
9070 10416
9123 9808
9123 10416
9152 10416
9162 10416
9177 10416
9178 10416
9186 10416
9191 10416
9202 6581
9213 10416
9221 10416
9223 10416
9230 5635
9230 10416
9256 10416
9259 10416
9272 10416
9274 5635
9274 10416
9274 12011
9281 10416
9293 10416
9300 10416
9308 10416
9308 11338
9316 10416
9326 11338
9327 10416
9327 10823
9327 11338
9327 11524
9328 10416
9331 10416
9332 10416
9333 10416
9340 10416
9341 10416
9341 12011
9367 10416
9379 10416
9387 12011
9389 10416
9393 10416
9393 11524
9393 12011
9394 9808
9394 12011
9428 716
9428 10416
9431 10416
9434 10416
9444 10416
9453 10416
9454 10416
9455 5851
9456 10416
9457 10416
9467 10416
9488 5635
9488 6544
9488 9808
9488 9990
9489 10416
9509 10416
9514 10416
9525 10416
9540 9808
9540 10416
9541 10416
9543 10416
9546 4471
9546 9808
9546 10416
9563 10416
9569 10416
9570 10416
9571 11338
9589 5851
9589 10416
9589 11524
9589 12011
9603 10416
9608 5635
9608 10416
9611 10416
9611 11338
9612 10416
9613 5851
9633 10416
9645 5851
9645 9808
9646 10416
9653 10416
9656 2070
9656 6544
9656 9808
9656 12011
9660 5635
9660 10416
9662 10416
9668 10416
9670 10416
9677 10416
9683 5635
9683 9808
9685 5635
9685 8502
9685 10416
9686 10416
9687 9084
9724 5851
9725 10416
9727 2070
9727 10416
9731 10416
9732 10416
9734 5635
9734 10416
9735 10416
9738 10416
9739 2070
9739 10416
9739 12011
9745 9808
9745 10416
9745 12011
9751 6544
9751 12011
9774 10416
9784 10416
9796 10416
9796 11524
9798 10416
9801 5635
9801 10416
9801 11524
9828 9808
9828 10416
9832 10416
9832 11524
9836 10416
9841 10416
9844 11524
9865 5851
9865 9808
9865 10416
9865 12011
9892 10416
9893 10416
9893 12011
9904 10416
9910 10416
9910 12910
9911 10416
9921 5851
9921 10416
9921 12011
9933 5635
9933 10416
9946 10416
9950 5635
9950 9808
9950 10416
9950 12011
9956 10416
9958 10416
9995 10416
10001 10416
10015 10416
10016 10416
10022 9808
10022 10416
10033 10416
10041 5635
10041 9808
10041 10416
10042 10416
10066 10416
10068 9808
10068 10416
10074 10416
10078 10416
10080 10416
10094 10416
10113 10416
10116 10416
10120 9808
10136 9808
10136 11338
10136 11465
10137 5635
10137 10416
10140 10416
10146 9808
10146 10416
10153 5851
10155 10416
10157 6545
10157 10416
10159 5851
10159 9107
10159 10416
10159 11465
10160 9808
10160 10416
10166 10416
10170 6176
10179 9808
10179 10416
10179 12011
10182 10416
10189 10416
10192 10416
10197 10416
10200 10416
10200 10823
10200 12011
10205 5635
10216 10416
10221 9808
10221 10416
10224 10416
10225 10416
10229 596
10229 5714
10229 6544
10229 8915
10229 9808
10229 10079
10229 12011
10229 12998
10231 4471
10231 9808
10247 10416
10259 10416
10261 10416
10269 9808
10269 10416
10273 10416
10275 6176
10275 10416
10277 9084
10277 10823
10286 10416
10286 11524
10294 10416
10297 10416
10297 12011
10301 10416
10320 9808
10320 10416
10322 10416
10339 9808
10345 10416
10355 5635
10355 10416
10359 5635
10359 10416
10364 10416
10407 11524
10425 10416
10432 10416
10433 10416
10444 10416
10457 6545
10461 6543
10461 9808
10461 10416
10466 10416
10467 10416
10471 9808
10472 10416
10473 10416
10473 11524
10477 6552
10477 9808
10481 9808
10481 10416
10483 11338
10495 9808
10495 10416
10495 11465
10504 9808
10504 10416
10534 10416
10544 10416
10547 10416
10566 5635
10566 9808
10570 9808
10570 10416
10571 9808
10571 10416
10573 10416
10574 10416
10574 11524
10585 10416
10590 5635
10590 10416
10592 9808
10592 10416
10600 10416
10611 10416
10616 9808
10616 10416
10616 12011
10620 11524
10621 9808
10624 10416
10626 9808
10627 10416
10629 10416
10636 5635
10636 9808
10636 10416
10636 11524
10638 10416
10638 12011
10646 6552
10650 9808
10653 10416
10656 5635
10656 9808
10656 10416
10656 11338
10662 10416
10663 10416
10663 12011
10670 10416
10670 12918
10676 6544
10676 9808
10681 10416
10685 10416
10693 10416
10704 10416
10709 6545
10711 10416
10713 10416
10724 10416
10726 10416
10727 10416
10728 5851
10728 9808
10729 10416
10731 9808
10731 10416
10732 11338
10732 12011
10778 10416
10781 6544
10781 10416
10782 10416
10785 10416
10788 10416
10794 5851
10798 10416
10803 10416
10806 10416
10808 10416
10809 10416
10810 10416
10811 10416
10817 9808
10817 10416
10817 12011
10822 6544
10822 12011
10827 9808
10827 10416
10829 10416
10865 10416
10866 10416
10867 9808
10869 10416
10869 12011
10874 10416
10874 11523
10877 10416
10878 9808
10878 10416
10884 10416
10902 5851
10903 9808
10904 10416
10905 9808
10910 10416
10911 10416
10932 10416
10936 10416
10937 10416
10939 2070
10939 5635
10939 9808
10939 10416
10940 10416
10949 10416
10955 10416
10956 10416
10957 10416
10962 5851
10963 5635
10963 5851
10963 9808
10963 10416
10963 11524
10963 12011
10964 9808
10964 10416
10968 10416
10973 10416
10974 9808
10974 10416
10978 10416
10981 10416
10985 9808
10985 10416
10986 10416
10986 12011
10991 10416
11020 9808
11020 10416
11021 10416
11022 11338
11023 9084
11023 10416
11025 5635
11026 10416
11027 9808
11027 10416
11029 10416
11030 10416
11038 9808
11038 10416
11039 10416
11045 9808
11045 10416
11049 9808
11049 10416
11052 10416
11055 5635
11055 10416
11060 10416
11064 5635
11064 9808
11064 10416
11064 11524
11071 10416
11075 10416
11079 9808
11079 10416
11085 10416
11100 10416
11102 10416
11103 10416
11103 11523
11115 5635
11115 7447
11115 9107
11115 12011
11120 9808
11140 10416
11146 10416
11151 5635
11151 6136
11151 11524
11151 12770
11152 10416
11162 10416
11171 2070
11171 10416
11173 5635
11173 10416
11181 10416
11182 9808
11182 10416
11182 11524
11183 10416
11184 6545
11184 10416
11186 172
11207 10416
11210 10416
11212 10416
11241 9808
11243 10416
11253 10416
11280 10416
11281 10416
11288 9808
11288 10416
11292 10416
11293 10416
11296 10416
11297 10416
11298 10416
11306 10416
11311 10416
11314 5635
11314 10416
11320 10416
11334 10416
11336 10416
11375 5851
11375 10416
11377 9808
11378 5851
11379 10416
11396 5635
11396 6552
11396 9107
11396 9808
11396 12011
11398 10416
11404 10416
11411 440
11411 8092
11412 6544
11412 11524
11413 5635
11413 9808
11413 10416
11413 11524
11413 12011
11414 10416
11415 477
11415 9808
11415 10416
11415 12011
11419 10416
11424 10416
11425 10416
11426 9808
11427 9808
11428 9808
11428 10416
11429 10416
11438 10416
11439 10416
11444 5635
11444 12011
11445 10416
11446 9808
11446 10416
11446 12011
11447 477
11451 9808
11451 12011
11458 5635
11459 10416
11462 9808
11462 12011
11481 9084
11485 9808
11485 10416
11485 11524
11490 10416
11495 9107
11495 9808
11495 10416
11505 10416
11511 11524
11512 10416
11518 10416
11546 9808
11580 10416
11589 9808
11589 10416
11589 12011
11594 5635
11594 5851
11594 9808
11594 10416
11595 5635
11595 10031
11609 10416
11623 10416
11625 10416
11626 10416
11626 11338
11640 9808
11640 10416
11640 11465
11649 9808
11649 10416
11653 5851
11653 9164
11664 10416
11666 10416
11671 6176
11677 10416
11679 5851
11680 6545
11680 9808
11680 10416
11680 12910
11681 5851
11681 6581
11681 12011
11685 10416
11687 9808
11687 10416
11688 6552
11688 9808
11688 10416
11691 10416
11692 10416
11694 11523
11700 10416
11705 6552
11705 12011
11706 10416
11706 12918
11707 5635
11707 9808
11707 10416
11707 11537
11710 10416
11713 9808
11713 10416
11716 5851
11723 9084
11723 9808
11723 10416
11728 10416
11734 9808
11735 5635
11735 10416
11747 9808
11747 10416
11748 9808
11748 10416
11748 11524
11752 10416
11754 10416
11755 10416
11766 5635
11776 10416
11777 10416
11778 10416
11780 10416
11782 10416
11790 10416
11797 5635
11797 10416
11797 11524
11800 10416
11805 10416
11805 11524
11808 10416
11809 10416
11810 10416
11813 5851
11813 10416
11822 9808
11822 10416
11823 10416
11824 9808
11824 10416
11825 10416
11827 10416
11828 10416
11829 10416
11829 12918
11832 9808
11834 477
11834 5635
11834 9808
11834 10416
11834 11338
11834 12011
11836 10416
11844 10416
11847 10416
11851 10416
11852 10416
11860 10416
11860 11338
11876 6176
11876 8960
11876 10416
11876 11523
11886 10416
11900 10416
11906 10416
11944 10416
11953 10416
11958 9084
11958 10416
11959 6545
11961 6544
11961 10416
11962 10416
11965 10416
11969 5635
11969 6544
11972 9808
11972 10416
11972 12011
11977 10416
11987 10416
12004 10416
12009 10416
12026 5635
12026 10416
12056 10416
12064 5635
12064 10416
12071 7367
12071 9808
12072 10416
12074 9808
12074 10416
12075 10416
12093 5635
12093 9808
12093 10416
12093 11338
12093 12011
12147 10416
12148 10416
12149 10416
12149 12011
12154 5635
12154 11537
12154 12011
12154 13209
12158 10416
12160 8960
12168 10416
12168 11338
12180 10416
12192 10416
12210 10416
12214 9808
12218 9808
12221 10416
12252 10416
12284 394
12284 9808
12290 5635
12290 5851
12290 9808
12290 10416
12290 12011
12292 10416
12300 10416
12303 10416
12307 9808
12322 10416
12343 10416
12349 9808
12352 10416
12354 9808
12354 10416
12355 10416
12357 9084
12358 6552
12358 9808
12358 10416
12358 12011
12364 9808
12365 9808
12366 9808
12367 11524
12368 5635
12368 9808
12375 9808
12375 10416
12386 10416
12391 9808
12391 10416
12402 6544
12402 9808
12402 12011
12405 9808
12405 12011
12406 10416
12407 10416
12410 6579
12420 10416
12422 9808
12422 10416
12425 10416
12429 10416
12430 10416
12433 9808
12433 10416
12436 10416
12456 10416
12459 10416
12460 10416
12464 8502
12464 9084
12464 12011
12466 9808
12467 5635
12467 9808
12467 12011
12476 5635
12476 6176
12476 9220
12476 10416
12477 6544
12477 12011
12478 9808
12485 10416
12488 10416
12489 4471
12489 9808
12490 10416
12491 10416
12492 10416
12494 9808
12494 10416
12512 10416
12513 11523
12515 10416
12521 6544
12521 10416
12522 10416
12526 10416
12527 12011
12530 5635
12530 10416
12532 10416
12535 10416
12536 440
12536 10416
12537 10416
12540 10416
12546 10416
12547 10416
12548 10416
12558 9084
12558 12011
12596 5635
12596 9808
12596 10416
12604 10416
12605 10416
12612 10416
12613 10416
12614 10416
12614 11338
12615 5635
12615 10416
12615 11524
12616 6544
12616 9084
12616 10416
12617 6544
12617 8518
12618 9808
12618 12011
12619 10416
12627 10416
12628 10416
12631 10416
12633 10416
12634 5635
12634 12011
12639 10416
12642 10416
12644 10416
12645 8092
12645 10416
12648 6559
12648 9220
12648 10416
12648 10582
12650 10416
12655 10416
12660 4471
12660 9808
12660 9883
12660 10416
12661 5851
12662 5851
12662 10416
12664 10416
12665 10416
12669 9808
12671 9808
12671 10416
12672 10416
12674 9808
12674 10416
12676 11523
12682 9808
12682 10416
12684 9883
12684 10416
12687 10416
12689 9808
12689 10416
12691 3152
12691 9883
12691 10416
12697 10416
12700 5635
12700 9084
12700 10416
12700 12011
12703 10416
12704 10416
12716 10416
12721 10416
12725 10416
12728 9808
12735 10416
12741 9808
12741 10416
12755 10416
12756 10416
12761 10416
12769 10416
12777 10416
12802 10416
12806 10416
12810 12011
12832 10416
12833 10416
12863 10416
12880 10416
12881 9808
12881 10416
12882 10416
12884 10416
12885 10416
12891 10416
12896 10416
12899 10416
12906 9808
12906 10416
12925 440
12925 12011
12927 10416
12943 5851
12950 10416
12956 10416
12961 10416
12967 10416
12991 10416
12996 4471
12996 9808
13026 10416
13083 10416
13094 10416
13095 10416
13096 9808
13096 10416
13097 10416
13099 10416
13113 10416
13115 10416
13117 10416
13133 9808
13134 10416
13139 10416
13140 10416
13141 10416
13143 10416
13144 10416
13149 10416
13154 10416
13161 5714
13161 12011
13161 12742
13164 9808
13166 5851
13166 12011
13169 10416
13187 6544
13187 10416
13189 10416
13190 10416
13191 10416
13192 10416
13195 10416
13196 10416
13199 5851
13199 10416
13201 10416
13202 10416
13204 10416
13212 10416
13223 10416
13232 10416
13233 10416
13235 10416
13236 10416
13238 10416
13243 10416
13253 10416
13312 9808
13314 10416
13315 10416
13317 10416
13323 10416
13323 11523
13323 11524
13324 10416
13325 10416
13326 10416
13327 10416
13328 10416
13329 10416
13344 10416
13477 10416
13533 10416
13540 9808
13540 10416
13545 10416
13548 10416
13554 10416
13571 9808
13571 10416
13577 10416
13578 10416
13589 6176
13589 11523
13593 10416
13600 10416
13750 10416
13751 10416
13752 10416
13755 10416
13813 10416
13821 10416
13821 12011
13833 10416
13849 10416
13850 10416
13850 11465
13935 10416
13939 10416
13949 9808
13950 10416
13961 10416
13964 9808
13966 10416
13974 10416
13976 10416
13977 9808
13977 10416
13978 10416
13981 10416
13984 10416
13989 10416
13990 10416
13992 9808
13992 10416
13993 10416
14005 10416
14031 9808
14031 10416
14032 9808
14032 10416
14032 12011
14035 10416
14043 10416
14046 10416
14047 10416
14048 10416
14049 9808
14050 6552
14050 9808
14050 10416
14051 10416
14081 5635
14081 5851
14081 9808
14081 10416
14086 10416
14119 10416
14120 10416
14121 10416
14122 10416
14123 9808
14123 12011
14124 10416
14124 11524
14124 12011
14125 10416
14126 10416
14273 10416
14274 9808
14276 10416
14277 477
14277 10416
14278 10416
14279 9808
14280 10416
14283 5635
14283 5851
14283 10416
14375 10416
14375 11338
14440 9808
14440 10416
14441 10416
14442 10416
14443 10416
14492 11523
14492 12011
14493 10416
14495 10416
14497 10416
14499 10416
14500 10416
14502 10416
14505 10416
14506 6552
14506 9808
