14541 14541 2227
29 2221
37 220
37 2500
237 7493
308 220
308 714
308 2015
308 2194
308 2221
308 2500
308 2689
308 2691
308 2704
308 2724
308 2739
308 2761
308 2824
308 2829
308 3268
308 4448
308 5171
308 5570
308 5870
308 5920
308 5951
308 7493
308 7967
308 10584
308 10928
308 12152
308 12237
308 13193
308 13535
308 13937
308 14002
411 2734
602 6558
929 45
929 228
929 328
929 395
929 608
929 652
929 690
929 731
929 960
929 1222
929 1579
929 1662
929 1911
929 1935
929 1965
929 2002
929 2032
929 2194
929 2326
929 2500
929 2670
929 2711
929 2722
929 2734
929 2745
929 2761
929 2829
929 2855
929 3077
929 4226
929 4431
929 4913
929 5499
929 5773
929 6397
929 6516
929 7548
929 7561
929 8013
929 9988
929 10584
929 10928
929 11859
929 12237
929 12470
929 12944
929 13114
929 13157
929 13343
929 13535
929 13574
929 13970
929 14102
929 14530
979 107
979 178
979 184
979 187
979 196
979 228
979 233
979 316
979 328
979 393
979 422
979 548
979 567
979 608
979 649
979 652
979 664
979 683
979 691
979 714
979 731
979 824
979 827
979 906
979 914
979 920
979 989
979 1009
979 1015
979 1202
979 1222
979 1224
979 1323
979 1484
979 1579
979 1776
979 1781
979 1846
979 1926
979 1953
979 2015
979 2027
979 2051
979 2088
979 2093
979 2094
979 2127
979 2151
979 2164
979 2178
979 2195
979 2326
979 2372
979 2386
979 2500
979 2501
979 2567
979 2605
979 2621
979 2624
979 2664
979 2689
979 2691
979 2703
979 2708
979 2711
979 2712
979 2720
979 2724
979 2728
979 2730
979 2734
979 2736
979 2745
979 2747
979 2755
979 2761
979 2778
979 2790
979 2800
979 2805
979 2815
979 2829
979 2832
979 2836
979 2848
979 2859
979 2861
979 2868
979 2889
979 2895
979 2899
979 2906
979 2912
979 2914
979 2918
979 2920
979 2923
979 2927
979 2935
979 3056
979 3148
979 3334
979 3359
979 3372
979 3431
979 3719
979 3740
979 3763
979 3865
979 4092
979 4460
979 4995
979 5171
979 5228
979 5381
979 5542
979 5562
979 5570
979 5951
979 6050
979 6059
979 6070
979 6072
979 6075
979 6147
979 6174
979 6182
979 6501
979 6817
979 7094
979 7170
979 7242
979 7493
979 7548
979 7561
979 7579
979 7690
979 8013
979 8186
979 9185
979 9503
979 9605
979 10096
979 10318
979 10549
979 10584
979 10601
979 10615
979 10640
979 10898
979 10928
979 11250
979 11690
979 11859
979 12083
979 12150
979 12151
979 12165
979 12390
979 12502
979 12944
979 13114
979 13270
979 13331
979 13343
979 13355
979 13358
979 13442
979 13508
979 14002
979 14100
979 14418
979 14530
1012 316
1012 2094
1012 11389
1221 8013
1394 690
1394 1222
1394 2171
1394 8013
1394 8186
1394 14530
1724 1662
1724 2735
1724 4226
1724 9185
1724 9503
1724 13358
2222 2280
2222 10584
2332 5171
2385 2386
2385 2734
2385 9988
2475 870
2475 2015
2475 2739
2475 2824
2640 2652
2640 2757
2640 2763
2640 2770
2640 2833
2640 2847
2640 2886
2640 3089
2640 4092
2640 4554
2640 8831
2640 13205
2658 2755
2671 1582
2671 2605
2671 2770
2671 3555
2671 8186
2671 9035
2671 10493
2671 10858
2671 12237
2671 14112
2809 2933
2926 337
2926 690
2926 1323
2926 1416
2926 1582
2926 1964
2926 2015
2926 2501
2926 2704
2926 3411
2926 4297
2926 7493
2926 8513
2926 9133
2926 9931
2926 9972
2926 10584
2926 10858
2926 13331
2998 79
2998 345
2998 683
2998 906
2998 920
2998 2094
2998 2171
2998 2554
2998 2567
2998 2735
2998 3448
2998 3719
2998 4157
2998 5570
2998 7094
2998 7338
2998 8997
2998 9133
2998 10096
2998 12390
3214 7589
3369 2015
3369 11916
3635 178
3635 2280
3635 10346
3689 178
3689 316
3689 548
3689 563
3689 920
3689 989
3689 1776
3689 1953
3689 2163
3689 2164
3689 2194
3689 2195
3689 2280
3689 2326
3689 2500
3689 2636
3689 2649
3689 2704
3689 2710
3689 2711
3689 2730
3689 2755
3689 2766
3689 2829
3689 2853
3689 2859
3689 2889
3689 2892
3689 2895
3689 2906
3689 2927
3689 3016
3689 3047
3689 3089
3689 3201
3689 3335
3689 3412
3689 3431
3689 3763
3689 3865
3689 4475
3689 4661
3689 4800
3689 4846
3689 5562
3689 5570
3689 6046
3689 6059
3689 6070
3689 6174
3689 6182
3689 6220
3689 6397
3689 6817
3689 6964
3689 7170
3689 7271
3689 7338
3689 7412
3689 7561
3689 7564
3689 7885
3689 8186
3689 8922
3689 9934
3689 10005
3689 10318
3689 10346
3689 10464
3689 10542
3689 10549
3689 10601
3689 10898
3689 11901
3689 12145
3689 12593
3689 13343
3689 14000
4123 3047
4211 178
4285 196
4285 652
4285 906
4285 920
4285 959
4285 960
4285 1484
4285 1582
4285 2015
4285 2171
4285 2704
4285 2720
4285 2918
4285 3090
4285 3372
4285 4896
4285 6226
4285 8013
4285 8997
4285 11859
4318 2221
4318 2734
4318 2861
4318 7063
4403 107
4403 178
4403 186
4403 196
4403 228
4403 316
4403 328
4403 422
4403 548
4403 563
4403 567
4403 608
4403 652
4403 691
4403 824
4403 920
4403 989
4403 1323
4403 1582
4403 1781
4403 1953
4403 2051
4403 2080
4403 2093
4403 2163
4403 2171
4403 2178
4403 2275
4403 2477
4403 2500
4403 2621
4403 2636
4403 2689
4403 2691
4403 2708
4403 2710
4403 2712
4403 2724
4403 2739
4403 2747
4403 2755
4403 2761
4403 2766
4403 2771
4403 2778
4403 2824
4403 2833
4403 2836
4403 2848
4403 2872
4403 2875
4403 2889
4403 2892
4403 2905
4403 2906
4403 2912
4403 2935
4403 3047
4403 3201
4403 3334
4403 3335
4403 3359
4403 3412
4403 3555
4403 4069
4403 4082
4403 4661
4403 4800
4403 4846
4403 5171
4403 5228
4403 5338
4403 5920
4403 6059
4403 6072
4403 6075
4403 6174
4403 6182
4403 6220
4403 6226
4403 6397
4403 6719
4403 7017
4403 7094
4403 7170
4403 7271
4403 7338
4403 7561
4403 7564
4403 8922
4403 9133
4403 9248
4403 9605
4403 10318
4403 10464
4403 10542
4403 10928
4403 11859
4403 12083
4403 12111
4403 12145
4403 12150
4403 12151
4403 12152
4403 12165
4403 13331
4403 14000
4403 14004
4403 14530
4493 1881
4493 2093
4493 2734
4493 13157
4493 13944
4494 2093
4494 2691
4494 2734
4494 2735
4494 10584
4764 1964
4764 2015
4764 2892
4764 9775
4764 9931
5057 563
5057 687
5057 989
5057 2703
5057 2755
5057 2863
5057 3865
5057 4995
5057 6147
5057 6262
5057 7144
5057 7548
5057 8186
5057 10892
5057 12203
5066 107
5066 2195
5196 652
5196 959
5196 1911
5196 2002
5196 2670
5196 3555
5196 3778
5196 5570
5196 5965
5196 6322
5196 10584
5196 12019
5197 1983
5197 7967
5500 7561
5625 13
5625 31
5625 45
5625 184
5625 187
5625 188
5625 189
5625 206
5625 226
5625 228
5625 230
5625 233
5625 290
5625 316
5625 328
5625 340
5625 354
5625 393
5625 414
5625 418
5625 429
5625 450
5625 501
5625 548
5625 550
5625 563
5625 567
5625 605
5625 608
5625 611
5625 652
5625 664
5625 683
5625 687
5625 690
5625 691
5625 693
5625 695
5625 697
5625 714
5625 801
5625 824
5625 845
5625 867
5625 870
5625 881
5625 882
5625 906
5625 914
5625 920
5625 959
5625 960
5625 987
5625 988
5625 989
5625 1009
5625 1033
5625 1056
5625 1202
5625 1222
5625 1224
5625 1268
5625 1323
5625 1357
5625 1470
5625 1579
5625 1582
5625 1662
5625 1686
5625 1720
5625 1736
5625 1739
5625 1748
5625 1776
5625 1781
5625 1838
5625 1843
5625 1864
5625 1868
5625 1870
5625 1871
5625 1881
5625 1889
5625 1905
5625 1911
5625 1916
5625 1926
5625 1941
5625 1953
5625 1967
5625 2002
5625 2015
5625 2017
5625 2027
5625 2032
5625 2054
5625 2080
5625 2088
5625 2093
5625 2096
5625 2127
5625 2163
5625 2164
5625 2171
5625 2178
5625 2194
5625 2195
5625 2201
5625 2223
5625 2230
5625 2269
5625 2275
5625 2280
5625 2314
5625 2326
5625 2344
5625 2352
5625 2372
5625 2386
5625 2435
5625 2460
5625 2477
5625 2478
5625 2490
5625 2492
5625 2500
5625 2554
5625 2567
5625 2620
5625 2624
5625 2664
5625 2670
5625 2688
5625 2689
5625 2699
5625 2703
5625 2704
5625 2705
5625 2707
5625 2708
5625 2712
5625 2716
5625 2720
5625 2722
5625 2723
5625 2724
5625 2727
5625 2728
5625 2730
5625 2731
5625 2732
5625 2734
5625 2735
5625 2736
5625 2739
5625 2741
5625 2742
5625 2744
5625 2745
5625 2746
5625 2747
5625 2750
5625 2753
5625 2755
5625 2761
5625 2766
5625 2771
5625 2778
5625 2790
5625 2800
5625 2805
5625 2814
5625 2815
5625 2820
5625 2826
5625 2829
5625 2832
5625 2834
5625 2848
5625 2855
5625 2861
5625 2865
5625 2868
5625 2872
5625 2875
5625 2877
5625 2882
5625 2884
5625 2885
5625 2888
5625 2892
5625 2895
5625 2899
5625 2905
5625 2906
5625 2914
5625 2918
5625 2920
5625 2927
5625 2933
5625 2934
5625 2935
5625 3016
5625 3047
5625 3056
5625 3077
5625 3089
5625 3120
5625 3189
5625 3201
5625 3203
5625 3245
5625 3334
5625 3411
5625 3466
5625 3485
5625 3486
5625 3555
5625 3719
5625 3778
5625 3851
5625 4018
5625 4069
5625 4092
5625 4094
5625 4183
5625 4226
5625 4275
5625 4297
5625 4413
5625 4431
5625 4460
5625 4475
5625 4557
5625 4584
5625 4724
5625 4892
5625 4909
5625 4937
5625 4939
5625 5031
5625 5140
5625 5171
5625 5198
5625 5217
5625 5228
5625 5229
5625 5338
5625 5542
5625 5562
5625 5570
5625 5751
5625 5773
5625 5933
5625 5945
5625 5951
5625 5965
5625 6014
5625 6028
5625 6050
5625 6054
5625 6059
5625 6072
5625 6075
5625 6147
5625 6174
5625 6181
5625 6182
5625 6183
5625 6226
5625 6397
5625 6476
5625 6516
5625 6558
5625 6595
5625 6671
5625 6704
5625 6719
5625 6744
5625 6817
5625 6855
5625 6867
5625 7012
5625 7017
5625 7063
5625 7094
5625 7144
5625 7170
5625 7242
5625 7256
5625 7318
5625 7548
5625 7561
5625 7564
5625 7579
5625 7593
5625 7759
5625 7904
5625 8013
5625 8051
5625 8071
5625 8186
5625 8513
5625 8552
5625 8763
5625 8922
5625 8989
5625 9076
5625 9133
5625 9185
5625 9248
5625 9297
5625 9503
5625 9605
5625 9780
5625 9988
5625 10005
5625 10096
5625 10122
5625 10243
5625 10300
5625 10309
5625 10318
5625 10346
5625 10516
5625 10542
5625 10549
5625 10584
5625 10601
5625 10615
5625 10640
5625 10796
5625 10858
5625 10892
5625 10898
5625 10909
5625 10928
5625 11000
5625 11250
5625 11279
5625 11514
5625 11690
5625 11745
5625 11859
5625 12019
5625 12083
5625 12145
5625 12150
5625 12151
5625 12165
5625 12390
5625 12431
5625 12440
5625 12470
5625 12502
5625 12593
5625 12609
5625 12917
5625 12944
5625 12976
5625 13005
5625 13066
5625 13114
5625 13270
5625 13282
5625 13330
5625 13331
5625 13343
5625 13358
5625 13442
5625 13446
5625 13460
5625 13508
5625 13535
5625 13574
5625 13948
5625 14002
5625 14004
5625 14006
5625 14010
5625 14060
5625 14100
5625 14102
5625 14104
5625 14418
5625 14530
5821 5171
6071 1582
6071 2735
6071 2755
6071 2864
6071 4714
6071 6075
6071 6292
6071 7493
6071 9133
6071 10318
6071 10493
6071 11250
6071 12152
6071 12236
6071 12917
6154 178
6154 189
6154 577
6154 906
6154 1846
6154 1916
6154 2080
6154 2194
6154 2344
6154 2386
6154 2605
6154 2688
6154 2689
6154 2709
6154 2722
6154 2731
6154 2735
6154 2755
6154 2824
6154 2885
6154 2935
6154 3120
6154 3268
6154 4448
6154 5570
6154 5920
6154 6817
6154 7690
6154 7965
6154 9759
6154 9934
6154 10858
6154 12236
6154 13937
6154 14023
6352 190
6352 683
6352 690
6352 1582
6352 1954
6352 2709
6352 4069
6352 10928
6352 12944
6419 881
6419 1838
6419 2751
6419 2889
6419 3393
6419 5542
6486 714
6486 1386
6486 2726
6486 2730
6486 2824
6486 2927
6486 5570
6486 9759
6486 13211
6507 31
6507 178
6507 189
6507 220
6507 328
6507 422
6507 567
6507 608
6507 647
6507 652
6507 683
6507 690
6507 691
6507 697
6507 906
6507 920
6507 1015
6507 1202
6507 1222
6507 1323
6507 1579
6507 1739
6507 1868
6507 1905
6507 1926
6507 1941
6507 1953
6507 1967
6507 2080
6507 2127
6507 2194
6507 2221
6507 2554
6507 2621
6507 2624
6507 2703
6507 2704
6507 2712
6507 2722
6507 2727
6507 2734
6507 2742
6507 2755
6507 2761
6507 2766
6507 2855
6507 2875
6507 2884
6507 2889
6507 2892
6507 2895
6507 2927
6507 3077
6507 3411
6507 4069
6507 4781
6507 4995
6507 5140
6507 5171
6507 5751
6507 5951
6507 6050
6507 6054
6507 6181
6507 6397
6507 6817
6507 7579
6507 7885
6507 9185
6507 10309
6507 10601
6507 10858
6507 12083
6507 12150
6507 12165
6507 12440
6507 12768
6507 12944
6507 13331
6507 13343
6507 13535
6507 13574
6507 14004
6507 14010
6507 14102
6507 14104
6513 1929
6513 1955
6513 1964
6513 2015
6513 2339
6513 2892
6513 9931
6513 11916
6515 1964
6588 1386
6588 1929
6588 1955
6588 1964
6588 2339
6588 9931
6588 10584
6588 11916
6938 563
6938 649
6938 687
6938 989
6938 2500
6938 2703
6938 2755
6938 3865
6938 4995
6938 6147
6938 6262
6938 6722
6938 7548
6938 7893
6938 8013
6938 8186
6938 10892
7158 107
7158 827
7158 2372
7158 2735
7158 5338
7158 7690
7158 7885
7158 9297
7158 13355
7158 13442
7642 13442
7684 45
7684 328
7684 959
7684 1222
7684 1357
7684 1579
7684 1911
7684 1941
7684 2017
7684 2032
7684 2223
7684 2478
7684 2500
7684 2554
7684 2567
7684 2624
7684 2670
7684 2689
7684 2704
7684 2711
7684 2724
7684 2734
7684 2735
7684 2829
7684 2889
7684 2916
7684 3411
7684 3466
7684 4431
7684 5171
7684 5920
7684 5965
7684 6072
7684 6147
7684 6181
7684 6226
7684 7318
7684 7493
7684 7548
7684 7579
7684 8013
7684 8186
7684 9988
7684 10584
7684 11859
7684 12150
7684 13343
7684 14530
7889 13
7889 107
7889 178
7889 184
7889 186
7889 190
7889 220
7889 228
7889 233
7889 316
7889 328
7889 393
7889 418
7889 577
7889 605
7889 635
7889 639
7889 652
7889 683
7889 690
7889 691
7889 696
7889 714
7889 827
7889 845
7889 906
7889 920
7889 987
7889 989
7889 1015
7889 1033
7889 1202
7889 1470
7889 1582
7889 1739
7889 1838
7889 1846
7889 1905
7889 1916
7889 1953
7889 2015
7889 2027
7889 2054
7889 2164
7889 2171
7889 2194
7889 2195
7889 2201
7889 2221
7889 2326
7889 2460
7889 2478
7889 2500
7889 2554
7889 2621
7889 2652
7889 2664
7889 2688
7889 2689
7889 2691
7889 2703
7889 2704
7889 2709
7889 2712
7889 2720
7889 2722
7889 2724
7889 2728
7889 2731
7889 2734
7889 2735
7889 2739
7889 2747
7889 2750
7889 2753
7889 2755
7889 2757
7889 2761
7889 2763
7889 2778
7889 2790
7889 2800
7889 2805
7889 2824
7889 2826
7889 2832
7889 2834
7889 2836
7889 2847
7889 2848
7889 2850
7889 2859
7889 2862
7889 2864
7889 2872
7889 2885
7889 2886
7889 2892
7889 2912
7889 2914
7889 2916
7889 2927
7889 2955
7889 3089
7889 3203
7889 3268
7889 3334
7889 3359
7889 3431
7889 3466
7889 3719
7889 3901
7889 4069
7889 4448
7889 4554
7889 4714
7889 4781
7889 4939
7889 4975
7889 5140
7889 5171
7889 5228
7889 5295
7889 5381
7889 5499
7889 5542
7889 5570
7889 5920
7889 6050
7889 6072
7889 6075
7889 6079
7889 6174
7889 6182
7889 6225
7889 6226
7889 6262
7889 6595
7889 6704
7889 6817
7889 6867
7889 7094
7889 7170
7889 7256
7889 7299
7889 7338
7889 7493
7889 7593
7889 7690
7889 7759
7889 7885
7889 7965
7889 8417
7889 8831
7889 8922
7889 8989
7889 9133
7889 9185
7889 9297
7889 9503
7889 9605
7889 9759
7889 9775
7889 9934
7889 10005
7889 10096
7889 10122
7889 10318
7889 10346
7889 10493
7889 10549
7889 10584
7889 10858
7889 10928
7889 11000
7889 11250
7889 11721
7889 11914
7889 12019
7889 12061
7889 12083
7889 12111
7889 12145
7889 12152
7889 12236
7889 12390
7889 12424
7889 12917
7889 12944
7889 13066
7889 13114
7889 13211
7889 13330
7889 13358
7889 13490
7889 13535
7889 13937
7889 13948
7889 14002
7889 14023
7889 14104
7889 14530
8040 567
8040 710
8040 2833
8040 6719
8368 220
8368 1582
8368 2344
8368 3047
8368 3053
8368 7561
8368 12083
8368 13211
8390 2861
8390 10898
8519 36
8519 45
8519 79
8519 107
8519 110
8519 166
8519 178
8519 184
8519 196
8519 205
8519 206
8519 220
8519 225
8519 226
8519 229
8519 233
8519 290
8519 316
8519 337
8519 340
8519 364
8519 393
8519 422
8519 454
8519 501
8519 548
8519 563
8519 567
8519 577
8519 608
8519 647
8519 649
8519 687
8519 696
8519 710
8519 714
8519 801
8519 824
8519 845
8519 882
8519 906
8519 920
8519 923
8519 987
8519 988
8519 989
8519 1009
8519 1015
8519 1033
8519 1056
8519 1202
8519 1323
8519 1386
8519 1388
8519 1579
8519 1582
8519 1720
8519 1748
8519 1776
8519 1781
8519 1838
8519 1843
8519 1846
8519 1864
8519 1905
8519 1916
8519 1926
8519 1941
8519 1949
8519 1985
8519 2015
8519 2027
8519 2051
8519 2080
8519 2094
8519 2151
8519 2163
8519 2171
8519 2178
8519 2189
8519 2194
8519 2195
8519 2223
8519 2228
8519 2230
8519 2460
8519 2477
8519 2490
8519 2500
8519 2501
8519 2545
8519 2554
8519 2605
8519 2617
8519 2688
8519 2689
8519 2691
8519 2703
8519 2704
8519 2709
8519 2711
8519 2720
8519 2722
8519 2724
8519 2726
8519 2730
8519 2733
8519 2735
8519 2739
8519 2741
8519 2743
8519 2746
8519 2752
8519 2755
8519 2761
8519 2766
8519 2771
8519 2805
8519 2811
8519 2815
8519 2820
8519 2824
8519 2829
8519 2850
8519 2855
8519 2862
8519 2866
8519 2885
8519 2889
8519 2905
8519 2912
8519 2927
8519 2933
8519 2935
8519 2955
8519 3047
8519 3056
8519 3202
8519 3268
8519 3334
8519 3411
8519 3448
8519 3555
8519 3676
8519 3686
8519 3865
8519 3901
8519 3903
8519 3976
8519 4082
8519 4157
8519 4297
8519 4380
8519 4431
8519 4448
8519 4475
8519 4584
8519 4655
8519 4739
8519 4975
8519 4995
8519 5031
8519 5171
8519 5198
8519 5217
8519 5295
8519 5338
8519 5499
8519 5542
8519 5562
8519 5570
8519 5751
8519 5920
8519 5933
8519 5945
8519 5951
8519 6050
8519 6059
8519 6064
8519 6075
8519 6079
8519 6181
8519 6182
8519 6183
8519 6226
8519 6291
8519 6476
8519 6516
8519 6595
8519 6671
8519 6719
8519 7044
8519 7063
8519 7094
8519 7097
8519 7479
8519 7561
8519 7564
8519 7579
8519 7622
8519 7759
8519 7858
8519 7885
8519 7965
8519 8051
8519 8071
8519 8122
8519 8123
8519 8186
8519 8417
8519 8763
8519 8764
8519 8922
8519 8977
8519 9035
8519 9133
8519 9185
8519 9209
8519 9229
8519 9248
8519 9269
8519 9297
8519 9605
8519 9635
8519 9759
8519 9775
8519 9934
8519 9989
8519 10005
8519 10061
8519 10309
8519 10318
8519 10346
8519 10493
8519 10584
8519 10601
8519 10615
8519 10618
8519 10640
8519 10885
8519 10892
8519 10898
8519 10928
8519 11227
8519 11228
8519 11250
8519 11279
8519 11369
8519 11637
8519 11690
8519 11721
8519 11745
8519 12061
8519 12083
8519 12111
8519 12151
8519 12165
8519 12237
8519 12383
8519 12390
8519 12431
8519 12440
8519 12502
8519 12557
8519 12609
8519 12763
8519 12807
8519 12855
8519 12862
8519 12976
8519 13114
8519 13157
8519 13193
8519 13205
8519 13211
8519 13270
8519 13278
8519 13282
8519 13330
8519 13331
8519 13333
8519 13343
8519 13355
8519 13446
8519 13459
8519 13460
8519 13937
8519 13988
8519 14002
8519 14004
8519 14530
8926 140
8926 364
8926 1033
8926 1386
8926 2163
8926 2212
8926 2864
8926 3448
8926 3676
8926 3901
8926 4739
8926 5023
8926 6064
8926 6067
8926 6183
8926 6291
8926 7858
8926 9775
8926 10493
8926 10858
8926 10885
8926 11353
8926 12152
8926 13459
8926 13937
9115 107
9115 196
9115 220
9115 448
9115 548
9115 577
9115 652
9115 691
9115 710
9115 845
9115 1582
9115 1917
9115 1929
9115 1964
9115 1967
9115 2015
9115 2093
9115 2221
9115 2228
9115 2339
9115 2344
9115 2624
9115 2704
9115 2712
9115 2731
9115 2753
9115 2889
9115 2892
9115 3047
9115 3089
9115 4069
9115 4655
9115 5499
9115 5563
9115 5570
9115 5751
9115 7579
9115 7759
9115 9931
9115 10318
9115 11916
9115 11996
9115 13343
9115 13442
9115 13490
9115 14530
9255 228
9255 393
9255 1357
9255 1881
9255 2093
9255 2221
9255 2500
9255 2624
9255 2711
9255 2712
9255 2722
9255 2724
9255 2734
9255 2912
9255 2920
9255 4557
9255 4781
9255 4909
9255 5920
9255 7493
9255 13005
9255 13358
9255 14006
9257 2500
9257 2734
9257 2761
9516 79
9516 714
9516 959
9516 1582
9516 2194
9516 5870
9516 6966
9516 7479
9516 9989
9516 11228
9516 12763
9516 13193
9536 107
9536 1416
9536 2726
9536 2734
9536 2892
9536 5171
9536 14010
9555 337
9555 611
9555 1416
9555 1582
9555 1868
9555 2344
9555 2861
9555 3448
9555 3484
9555 4069
9555 5570
9555 10618
9555 11000
9619 337
9619 1582
9619 1983
9619 2040
9619 2605
9619 2781
9619 2853
9619 2889
9619 2918
9619 3412
9619 3904
9619 4069
9619 5062
9619 6476
9619 6712
9619 7271
9619 7967
9619 9248
9619 10549
9619 14530
9672 233
9672 2734
9672 10318
9672 10584
9703 107
9703 2704
9703 3372
9703 7271
9895 45
9895 611
9895 2350
9895 2711
9895 2735
9895 2892
9895 2920
9895 2933
9895 3466
9895 5171
9895 5198
9895 5562
9895 5920
9895 6226
9895 6516
9895 10196
9895 10898
9895 10928
9895 11000
9895 14530
9905 40
9905 220
9905 229
9905 611
9905 683
9905 959
9905 1582
9905 2605
9905 2689
9905 2703
9905 2739
9905 2805
9905 2832
9905 2889
9905 2955
9905 3719
9905 3778
9905 4157
9905 4183
9905 4431
9905 4936
9905 4975
9905 5846
9905 5870
9905 6558
9905 6966
9905 7094
9905 8648
9905 8977
9905 9989
9905 10601
9905 12019
9905 12237
9905 13278
9905 14002
10046 2094
11094 2935
11317 233
11317 1009
11317 2757
11317 2770
11317 2833
11317 7579
11317 13205
11618 2171
11868 2194
11868 7561
11868 14004
11869 107
11869 2221
11869 2724
11869 10601
11870 220
11870 2015
11870 5570
11870 7561
11870 12152
11870 14002
11871 228
11871 2194
11871 5171
11871 7338
11871 11514
11872 5171
11872 13937
12329 178
12329 220
12329 228
12329 233
12329 2927
12329 4069
12329 5171
12329 6075
12329 13331
12329 14002
12469 691
12469 960
12469 2761
12469 4275
12469 4431
12469 9988
12469 10909
12501 1015
12501 2221
12501 2386
12501 2500
12501 2761
12501 2889
12501 4995
12501 5542
12501 5570
12501 7493
12501 7548
12501 8989
12501 13066
12501 13270
13125 567
13125 1015
13125 1582
13125 2221
13125 2624
13125 2732
13125 2734
13125 2735
13125 5920
13125 7561
13125 7593
13125 8186
13125 10096
13125 14530
13361 914
13361 920
13361 1582
13361 1964
13361 2605
13361 2704
13361 2750
13361 2889
13361 2905
13361 3047
13361 4069
13361 4082
13361 5542
13361 7548
13361 10493
13361 10584
13361 11916
13361 12083
13361 12440
13361 13358
13361 14530
13363 40
13363 186
13363 188
13363 228
13363 290
13363 450
13363 567
13363 683
13363 691
13363 824
13363 920
13363 989
13363 1416
13363 1484
13363 1582
13363 1868
13363 2164
13363 2171
13363 2195
13363 2500
13363 2554
13363 2636
13363 2704
13363 2710
13363 2716
13363 2723
13363 2737
13363 2739
13363 2746
13363 2755
13363 2761
13363 2766
13363 2814
13363 2832
13363 2861
13363 2875
13363 2884
13363 2889
13363 2912
13363 2914
13363 3016
13363 3335
13363 3359
13363 3412
13363 3431
13363 3555
13363 4413
13363 4554
13363 4995
13363 5031
13363 5228
13363 5570
13363 6182
13363 6220
13363 6516
13363 6719
13363 6817
13363 7094
13363 7170
13363 7338
13363 7622
13363 7885
13363 8186
13363 9934
13363 10309
13363 10346
13363 10549
13363 10898
13363 11690
13363 12145
13363 13270
13363 13490
13363 14010
13364 107
13364 186
13364 220
13364 233
13364 567
13364 639
13364 684
13364 845
13364 987
13364 989
13364 1103
13364 1739
13364 1781
13364 2015
13364 2080
13364 2094
13364 2500
13364 2689
13364 2710
13364 2734
13364 2739
13364 2742
13364 2746
13364 2755
13364 2757
13364 2761
13364 2770
13364 2853
13364 2955
13364 3089
13364 3903
13364 4554
13364 4939
13364 5338
13364 5920
13364 5951
13364 6050
13364 7094
13364 7548
13364 7579
13364 8417
13364 9934
13364 10309
13364 10493
13364 10601
13364 10898
13364 10928
13364 11250
13364 12236
13364 12390
13364 13205
13364 13355
13364 13358
13364 13508
13364 14002
13364 14112
13628 220
13628 328
13628 845
13628 1838
13628 1954
13628 2221
13628 2554
13628 2722
13628 2824
13628 2927
13628 3393
13628 3903
13628 5140
13628 5295
13628 5570
13628 6079
13628 9185
13628 10858
13628 11250
13628 13283
13628 14530
13736 8013
14427 5171
