14541 14541 745
50 1497
50 5494
52 5493
57 640
60 5930
66 3562
66 9333
68 13540
315 10116
315 11311
315 14086
379 585
379 1882
379 1883
379 3542
379 4673
379 8145
379 10704
379 11546
379 12218
379 12365
379 12366
526 11259
585 379
585 1882
585 1883
585 3542
585 4673
585 4889
585 5056
585 11546
585 12365
640 57
640 1379
669 14279
752 6904
752 10949
759 4877
759 10592
788 7285
788 8095
788 9300
788 11490
880 12372
956 1423
956 9571
956 14375
1147 3424
1147 6922
1147 6925
1147 11649
1168 66
1197 3105
1293 6570
1379 640
1423 956
1423 9571
1423 14375
1454 1463
1454 8834
1463 1454
1463 8834
1708 8214
1708 10981
1802 2498
1802 4463
1802 4959
1802 8182
1802 8189
1802 8664
1802 13134
1802 13154
1802 13202
1823 13149
1882 1883
1882 3542
1882 4673
1882 4889
1882 5056
1882 12218
1882 12307
1882 12366
1883 379
1883 585
1883 1882
1883 3542
1883 4673
1883 4889
1883 5056
1883 11546
1883 12218
1883 12365
1883 12366
1885 13961
1916 2223
1916 4275
1916 5965
1916 10909
1916 12470
1916 14023
2082 3465
2082 5405
2082 10192
2082 13325
2223 1916
2223 4275
2223 5965
2223 10909
2223 12470
2223 13970
2223 14023
2374 4922
2374 8577
2374 13984
2498 1802
2498 3541
2498 3675
2498 4959
2498 8182
2498 8189
2498 8664
2498 9434
2498 13134
2978 7438
2978 11886
3188 12071
3354 141
3424 1147
3424 6922
3424 6925
3424 7010
3424 11649
3465 5405
3465 10192
3465 13325
3541 2498
3541 3675
3542 379
3542 585
3542 1882
3542 1883
3542 4673
3542 4889
3542 5056
3542 11546
3542 12218
3542 12307
3542 12365
3542 12366
3562 66
3576 10726
3628 7726
3628 8475
3628 9611
3628 11100
3639 12961
3675 2498
3675 3541
3715 11958
3715 13833
3816 4819
3819 4832
3819 10877
3819 11425
3852 7729
3852 13966
3852 14126
3858 5001
3858 11836
3870 3869
4073 10592
4129 4192
4275 1916
4275 2223
4275 5965
4275 10909
4275 12470
4275 14023
4281 5000
4463 1802
4463 2498
4463 4959
4463 8182
4463 8189
4463 8664
4463 9434
4463 13134
4463 13154
4463 13202
4484 13991
4512 11780
4651 1708
4657 6864
4673 379
4673 585
4673 1882
4673 1883
4673 3542
4673 4889
4673 5056
4673 11546
4673 12218
4673 12307
4673 12365
4673 12366
4695 4697
4695 5673
4697 4695
4697 5671
4697 5673
4821 5995
4827 12290
4828 7915
4828 10467
4829 11778
4832 3819
4832 10877
4832 11425
4889 379
4889 585
4889 1882
4889 1883
4889 3542
4889 4673
4889 5056
4889 11546
4889 12218
4889 12307
4889 12365
4889 12366
4922 7172
4922 8577
4959 1802
4959 2498
4959 4463
4959 8182
4959 8189
4959 9434
4959 13134
4959 13154
5000 4281
5047 788
5047 7285
5047 8095
5047 8914
5047 9300
5047 11490
5047 14086
5056 379
5056 585
5056 1882
5056 3542
5056 4673
5056 4889
5056 11546
5056 12218
5056 12307
5056 12366
5157 12697
5248 10673
5350 11404
5405 2082
5405 3465
5405 10192
5405 13325
5493 5494
5493 5496
5493 6215
5494 50
5494 1497
5494 5493
5494 5495
5494 5496
5494 5507
5494 6215
5495 5493
5495 5494
5495 5496
5495 5507
5495 6215
5496 5493
5496 5494
5496 5507
5496 6215
5507 5493
5507 5495
5507 5496
5671 4695
5671 4697
5673 4695
5673 5671
5756 7992
5930 60
5965 4275
5965 10909
5965 12470
5965 14023
5979 8818
6080 6711
6206 7459
6215 5493
6215 5494
6215 5495
6215 5496
6215 5507
6442 12149
6442 12687
6518 11146
6518 11829
6518 12158
6554 9725
6570 1293
6600 7141
6711 6080
6783 9431
6783 11944
6865 10221
6904 10949
6922 1147
6922 6925
6922 7010
6922 11649
6925 1147
6925 3424
6925 6922
6925 7010
6925 11649
7010 1147
7010 6922
7141 6600
7172 4922
7172 13984
7285 5047
7285 8095
7285 8914
7285 9300
7438 2978
7459 6206
7465 8885
7465 10869
7533 10425
7726 3628
7726 8475
7726 9611
7726 11100
7729 3852
7729 13966
7729 14047
7758 10200
7758 12402
7758 12721
7915 4828
7915 8885
7915 10467
7992 5756
8095 788
8095 5047
8095 7285
8095 8914
8095 9300
8095 11490
8095 14086
8145 379
8145 10704
8182 1802
8182 2498
8182 4959
8182 8189
8182 8664
8182 9434
8182 13134
8182 13154
8182 13202
8189 1802
8189 2498
8189 4463
8189 4959
8189 8182
8189 8664
8189 9434
8189 13134
8189 13154
8214 10981
8331 8192
8353 10286
8403 8885
8462 10869
8475 3628
8475 7726
8475 11100
8475 13317
8482 9444
8491 9444
8577 4922
8664 1802
8664 2498
8664 4463
8664 4959
8664 8182
8664 8189
8664 9434
8664 13134
8664 13154
8664 13202
8818 5979
8834 1454
8834 1463
8885 7465
8885 7915
8885 8403
8885 9444
8885 9674
8885 10467
8914 788
8914 7285
8914 8095
8914 9300
8914 11490
8914 14086
8972 8353
8972 10286
9162 11281
9213 11827
9300 788
9300 5047
9300 7285
9300 8914
9300 11490
9300 14086
9308 10685
9333 66
9333 1168
9431 6783
9431 11944
9434 1802
9434 2498
9434 4463
9434 4959
9434 8182
9434 8189
9434 8664
9434 13134
9434 13154
9434 13202
9444 8482
9444 8491
9444 8885
9489 9865
9509 8885
9525 10297
9571 956
9571 14375
9603 13113
9603 14443
9611 3628
9611 7726
9611 8475
9611 11100
9611 13317
9670 10067
9670 11754
9674 8885
9725 6554
9828 14103
10067 11754
10116 315
10116 14086
10192 3465
10192 5405
10192 13325
10200 7758
10200 12402
10200 12721
10221 6865
10286 8972
10297 9525
10319 5596
10425 7533
10467 7915
10467 8885
10592 759
10592 4073
10673 5248
10685 8680
10685 9308
10704 379
10704 8145
10726 3576
10869 7465
10869 8462
10877 3819
10877 11425
10909 1916
10909 2223
10909 4275
10909 5965
10909 12470
10909 13970
10909 14023
10949 6904
10957 13314
10968 12460
10981 1708
10981 8214
11021 8403
11030 11336
11030 11445
11100 3628
11100 7726
11100 9611
11100 13317
11259 526
11281 9162
11311 315
11311 10116
11336 11030
11404 5350
11425 3819
11425 4832
11425 10877
11445 11030
11490 788
11490 5047
11490 8095
11490 8914
11490 9300
11546 379
11546 585
11546 1882
11546 1883
11546 3542
11546 4673
11546 4889
11546 5056
11546 12218
11546 12307
11546 12365
11546 12366
11649 1147
11649 3424
11649 6922
11649 6925
11649 7010
11685 11829
11689 11691
11689 11953
11689 12056
11691 11689
11691 11700
11691 11953
11691 12056
11691 14443
11700 11691
11700 11847
11700 12056
11754 9670
11754 10067
11777 11977
11777 13223
11778 4829
11827 7357
11827 9213
11829 6518
11829 11685
11829 12158
11836 3858
11847 11689
11847 11691
11847 11700
11847 11953
11847 12056
11886 2978
11886 7438
11944 6783
11944 9431
11953 11700
11953 11847
11953 12056
11958 3715
11958 13833
11977 11777
11977 13223
12056 11689
12056 11691
12056 11847
12056 11953
12071 3188
12148 12492
12149 6442
12149 12687
12158 6518
12158 11829
12218 379
12218 585
12218 1882
12218 1883
12218 3542
12218 5056
12218 11546
12218 12307
12218 12365
12290 4827
12307 379
12307 585
12307 1882
12307 1883
12307 3542
12307 4673
12307 4889
12307 5056
12307 12218
12307 12365
12307 12366
12365 379
12365 1882
12365 1883
12365 4673
12365 4889
12365 5056
12365 12218
12365 12366
12366 379
12366 585
12366 1882
12366 1883
12366 3542
12366 4889
12366 5056
12366 11546
12366 12218
12366 12307
12372 880
12386 6172
12402 7758
12402 10200
12402 12721
12460 10968
12470 1916
12470 4275
12470 5965
12470 10909
12470 13970
12470 14023
12492 12148
12526 12547
12547 12526
12687 6442
12687 12149
12697 5157
12721 7758
12721 10200
12721 12402
12761 14441
12884 13939
12961 3639
13113 9603
13113 14443
13134 1802
13134 2498
13134 4959
13134 8182
13134 8189
13134 8664
13134 9434
13134 13154
13149 1823
13154 2498
13154 4463
13154 4959
13154 8182
13154 8189
13154 8664
13154 9434
13154 13202
13202 1802
13202 2498
13202 4463
13202 4959
13202 8182
13202 8189
13202 8664
13202 9434
13202 13134
13202 13154
13223 11777
13223 11977
13314 10957
13317 3628
13317 7726
13317 8475
13317 9611
13317 11100
13325 2082
13325 3465
13325 5405
13325 10192
13540 68
13833 3715
13833 11958
13939 12884
13961 1885
13966 3852
13966 7729
13966 14047
13970 1916
13970 2223
13970 4275
13970 5965
13970 10909
13970 12470
13970 14023
13984 4922
14023 1916
14023 2223
14023 4275
14023 5965
14023 10909
14023 12470
14023 13970
14046 13113
14047 3852
14047 7729
14047 13966
14047 14126
14086 315
14086 788
14086 5047
14086 7285
14086 8095
14086 9300
14086 10116
14086 11311
14086 11490
14103 60
14103 9828
14126 3852
14126 7729
14126 13966
14126 14047
14375 956
14375 1423
14375 9571
14441 12761
14443 9603
14443 13113
