14541 14541 844
1279 560
1279 8370
1279 13028
1279 13504
1322 2544
1322 2713
1322 2857
1322 8363
1322 12797
1322 14314
1360 1669
1360 1725
1360 1761
1360 1798
1360 1815
1360 1833
1360 2627
1360 3547
1360 6620
1360 9855
1360 9857
1360 11082
1360 11927
1363 169
1363 1425
1363 1813
1363 1814
1363 2263
1363 2857
1363 3316
1363 4765
1363 6620
1363 8809
1363 8973
1363 9150
1363 11927
1820 1798
1863 1169
1863 1810
1863 1811
1863 2286
1863 9857
1863 11082
2523 147
2523 837
2523 1425
2523 1725
2523 2299
2523 2627
2523 2857
2523 3273
2523 3282
2523 3798
2523 4291
2523 5195
2523 6688
2523 9150
2523 9855
2523 9857
2523 10632
3006 147
3006 1798
3006 9811
3006 13504
3024 1812
3024 2120
3024 5342
3024 8370
3024 9876
3024 13504
3025 169
3025 2274
3025 2713
3025 3292
3025 7428
3025 8631
3025 9857
3025 12966
3025 13504
3026 6620
3026 8809
3026 9811
3026 12797
3026 12966
3066 169
3066 560
3066 1514
3066 1687
3066 1761
3066 1763
3066 1811
3066 2274
3066 3316
3066 9150
3066 9855
3066 9857
3066 11082
3066 13386
3069 169
3069 1425
3069 2004
3069 2627
3069 2713
3069 3254
3069 3695
3069 5012
3069 6620
3069 8809
3069 9823
3069 9855
3069 9857
3069 9859
3069 11927
3069 13304
3076 815
3076 2274
3076 2343
3076 2627
3076 3273
3076 9150
3076 12966
3080 169
3080 335
3080 1761
3080 1833
3080 2263
3080 2713
3080 3547
3080 4344
3080 9811
3080 9857
3877 1514
3877 2263
3877 2415
3877 5539
3877 7199
3877 8370
3877 8631
3877 10632
3879 335
3879 2274
3879 3234
3879 4902
3879 13498
3879 13504
3987 1086
3987 5012
3987 5424
3987 12966
3987 13504
4138 1764
4138 1798
4138 1810
4138 2544
4138 8809
4138 9857
4138 11927
4187 1764
4187 1800
4187 2004
4187 2263
4187 2535
4187 3695
4187 3832
4187 4341
4187 4765
4187 8809
4187 8973
4187 9811
4187 11082
4187 12396
5905 1725
5905 1798
5905 2415
5905 8370
6328 1086
6328 12396
6334 478
6334 1045
6334 1798
6334 1813
6334 3292
6334 6620
6334 13028
6334 13504
6344 147
6344 1761
6344 2343
6344 5012
6344 7618
6344 8809
6344 8973
6344 12966
6344 14314
6674 1763
6674 2263
6674 2343
6674 8370
6674 9811
6674 11082
6993 2415
6993 4809
6993 4902
6993 9819
6993 10448
6993 12966
7146 2263
7146 7428
7146 9857
7146 12198
7146 12396
7221 793
7221 1761
7221 1800
7221 2343
7221 4517
7221 5012
7221 5409
7221 5622
7221 6620
7221 8809
7221 9150
7221 9562
7221 11082
7558 479
7558 1798
7558 1813
7558 2004
7558 2274
7558 2299
7558 4261
7558 4341
7558 4765
7558 8973
7558 9811
7754 2132
7754 2343
7754 2857
7754 8370
7754 9811
7754 13504
7777 1798
7777 1813
7777 2263
7777 2364
7777 3273
7777 3835
7777 6620
7777 6688
7777 8809
7777 9811
7777 9857
7777 10448
7777 14314
7887 2004
7887 2263
7887 2274
7887 2299
7887 2713
7887 3547
7887 4765
7887 9150
7887 9857
7887 11927
7887 14314
7908 1763
7908 2713
7908 4809
7908 6620
7908 8809
7910 169
7910 1763
7910 1798
7910 2286
7910 3547
7910 4231
7910 6688
7910 8809
7910 9150
7910 9562
7910 11082
7910 12966
7910 13028
7910 13504
7910 14314
7911 859
7911 1425
7911 1669
7911 2713
7911 5012
7911 9811
7911 10448
7911 12140
8266 2343
8266 3547
8266 4765
8266 9562
8266 9811
8266 13504
8268 2713
8268 3234
8268 8370
8268 8809
8269 1812
8269 2286
8269 8370
8269 8631
8269 8809
8269 12396
8269 13504
8271 147
8271 1237
8271 1798
8271 2004
8271 2167
8271 2569
8271 8973
8271 9562
8271 9855
8271 10448
8271 14314
8283 1810
8283 8809
8283 9857
8283 13028
8283 13504
8380 1763
8380 2336
8380 2415
8380 2857
8380 8809
8380 9857
8380 12082
8402 692
8402 1045
8402 1425
8402 1687
8402 1764
8402 1798
8402 1799
8402 2286
8402 2299
8402 2627
8402 3273
8402 3547
8402 4344
8402 4765
8402 5423
8402 6289
8402 6620
8402 8370
8402 8809
8402 9150
8402 9562
8402 10632
8402 11082
8402 14314
8574 1798
8574 2395
8574 8370
8574 8809
8574 9811
8574 10211
8574 12396
8576 1798
8576 2415
8576 3835
8576 8809
8576 12666
8576 13504
8643 479
8643 1218
8643 1425
8643 1798
8643 2004
8643 2336
8643 2535
8643 2627
8643 2713
8643 3547
8643 5783
8643 8809
8643 8973
8643 13504
8732 169
8732 1425
8732 1810
8732 2274
8732 2415
8732 3316
8732 3395
8732 4344
8732 7270
8732 10448
8732 14314
9193 1799
9193 5195
9193 9150
9193 9876
9193 11082
9193 13028
9194 837
9194 893
9194 1798
9194 1799
9194 2263
9194 3282
9194 3292
9194 9562
9194 9855
9194 12797
9266 2535
9266 3195
9266 3954
9266 5414
9266 8809
9266 8973
9266 9857
9266 11927
9278 335
9278 1761
9278 1796
9278 1798
9278 1800
9278 1810
9278 1813
9278 2004
9278 2299
9278 3020
9278 3082
9278 3234
9278 3293
9278 5783
9278 9562
9278 9855
9278 13224
9278 14314
9280 169
9280 1725
9280 1798
9280 7428
9280 12396
9351 1669
9351 2713
9351 8809
9351 9857
9351 12797
9351 13504
9355 1425
9355 1761
9355 1796
9355 2263
9355 2299
9355 2343
9355 3695
9355 3832
9355 4116
9355 4765
9355 5012
9355 8973
9355 9819
9355 9857
9355 12198
9356 169
9356 560
9356 692
9356 1800
9356 2120
9356 2274
9356 2415
9356 2713
9356 3316
9356 5414
9356 6209
9356 7270
9356 9857
9356 10448
9356 13504
9681 169
9681 521
9681 2263
9681 2713
9681 2857
9681 9819
9682 1045
9682 2343
9682 2713
9682 9857
9682 13569
9684 169
9684 1514
9684 2263
9684 2343
9684 2713
9684 2857
9684 4765
9684 5012
9684 5707
9684 8973
9684 9150
9684 10448
9684 11082
9684 12443
9684 13386
9684 14314
9690 2274
9690 3273
9690 5409
9690 8973
9691 1798
9691 1812
9691 2132
9691 2343
9691 2713
9691 3293
9691 4178
9691 5783
9691 6620
9691 9150
9691 9857
9691 10086
9691 10448
9691 11927
9691 14314
10029 2263
10029 2857
10029 13504
11076 521
11076 1762
11076 1810
11076 2336
11076 3395
11076 4096
11076 8809
11076 11904
11076 13386
11076 14039
11440 1798
11440 1799
11440 2415
11440 2544
11440 7270
11440 8809
11440 9857
11440 10448
11440 12396
11440 13028
13033 521
13033 4201
13033 7199
13034 1810
13034 1811
13034 9150
13034 11082
13035 1815
13035 4642
13035 6620
13035 9855
13035 12966
13035 14039
13036 2263
13036 3292
13036 5078
13036 11082
13036 11904
13037 8370
13037 9481
13037 9855
13037 11927
13037 12966
13038 1797
13038 1800
13038 3234
13038 4765
13038 8809
13038 11082
13039 9150
13039 9562
13039 11082
13039 11904
13039 12966
13040 521
13040 1763
13040 1800
13040 1811
13040 2286
13040 4546
13040 13028
13041 521
13041 1812
13041 5342
13041 9857
13041 11082
13041 12966
13042 1764
13042 2120
13042 9481
13042 13028
13043 1811
13043 4590
13043 4642
13043 9481
13043 10211
13043 10448
13044 2336
13044 4481
13044 5342
13044 9855
13046 1045
13046 1796
13046 9857
13046 9876
13046 10448
13047 1811
13047 9819
13047 11927
13047 13386
13047 14039
13048 1764
13048 1796
13048 1800
13048 2343
13049 4096
13049 9481
13049 11927
13050 1811
13050 2120
13051 1762
13051 1796
13051 8370
13051 9481
13051 10448
13052 8809
13052 9819
13052 11082
13052 12966
13053 9855
13054 1797
13054 1814
13054 2415
13054 3547
13054 8973
13056 147
13056 231
13056 479
13056 521
13056 560
13056 692
13056 793
13056 837
13056 876
13056 893
13056 1045
13056 1237
13056 1425
13056 1436
13056 1514
13056 1687
13056 1725
13056 1762
13056 1763
13056 1764
13056 1796
13056 1797
13056 1798
13056 1799
13056 1810
13056 1811
13056 1812
13056 1815
13056 1833
13056 2004
13056 2120
13056 2149
13056 2154
13056 2167
13056 2211
13056 2263
13056 2274
13056 2286
13056 2299
13056 2318
13056 2336
13056 2343
13056 2364
13056 2421
13056 2491
13056 2535
13056 2603
13056 2713
13056 2806
13056 2857
13056 2858
13056 3082
13056 3234
13056 3238
13056 3273
13056 3282
13056 3292
13056 3395
13056 3695
13056 3798
13056 3832
13056 4096
13056 4099
13056 4137
13056 4201
13056 4261
13056 4268
13056 4344
13056 4544
13056 4546
13056 4563
13056 4590
13056 4642
13056 4648
13056 4690
13056 4745
13056 4765
13056 4809
13056 4973
13056 4988
13056 5012
13056 5043
13056 5078
13056 5116
13056 5117
13056 5342
13056 5361
13056 5362
13056 5411
13056 5412
13056 5414
13056 5431
13056 5622
13056 5707
13056 5725
13056 5770
13056 5783
13056 6214
13056 6620
13056 6633
13056 6676
13056 6682
13056 6685
13056 7199
13056 7353
13056 7618
13056 7776
13056 8370
13056 8631
13056 8679
13056 8809
13056 8973
13056 9150
13056 9481
13056 9562
13056 9811
13056 9819
13056 9823
13056 9855
13056 9859
13056 9876
13056 10448
13056 10766
13056 11070
13056 11082
13056 11217
13056 11299
13056 11904
13056 11918
13056 11927
13056 12396
13056 12516
13056 12966
13056 13028
13056 13224
13056 13352
13056 13386
13056 13504
13056 13569
13056 14039
13056 14314
13057 1764
13057 1798
13057 5195
13057 5622
13057 10211
13058 169
13058 1045
13058 1169
13058 1815
13058 2286
13058 2491
13058 3547
13058 9084
13058 9150
13058 10448
13058 11082
13058 11523
13058 11927
13059 1799
13059 2286
13059 9150
13059 9819
13060 521
13060 893
13060 2263
13060 2274
13060 5412
13060 8370
13060 9481
13060 11904
13060 12966
13061 521
13061 1169
13061 3292
13061 9819
13061 13304
13062 521
13062 2120
13062 2263
13062 8631
13062 9857
13062 10448
13062 11904
14369 1800
14369 1812
14369 2569
14369 7428
14369 8809
14369 12198
14369 13504
14370 1810
14370 1813
14370 4480
14370 8809
14370 11299
14371 893
14371 1798
14371 9150
14379 3234
14379 13028
14379 14314
