14541 14541 425
285 7617
360 3251
519 10174
569 7799
569 8950
820 516
990 11593
1084 517
1163 9299
1241 8560
1368 12372
1603 9607
1671 1230
1752 1750
1752 8125
1769 5310
1923 13263
1982 5831
2097 1529
2097 4497
2097 4867
2097 5468
2097 12756
2099 1183
2099 9094
2234 1443
2245 6151
2245 11422
2292 1443
2342 4930
2387 7963
2429 9172
2429 9173
2429 9175
2429 9180
2471 12905
2494 3049
2494 8141
2562 1914
2562 9788
2588 4360
2656 14127
2782 13987
2785 92
2785 11457
2853 3487
2929 9036
2974 5447
2976 8125
2993 2419
2993 5963
2993 9985
3019 4185
3144 8560
3278 1082
3278 6443
3356 10147
3437 10342
3454 4787
3525 1179
3548 5696
3551 5696
3551 6325
3557 9607
3565 11454
3591 3599
3607 5580
3607 8687
3612 1180
3669 1178
3697 11593
3730 97
3730 2327
3730 11593
3731 11593
3732 11593
3734 5831
3734 11593
3735 7995
3735 11593
3737 11593
3739 6015
3759 3825
3759 10174
3759 11454
3779 9607
3782 1082
3830 1082
3860 4382
3860 11593
3929 1230
3929 13999
3975 12484
3977 7799
4120 5580
4121 6008
4127 1114
4164 9299
4255 11457
4255 11592
4440 7963
4492 92
4492 12737
4519 1181
4519 3971
4566 10803
4574 9036
4682 741
4822 9607
4825 1082
4825 6443
4833 13418
4861 8389
4872 13263
4872 14082
4979 5963
4979 12372
5083 1664
5106 7511
5106 8768
5106 13418
5167 517
5167 880
5315 10269
5318 1750
5394 97
5458 13418
5738 1512
5761 7928
5795 12085
5804 1914
5907 11491
5949 12372
5958 1747
5958 13266
5985 9936
5997 5580
5997 8687
6091 5460
6091 13418
6091 13765
6116 9172
6116 9174
6123 1664
6253 1082
6290 5865
6290 13418
6365 1540
6365 4772
6370 5829
6396 6983
6396 8430
6396 8770
6445 8561
6480 7995
6514 10174
6659 7336
6659 8389
6659 11454
6661 880
6666 2496
6666 5580
6667 2496
6668 97
6724 5858
6724 14082
6725 9556
6746 6015
6746 9607
6754 1717
6862 4863
6862 5990
6862 10135
6962 823
6962 1195
6962 7799
6982 8950
7009 10752
7033 9172
7033 9180
7033 12905
7085 4332
7085 9172
7103 9985
7149 8770
7173 10174
7295 5580
7390 5026
7396 5026
7551 4863
7581 3416
7581 4634
7581 14127
7597 12104
7680 4382
7680 4516
7680 11837
7680 12905
7685 1664
7685 9556
7702 9985
7702 11609
7705 9951
7786 4382
7786 4516
7786 11837
7786 12905
7786 13418
7793 1747
7793 13266
8000 1664
8024 880
8037 8141
8063 4930
8093 9175
8093 9254
8093 12085
8093 12905
8153 1750
8155 5988
8155 7963
8155 11683
8187 517
8187 1324
8275 2353
8275 4795
8275 12457
8293 7066
8319 14261
8386 5834
8401 9951
8406 11683
8585 12863
8600 748
8600 3889
8646 7928
8702 1518
8702 4185
8702 6439
8784 11837
8905 4382
8927 7511
8927 8768
8927 13418
9012 2327
9012 2496
9024 7995
9024 10174
9024 10375
9098 1750
9098 8125
9138 481
9138 540
9138 3553
9138 4863
9138 8939
9138 13418
9138 14344
9238 9388
9244 9176
9252 9388
9277 11454
9290 6131
9290 6738
9296 8389
9304 2327
9304 9388
9342 13418
9361 9176
9380 9556
9380 14082
9450 6532
9485 517
9485 1324
9497 8389
9523 9556
9528 1191
9600 9556
9606 8231
9658 703
9658 2205
9700 9607
9700 12629
9700 12905
9702 9173
9733 7617
9750 517
9750 1324
9750 5068
9781 9936
9916 8461
9916 9036
9916 13418
10060 9299
10092 9985
10152 10147
10168 10174
10196 4987
10201 9172
10201 9173
10209 9985
10210 9180
10213 368
10213 5858
10248 823
10248 7617
10249 8560
10347 14082
10382 92
10382 9985
10382 11457
10382 12905
10387 540
10387 748
10387 3553
10387 8237
10387 14344
10474 9388
10488 9985
10489 1443
10489 9985
10580 2419
10580 5963
10581 2419
10581 5963
10668 8231
10668 12737
10715 11180
10753 9607
10759 13266
10764 5460
10775 97
10789 1183
10815 1230
10818 97
10818 9388
10870 92
10870 9607
10870 11457
10879 7995
10879 10174
10898 4987
10899 6131
10899 6738
10927 1191
10927 1517
11008 1758
11040 10174
11057 8243
11057 14085
11098 4516
11098 5990
11098 10135
11117 9299
11194 4185
11235 9951
11235 13266
11351 10174
11417 5026
11417 13266
11453 97
11453 8687
11544 5858
11579 5580
11606 9985
11628 1082
11656 9388
11661 748
11661 3889
11931 819
11999 517
11999 1082
11999 1529
11999 1664
11999 4497
11999 5468
11999 5470
11999 6443
11999 7336
11999 7617
11999 8231
11999 8687
11999 8950
11999 9556
11999 9607
11999 9880
11999 9936
11999 10375
11999 12905
11999 14345
12007 1082
12007 6739
12283 1518
12283 9388
12333 4382
12333 4516
12333 13418
12362 4787
12362 7963
12376 517
12376 4634
12376 4867
12376 5829
12528 1518
12528 9388
12587 10182
12668 6439
12668 9951
12683 8058
12738 10174
12746 7617
12746 8768
12746 9985
12747 5829
12747 9985
12751 2419
12751 5963
12751 9985
13122 10456
13556 13418
13969 5831
13969 11593
14072 9388
14089 1518
14089 9388
