14541 14541 263
161 3439
161 3441
161 4107
161 4108
161 4111
161 4112
161 4113
161 4150
161 4331
161 8957
161 9345
161 9346
161 9465
161 9737
673 3439
673 3441
673 4107
673 4108
673 5557
673 6553
673 6603
673 6677
673 8957
673 9345
673 9346
673 9737
1024 3439
1024 3441
1024 4107
1024 4111
1024 4112
1024 4113
1024 4150
1024 4331
1024 4333
1024 5557
1024 6553
1024 6603
1024 6677
1024 6786
1024 7184
1024 7398
1024 7415
1024 8375
1024 8713
1024 8957
1024 9181
1024 9345
1024 9737
1836 1641
1836 7348
1836 7530
1982 9345
1982 9346
1982 9465
2089 1667
2089 6546
2089 6967
3270 3439
3270 3441
3270 4107
3270 4108
3270 4111
3270 4112
3270 4113
3270 4150
3270 4331
3270 4333
3270 5557
3270 6553
3270 6603
3270 6677
3270 6786
3270 7184
3270 7398
3270 7415
3270 8375
3270 8713
3270 8957
3270 9181
3270 9345
3270 9346
3270 9737
3295 3439
3295 3441
3295 4107
3295 4108
3295 4111
3295 4112
3295 4113
3295 4150
3295 4331
3295 4333
3295 5557
3295 6553
3295 6603
3295 6677
3295 6786
3295 7184
3295 7398
3295 7415
3295 8375
3295 8713
3295 8957
3295 9181
3295 9345
3295 9346
3295 9465
3295 9737
3404 3439
3404 3441
3404 4107
3404 4108
3404 4111
3404 4112
3404 4113
3404 4150
3404 4331
3404 4333
3404 5557
3404 6553
3404 6603
3404 6677
3404 6786
3404 7184
3404 7398
3404 8957
3404 9345
3404 9346
3404 9465
3404 9737
4425 3439
4425 3441
4425 4107
4425 4108
4425 4111
4425 4112
4425 4113
4425 4150
4425 4331
4425 4333
4425 5557
4425 6553
4425 6603
4425 6677
4425 6786
4425 7184
4425 7398
4425 7415
4425 8375
4425 8713
4425 8957
4425 9345
4425 9346
4425 9465
4425 9737
4645 8957
4645 9737
5675 8533
5878 8533
5884 1619
5884 1620
5884 1621
6622 3439
6622 3441
6622 4107
6622 4108
6622 4111
6622 4112
6622 4113
6622 4150
6622 8957
6622 9345
6622 9346
6622 9737
6905 1612
6905 1613
6905 1614
6905 1615
6920 1612
6920 1613
6920 1614
6921 1632
6923 1631
6923 1632
6923 1633
6923 1634
6923 1635
8906 3439
8906 3441
8906 4107
8906 4108
8906 4111
8906 4112
8906 4113
8906 4150
8906 4331
8906 4333
8906 5557
8906 6553
8906 6603
8906 6677
8906 6786
8906 7184
8906 7398
8906 7415
8906 8375
8906 8713
8906 8957
8906 9181
8906 9345
8906 9737
9009 8375
9009 8713
10004 1629
10004 1630
11109 3439
11109 3441
11109 4107
11109 4108
11109 4111
11109 4112
11109 4113
11109 4150
11109 4331
11109 4333
11109 6553
11109 8957
11109 9345
11109 9346
11109 9465
11109 9737
11526 3439
11526 3441
11526 8957
11526 9345
11526 9737
11578 3439
11578 3441
11578 4107
11578 4108
11578 4111
11578 4112
11578 4113
11578 4150
11578 4331
11578 4333
11578 8957
11578 9345
11578 9346
11578 9737
11788 1631
11788 1632
11788 1633
11788 1634
11788 1667
11788 6967
12052 1618
12052 1619
14204 1615
14204 1616
14204 1628
14204 1629
