14541 14541 583
28 10559
104 10559
106 10559
111 10559
113 10559
122 10559
178 10559
181 10559
184 10559
186 10559
190 10559
211 10559
233 10559
241 10559
248 10559
285 10559
302 10559
313 10559
316 2181
325 10559
328 2181
337 10559
338 10559
366 10559
393 10559
406 10559
407 10559
422 10559
425 10559
437 10559
448 10559
450 10559
476 10559
497 10559
501 10559
507 10559
519 10559
555 10559
563 10559
569 10559
601 10559
605 10559
611 10559
619 10559
621 10559
654 10559
664 10559
668 10559
673 10559
685 10559
690 10559
693 10559
701 10559
717 10559
723 10559
732 10559
751 10559
801 10559
812 10559
845 10559
924 10559
954 10559
989 2181
990 10559
999 10559
1009 10559
1085 10559
1097 10559
1139 10559
1142 10559
1162 10559
1163 10559
1192 10559
1222 10559
1224 2181
1253 10559
1255 10559
1333 10559
1346 10559
1419 10559
1444 10559
1446 10559
1455 10559
1464 10559
1534 10559
1542 10559
1544 10559
1546 10559
1562 10559
1570 10559
1577 10559
1596 10559
1603 10559
1644 10559
1671 10559
1686 10559
1726 10559
1739 10559
1752 10559
1753 10559
1769 10559
1776 10559
1777 10559
1782 10559
1829 10559
1871 10559
1887 10559
1900 10559
1904 10559
1921 10559
1926 2181
1937 10559
1941 10559
1944 10559
1976 10559
2081 10559
2097 10559
2098 10559
2099 10559
2104 10559
2117 10559
2133 10559
2135 10559
2151 10559
2164 2181
2173 10559
2178 10559
2195 10559
2204 10559
2219 10559
2234 10559
2238 10559
2245 10559
2251 10559
2258 10559
2265 10559
2308 10559
2368 10559
2388 10559
2443 10559
2445 10559
2472 10559
2474 10559
2502 10559
2541 10559
2562 10559
2610 10559
2652 10559
2704 10559
2705 10559
2709 10559
2710 10559
2714 10559
2716 10559
2718 10559
2727 10559
2734 10559
2735 2181
2736 10559
2740 10559
2742 10559
2744 10559
2746 10559
2748 10559
2750 10559
2751 4552
2754 10559
2755 10559
2756 10559
2757 10559
2758 2181
2759 10559
2760 10559
2761 10559
2762 10559
2763 10559
2764 10559
2766 10559
2776 10559
2778 10559
2784 10559
2789 10559
2790 10559
2793 10559
2815 2181
2817 10559
2825 10559
2833 10559
2836 10559
2847 10559
2859 10559
2866 10559
2867 10559
2871 10559
2886 10559
2889 10559
2890 10559
2895 10559
2910 10559
2917 10559
2930 10559
2940 10559
2949 10559
2974 10559
2976 10559
3010 10559
3014 10559
3016 10559
3058 10559
3092 10559
3114 10559
3131 10559
3201 10559
3204 10559
3242 10559
3268 10559
3278 10559
3297 10559
3301 10559
3330 10559
3341 10559
3361 10559
3365 10559
3377 10559
3389 10559
3394 10559
3405 10559
3411 10559
3438 10559
3477 10559
3481 10559
3486 10559
3492 10559
3495 10559
3555 10559
3568 10559
3575 10559
3608 10559
3617 10559
3648 10559
3717 10559
3763 10559
3768 10559
3865 10559
3929 10559
3948 10559
4010 10559
4069 10559
4077 10559
4148 10559
4199 10559
4210 10559
4226 10559
4256 10559
4325 10559
4380 10559
4395 10559
4460 10559
4464 10559
4525 10559
4545 10559
4554 10559
4566 10559
4567 10559
4570 10559
4588 10559
4593 10559
4605 10559
4613 10559
4620 10559
4645 10559
4682 10559
4713 10559
4786 10559
4860 10559
4861 10559
4881 10559
4909 2181
4958 10559
5074 10559
5082 10559
5090 10559
5105 10559
5106 10559
5132 10559
5163 10559
5178 10559
5187 10559
5217 10559
5220 10559
5298 10559
5330 2181
5355 10559
5381 10559
5394 10559
5396 10559
5420 10559
5426 10559
5439 10559
5454 10559
5466 10559
5478 10559
5479 10559
5570 10559
5571 10559
5583 10559
5587 10559
5604 10559
5624 10559
5629 10559
5639 10559
5640 10559
5641 10559
5661 10559
5738 10559
5740 10559
5751 10559
5773 10559
5828 10559
5873 10559
5991 10559
6052 10559
6055 10559
6057 10559
6059 10559
6061 10559
6065 10559
6072 10559
6091 10559
6112 10559
6127 10559
6141 10559
6177 10559
6220 10559
6224 10559
6226 2181
6230 10559
6253 10559
6285 10559
6290 10559
6296 10559
6298 10559
6299 10559
6314 10559
6318 10559
6354 10559
6356 10559
6410 10559
6445 10559
6471 10559
6491 10559
6501 10559
6547 10559
6551 10559
6584 10559
6712 10559
6719 10559
6724 10559
6727 10559
6744 10559
6746 10559
6763 10559
6816 10559
6939 10559
6956 10559
6997 10559
7017 10559
7021 10559
7034 10559
7083 10559
7097 10559
7099 10559
7135 10559
7155 10559
7161 10559
7173 10559
7193 10559
7206 10559
7295 10559
7343 10559
7402 10559
7412 10559
7414 10559
7431 10559
7564 10559
7588 10559
7628 10559
7685 10559
7705 10559
7716 10559
7730 10559
7759 10559
7765 10559
7779 10559
7793 10559
7808 10559
7819 10559
7974 10559
7997 10559
8024 10559
8030 10559
8066 10559
8071 10559
8157 10559
8205 10559
8275 10559
8293 10559
8313 10559
8410 10559
8418 10559
8520 10559
8564 10559
8584 10559
8597 10559
8620 10559
8676 10559
8702 10559
8740 10559
8757 10559
8763 10559
8831 10559
8881 10559
8925 10559
8937 10559
8965 10559
9012 10559
9034 10559
9066 10559
9074 10559
9082 10559
9095 10559
9099 10559
9137 10559
9138 10559
9139 10559
9140 10559
9157 10559
9165 10559
9167 10559
9205 10559
9209 10559
9229 10559
9248 10559
9252 10559
9265 10559
9291 10559
9315 10559
9380 10559
9391 10559
9400 10559
9493 10559
9500 10559
9566 10559
9574 10559
9587 10559
9606 10559
9692 10559
9733 10559
9742 10559
9758 10559
9770 10559
9807 10559
9810 10559
9972 10559
9975 10559
10005 10559
10019 10559
10030 10559
10052 10559
10061 10559
10096 10559
10151 10559
10161 4552
10314 10559
10346 10559
10391 10559
10455 10559
10601 10559
10708 10559
10764 10559
10858 10559
10892 10559
10913 10559
10928 2181
10998 10559
11003 10559
11017 10559
11054 10559
11074 10559
11098 10559
11145 10559
11158 10559
11160 10559
11225 10559
11236 10559
11328 10559
11348 10559
11409 10559
11410 10559
11441 10559
11475 10559
11508 10559
11519 10559
11521 10559
11543 10559
11578 10559
11745 10559
11784 10559
11794 10559
11806 10559
11839 10559
11857 10559
11896 10559
11897 10559
11931 10559
11971 10559
11979 10559
11983 10559
12003 10559
12012 2181
12023 10559
12025 10559
12036 10559
12061 10559
12145 10559
12150 10559
12227 10559
12278 10559
12333 10559
12390 10559
12424 10559
12431 10559
12543 10559
12557 10559
12587 10559
12593 10559
12668 10559
12683 10559
12696 10559
12727 10559
12768 10559
12778 10559
12801 10559
12856 10559
12944 10559
13005 10559
13085 10559
13114 10559
13122 10559
13131 10559
13211 10559
13332 10559
13355 10559
13407 10559
13442 2181
13473 10559
13475 10559
13499 10559
13560 10559
13566 10559
13740 10559
13814 10559
13820 10559
13825 10559
13931 10559
13969 10559
13971 10559
13972 10559
13973 10559
13975 10559
14002 10559
14010 2181
14017 10559
14024 10559
14056 10559
14059 10559
14060 10559
14072 10559
14088 10559
14102 2181
14104 2181
14299 10559
14306 10559
