14541 14541 143
229 649
229 654
290 2081
299 10346
414 907
425 5549
451 9222
555 626
626 555
649 229
649 654
654 229
654 649
753 12707
907 414
959 960
990 991
991 990
1024 9009
1024 11576
1088 8303
1481 12731
1526 1596
1596 1526
1644 5187
1854 11390
1917 2043
2043 1917
2081 290
2095 1904
2126 3253
2126 5155
2265 3116
2325 5479
2604 2799
2744 4937
2799 2604
2881 3376
2881 5132
2958 9755
3003 3004
3004 3003
3116 2265
3148 299
3148 10346
3148 12424
3253 2126
3253 5155
3349 4308
3360 4464
3362 7092
3376 5132
3412 5692
3568 3608
3608 3568
3722 4176
4005 5098
4005 5463
4179 5462
4179 7050
4308 3349
4435 5744
4464 3360
4532 4533
4533 4532
4722 6324
5098 4005
5098 4633
5098 5463
5103 6069
5106 8927
5132 2881
5132 3376
5155 2126
5155 3253
5187 1644
5290 5292
5292 5290
5439 7886
5462 4179
5463 4005
5463 4633
5549 425
5621 11236
5692 3412
5744 4435
6067 6803
6069 5103
6404 6405
6405 6404
6641 6847
6662 6663
6663 6662
6767 6769
6769 6767
6803 6067
7050 4179
7050 5462
7092 3362
7299 7318
7299 7338
7318 7299
7318 7338
7338 7299
7338 7318
7803 12333
7850 14284
8303 1088
8313 9161
8870 8871
8871 8870
8927 5106
9009 11576
9161 8313
9222 451
9755 2958
9840 1744
10346 299
10346 12424
10546 11854
10792 11322
11231 7224
11236 5621
11322 10792
11390 1854
11576 1024
11576 9009
11854 10546
12115 6717
12333 7803
12424 299
12424 3148
12424 10346
12680 2794
12731 1481
13268 13299
13299 13268
13428 13619
13541 750
13619 13428
13973 13975
13975 13973
14284 7850
