14541 14541 133
34 7467
91 11087
431 8247
453 14196
704 5474
704 11948
796 11630
800 14146
856 5474
884 1133
958 11947
1090 9150
1090 14182
1118 3973
1118 9155
1232 9578
1263 13466
1384 3973
1420 9578
1468 9808
1510 4161
1566 13230
1604 12901
1695 3973
1705 11801
1826 11607
2103 14177
2243 2526
2333 9578
2341 2122
2487 14366
2518 271
2542 12549
2565 14431
2600 14322
2816 310
2977 3973
3062 11599
3078 3973
3085 11599
3155 14183
3180 1133
3200 14146
3249 14356
3294 7467
3434 3973
3446 12212
3483 11948
3535 5474
3543 8512
3563 9578
3574 14430
3700 7467
3700 8918
3787 5384
3794 3661
4526 1133
4547 9263
4940 9051
4971 11087
5469 4625
5555 14146
5558 3973
5709 13538
5845 251
5845 11941
5867 9372
5918 12054
6021 8882
6185 14155
6383 11909
6463 9578
6496 11599
6524 252
6730 5474
6730 9954
6777 11948
6969 3973
6975 2346
7048 9150
7048 14098
7088 3275
7230 13170
7312 13230
7328 8099
7354 14196
7435 1133
7435 3973
7435 10416
7506 13373
7560 14146
7707 11732
7748 11630
7906 14356
7948 1133
8106 10434
8113 14513
8127 9578
8138 11229
8138 12909
8276 7467
8427 2122
8495 5474
8538 3973
8610 4529
8715 2528
9022 14149
9117 9578
9151 9150
9324 9578
9445 13308
9764 9578
9848 8591
10058 11948
10072 14430
10228 9954
10241 11948
10372 7752
10388 5474
11767 11599
11787 3973
12251 2122
12362 7467
12381 5474
12396 13672
12626 11442
12837 2346
13215 14180
13921 3661
14054 14356
14272 13611
14348 14181
14423 3973
