14541 14541 1471
50 10559
51 10559
52 10559
57 10559
58 10559
60 10559
61 10559
62 10559
63 10559
64 10559
65 10559
66 10559
67 10559
68 10559
71 10559
72 10559
73 10559
74 10559
102 10559
112 10559
131 10559
139 10559
141 2181
146 10559
156 10559
287 10559
288 10559
341 10559
347 10559
351 10559
377 10559
379 10559
383 10559
385 10559
388 10559
409 10559
456 10559
481 10559
526 10559
549 10559
554 10559
559 10559
572 10559
585 10559
613 10559
632 10559
640 10559
669 10559
670 10559
679 2181
720 10559
733 10559
736 10559
739 10559
747 10559
752 10559
754 10559
756 10559
760 10559
761 10559
774 10559
788 10559
817 10559
829 10559
830 10559
839 10559
844 10559
852 10559
873 10559
892 10559
915 10559
935 10559
1010 10559
1025 10559
1037 10559
1064 10559
1098 10559
1110 10559
1111 10559
1113 10559
1147 10559
1168 10559
1197 10559
1216 10559
1220 10559
1226 10559
1242 10559
1273 10559
1293 10559
1307 10559
1308 10559
1319 10559
1338 10559
1341 10559
1348 10559
1350 10559
1379 10559
1409 10559
1423 10559
1450 10559
1454 10559
1456 10559
1457 10559
1461 10559
1463 10559
1482 10559
1497 10559
1503 10559
1531 10559
1533 10559
1548 10559
1574 10559
1585 10559
1597 10559
1637 10559
1639 10559
1640 10559
1647 10559
1655 10559
1666 10559
1704 10559
1707 10559
1708 10559
1709 10559
1710 10559
1715 10559
1716 10559
1719 10559
1741 10559
1755 10559
1770 10559
1780 10559
1788 10559
1802 10559
1804 10559
1823 10559
1825 10559
1832 10559
1834 10559
1835 10559
1837 10559
1858 10559
1882 10559
1883 10559
1884 10559
1885 10559
1892 10559
1908 10559
1943 2181
1973 10559
1979 10559
2003 10559
2013 10559
2066 10559
2082 10559
2083 10559
2108 10559
2168 10559
2200 4348
2250 10559
2257 10559
2288 2181
2291 10559
2305 10559
2315 10559
2328 10559
2329 10559
2340 10559
2355 10559
2374 10559
2377 10559
2382 10559
2407 10559
2437 10559
2462 2181
2464 10559
2467 10559
2469 10559
2481 10559
2493 10559
2498 10559
2503 10559
2504 10559
2515 10559
2534 10559
2539 10559
2546 10559
2641 10559
2673 10559
2684 10559
2767 10559
2828 10559
2843 10559
2970 10559
2978 10559
2986 10559
2996 10559
3007 10559
3040 10559
3043 10559
3105 10559
3133 10559
3153 13351
3187 10559
3188 10559
3192 2181
3196 10559
3218 10559
3262 4348
3276 10559
3283 10559
3340 10559
3351 10559
3354 10559
3355 10559
3366 10559
3367 10559
3378 10559
3391 10559
3392 10559
3420 10559
3421 10559
3422 10559
3423 10559
3424 10559
3465 10559
3494 10559
3504 10559
3506 10559
3511 10559
3541 10559
3542 10559
3562 10559
3576 10559
3628 10559
3632 10559
3639 10559
3641 10559
3642 10559
3651 10559
3657 10559
3668 10559
3674 10559
3679 10559
3699 10559
3713 10559
3714 10559
3715 10559
3716 10559
3721 10559
3742 10559
3758 10559
3770 10559
3774 10559
3783 10559
3796 10559
3806 10559
3810 10559
3816 10559
3819 10559
3822 10559
3829 10559
3841 2181
3848 10559
3849 10559
3850 10559
3852 10559
3857 10559
3858 10559
3869 10559
3872 10559
3880 10559
3883 10559
3892 10559
3912 10559
3913 10559
3915 10559
3918 10559
3919 10559
3921 10559
3922 10559
3923 10559
3926 10559
3928 10559
3945 10559
3963 10559
3964 10559
3966 10559
3972 10559
3983 10559
3991 10559
3992 10559
4002 10559
4011 10559
4015 10559
4016 10559
4073 10559
4074 10559
4090 10559
4097 10559
4114 10559
4115 10559
4129 10559
4130 10559
4132 10559
4141 10559
4142 10559
4154 10559
4174 10559
4186 10559
4188 10559
4192 10559
4193 10559
4212 10559
4215 10559
4222 10559
4233 10559
4267 10559
4279 10559
4281 10559
4286 10559
4289 10559
4310 10559
4342 10559
4343 10559
4347 10103
4359 10559
4388 10559
4414 10559
4424 10559
4453 10559
4463 10559
4473 10559
4477 10559
4484 10559
4512 10559
4522 10559
4581 10559
4583 10559
4586 10559
4611 10559
4632 10559
4647 10559
4651 10559
4657 10559
4673 10559
4674 10559
4680 10559
4686 10559
4695 10559
4697 10559
4701 10559
4703 10559
4726 10559
4730 10559
4736 10559
4742 10559
4747 10559
4749 10559
4750 10559
4751 10559
4784 10559
4788 10559
4790 10559
4805 10559
4806 10559
4811 10103
4818 10559
4819 10559
4821 10559
4826 10559
4827 10559
4828 10559
4829 10559
4830 10559
4832 10559
4834 10559
4838 10559
4841 10559
4855 10559
4857 10559
4865 10559
4869 10559
4873 10559
4875 10559
4877 10559
4884 10559
4887 10559
4889 10559
4893 10559
4916 10559
4920 4552
4922 10559
4924 10559
4928 10559
4933 10559
4949 2181
4951 10559
4952 10559
4959 10559
4960 4552
4961 10559
4963 10559
4982 10559
4991 10559
4994 10559
5000 10559
5001 10559
5004 10559
5005 10559
5013 10559
5016 10559
5025 10559
5034 10559
5047 10559
5054 10559
5056 10559
5070 10559
5087 10559
5097 4348
5100 10559
5102 10559
5104 10559
5129 10559
5130 10559
5133 10559
5135 10559
5139 10559
5144 10559
5157 10559
5162 10559
5166 10559
5168 10559
5172 10559
5188 10559
5189 10559
5191 10559
5209 4348
5211 2181
5223 10559
5224 10559
5230 10559
5244 10559
5248 10559
5264 10559
5276 10559
5279 10559
5280 10559
5286 10559
5289 10559
5302 10559
5320 10559
5321 10559
5350 10559
5358 10559
5365 10559
5372 10559
5373 10559
5379 10559
5383 10559
5393 10559
5405 10559
5485 10559
5491 10559
5492 10559
5493 10559
5494 10559
5495 10559
5496 10559
5507 10559
5521 10559
5532 10559
5537 10559
5550 10559
5553 10559
5569 10559
5578 10559
5582 10559
5595 10559
5596 10559
5597 10559
5599 10559
5610 10559
5612 10559
5617 10559
5623 10559
5631 10559
5632 10559
5646 10559
5657 10559
5668 10559
5670 10559
5671 10559
5673 10559
5674 10559
5681 10559
5685 10559
5697 10559
5698 10559
5703 10559
5717 10559
5722 10559
5726 10559
5729 10559
5731 2181
5756 10559
5767 10559
5792 10559
5803 10559
5844 10559
5875 10559
5892 10559
5903 10559
5911 10559
5912 10559
5926 10559
5930 10559
5937 10559
5938 10559
5953 10559
5960 10559
5966 10559
5972 10559
5976 10559
5977 10559
5979 10559
5987 10559
5993 10559
5994 10559
5995 10559
5998 10559
6002 10559
6080 10559
6118 10559
6130 10559
6159 10559
6160 10559
6169 10559
6172 10559
6184 10559
6188 10559
6196 10559
6198 10559
6199 10559
6206 10559
6208 10559
6215 10559
6273 10559
6281 10559
6293 10559
6305 10559
6315 10559
6331 10559
6333 10559
6337 10559
6338 10559
6353 10559
6363 10559
6379 10559
6380 10559
6400 10559
6403 10559
6407 10559
6412 10559
6421 10559
6428 10559
6438 10559
6441 10559
6442 10559
6456 10559
6460 10559
6469 10559
6473 10559
6484 10559
6499 10559
6518 10559
6531 10559
6554 10559
6561 10559
6568 10559
6570 10559
6573 10559
6580 10559
6585 10559
6594 10559
6597 10559
6598 10559
6600 10559
6613 10559
6616 10559
6621 10559
6637 10559
6650 10559
6660 10559
6669 10559
6670 10559
6672 10559
6680 10559
6703 10559
6711 10559
6715 4552
6735 10559
6751 2181
6765 10559
6773 10559
6780 10559
6783 10559
6810 10559
6812 10559
6818 10559
6821 10559
6828 10559
6842 4552
6859 10559
6860 10559
6864 10559
6865 10559
6871 10559
6873 10559
6892 10559
6900 10559
6902 10559
6904 10559
6922 10559
6925 10559
6941 10559
6944 10559
6955 10559
6971 10559
6978 10559
6987 10559
6990 10559
6991 10559
7000 10559
7010 10559
7040 10559
7053 10559
7064 10559
7065 10559
7072 10559
7080 10559
7095 10559
7100 10559
7104 10559
7106 10559
7109 10559
7115 10559
7116 10559
7122 10559
7123 10559
7124 10559
7125 10559
7126 10559
7127 4348
7129 10559
7131 10559
7134 10559
7137 10559
7139 10559
7140 10559
7141 10559
7156 10559
7164 10559
7165 10559
7167 10559
7171 10559
7172 10559
7176 10559
7177 10559
7183 10559
7216 10559
7233 10559
7251 10559
7259 10559
7285 10559
7289 10559
7292 10559
7298 10559
7301 10559
7320 10559
7325 10559
7333 10559
7350 10559
7355 10559
7357 10559
7368 10559
7371 10559
7379 10559
7386 10559
7388 10559
7404 10559
7407 10559
7416 10559
7417 10559
7430 10559
7438 10559
7443 10559
7444 10559
7446 10559
7459 10559
7462 10559
7463 10559
7465 10559
7466 10559
7468 10559
7474 10559
7475 10559
7486 10559
7495 10559
7511 10559
7533 10559
7538 10559
7539 10559
7543 10559
7553 10559
7584 10559
7592 10559
7605 4552
7608 10559
7624 10559
7626 10559
7637 4348
7638 10559
7639 10559
7643 10559
7650 10559
7658 10559
7687 10559
7697 10559
7700 10559
7703 10559
7706 10559
7721 10559
7724 10559
7726 10559
7731 10559
7735 10559
7742 10559
7743 10559
7744 10559
7749 2181
7758 10559
7768 10559
7792 10559
7794 10559
7802 10559
7811 10559
7821 10559
7822 10559
7825 10559
7827 10559
7832 10559
7839 10559
7843 13351
7849 2181
7863 10559
7868 10559
7871 10559
7876 10559
7882 10559
7915 10559
7919 10559
7930 4348
7959 10559
7960 10559
7992 10559
8002 10559
8012 10559
8026 10559
8031 10559
8036 10559
8044 10559
8054 10559
8095 10559
8100 10559
8116 10559
8117 10559
8118 10559
8145 10559
8169 10559
8172 2181
8175 10559
8180 10559
8182 10559
8192 10559
8212 10559
8217 10559
8222 10559
8228 10559
8240 10559
8244 10559
8252 10559
8277 10559
8299 10559
8315 10559
8335 10559
8350 10559
8353 10559
8354 10559
8387 10559
8403 10559
8415 10559
8426 10559
8429 10559
8446 10559
8448 13351
8451 10559
8452 10559
8453 10559
8462 10559
8469 10559
8470 10559
8475 10559
8476 10559
8479 10559
8480 10559
8482 10559
8486 10559
8488 10559
8491 10559
8492 10559
8506 10559
8517 10559
8528 10559
8543 10559
8549 10559
8555 10559
8558 10559
8559 10559
8562 10559
8565 10559
8566 10559
8570 10559
8577 10559
8589 10559
8603 10559
8621 10559
8664 10559
8667 10559
8680 10559
8683 10559
8684 10559
8685 10559
8697 10559
8698 10559
8700 10559
8701 10559
8705 10559
8717 10559
8721 10559
8747 10559
8748 10559
8754 10559
8755 10559
8758 10559
8760 10559
8771 10559
8772 10559
8776 10559
8777 10559
8780 10559
8786 10559
8787 10559
8800 10559
8803 10559
8812 10559
8814 10559
8816 10559
8818 10559
8834 10559
8874 10559
8880 10559
8883 10559
8885 10559
8886 10559
8898 10559
8899 10559
8914 10559
8924 10559
8930 10559
8966 10559
8972 10559
8974 10559
8985 10559
8992 10559
9047 10559
9050 10559
9070 10559
9152 10559
9162 10559
9177 10559
9178 10559
9186 10559
9191 10559
9202 10559
9213 10559
9223 10559
9230 10559
9256 10559
9259 10559
9272 10559
9274 10559
9293 10559
9300 10559
9308 10559
9316 10559
9326 10559
9328 10559
9332 10559
9333 10559
9340 10559
9341 10559
9367 10559
9379 10559
9389 10559
9393 10559
9394 10559
9428 10559
9431 10559
9434 10559
9444 10559
9453 10559
9454 10559
9456 10559
9457 10559
9467 10559
9489 10559
9509 10559
9514 10559
9525 10559
9540 10559
9541 10559
9543 10559
9546 2181
9563 10559
9569 10559
9570 10559
9571 10559
9589 10559
9590 10559
9603 10559
9608 10559
9611 10559
9612 10559
9617 10559
9633 10559
9645 2181
9646 10559
9653 10559
9656 4552
9660 10559
9662 10559
9668 10559
9670 10559
9674 10559
9677 10559
9683 10559
9685 10559
9686 10559
9687 10559
9725 10559
9727 10559
9731 10559
9732 10559
9734 10559
9735 10559
9738 10559
9739 10559
9745 10559
9751 4552
9774 10559
9784 10559
9796 10559
9798 10559
9801 10559
9832 10559
9836 10559
9841 10559
9852 10559
9865 10559
9892 10559
9893 10559
9904 10559
9910 10559
9911 10559
9921 10559
9933 10559
9946 10559
9950 10559
9958 10559
9995 10559
10001 10559
10015 10559
10016 10559
10022 10559
10033 10559
10042 10559
10050 10559
10066 10559
10067 10559
10074 10559
10078 10559
10094 10559
10113 10559
10116 10559
10146 10559
10155 10559
10157 10559
10159 10559
10160 10559
10166 10559
10179 2181
10189 10559
10192 10559
10197 10559
10200 10559
10205 10559
10216 10559
10218 10559
10221 10559
10225 10559
10247 10559
10259 10559
10261 10559
10270 10559
10275 10559
10277 10559
10286 10559
10291 10559
10294 10559
10297 10559
10319 10559
10320 10559
10345 10559
10355 10559
10359 10559
10407 10559
10425 10559
10429 10559
10433 10559
10444 10559
10456 10559
10457 4348
10461 10559
10467 10559
10471 10559
10472 10559
10481 10559
10483 10559
10495 10559
10504 10559
10518 10559
10544 10559
10547 10559
10566 10559
10570 10559
10574 10559
10585 10559
10590 10559
10592 10559
10600 10559
10611 10559
10616 10559
10620 10559
10624 10559
10626 2181
10627 10559
10629 10559
10636 10559
10638 10559
10646 10559
10650 10559
10653 10559
10656 10559
10670 10559
10673 10559
10681 10559
10685 10559
10693 10559
10704 10559
10709 4348
10713 10559
10724 10559
10726 10559
10727 10559
10728 10559
10731 10559
10732 10559
10767 10559
10778 10559
10781 10559
10782 10559
10783 10559
10788 10559
10794 10103
10798 10559
10802 10559
10806 10559
10808 10559
10811 10559
10817 10559
10827 10559
10829 10559
10865 10559
10866 10559
10869 10559
10872 10559
10878 10559
10884 10559
10903 2181
10904 10559
10906 10559
10910 10559
10932 10559
10937 10559
10939 10559
10940 10559
10949 10559
10955 10559
10956 10559
10957 10559
10963 10559
10967 10559
10968 10559
10974 10559
10978 10559
10985 10559
10986 10559
10991 10559
11020 10559
11021 10559
11022 13351
11026 10559
11029 10559
11030 10559
11038 10559
11039 10559
11044 10559
11045 10559
11049 10559
11052 10559
11055 10559
11060 10559
11064 10559
11071 10559
11075 10559
11079 10559
11097 10559
11100 10559
11102 10559
11108 10559
11115 10559
11120 10559
11146 10559
11152 10559
11162 10559
11171 10559
11173 10559
11182 10559
11183 10559
11184 10559
11186 10559
11207 10559
11210 10559
11243 10559
11251 10559
11253 10559
11281 10559
11287 10559
11293 10559
11297 10559
11298 10559
11306 10559
11311 10559
11314 10559
11336 10559
11379 10559
11396 4552
11404 10559
11412 10559
11415 10559
11419 10559
11424 10559
11425 10559
11426 10559
11427 10559
11428 10559
11429 10559
11439 10559
11458 10559
11459 10559
11462 10559
11481 4552
11485 14045
11495 10559
11512 10559
11518 10559
11546 10559
11580 10559
11589 10559
11594 10559
11612 10559
11623 10559
11625 10559
11626 10559
11649 10559
11664 10559
11666 10559
11677 10559
11680 10559
11689 10559
11691 10559
11692 10559
11694 10559
11700 10559
11705 10559
11706 10559
11707 10559
11710 10559
11723 10559
11728 10559
11734 2181
11735 10559
11741 10559
11748 2181
11754 10559
11776 10559
11777 10559
11778 10559
11779 10559
11780 10559
11782 10559
11790 10559
11797 10559
11805 10559
11808 10559
11809 10559
11813 10559
11822 10559
11824 10559
11825 10559
11827 10559
11828 10559
11836 10559
11844 10559
11847 10559
11886 10559
11900 10559
11906 10559
11944 10559
11953 10559
11958 10559
11959 4348
11961 10559
11962 10559
11969 10559
11972 10559
11977 10559
11987 10559
12004 10559
12009 10559
12026 10559
12056 10559
12064 10559
12071 10559
12072 10559
12074 2181
12075 10559
12093 10559
12149 10559
12166 2181
12168 10559
12192 10559
12210 10559
12218 10559
12221 10559
12252 10559
12284 10559
12290 10559
12300 10559
12303 10559
12307 10559
12314 10559
12322 10559
12343 10559
12350 10559
12358 4552
12364 10559
12365 10559
12366 10559
12367 14045
12386 10559
12402 2181
12406 10559
12410 10559
12420 10559
12425 10559
12429 10559
12433 10559
12436 10559
12454 10559
12464 10559
12467 10559
12477 4552
12485 10559
12486 10559
12489 2181
12490 10559
12494 10559
12511 10559
12521 10559
12522 10559
12527 10559
12530 10559
12532 10559
12536 4552
12537 10559
12540 10559
12547 10559
12596 10559
12604 10559
12605 10559
12614 10559
12617 10559
12631 10559
12634 4552
12639 10559
12642 10559
12650 10559
12661 10559
12662 10559
12665 10559
12682 10559
12684 10559
12687 10559
12689 10559
12697 10559
12700 4552
12703 10559
12721 10559
12725 10559
12761 10559
12769 10559
12775 10559
12802 10559
12810 10559
12832 10559
12833 10559
12877 10559
12882 10559
12885 10559
12891 10559
12896 10559
12899 10559
12943 10103
12950 10559
12961 10559
12967 10559
12968 10559
12991 10559
13026 10559
13083 10559
13094 10559
13095 10559
13096 10559
13097 10559
13098 10559
13099 10559
13100 10559
13113 10559
13115 10559
13117 10559
13129 10559
13133 10559
13134 10559
13139 10559
13140 10559
13144 10559
13149 10559
13154 10559
13164 10559
13166 10559
13169 10559
13187 10559
13189 10559
13190 10559
13191 10559
13192 10559
13195 10559
13196 10559
13201 10559
13202 10559
13212 10559
13223 10559
13233 10559
13243 10559
13253 10559
13312 2181
13314 10559
13315 10559
13316 10559
13323 10559
13324 10559
13325 10559
13327 10559
13328 10559
13329 10559
13344 10559
13477 10559
13533 10559
13540 10559
13545 10559
13548 10559
13554 10559
13555 10559
13571 10559
13578 10559
13593 10559
13600 10559
13751 10559
13755 10559
13813 10559
13821 10559
13833 10559
13849 10559
13850 10559
13935 10559
13949 10559
13950 10559
13961 10559
13977 10559
13981 10559
13984 10559
13989 10559
13990 10559
13991 10559
14005 10559
14031 10559
14035 10559
14043 10559
14047 10559
14049 10559
14050 10559
14051 10559
14081 10559
14086 10559
14103 2181
14119 10559
14120 10559
14122 10559
14123 10559
14124 10559
14273 10559
14276 10559
14279 10559
14280 10559
14283 10559
14375 10559
14440 10559
14442 10559
14443 10559
14492 10559
14493 10559
14495 10559
14496 10559
14497 10559
14500 10559
14502 10559
14503 10559
14505 10559
14506 2181
