14541 14541 231
35 8127
224 658
224 1225
224 2598
256 12675
702 8541
702 11188
704 1403
704 3432
704 4444
704 12450
856 5457
899 336
899 1566
899 1751
899 1877
899 1956
899 8495
899 9899
996 997
996 3037
1117 1118
1117 9938
1171 1203
1205 4023
1384 35
1403 34
1403 1306
1403 2551
1403 2808
1403 2982
1403 3012
1403 6027
1403 6645
1403 7341
1403 8185
1403 9273
1403 9416
1403 13743
1403 13823
1420 3294
1420 9764
1472 8224
1510 8355
1566 7394
1566 8025
2103 3249
2103 8081
2103 9184
2333 2542
2452 2505
2487 704
2487 4003
2543 3803
2818 10312
3384 2553
3384 3332
3543 1826
3543 11863
3683 4444
3794 2505
4003 704
4003 1598
4003 1828
4003 3432
4003 3535
4003 4606
4003 6575
4003 8291
4003 13252
4093 305
4093 1288
4093 1581
4093 3303
4093 6527
4093 6542
4093 6706
4093 6877
4093 8053
4093 12381
4746 2369
5589 10651
5589 12450
5830 4711
5867 4842
5867 5219
5867 10056
5918 4003
5918 8291
6021 1826
6021 3543
6021 10503
6021 11863
6062 1762
6062 2603
6062 4099
6062 4988
6062 5785
6252 9848
6289 13298
6370 5457
6370 6260
6389 883
6389 2320
6459 856
6459 5517
6542 305
6556 856
6556 3433
6556 5457
6556 5517
6556 9022
6730 7332
6730 10548
6969 453
6969 5602
7223 704
7223 1403
7223 1826
7223 3543
7223 6021
7223 6575
7223 10503
7223 11863
7341 9416
7341 13743
7649 8538
7707 2371
7707 4117
7977 10293
7985 10651
8184 4718
8185 628
8483 3059
8483 6185
8495 12184
8579 1124
8579 3407
8579 3529
8579 3925
8579 9899
8579 10436
8579 10773
8610 3683
8727 5558
8996 8291
9136 9117
9154 5867
9459 3794
9618 2320
9825 11530
9826 14462
9826 14474
9826 14475
10058 3434
10058 4093
10058 5517
10058 6777
10058 7076
10058 7560
10058 9459
10058 11188
10211 2364
10388 800
10388 3200
10388 5072
10388 5215
10388 5555
10388 7409
10388 7668
10388 7977
10388 10293
10388 11258
10388 12598
10388 13145
10388 13249
10388 13273
10388 13342
10436 5457
10478 4718
10514 2369
10514 2452
10514 4746
10651 3432
11070 3266
11258 8064
11787 1465
11787 10336
11929 6781
12021 884
12140 231
12140 2299
12140 3238
12140 3273
12140 4341
12140 4765
12140 5012
12140 5411
12140 5611
12140 13224
12319 841
12319 1472
12319 7399
12381 1473
12496 402
12849 12879
13145 5558
13342 7506
13423 35
13423 2208
13423 2505
13423 2816
13423 3434
13423 4093
13423 5517
13423 6260
13423 6370
13423 7076
13423 7560
13423 9459
13423 10058
13423 10773
13423 14011
14272 702
14272 2565
14272 5406
14272 8541
14272 9025
14272 10969
14272 11358
14272 11999
