14541 14541 726
135 5365
492 1226
492 3944
492 4174
492 13195
492 13324
512 2498
879 5189
926 1531
926 1770
926 2330
926 2462
926 4281
926 4477
926 5034
926 6188
926 7080
926 7444
926 7475
926 8315
926 8924
926 10231
926 10663
926 11623
926 12367
926 12436
926 13821
926 14046
936 4686
936 11146
936 13235
980 1197
980 1741
980 9660
981 756
981 7811
1290 315
1290 747
1290 761
1290 1290
1290 5786
1290 7106
1290 7643
1290 7871
1290 8930
1290 10822
1290 11311
1290 12950
1358 1704
1358 1707
1358 1709
1358 1710
1358 4279
1358 11049
1477 3153
1539 10425
1698 7768
1978 12532
2294 11723
2298 10663
2485 1308
2485 1832
2485 2028
2485 3918
2485 5631
2485 6573
2485 8002
2485 10573
2485 12494
2485 13212
2485 13752
2511 13979
2585 9202
2632 7123
2694 378
2694 1503
2694 1707
2694 2481
2694 3192
2694 3392
2694 3639
2694 4097
2694 4791
2694 5166
2694 6333
2694 8755
2694 10001
2694 10068
2694 10273
2694 10364
2694 10681
2694 10829
2694 12429
2694 13133
2694 13315
2694 13935
2694 14043
2703 11735
2795 935
2795 3870
2795 4222
2795 5047
2795 5979
2795 7167
2795 7285
2795 7553
2795 9865
2795 10066
2795 11064
2795 11518
2795 11766
2795 12093
2795 12292
2795 12467
2795 12996
2795 13095
2795 14086
2966 7446
3302 14440
3307 12221
3527 8886
3614 74
3917 1548
3917 2377
3917 5578
3917 10495
3962 12899
3980 12522
3982 12322
3994 68
3994 1640
3994 3576
3994 3871
3994 4477
3994 5930
3994 6338
3994 6437
3994 6469
3994 6978
3994 7533
3994 10247
3994 10320
3994 10732
3994 12558
3994 13328
4004 3814
4460 1908
4471 6215
4622 51
4622 6828
4622 12769
4707 12968
4818 1908
5015 10473
5161 6273
5161 8549
5161 8721
5161 12467
5179 1943
5193 11900
5392 6865
5474 8482
5665 8776
5714 3715
5801 2377
5934 5016
6036 8680
6073 12405
6219 69
6219 5995
6219 8786
6219 10878
6219 11151
6219 12802
6219 13752
6266 12375
6413 7233
6423 11623
6523 74
6534 754
6534 1293
6534 2083
6534 2673
6534 3742
6534 4074
6534 4991
6534 5025
6534 6842
6534 7233
6534 8031
6534 8760
6534 9123
6534 11334
6534 11965
6788 12546
7067 7124
7162 3806
7162 6456
7162 12292
7162 13577
7162 13579
7374 720
7374 752
7374 1168
7374 2315
7374 3562
7374 3923
7374 4188
7374 5803
7374 6337
7374 7533
7374 7794
7374 7919
7374 10573
7374 11297
7374 12075
7374 12494
7374 13750
7374 14126
7458 1834
7458 1943
7458 2330
7458 3105
7458 3871
7458 3918
7458 7444
7458 8031
7458 8566
7458 8780
7458 9751
7458 10322
7458 10653
7458 10817
7458 12436
7458 13143
7458 13328
7633 11589
7672 66
7672 10547
7801 3187
7895 7463
7971 760
7971 2437
7971 2970
7971 3043
7971 3880
7971 3922
7971 7731
7971 7758
7971 8528
7971 9603
7971 10726
7971 10782
7971 10967
7971 11748
7971 12639
7971 12761
7971 13113
7971 13991
7971 14443
7989 3850
7989 4437
7989 9540
7989 11060
7989 14035
8084 4990
8230 14276
8273 9910
8322 5365
8362 7100
8497 14120
8510 4827
8512 8212
8512 11115
8525 10259
8527 12477
8601 3913
8601 4279
8601 6568
8601 9570
8601 9892
8601 12375
8833 66
8833 6568
8833 14120
8908 1226
8908 7768
8908 13195
8911 8482
8918 10592
8921 739
8921 5168
8921 10788
8932 10592
8932 13324
8946 747
8946 756
8946 761
8946 1448
8946 1637
8946 2437
8946 2464
8946 3355
8946 3562
8946 3841
8946 4473
8946 5595
8946 5631
8946 5658
8946 6441
8946 6573
8946 7638
8946 8054
8946 8257
8946 8506
8946 8562
8946 8705
8946 10247
8946 10573
8946 10932
8946 11297
8946 11782
8946 11844
8946 12802
8946 12961
8946 13097
8946 13578
8946 14500
8946 14503
9305 156
9305 5224
9305 5623
9312 10585
9312 14120
9435 139
9435 5129
9435 7325
9435 8791
9435 10910
9436 10277
9519 5365
9519 6715
9520 4730
9520 5582
9520 6780
9520 7446
9520 8118
9520 10166
9520 10638
9520 10884
9520 11512
9520 11518
9520 12093
9520 13096
9520 13149
9520 13974
9520 14279
9530 4437
9548 10146
9553 56
9553 72
9553 545
9553 1715
9553 1780
9553 3964
9553 3972
9553 5673
9553 6118
9553 6305
9553 6570
9553 7443
9553 9611
9553 9865
9553 10359
9553 11038
9553 12662
9553 12725
9553 13196
9553 13243
9553 14493
9649 6660
9649 9457
9649 9488
9649 10681
9649 11259
9654 1788
9654 4805
9654 5129
9654 9202
9654 9213
9654 9393
9654 9645
9654 10616
9654 10731
9654 10778
9654 11049
9654 11314
9654 11961
9654 12026
9654 12423
9654 12896
9654 13935
9673 8234
9741 5389
9771 51
9771 287
9771 1456
9771 1457
9771 1647
9771 1837
9771 4873
9771 5191
9771 5495
9771 6118
9771 7129
9771 7141
9771 8180
9771 8770
9771 8817
9771 9178
9771 9617
9771 10074
9771 10205
9771 10273
9771 10713
9771 11039
9771 11103
9771 12456
9771 13554
9872 481
9909 2996
9909 6428
9909 8470
9909 9444
9920 11961
9970 13540
9976 69
9976 71
9976 378
9976 481
9976 1825
9976 3218
9976 3504
9976 3679
9976 3715
9976 4359
9976 4791
9976 4855
9976 5000
9976 5365
9976 5972
9976 6539
9976 6715
9976 7137
9976 7607
9976 7721
9976 7742
9976 8192
9976 8786
9976 9333
9976 9893
9976 10140
9976 10155
9976 10611
9976 10624
9976 10940
9976 10955
9976 11020
9976 11293
9976 11428
9976 11462
9976 12221
9976 12667
9976 12689
9976 12802
9976 12877
9976 13238
9976 13344
9976 13571
9976 13984
9976 13989
9976 14049
9976 14497
9989 6941
9999 7335
10013 5912
10132 74
10389 2288
10391 6353
10416 13099
10613 7876
10924 11396
10982 4437
10989 1379
10989 3668
10989 3918
10989 4463
10989 5320
10989 5492
10989 5612
10989 6585
10989 7915
10989 8100
10989 8664
10989 8787
10989 8898
10989 9570
10989 9852
10989 10179
10989 10495
10989 11171
10989 11439
10989 11707
10989 11822
10989 12700
10989 13545
11002 6337
11043 6600
11043 8966
11043 9509
11091 2469
11091 3366
11091 5302
11091 7839
11091 10724
11091 13083
11091 13190
11110 2382
11149 1110
11282 3196
11282 7839
11282 10781
11327 9050
11338 3153
11338 4289
11391 842
11391 3153
11391 3674
11391 3983
11391 5912
11391 7417
11391 11079
11391 11278
11391 11288
11391 12210
11391 12881
11391 13233
11391 13992
11484 5383
11506 10456
11523 11022
11525 3420
11527 4805
11527 5280
11527 6812
11551 756
11551 4453
11551 5979
11551 6573
11551 7126
11551 8387
11551 8697
11551 9653
11551 9892
11551 10319
11551 10731
11551 11490
11551 11790
11551 13977
11551 14277
11576 10638
11600 5257
11600 9281
11600 11022
11602 6273
11602 6621
11602 8462
11602 8721
11682 2684
11682 3991
11682 6735
11682 8429
11682 9326
11682 13593
11996 9467
11997 8222
11997 13950
12112 726
12112 7176
12112 7756
12279 1823
12279 3992
12279 4115
12279 4129
12279 4141
12279 4188
12279 4192
12279 4821
12279 4982
12279 5995
12279 6199
12279 7638
12279 7749
12279 9892
12279 10778
12279 11055
12279 11173
12279 11809
12279 11822
12279 11972
12279 12056
12279 12252
12279 12802
12279 12880
12279 13166
12279 13232
12279 13312
12279 13964
12279 14273
12294 4289
12308 57
12308 744
12308 935
12308 1788
12308 1825
12308 1882
12308 2288
12308 2328
12308 3504
12308 4222
12308 4347
12308 4673
12308 4994
12308 5144
12308 6407
12308 6860
12308 7233
12308 7697
12308 9202
12308 10611
12308 10616
12308 10709
12308 10940
12308 11379
12308 11546
12308 11825
12308 11987
12308 12218
12308 13984
12308 13990
12308 14276
12313 2288
12321 4129
12321 4951
12321 5726
12321 5993
12321 6400
12321 6561
12321 6842
12321 7466
12321 7731
12321 8100
12321 9367
12321 10247
12321 11320
12403 141
12403 12454
12686 12540
12815 5016
12822 2767
12822 9590
12875 14276
12910 8054
12940 3504
13017 11207
13045 62
13045 1585
13045 3355
13045 4437
13045 6456
13045 6944
13045 8701
13045 8788
13045 10319
13045 10884
13045 12314
13045 13976
13068 12530
13101 7216
13137 3926
13137 8812
13197 1273
13240 1098
13240 4142
13240 4473
13240 7511
13240 10016
13240 10166
13240 10534
13240 12485
13240 12540
13240 13129
13240 14440
13250 5365
13313 1098
13420 4730
13420 6160
13420 6273
13420 6621
13420 7638
13420 8721
13420 13096
13420 13974
13489 9956
13633 52
13633 852
13633 9571
13633 10066
13633 10146
13739 5365
13742 481
13742 13571
13838 2382
13874 7125
13874 12721
14097 11398
