14541 14541 3887
29 929
29 979
29 2475
29 2671
29 3369
29 3689
29 5057
29 5625
29 6588
29 6938
29 7642
29 8056
29 8519
29 9536
29 9895
29 10972
29 11868
29 12335
29 13367
37 423
37 929
37 979
37 2475
37 2671
37 2692
37 2810
37 3635
37 3689
37 5057
37 5625
37 5821
37 6352
37 6419
37 6938
37 7684
37 8056
37 8519
37 9200
37 9536
37 11317
37 11869
37 11870
37 11871
37 13363
37 13364
37 13366
37 13367
37 13590
37 13628
237 979
237 2671
237 6154
237 6486
237 7877
237 8056
237 8519
237 9536
237 13364
308 423
308 592
308 602
308 979
308 1221
308 1394
308 2332
308 2385
308 2475
308 2640
308 2671
308 2683
308 2926
308 3227
308 3473
308 3635
308 3689
308 4211
308 4318
308 4403
308 4764
308 5057
308 5196
308 5500
308 5625
308 5821
308 6154
308 6352
308 6486
308 6507
308 6513
308 6588
308 6938
308 7684
308 7889
308 8056
308 8390
308 8519
308 9255
308 9516
308 9536
308 9555
308 9672
308 9703
308 9895
308 9905
308 10340
308 10954
308 11094
308 11317
308 11869
308 11871
308 11872
308 12469
308 13125
308 13361
308 13363
308 13366
308 13367
308 13368
308 13628
308 14427
411 979
411 1724
411 2692
411 7642
411 7684
411 8056
411 8519
411 9536
411 9905
411 13125
411 13590
423 37
423 308
423 2332
423 2385
423 2671
423 2683
423 2692
423 2809
423 2810
423 3348
423 3635
423 3689
423 4211
423 5625
423 8848
423 9200
423 9257
423 9536
423 9905
423 11317
423 11869
423 11871
423 13363
423 13590
592 308
592 929
592 979
592 1221
592 2671
592 2683
592 2810
592 4211
592 4403
592 5057
592 5625
592 5821
592 6513
592 6938
592 8056
592 8519
592 9115
592 9536
592 11870
592 11871
592 12329
592 13125
592 13361
592 13364
592 13590
602 308
602 929
602 2683
602 2998
602 3689
602 5057
602 5625
602 5821
602 6486
602 6507
602 6938
602 7684
602 8056
602 8519
602 9516
602 9536
602 9895
602 9905
602 10340
602 11094
602 11868
602 11870
602 12329
602 13363
602 13364
602 13367
602 13628
929 29
929 37
929 308
929 592
929 979
929 1394
929 1724
929 2425
929 2640
929 2658
929 2671
929 2683
929 2926
929 2998
929 3214
929 3227
929 3246
929 4285
929 4318
929 4403
929 4493
929 4494
929 5196
929 5625
929 5821
929 6352
929 6419
929 6938
929 7642
929 7684
929 8056
929 8390
929 8519
929 8848
929 9255
929 9257
929 9516
929 9536
929 9555
929 9895
929 9905
929 10972
929 11317
929 11791
929 11868
929 11870
929 11871
929 11872
929 12329
929 12469
929 12501
929 13125
929 13361
929 13363
929 13364
929 13366
929 13367
929 13628
979 37
979 237
979 308
979 411
979 423
979 592
979 602
979 929
979 1221
979 1394
979 1724
979 1875
979 2332
979 2385
979 2475
979 2640
979 2658
979 2671
979 2683
979 2926
979 2998
979 3227
979 3348
979 3369
979 3473
979 3635
979 4123
979 4285
979 4403
979 4764
979 4862
979 5057
979 5196
979 5197
979 5500
979 5625
979 5821
979 5889
979 6154
979 6352
979 6486
979 6513
979 6938
979 7684
979 7877
979 7889
979 8056
979 8368
979 8390
979 8519
979 8848
979 9115
979 9200
979 9255
979 9257
979 9536
979 9672
979 9703
979 9895
979 9905
979 10340
979 11094
979 11317
979 11791
979 11868
979 11869
979 11870
979 11872
979 12329
979 12501
979 13125
979 13361
979 13363
979 13364
979 13367
979 13590
979 13628
979 13736
979 14427
1012 1221
1012 2671
1012 2926
1012 3246
1012 3689
1012 5196
1012 5625
1012 5821
1012 6507
1012 6938
1012 7684
1012 7889
1012 8056
1012 9200
1012 9536
1012 10972
1012 13364
1012 13628
1221 592
1221 979
1221 1012
1221 2671
1221 3246
1221 3689
1221 4123
1221 4285
1221 4493
1221 4862
1221 5057
1221 5625
1221 6352
1221 6507
1221 6938
1221 7642
1221 7684
1221 7877
1221 7889
1221 8519
1221 9516
1221 9895
1221 9905
1221 10040
1221 12330
1221 13361
1221 13364
1221 13628
1244 2671
1244 3227
1244 3369
1244 4764
1244 9115
1244 11868
1244 13361
1394 308
1394 929
1394 979
1394 2385
1394 2425
1394 2640
1394 2658
1394 2671
1394 2683
1394 2926
1394 2998
1394 3689
1394 4493
1394 4494
1394 4862
1394 5057
1394 5196
1394 5625
1394 5821
1394 6154
1394 6352
1394 6507
1394 6938
1394 7642
1394 7684
1394 8056
1394 9255
1394 9895
1394 10972
1394 11870
1394 13364
1394 13736
1724 411
1724 929
1724 2671
1724 3246
1724 3689
1724 5057
1724 5625
1724 6507
1724 8056
1724 8519
1724 9115
1724 9536
1724 9895
1724 11870
1724 12329
1724 13125
1724 13364
1724 13628
1875 979
1875 3689
1875 5625
1875 8056
1875 8519
1875 8848
1875 10046
1875 13361
2222 423
2222 2332
2222 2671
2222 2683
2222 2809
2222 2810
2222 3348
2222 3369
2222 5197
2222 5625
2222 5821
2222 6588
2222 7889
2222 8056
2222 9200
2222 9536
2222 10954
2222 11094
2222 11869
2222 13125
2222 13363
2222 13364
2222 13590
2332 37
2332 308
2332 423
2332 979
2332 2222
2332 2640
2332 2671
2332 2683
2332 2809
2332 2810
2332 3635
2332 3689
2332 4285
2332 4403
2332 4494
2332 5197
2332 5625
2332 5821
2332 6352
2332 6419
2332 6507
2332 6513
2332 6938
2332 7684
2332 7889
2332 7900
2332 8056
2332 8519
2332 9115
2332 9200
2332 9555
2332 9703
2332 10954
2332 11317
2332 11869
2332 11870
2332 11871
2332 11872
2332 13361
2332 13364
2332 13367
2332 13368
2332 13590
2332 13736
2385 308
2385 423
2385 1394
2385 2425
2385 2683
2385 3246
2385 4494
2385 5625
2385 5821
2385 5925
2385 6154
2385 6507
2385 6938
2385 7642
2385 7900
2385 8056
2385 8519
2385 9255
2385 9905
2385 10972
2385 11872
2385 12501
2385 13364
2425 979
2425 1394
2425 2385
2425 2640
2425 2658
2425 2671
2425 2683
2425 3227
2425 3689
2425 4285
2425 5057
2425 5821
2425 6154
2425 6938
2425 7642
2425 7684
2425 8056
2425 9536
2425 9895
2425 11094
2425 11317
2425 11871
2425 11872
2425 12329
2425 12469
2425 13364
2425 13367
2425 13736
2475 29
2475 37
2475 308
2475 602
2475 2640
2475 2671
2475 2683
2475 2926
2475 3348
2475 3473
2475 3689
2475 4211
2475 4403
2475 5197
2475 5500
2475 5625
2475 5821
2475 5925
2475 6154
2475 6507
2475 6588
2475 6938
2475 8056
2475 8390
2475 8519
2475 8848
2475 9536
2475 9672
2475 10340
2475 11317
2475 11871
2475 12329
2475 12501
2475 13125
2475 13363
2475 13364
2475 13366
2475 13367
2475 13590
2475 13628
2475 14427
2640 308
2640 929
2640 979
2640 2332
2640 2425
2640 2475
2640 2658
2640 2671
2640 2926
2640 2998
2640 3214
2640 3689
2640 4285
2640 4862
2640 5057
2640 5821
2640 6154
2640 6352
2640 6486
2640 6507
2640 6513
2640 7642
2640 7684
2640 7877
2640 7889
2640 7900
2640 8056
2640 8390
2640 8519
2640 8848
2640 9115
2640 9255
2640 9516
2640 9536
2640 9555
2640 9619
2640 9672
2640 10954
2640 11094
2640 11868
2640 11870
2640 11871
2640 11872
2640 12501
2640 13363
2640 13364
2640 13366
2640 13590
2658 929
2658 979
2658 2425
2658 2640
2658 2671
2658 2683
2658 3246
2658 3689
2658 4123
2658 4285
2658 5057
2658 5821
2658 6507
2658 6938
2658 7642
2658 7684
2658 8056
2658 8519
2658 9255
2658 9536
2658 9895
2658 12329
2658 13363
2658 13367
2658 13736
2671 29
2671 237
2671 308
2671 423
2671 592
2671 929
2671 979
2671 1012
2671 1244
2671 1394
2671 1875
2671 2222
2671 2332
2671 2385
2671 2425
2671 2475
2671 2640
2671 2658
2671 2683
2671 2810
2671 2926
2671 2998
2671 3214
2671 3227
2671 3348
2671 3473
2671 3635
2671 3689
2671 4211
2671 4285
2671 4403
2671 4410
2671 4493
2671 4494
2671 4764
2671 5057
2671 5196
2671 5500
2671 5625
2671 6154
2671 6352
2671 6486
2671 6507
2671 6513
2671 6515
2671 6938
2671 7642
2671 7684
2671 7889
2671 7900
2671 8056
2671 8390
2671 8848
2671 9115
2671 9257
2671 9516
2671 9536
2671 9555
2671 9895
2671 9905
2671 10040
2671 10046
2671 10972
2671 11317
2671 11791
2671 11868
2671 11869
2671 11870
2671 11871
2671 12329
2671 12469
2671 12501
2671 13125
2671 13361
2671 13363
2671 13364
2671 13366
2671 13367
2671 13590
2671 13736
2671 14427
2683 29
2683 308
2683 423
2683 592
2683 979
2683 1875
2683 2222
2683 2332
2683 2385
2683 2425
2683 2475
2683 2640
2683 2658
2683 2809
2683 2926
2683 2998
2683 3214
2683 3227
2683 3246
2683 3348
2683 3369
2683 3473
2683 3635
2683 3689
2683 4211
2683 4285
2683 4403
2683 4493
2683 4494
2683 4862
2683 5057
2683 5196
2683 5500
2683 5625
2683 5821
2683 6352
2683 6419
2683 6507
2683 6513
2683 6938
2683 7642
2683 7684
2683 7889
2683 8056
2683 8368
2683 8390
2683 8519
2683 8848
2683 9115
2683 9200
2683 9255
2683 9516
2683 9536
2683 9555
2683 9619
2683 9672
2683 9905
2683 10340
2683 10972
2683 11094
2683 11317
2683 11791
2683 11868
2683 11869
2683 11870
2683 11871
2683 11872
2683 12329
2683 12469
2683 12501
2683 13361
2683 13363
2683 13364
2683 13367
2683 13590
2683 13628
2683 13736
2692 411
2692 423
2692 2640
2692 3348
2692 3635
2692 3689
2692 5821
2692 6486
2692 6513
2692 8056
2692 11869
2692 11870
2692 13361
2809 423
2809 2332
2809 2671
2809 2683
2809 2810
2809 3635
2809 3689
2809 4123
2809 5625
2809 5821
2809 6419
2809 8056
2809 8519
2809 9536
2809 10954
2809 11869
2809 13363
2809 13364
2809 13367
2809 13590
2810 37
2810 423
2810 592
2810 2222
2810 2332
2810 2671
2810 2683
2810 2926
2810 2998
2810 3635
2810 3689
2810 4123
2810 4211
2810 4403
2810 5057
2810 5625
2810 5821
2810 6938
2810 7642
2810 8056
2810 9200
2810 9536
2810 10972
2810 11317
2810 11869
2810 13367
2810 13590
2810 13736
2810 14427
2926 308
2926 929
2926 1012
2926 1394
2926 2475
2926 2640
2926 2671
2926 2810
2926 3214
2926 3227
2926 3246
2926 3369
2926 3473
2926 3635
2926 3689
2926 4211
2926 4285
2926 4764
2926 4862
2926 5057
2926 5500
2926 5625
2926 6154
2926 6486
2926 6507
2926 6513
2926 6588
2926 6938
2926 7684
2926 7877
2926 8056
2926 8519
2926 8848
2926 9115
2926 9516
2926 9555
2926 9905
2926 10046
2926 11094
2926 11872
2926 12335
2926 13364
2926 13628
2926 13736
2998 308
2998 929
2998 979
2998 1394
2998 2640
2998 2671
2998 2683
2998 2926
2998 3227
2998 3369
2998 3689
2998 4123
2998 4211
2998 4285
2998 4403
2998 5057
2998 5196
2998 5625
2998 6938
2998 7642
2998 7684
2998 7877
2998 8056
2998 8519
2998 9672
2998 9905
2998 10972
2998 11870
2998 11871
2998 12329
2998 13361
2998 13364
3214 929
3214 2640
3214 2671
3214 2683
3214 2926
3214 3689
3214 4285
3214 5197
3214 8056
3214 9619
3214 13361
3214 13363
3214 13364
3214 13365
3227 308
3227 929
3227 979
3227 1244
3227 2425
3227 2671
3227 2926
3227 2998
3227 3369
3227 3635
3227 3689
3227 4403
3227 4410
3227 4764
3227 5057
3227 5197
3227 5500
3227 5625
3227 6154
3227 6352
3227 6507
3227 6515
3227 6588
3227 6938
3227 7642
3227 8056
3227 8368
3227 8519
3227 9115
3227 9255
3227 9257
3227 9516
3227 9555
3227 9895
3227 9905
3227 11094
3227 11872
3227 12469
3227 13125
3227 13367
3227 13628
3227 13736
3246 929
3246 1012
3246 1221
3246 1724
3246 2332
3246 2658
3246 2683
3246 2926
3246 3635
3246 3689
3246 4123
3246 5057
3246 5625
3246 6352
3246 6507
3246 6938
3246 7684
3246 8056
3246 8519
3246 9255
3246 9536
3246 9895
3246 10040
3246 12329
3246 13364
3246 13628
3348 423
3348 979
3348 2222
3348 2475
3348 2671
3348 2683
3348 2810
3348 3635
3348 3689
3348 4211
3348 5057
3348 5625
3348 6154
3348 6938
3348 7889
3348 8519
3348 9200
3348 9536
3348 11317
3348 11869
3348 13367
3348 14427
3369 29
3369 979
3369 1244
3369 2222
3369 2683
3369 2926
3369 2998
3369 4123
3369 4764
3369 5057
3369 5500
3369 6513
3369 6588
3369 8368
3369 9619
3369 13364
3369 13368
3473 308
3473 979
3473 2475
3473 2671
3473 2683
3473 2926
3473 3689
3473 5625
3473 6154
3473 6486
3473 6938
3473 8056
3473 8519
3473 8848
3473 9536
3473 10340
3473 11094
3473 12329
3473 12501
3473 13364
3473 13367
3473 13628
3635 37
3635 308
3635 423
3635 979
3635 2332
3635 2671
3635 2683
3635 2692
3635 2810
3635 2926
3635 3227
3635 3246
3635 4211
3635 4403
3635 4764
3635 5057
3635 5500
3635 5821
3635 6515
3635 6938
3635 8056
3635 8519
3635 9115
3635 9536
3635 11868
3635 11871
3635 13363
3635 14427
3689 29
3689 308
3689 423
3689 592
3689 602
3689 929
3689 1012
3689 1221
3689 1394
3689 1724
3689 1875
3689 2222
3689 2475
3689 2640
3689 2658
3689 2671
3689 2683
3689 2692
3689 2809
3689 2810
3689 2926
3689 2998
3689 3214
3689 3227
3689 3246
3689 3348
3689 3369
3689 3473
3689 3635
3689 4123
3689 4211
3689 4285
3689 4403
3689 4493
3689 4494
3689 4862
3689 5057
3689 5197
3689 5500
3689 5625
3689 5821
3689 6154
3689 6352
3689 6419
3689 6507
3689 6513
3689 6588
3689 6938
3689 7642
3689 7877
3689 7889
3689 7900
3689 8056
3689 8390
3689 8519
3689 8848
3689 9200
3689 9257
3689 9555
3689 9619
3689 9703
3689 9895
3689 9905
3689 10040
3689 10340
3689 10954
3689 11094
3689 11317
3689 11791
3689 11869
3689 11870
3689 11871
3689 11872
3689 12329
3689 12469
3689 12501
3689 13125
3689 13361
3689 13363
3689 13364
3689 13366
3689 13367
3689 13590
3689 13628
3689 14427
3909 5057
4123 979
4123 1221
4123 2671
4123 2810
4123 2998
4123 3246
4123 3689
4123 5057
4123 5625
4123 5821
4123 6513
4123 7889
4123 8056
4123 9555
4123 9905
4123 13361
4123 13363
4123 13364
4123 13365
4123 13367
4211 308
4211 592
4211 979
4211 2222
4211 2332
4211 2475
4211 2671
4211 2683
4211 2692
4211 2809
4211 2810
4211 2926
4211 2998
4211 3348
4211 3635
4211 3689
4211 4403
4211 5057
4211 5500
4211 5625
4211 5821
4211 6515
4211 6938
4211 9115
4211 9536
4211 9905
4211 10954
4211 11868
4211 11869
4211 11870
4211 11871
4211 13361
4211 13363
4211 13364
4211 13367
4211 13590
4211 14427
4285 308
4285 929
4285 979
4285 1221
4285 2332
4285 2425
4285 2640
4285 2658
4285 2671
4285 2683
4285 2809
4285 2926
4285 2998
4285 3214
4285 3689
4285 4211
4285 4403
4285 4494
4285 4764
4285 4862
4285 5057
4285 5625
4285 5821
4285 6154
4285 6486
4285 6938
4285 7642
4285 7684
4285 8056
4285 8519
4285 9536
4285 9703
4285 9905
4285 10954
4285 10972
4285 11094
4285 11869
4285 11870
4285 11871
4285 12501
4285 13363
4285 13365
4285 13367
4285 13628
4285 13736
4318 308
4318 929
4318 4862
4318 5057
4318 7684
4318 7900
4318 8056
4318 9255
4318 11871
4318 13361
4318 13363
4318 13364
4403 308
4403 592
4403 2332
4403 2475
4403 2671
4403 2683
4403 2810
4403 2998
4403 3227
4403 3635
4403 3689
4403 4211
4403 4862
4403 5057
4403 5197
4403 5500
4403 5625
4403 5821
4403 6419
4403 6486
4403 6513
4403 7877
4403 7900
4403 8056
4403 8519
4403 9115
4403 9200
4403 9895
4403 9905
4403 10340
4403 11094
4403 11870
4403 12329
4403 12501
4403 13125
4403 13363
4403 13364
4403 13367
4403 13628
4410 2671
4410 3227
4410 5057
4410 5197
4410 5625
4410 8056
4410 9516
4410 9905
4493 929
4493 1221
4493 1394
4493 2671
4493 2683
4493 3689
4493 4285
4493 4494
4493 5500
4493 5625
4493 5821
4493 6507
4493 6938
4493 7684
4493 8056
4493 8519
4493 8848
4493 9255
4493 9536
4493 9895
4493 9905
4493 11870
4493 11871
4493 12469
4493 13363
4494 979
4494 1394
4494 2385
4494 2671
4494 2683
4494 3689
4494 4285
4494 4493
4494 5057
4494 5500
4494 5625
4494 5821
4494 6938
4494 7684
4494 7889
4494 8056
4494 8519
4494 9895
4494 11094
4494 11791
4494 11870
4494 11871
4494 12469
4494 13363
4494 13364
4764 1244
4764 2683
4764 2926
4764 3369
4764 3635
4764 4211
4764 4285
4764 5057
4764 5197
4764 5625
4764 6507
4764 6513
4764 8056
4764 8519
4764 9115
4764 9536
4764 9555
4764 9703
4764 9905
4764 10340
4764 11094
4764 11317
4764 13361
4764 13363
4764 13628
4862 979
4862 1221
4862 1394
4862 2332
4862 2475
4862 2640
4862 2671
4862 2683
4862 3689
4862 4285
4862 4318
4862 4403
4862 5197
4862 5625
4862 5821
4862 6154
4862 6507
4862 6513
4862 6515
4862 6938
4862 7684
4862 7889
4862 7900
4862 8056
4862 8519
4862 8848
4862 9115
4862 9255
4862 9536
4862 9555
4862 9672
4862 9905
4862 10340
4862 11094
4862 11317
4862 11791
4862 11868
4862 12329
4862 13125
4862 13361
4862 13363
4862 13590
4862 13628
4862 14427
5057 37
5057 308
5057 423
5057 592
5057 929
5057 979
5057 1221
5057 1394
5057 2332
5057 2425
5057 2475
5057 2640
5057 2658
5057 2671
5057 2683
5057 2810
5057 2926
5057 2998
5057 3227
5057 3246
5057 3348
5057 3689
5057 3909
5057 4123
5057 4211
5057 4285
5057 4318
5057 4410
5057 4493
5057 4494
5057 4764
5057 4862
5057 5500
5057 5625
5057 5821
5057 5925
5057 6154
5057 6352
5057 6419
5057 6486
5057 6507
5057 6938
5057 7642
5057 7684
5057 7877
5057 7889
5057 7900
5057 8056
5057 8390
5057 8519
5057 8848
5057 9257
5057 9516
5057 9555
5057 9672
5057 9703
5057 9895
5057 9905
5057 10340
5057 10954
5057 10972
5057 11094
5057 11317
5057 11791
5057 11868
5057 11870
5057 11871
5057 11872
5057 12329
5057 12469
5057 13125
5057 13363
5057 13364
5057 13366
5057 13367
5057 13590
5057 14427
5196 308
5196 929
5196 979
5196 1012
5196 1394
5196 2671
5196 2683
5196 2998
5196 4285
5196 4410
5196 5057
5196 5625
5196 5821
5196 6507
5196 6513
5196 7642
5196 7684
5196 8056
5196 9905
5196 12330
5196 13628
5197 2332
5197 2475
5197 2671
5197 3227
5197 3689
5197 4862
5197 5500
5197 5625
5197 6513
5197 6515
5197 6588
5197 8056
5197 8519
5197 9115
5197 9536
5197 9619
5197 10340
5197 11791
5197 12501
5197 13361
5197 13363
5197 13364
5500 308
5500 2475
5500 2671
5500 2683
5500 2926
5500 3227
5500 3369
5500 3635
5500 4211
5500 4403
5500 4493
5500 4494
5500 5197
5500 5625
5500 6938
5500 8056
5500 8519
5500 9115
5500 9555
5500 9619
5500 9703
5500 10040
5500 10046
5500 10340
5500 11791
5500 13361
5500 13364
5500 13590
5625 308
5625 423
5625 592
5625 979
5625 1012
5625 1221
5625 1394
5625 1875
5625 2222
5625 2332
5625 2385
5625 2425
5625 2475
5625 2671
5625 2683
5625 2692
5625 2809
5625 2810
5625 2926
5625 3227
5625 3348
5625 3369
5625 3689
5625 4123
5625 4285
5625 4318
5625 4403
5625 4410
5625 4493
5625 4494
5625 4764
5625 4862
5625 5196
5625 5197
5625 5500
5625 5821
5625 5925
5625 6154
5625 6352
5625 6419
5625 6486
5625 6507
5625 6515
5625 6938
5625 7642
5625 7684
5625 7877
5625 7889
5625 7900
5625 8056
5625 8368
5625 8519
5625 8848
5625 9115
5625 9200
5625 9255
5625 9257
5625 9516
5625 9536
5625 9555
5625 9619
5625 9672
5625 9895
5625 9905
5625 10340
5625 10972
5625 11094
5625 11317
5625 11868
5625 11869
5625 11870
5625 11872
5625 12329
5625 12335
5625 12469
5625 12501
5625 13125
5625 13359
5625 13361
5625 13363
5625 13364
5625 13366
5625 13367
5625 13628
5625 13736
5625 14427
5821 308
5821 423
5821 602
5821 979
5821 1012
5821 1394
5821 2222
5821 2332
5821 2385
5821 2425
5821 2475
5821 2640
5821 2658
5821 2671
5821 2683
5821 2692
5821 2809
5821 2810
5821 3635
5821 3689
5821 4123
5821 4211
5821 4285
5821 4403
5821 4493
5821 4494
5821 5057
5821 5196
5821 5625
5821 6154
5821 6486
5821 6513
5821 6938
5821 7642
5821 7684
5821 7889
5821 8056
5821 8390
5821 8519
5821 8848
5821 9255
5821 9536
5821 10340
5821 10954
5821 11094
5821 11869
5821 11870
5821 11871
5821 11872
5821 12329
5821 12469
5821 13361
5821 13363
5821 13364
5821 13590
5821 13628
5821 14427
5925 979
5925 2385
5925 2475
5925 5057
5925 5625
5925 6154
5925 8519
5925 11094
5925 12501
5925 13364
6154 308
6154 929
6154 979
6154 1394
6154 2332
6154 2385
6154 2425
6154 2475
6154 2671
6154 2683
6154 2926
6154 3227
6154 3348
6154 3473
6154 3689
6154 4285
6154 4318
6154 4862
6154 5057
6154 5821
6154 5925
6154 6419
6154 6507
6154 6515
6154 6588
6154 6938
6154 7684
6154 8056
6154 8519
6154 8848
6154 9536
6154 9905
6154 11094
6154 11791
6154 11868
6154 11870
6154 11872
6154 12329
6154 12469
6154 12501
6154 13363
6154 13364
6154 13367
6154 13628
6352 37
6352 929
6352 979
6352 1394
6352 1724
6352 2332
6352 2640
6352 2671
6352 2683
6352 3227
6352 3246
6352 5625
6352 6486
6352 6938
6352 7642
6352 7684
6352 8390
6352 8519
6352 8848
6352 9115
6352 9703
6352 9895
6352 9905
6352 10340
6352 10972
6352 11094
6352 11317
6352 11868
6352 11869
6352 11871
6352 13363
6352 13364
6352 13366
6352 13628
6419 37
6419 929
6419 2332
6419 2671
6419 2683
6419 2809
6419 3689
6419 4403
6419 5057
6419 5625
6419 6154
6419 6507
6419 6938
6419 7684
6419 7889
6419 8056
6419 8519
6419 9200
6419 9536
6419 13363
6419 13364
6486 237
6486 308
6486 423
6486 602
6486 929
6486 979
6486 2475
6486 2640
6486 2671
6486 2683
6486 2692
6486 2926
6486 3473
6486 4285
6486 5057
6486 5625
6486 5821
6486 6352
6486 6938
6486 7684
6486 8519
6486 9115
6486 9536
6486 9905
6486 10340
6486 11094
6486 11868
6486 11869
6486 11870
6486 11872
6486 12329
6486 12501
6486 13363
6486 13364
6486 13366
6486 13628
6507 29
6507 308
6507 929
6507 979
6507 1012
6507 1221
6507 1394
6507 1724
6507 2332
6507 2475
6507 2640
6507 2658
6507 2671
6507 2683
6507 3227
6507 3246
6507 3689
6507 4318
6507 4493
6507 4862
6507 5057
6507 5196
6507 5625
6507 5821
6507 6154
6507 6419
6507 6513
6507 6515
6507 7642
6507 7684
6507 7877
6507 7889
6507 8056
6507 8368
6507 9115
6507 9255
6507 9516
6507 9536
6507 9555
6507 9672
6507 9895
6507 9905
6507 10954
6507 10972
6507 11868
6507 11870
6507 11871
6507 12329
6507 12335
6507 12469
6507 13361
6507 13363
6507 13364
6507 13366
6507 13367
6513 308
6513 592
6513 979
6513 2332
6513 2640
6513 2671
6513 2926
6513 3214
6513 3227
6513 3369
6513 3689
6513 4403
6513 4764
6513 4862
6513 5196
6513 5197
6513 5625
6513 5821
6513 6507
6513 6515
6513 6588
6513 7889
6513 8056
6513 8368
6513 8519
6513 9115
6513 9536
6513 9555
6513 9895
6513 9905
6513 10046
6513 10340
6513 11872
6513 13361
6513 13363
6513 13364
6513 13368
6515 2671
6515 2926
6515 3227
6515 3635
6515 4211
6515 4285
6515 4764
6515 4862
6515 5197
6515 5625
6515 6154
6515 6507
6515 6513
6515 8519
6515 9555
6515 9703
6515 11872
6515 13361
6515 13368
6588 29
6588 308
6588 2222
6588 2475
6588 2671
6588 2683
6588 2926
6588 3227
6588 3369
6588 3689
6588 4764
6588 5197
6588 5821
6588 6154
6588 6513
6588 6515
6588 7684
6588 7889
6588 8056
6588 8519
6588 9115
6588 9555
6588 11872
6588 13361
6588 13364
6588 13368
6938 37
6938 308
6938 423
6938 602
6938 929
6938 979
6938 1012
6938 1221
6938 1724
6938 2332
6938 2385
6938 2475
6938 2640
6938 2658
6938 2683
6938 2810
6938 2926
6938 2998
6938 3227
6938 3246
6938 3473
6938 3635
6938 3689
6938 4211
6938 4285
6938 4493
6938 4494
6938 4862
6938 5196
6938 5625
6938 5821
6938 5925
6938 6419
6938 6486
6938 6507
6938 6513
6938 7642
6938 7684
6938 7877
6938 8056
6938 8390
6938 8848
6938 9115
6938 9257
6938 9516
6938 9895
6938 9905
6938 10340
6938 11094
6938 11317
6938 11791
6938 11869
6938 11870
6938 11871
6938 11872
6938 12329
6938 12469
6938 12501
6938 13125
6938 13361
6938 13363
6938 13364
6938 13366
6938 13367
6938 13628
6938 13736
7642 29
7642 411
7642 929
7642 979
7642 1221
7642 1394
7642 2385
7642 2640
7642 2658
7642 2671
7642 2683
7642 2810
7642 2998
7642 3227
7642 3689
7642 4285
7642 5625
7642 5821
7642 6352
7642 6507
7642 6938
7642 7684
7642 9536
7642 9905
7642 10972
7642 11317
7642 11870
7642 12280
7642 13125
7642 13361
7642 13628
7642 13736
7684 37
7684 308
7684 411
7684 929
7684 979
7684 1012
7684 1221
7684 1724
7684 2332
7684 2385
7684 2425
7684 2640
7684 2658
7684 2671
7684 2683
7684 2926
7684 2998
7684 3246
7684 3689
7684 4285
7684 4318
7684 4403
7684 4410
7684 4493
7684 4494
7684 5196
7684 5500
7684 5625
7684 5821
7684 6154
7684 6352
7684 6419
7684 6486
7684 6938
7684 7642
7684 7877
7684 7889
7684 7900
7684 8056
7684 8390
7684 8519
7684 8848
7684 9115
7684 9200
7684 9255
7684 9516
7684 9536
7684 9895
7684 10040
7684 10954
7684 10972
7684 11094
7684 11317
7684 11868
7684 11869
7684 11871
7684 11872
7684 12280
7684 12329
7684 12330
7684 12469
7684 12501
7684 13125
7684 13361
7684 13363
7684 13364
7684 13366
7684 13590
7684 13628
7684 13736
7877 237
7877 979
7877 1221
7877 2640
7877 2926
7877 3246
7877 3689
7877 4403
7877 4764
7877 5057
7877 5625
7877 6507
7877 6938
7877 7684
7877 8519
7877 9255
7877 9516
7877 10040
7877 11870
7877 11872
7877 12329
7877 13364
7877 13628
7889 308
7889 979
7889 1012
7889 1221
7889 1394
7889 2222
7889 2332
7889 2425
7889 2475
7889 2671
7889 2683
7889 2998
7889 3348
7889 3689
7889 4403
7889 4862
7889 5057
7889 5196
7889 5821
7889 6154
7889 6352
7889 6419
7889 6507
7889 6938
7889 7684
7889 7900
7889 8368
7889 8519
7889 9115
7889 9255
7889 9536
7889 9555
7889 9619
7889 9672
7889 9905
7889 11317
7889 11791
7889 11868
7889 11871
7889 12329
7889 12469
7889 12501
7889 13125
7889 13361
7889 13363
7889 13364
7889 13366
7889 13367
7889 13628
7889 13736
7900 979
7900 2332
7900 2385
7900 2671
7900 2683
7900 3689
7900 4318
7900 4403
7900 4862
7900 5057
7900 5625
7900 7684
7900 7889
7900 8056
7900 8519
7900 9115
7900 9200
7900 11317
7900 11870
7900 11871
7900 11872
7900 13364
8056 37
8056 308
8056 411
8056 423
8056 602
8056 929
8056 979
8056 1012
8056 1221
8056 1394
8056 1875
8056 2222
8056 2332
8056 2385
8056 2425
8056 2475
8056 2671
8056 2692
8056 2809
8056 2810
8056 2926
8056 3214
8056 3227
8056 3246
8056 3348
8056 3473
8056 3689
8056 4211
8056 4493
8056 4494
8056 4764
8056 4862
8056 5057
8056 5196
8056 5197
8056 5625
8056 6154
8056 6352
8056 6419
8056 6486
8056 6507
8056 6513
8056 6515
8056 6588
8056 7684
8056 7889
8056 7900
8056 8390
8056 9115
8056 9200
8056 9255
8056 9257
8056 9536
8056 9555
8056 9672
8056 9703
8056 10040
8056 10340
8056 10954
8056 10972
8056 11094
8056 11317
8056 11868
8056 11869
8056 11870
8056 11871
8056 11872
8056 12280
8056 12329
8056 12330
8056 13125
8056 13361
8056 13363
8056 13365
8056 13367
8056 13590
8056 13628
8056 13736
8368 979
8368 1244
8368 2671
8368 2683
8368 2926
8368 3227
8368 3369
8368 4764
8368 5625
8368 6507
8368 6513
8368 7889
8368 9516
8390 308
8390 929
8390 979
8390 2475
8390 2640
8390 2671
8390 2683
8390 3689
8390 5625
8390 5821
8390 6352
8390 6507
8390 6938
8390 8056
8390 8519
8390 11870
8390 11871
8390 11872
8390 13361
8519 29
8519 37
8519 308
8519 411
8519 423
8519 592
8519 929
8519 1221
8519 1394
8519 1724
8519 2332
8519 2385
8519 2425
8519 2475
8519 2658
8519 2671
8519 2683
8519 2809
8519 3227
8519 3246
8519 3348
8519 3473
8519 3635
8519 3689
8519 4211
8519 4285
8519 4403
8519 4764
8519 5057
8519 5196
8519 5625
8519 5821
8519 5925
8519 6154
8519 6419
8519 6486
8519 6513
8519 6515
8519 6588
8519 6938
8519 7684
8519 7877
8519 7889
8519 7900
8519 8056
8519 8390
8519 8848
8519 9115
8519 9255
8519 9516
8519 9555
8519 9619
8519 9672
8519 9895
8519 9905
8519 10340
8519 10954
8519 10972
8519 11094
8519 11317
8519 11618
8519 11791
8519 11868
8519 11869
8519 11870
8519 11871
8519 11872
8519 12280
8519 12329
8519 12335
8519 12469
8519 12501
8519 13125
8519 13361
8519 13363
8519 13364
8519 13365
8519 13366
8519 13367
8519 13628
8519 14427
8848 37
8848 308
8848 423
8848 979
8848 2671
8848 2683
8848 2926
8848 2998
8848 3473
8848 3689
8848 4493
8848 5057
8848 5500
8848 5625
8848 5821
8848 6154
8848 6352
8848 6938
8848 7684
8848 8056
8848 9516
8848 9536
8848 9703
8848 9895
8848 9905
8848 10040
8848 10046
8848 11094
8848 11317
8848 11868
8848 13361
8848 13364
8848 13628
9115 308
9115 979
9115 1244
9115 1394
9115 1724
9115 2332
9115 2475
9115 2640
9115 2671
9115 2683
9115 2926
9115 3227
9115 3369
9115 3635
9115 3689
9115 4211
9115 4403
9115 4764
9115 4862
9115 5197
9115 5500
9115 5625
9115 6352
9115 6486
9115 6507
9115 6513
9115 6588
9115 6938
9115 7684
9115 7889
9115 7900
9115 8056
9115 8519
9115 9536
9115 9619
9115 9905
9115 10040
9115 10046
9115 10340
9115 10972
9115 11094
9115 12469
9115 13125
9115 13363
9115 13367
9115 13628
9200 423
9200 979
9200 1012
9200 2222
9200 2683
9200 2810
9200 3689
9200 5625
9200 5821
9200 6419
9200 7684
9200 7900
9200 8056
9200 9536
9200 10954
9200 11868
9200 11869
9200 11870
9200 13363
9200 13364
9200 13367
9200 13590
9255 308
9255 929
9255 979
9255 1394
9255 2385
9255 2475
9255 2640
9255 2658
9255 2671
9255 2683
9255 3227
9255 3246
9255 3689
9255 4318
9255 4862
9255 5057
9255 5821
9255 6154
9255 6938
9255 7684
9255 7877
9255 7889
9255 9257
9255 9536
9255 9895
9255 11094
9255 11868
9255 11870
9255 11872
9255 12469
9255 12501
9255 13361
9255 13363
9255 13364
9255 13367
9255 13628
9257 423
9257 929
9257 2671
9257 3227
9257 3689
9257 5625
9257 9255
9257 11317
9257 13363
9516 308
9516 602
9516 929
9516 979
9516 1221
9516 2222
9516 2640
9516 2671
9516 2683
9516 2810
9516 2926
9516 2998
9516 3227
9516 3689
9516 4123
9516 4285
9516 4403
9516 4410
9516 5057
9516 5196
9516 6486
9516 6507
9516 7684
9516 7877
9516 8056
9516 8519
9516 8848
9516 9536
9516 9905
9516 11870
9516 11871
9516 12329
9516 13363
9516 13364
9516 13367
9536 37
9536 308
9536 411
9536 423
9536 592
9536 929
9536 1012
9536 1221
9536 1724
9536 2222
9536 2332
9536 2475
9536 2640
9536 2658
9536 2671
9536 2683
9536 2692
9536 2809
9536 2810
9536 3246
9536 3635
9536 3689
9536 4285
9536 4493
9536 4764
9536 5057
9536 5197
9536 5821
9536 6154
9536 6352
9536 6419
9536 6486
9536 6507
9536 6588
9536 6938
9536 7642
9536 7684
9536 7889
9536 8056
9536 8848
9536 9115
9536 9200
9536 9516
9536 9619
9536 9895
9536 9905
9536 10954
9536 10972
9536 11094
9536 11869
9536 11870
9536 11871
9536 11872
9536 12329
9536 12330
9536 12469
9536 12501
9536 13125
9536 13361
9536 13590
9536 13628
9536 14427
9555 308
9555 929
9555 979
9555 2332
9555 2640
9555 2671
9555 2683
9555 2926
9555 3348
9555 3689
9555 4123
9555 4764
9555 4862
9555 5057
9555 5197
9555 5500
9555 5625
9555 6507
9555 6515
9555 7889
9555 8056
9555 8519
9555 9115
9555 9536
9555 9619
9555 9703
9555 9905
9555 11094
9555 11868
9555 11870
9555 12501
9555 13364
9555 13365
9555 13367
9619 2640
9619 2683
9619 3214
9619 3369
9619 3689
9619 5197
9619 5500
9619 5625
9619 6515
9619 8519
9619 9536
9619 9555
9619 9703
9619 9905
9619 13361
9672 2475
9672 2640
9672 2671
9672 2683
9672 2998
9672 3689
9672 4862
9672 5057
9672 5625
9672 6507
9672 7889
9672 8056
9672 8519
9672 11094
9672 11791
9672 12501
9672 13363
9672 13364
9703 308
9703 602
9703 979
9703 2332
9703 3689
9703 4285
9703 4764
9703 5057
9703 5197
9703 5500
9703 6352
9703 6513
9703 6588
9703 7684
9703 8056
9703 8848
9703 9555
9703 9619
9703 11094
9703 13363
9703 13364
9895 29
9895 929
9895 979
9895 1221
9895 1394
9895 1724
9895 2425
9895 2658
9895 2671
9895 2683
9895 3227
9895 3246
9895 3689
9895 4403
9895 4493
9895 4494
9895 4764
9895 5057
9895 6352
9895 6513
9895 7684
9895 8056
9895 8519
9895 8848
9895 9536
9895 9905
9895 11094
9895 11869
9895 11870
9895 11871
9895 11872
9895 12501
9895 13359
9895 13364
9895 13628
9905 29
9905 308
9905 423
9905 602
9905 1221
9905 1394
9905 2671
9905 2998
9905 3214
9905 3227
9905 3689
9905 4123
9905 4211
9905 4285
9905 4410
9905 4493
9905 5057
9905 5196
9905 5625
9905 6154
9905 6352
9905 6486
9905 6513
9905 7642
9905 7684
9905 7889
9905 7900
9905 8056
9905 8368
9905 8519
9905 9115
9905 9536
9905 9555
9905 9619
9905 9895
9905 11094
9905 11871
9905 12329
9905 13125
9905 13361
9905 13363
9905 13364
9905 13367
9905 13628
10040 308
10040 1221
10040 2809
10040 3246
10040 3689
10040 4123
10040 5500
10040 7684
10040 7877
10040 8056
10040 8848
10040 9115
10040 13367
10046 2671
10046 2926
10046 5500
10046 6513
10046 12501
10340 308
10340 602
10340 979
10340 2475
10340 2671
10340 2683
10340 3473
10340 3689
10340 4403
10340 4862
10340 5197
10340 5500
10340 5625
10340 6154
10340 6486
10340 6513
10340 6938
10340 8056
10340 8519
10340 9115
10340 11094
10340 11870
10340 12501
10340 13364
10954 2332
10954 2640
10954 2671
10954 2809
10954 3689
10954 4211
10954 4285
10954 5057
10954 5821
10954 6507
10954 7684
10954 8056
10954 8519
10954 9200
10954 9536
10954 11869
10954 11871
10954 13364
10972 29
10972 929
10972 979
10972 1012
10972 2385
10972 2671
10972 2683
10972 2810
10972 2926
10972 2998
10972 3246
10972 4285
10972 5057
10972 5625
10972 6352
10972 6938
10972 7642
10972 7684
10972 8056
10972 8368
10972 8519
10972 9115
10972 9536
10972 10040
10972 12329
10972 13363
10972 13628
11094 308
11094 929
11094 979
11094 2425
11094 2475
11094 2640
11094 2671
11094 2683
11094 2926
11094 3227
11094 3473
11094 3689
11094 4285
11094 4403
11094 4494
11094 4862
11094 5057
11094 5625
11094 5821
11094 5925
11094 6352
11094 6507
11094 6938
11094 7684
11094 7889
11094 7900
11094 8056
11094 8519
11094 8848
11094 9115
11094 9255
11094 9516
11094 9536
11094 9672
11094 9703
11094 9895
11094 9905
11094 10340
11094 11317
11094 11868
11094 11869
11094 11870
11094 11871
11094 11872
11094 12329
11094 12501
11094 13125
11094 13363
11094 13364
11094 13366
11094 13367
11317 411
11317 423
11317 929
11317 979
11317 2332
11317 2425
11317 2475
11317 2640
11317 2671
11317 2683
11317 3348
11317 3689
11317 4403
11317 4764
11317 4862
11317 5057
11317 6154
11317 6352
11317 6513
11317 6938
11317 7642
11317 7684
11317 7889
11317 7900
11317 8056
11317 8519
11317 8848
11317 9200
11317 9257
11317 9536
11317 11094
11317 13125
11317 13363
11317 13364
11618 8519
11791 979
11791 2385
11791 2683
11791 3227
11791 3689
11791 4494
11791 5057
11791 5197
11791 5625
11791 6154
11791 6938
11791 7684
11791 7889
11791 8056
11791 9672
11791 11871
11791 12280
11791 12501
11791 13363
11791 13364
11791 13367
11868 29
11868 602
11868 929
11868 1244
11868 2671
11868 2683
11868 3348
11868 3635
11868 4862
11868 5057
11868 5625
11868 6352
11868 6486
11868 6507
11868 6938
11868 7684
11868 8056
11868 8519
11868 8848
11868 9115
11868 9200
11868 9255
11868 9555
11868 11094
11868 11870
11868 11871
11868 11872
11868 12329
11868 12501
11868 13363
11868 13628
11869 37
11869 308
11869 423
11869 979
11869 2222
11869 2332
11869 2425
11869 2671
11869 2683
11869 2692
11869 2810
11869 3348
11869 3689
11869 4285
11869 4403
11869 5057
11869 5625
11869 6352
11869 6419
11869 6486
11869 6938
11869 7684
11869 8056
11869 8519
11869 9200
11869 9536
11869 9895
11869 9905
11869 10954
11869 11094
11869 11868
11869 11870
11869 11871
11869 11872
11869 12329
11869 12501
11869 13361
11869 13364
11869 13590
11869 13628
11869 14427
11870 37
11870 308
11870 592
11870 602
11870 979
11870 1394
11870 2425
11870 2475
11870 2640
11870 2671
11870 2683
11870 2692
11870 3689
11870 4211
11870 4285
11870 4403
11870 4493
11870 4494
11870 4862
11870 5057
11870 5821
11870 6154
11870 6486
11870 6507
11870 6938
11870 7642
11870 7684
11870 7900
11870 8056
11870 9200
11870 9255
11870 9516
11870 9536
11870 9555
11870 9895
11870 9905
11870 10340
11870 11868
11870 11869
11870 11871
11870 11872
11870 12329
11870 12469
11870 12501
11870 13363
11870 13364
11870 13366
11870 13367
11870 13590
11870 13628
11870 14427
11871 308
11871 423
11871 592
11871 929
11871 979
11871 2332
11871 2475
11871 2658
11871 2671
11871 2683
11871 2998
11871 3635
11871 3689
11871 4211
11871 4285
11871 4318
11871 4493
11871 5057
11871 5821
11871 6154
11871 6486
11871 6938
11871 7684
11871 7889
11871 7900
11871 8056
11871 8390
11871 8519
11871 8848
11871 9200
11871 9516
11871 9536
11871 9895
11871 9905
11871 10340
11871 11094
11871 11872
11871 12329
11871 12501
11871 13125
11871 13361
11871 13363
11871 13364
11871 13366
11871 13367
11871 13628
11872 929
11872 979
11872 2332
11872 2385
11872 2475
11872 2640
11872 2671
11872 2683
11872 2926
11872 3227
11872 3689
11872 4764
11872 5625
11872 5821
11872 6486
11872 6507
11872 6513
11872 6515
11872 6588
11872 6938
11872 7877
11872 8390
11872 8519
11872 9255
11872 9536
11872 9895
11872 11094
11872 11868
11872 11869
11872 13361
11872 13364
11872 13367
11872 13628
12280 7642
12280 7684
12280 8056
12280 8519
12280 11791
12329 308
12329 592
12329 602
12329 979
12329 1012
12329 1724
12329 2475
12329 2658
12329 2671
12329 2683
12329 2926
12329 2998
12329 3246
12329 3473
12329 3689
12329 4403
12329 4862
12329 5057
12329 5625
12329 6154
12329 6486
12329 7684
12329 7889
12329 8056
12329 8519
12329 9516
12329 9536
12329 9895
12329 9905
12329 10972
12329 11094
12329 11868
12329 11869
12329 11870
12329 11871
12329 13361
12329 13364
12329 13628
12330 1221
12330 5196
12330 5625
12330 7684
12330 9536
12330 10040
12335 29
12335 929
12335 2926
12335 3689
12335 5625
12335 6507
12335 8519
12335 9895
12469 308
12469 929
12469 2671
12469 2683
12469 3689
12469 4285
12469 5057
12469 5821
12469 6154
12469 6507
12469 6938
12469 7684
12469 7889
12469 8056
12469 8519
12469 9115
12469 9536
12469 13363
12469 14427
12501 237
12501 308
12501 929
12501 979
12501 2425
12501 2475
12501 2640
12501 2671
12501 2683
12501 3473
12501 3689
12501 4494
12501 5057
12501 5197
12501 5500
12501 5625
12501 5821
12501 6352
12501 6938
12501 7684
12501 7889
12501 8056
12501 8519
12501 9255
12501 9536
12501 9555
12501 9672
12501 9895
12501 10046
12501 10340
12501 11094
12501 11791
12501 11869
12501 11871
12501 11872
12501 12469
12501 13125
12501 13361
12501 13363
12501 13364
12501 13366
12501 13367
12501 13628
13125 308
13125 411
13125 929
13125 979
13125 1724
13125 2222
13125 2475
13125 2671
13125 2683
13125 3227
13125 3689
13125 4403
13125 4862
13125 5625
13125 6352
13125 6513
13125 7642
13125 7684
13125 7889
13125 8056
13125 8519
13125 9115
13125 9536
13125 9905
13125 11871
13125 12501
13125 13363
13125 13364
13125 13366
13125 13367
13125 13628
13359 5625
13359 9895
13359 13367
13359 14427
13361 308
13361 592
13361 929
13361 1012
13361 1244
13361 1875
13361 2671
13361 2683
13361 2692
13361 2810
13361 2926
13361 2998
13361 3214
13361 3227
13361 3246
13361 3369
13361 3635
13361 3689
13361 4123
13361 4211
13361 4318
13361 4862
13361 5197
13361 5500
13361 5625
13361 6154
13361 6507
13361 6513
13361 6588
13361 6938
13361 7642
13361 7684
13361 7889
13361 8056
13361 8368
13361 8390
13361 8519
13361 8848
13361 9115
13361 9536
13361 9555
13361 10972
13361 11869
13361 11872
13361 12329
13361 13363
13361 13367
13361 13368
13361 13628
13363 37
13363 411
13363 423
13363 602
13363 979
13363 2222
13363 2332
13363 2425
13363 2475
13363 2658
13363 2683
13363 2809
13363 3214
13363 3246
13363 4123
13363 4211
13363 4403
13363 4493
13363 4494
13363 4764
13363 5057
13363 5197
13363 5625
13363 5821
13363 6352
13363 6419
13363 6486
13363 6507
13363 6513
13363 6588
13363 6938
13363 7684
13363 7889
13363 8056
13363 8519
13363 9115
13363 9200
13363 9255
13363 9257
13363 9516
13363 9536
13363 9672
13363 9703
13363 9905
13363 10972
13363 11094
13363 11317
13363 11791
13363 11868
13363 11870
13363 11871
13363 12329
13363 12469
13363 12501
13363 13125
13363 13361
13363 13364
13363 13365
13363 13366
13363 13367
13363 13628
13363 14427
13364 29
13364 237
13364 308
13364 592
13364 929
13364 1012
13364 1221
13364 2222
13364 2332
13364 2385
13364 2425
13364 2475
13364 2640
13364 2658
13364 2671
13364 2683
13364 2809
13364 2810
13364 2998
13364 3214
13364 3227
13364 3369
13364 3473
13364 3635
13364 4123
13364 4211
13364 4285
13364 4318
13364 4403
13364 4494
13364 4764
13364 4862
13364 5057
13364 5197
13364 5500
13364 5625
13364 5925
13364 6154
13364 6352
13364 6419
13364 6507
13364 6513
13364 6938
13364 7877
13364 7889
13364 7900
13364 8056
13364 8390
13364 9200
13364 9255
13364 9516
13364 9536
13364 9555
13364 9672
13364 9703
13364 9895
13364 9905
13364 10340
13364 10954
13364 11094
13364 11317
13364 11791
13364 11868
13364 11869
13364 11870
13364 11871
13364 12329
13364 12330
13364 12501
13364 13125
13364 13361
13364 13363
13364 13366
13364 13367
13364 13590
13364 13628
13364 13736
13364 14427
13365 3214
13365 3227
13365 4285
13365 8056
13365 8519
13365 9555
13365 13363
13365 13366
13366 37
13366 308
13366 979
13366 2683
13366 3689
13366 5625
13366 6352
13366 6486
13366 6507
13366 7684
13366 8056
13366 11094
13366 11870
13366 11871
13366 12501
13366 13125
13366 13364
13366 13365
13367 29
13367 37
13367 308
13367 602
13367 929
13367 979
13367 2332
13367 2385
13367 2475
13367 2658
13367 2671
13367 2683
13367 2809
13367 3227
13367 3348
13367 3473
13367 3689
13367 4123
13367 4211
13367 4285
13367 4403
13367 4493
13367 5057
13367 5625
13367 5821
13367 6507
13367 6938
13367 7684
13367 7889
13367 8519
13367 9115
13367 9200
13367 9255
13367 9516
13367 9536
13367 9619
13367 9895
13367 9905
13367 10040
13367 11094
13367 11791
13367 11869
13367 11870
13367 11871
13367 11872
13367 13125
13367 13359
13367 13363
13367 13364
13367 13590
13367 13736
13367 14427
13368 308
13368 2332
13368 2810
13368 2926
13368 3369
13368 4764
13368 6513
13368 6515
13368 6588
13590 37
13590 423
13590 592
13590 979
13590 1221
13590 2222
13590 2475
13590 2640
13590 2671
13590 2683
13590 2692
13590 2809
13590 2810
13590 3689
13590 5057
13590 5821
13590 7684
13590 8056
13590 8519
13590 9200
13590 9536
13590 11869
13590 11870
13590 13363
13590 13364
13590 13367
13628 37
13628 237
13628 308
13628 929
13628 979
13628 1012
13628 1221
13628 1394
13628 2683
13628 3227
13628 3473
13628 3689
13628 4285
13628 4403
13628 4862
13628 5057
13628 5625
13628 5821
13628 6352
13628 6486
13628 6938
13628 7642
13628 7889
13628 8056
13628 8848
13628 9115
13628 9255
13628 9516
13628 9536
13628 9703
13628 9905
13628 10972
13628 11094
13628 11868
13628 11869
13628 11870
13628 13361
13628 13363
13628 13364
13628 13367
13736 979
13736 2332
13736 2425
13736 2658
13736 2671
13736 2683
13736 2810
13736 2926
13736 2998
13736 3227
13736 4285
13736 5057
13736 6938
13736 7642
13736 7684
13736 7889
13736 8056
13736 9905
13736 13364
13736 13367
14427 308
14427 979
14427 2475
14427 2640
14427 2671
14427 3348
14427 4211
14427 4862
14427 5057
14427 5625
14427 5821
14427 8056
14427 8519
14427 9536
14427 11317
14427 11869
14427 13359
14427 13363
