14541 14541 1310
1612 2960
1612 3661
1612 7676
1612 8087
1612 8099
1612 8247
1612 8249
1612 8357
1612 8572
1612 8907
1612 9307
1612 9925
1612 11538
1613 2960
1613 3661
1613 7186
1613 7676
1613 8087
1613 8099
1613 8247
1613 8249
1613 8357
1613 8572
1613 8907
1613 9307
1613 9508
1613 9925
1613 11538
1614 2960
1614 3661
1614 7186
1614 7676
1614 8087
1614 8099
1614 8247
1614 8249
1614 8357
1614 8572
1614 8907
1614 9307
1614 9508
1614 9925
1614 11538
1615 2960
1615 3661
1615 7186
1615 7676
1615 8087
1615 8099
1615 8247
1615 8249
1615 8357
1615 8572
1615 8907
1615 9307
1615 9508
1615 9629
1615 9925
1615 11538
1615 12312
1616 2960
1616 3661
1616 7186
1616 7676
1616 8087
1616 8099
1616 8247
1616 8249
1616 8357
1616 8572
1616 8907
1616 9307
1616 9508
1616 9629
1616 9925
1616 11538
1616 12312
1617 2960
1617 3661
1617 7186
1617 7676
1617 8087
1617 8099
1617 8247
1617 8249
1617 8357
1617 8572
1617 8907
1617 9307
1617 9508
1617 9629
1617 9925
1617 11538
1617 12312
1618 2960
1618 3661
1618 7186
1618 7676
1618 8087
1618 8099
1618 8247
1618 8249
1618 8357
1618 8572
1618 8907
1618 9307
1618 9508
1618 9629
1618 9925
1618 11538
1618 12312
1619 2960
1619 3661
1619 7186
1619 7676
1619 8087
1619 8099
1619 8247
1619 8249
1619 8357
1619 8366
1619 8572
1619 8907
1619 9307
1619 9508
1619 9629
1619 9925
1619 11538
1620 2960
1620 3661
1620 7186
1620 7676
1620 8087
1620 8099
1620 8247
1620 8249
1620 8357
1620 8366
1620 8572
1620 8907
1620 9307
1620 9508
1620 9629
1620 9925
1620 11538
1621 2960
1621 3661
1621 7186
1621 7676
1621 8087
1621 8099
1621 8247
1621 8249
1621 8357
1621 8366
1621 8572
1621 8907
1621 9307
1621 9508
1621 9629
1621 9925
1621 11538
1622 2960
1622 3661
1622 7186
1622 7676
1622 8087
1622 8099
1622 8247
1622 8249
1622 8357
1622 8366
1622 8572
1622 8907
1622 9307
1622 9508
1622 9629
1622 9925
1622 11538
1623 2960
1623 3661
1623 7186
1623 7544
1623 7676
1623 8087
1623 8099
1623 8247
1623 8249
1623 8357
1623 8366
1623 8572
1623 8907
1623 9307
1623 9508
1623 9629
1623 9925
1623 11538
1624 2960
1624 3661
1624 6626
1624 7186
1624 7544
1624 7676
1624 8087
1624 8099
1624 8247
1624 8249
1624 8357
1624 8366
1624 8572
1624 8907
1624 9307
1624 9508
1624 9629
1624 9925
1624 11538
1625 2960
1625 3661
1625 6623
1625 6626
1625 7186
1625 7544
1625 7676
1625 7727
1625 8087
1625 8099
1625 8247
1625 8249
1625 8357
1625 8366
1625 8572
1625 8907
1625 9307
1625 9508
1625 9629
1625 9925
1625 11538
1626 2960
1626 3661
1626 6623
1626 6626
1626 7186
1626 7544
1626 7676
1626 7727
1626 7823
1626 7873
1626 8087
1626 8099
1626 8247
1626 8249
1626 8357
1626 8366
1626 8572
1626 8907
1626 9307
1626 9508
1626 9629
1626 9925
1626 11538
1626 12673
1627 2960
1627 3661
1627 6623
1627 6626
1627 7186
1627 7544
1627 7676
1627 7727
1627 7873
1627 8087
1627 8099
1627 8247
1627 8249
1627 8357
1627 8366
1627 8572
1627 8907
1627 9307
1627 9508
1627 9629
1627 9925
1627 11538
1627 12673
1628 2960
1628 3661
1628 6623
1628 6626
1628 7186
1628 7544
1628 7676
1628 7727
1628 7823
1628 7873
1628 8087
1628 8099
1628 8247
1628 8249
1628 8357
1628 8366
1628 8572
1628 8907
1628 9307
1628 9508
1628 9629
1628 9925
1628 11538
1628 12673
1629 2960
1629 3661
1629 6623
1629 6626
1629 7186
1629 7544
1629 7676
1629 7727
1629 7823
1629 7873
1629 8087
1629 8099
1629 8247
1629 8249
1629 8357
1629 8366
1629 8572
1629 8907
1629 9307
1629 9508
1629 9629
1629 9925
1629 11538
1629 12673
1630 2960
1630 3661
1630 6623
1630 6626
1630 7186
1630 7544
1630 7676
1630 7727
1630 7823
1630 7873
1630 8087
1630 8099
1630 8247
1630 8249
1630 8357
1630 8366
1630 8572
1630 8907
1630 9307
1630 9508
1630 9629
1630 9925
1630 11538
1630 12673
1631 2960
1631 3661
1631 6623
1631 6626
1631 7186
1631 7544
1631 7676
1631 7727
1631 7823
1631 7873
1631 8087
1631 8099
1631 8247
1631 8249
1631 8357
1631 8366
1631 8572
1631 8907
1631 9307
1631 9508
1631 9629
1631 9925
1631 11538
1631 12673
1632 2960
1632 3661
1632 6623
1632 6626
1632 7186
1632 7544
1632 7676
1632 7677
1632 7727
1632 7823
1632 7873
1632 8087
1632 8099
1632 8247
1632 8249
1632 8357
1632 8366
1632 8572
1632 8907
1632 9307
1632 9508
1632 9629
1632 9925
1632 11538
1632 12673
1632 14338
1633 2960
1633 3661
1633 6623
1633 6626
1633 7186
1633 7544
1633 7676
1633 7677
1633 7727
1633 7823
1633 7873
1633 8087
1633 8099
1633 8247
1633 8249
1633 8357
1633 8366
1633 8572
1633 8907
1633 9307
1633 9508
1633 9629
1633 9925
1633 11538
1633 12673
1633 14338
1634 2960
1634 3661
1634 6623
1634 6626
1634 7186
1634 7544
1634 7676
1634 7677
1634 7727
1634 7823
1634 7873
1634 8087
1634 8099
1634 8247
1634 8249
1634 8357
1634 8366
1634 8572
1634 8907
1634 9307
1634 9508
1634 9629
1634 9925
1634 11538
1634 12673
1634 14338
1635 2960
1635 3661
1635 6623
1635 6626
1635 7186
1635 7544
1635 7676
1635 7677
1635 7727
1635 7823
1635 7873
1635 8087
1635 8099
1635 8247
1635 8249
1635 8357
1635 8366
1635 8572
1635 8907
1635 9307
1635 9508
1635 9629
1635 9925
1635 11538
1635 12673
1635 14338
1641 493
1641 7691
1641 8101
1641 8104
1641 8105
1641 8330
1641 8369
1641 8530
1641 9124
1641 10076
1641 12754
1641 12962
1667 2960
1667 3661
1667 5317
1667 6565
1667 6623
1667 6626
1667 7186
1667 7544
1667 7676
1667 7677
1667 7727
1667 7823
1667 7873
1667 8087
1667 8099
1667 8247
1667 8249
1667 8357
1667 8366
1667 8572
1667 8907
1667 9307
1667 9508
1667 9530
1667 9629
1667 9925
1667 9983
1667 11538
1667 12673
1667 14338
3439 2122
3439 2960
3439 3661
3439 5317
3439 6135
3439 6565
3439 6569
3439 6623
3439 6626
3439 7148
3439 7186
3439 7544
3439 7676
3439 7677
3439 7727
3439 7823
3439 7873
3439 7874
3439 8082
3439 8087
3439 8099
3439 8246
3439 8247
3439 8248
3439 8250
3439 8357
3439 8363
3439 8366
3439 8414
3439 8572
3439 8907
3439 9106
3439 9307
3439 9508
3439 9530
3439 9629
3439 9806
3439 9974
3439 9979
3439 9983
3439 10026
3439 11538
3439 12312
3439 12483
3439 12673
3439 12815
3439 14338
3439 14352
3441 2122
3441 2960
3441 3661
3441 5317
3441 6135
3441 6565
3441 6569
3441 6623
3441 6626
3441 7148
3441 7186
3441 7544
3441 7676
3441 7677
3441 7727
3441 7823
3441 7873
3441 7874
3441 8082
3441 8087
3441 8099
3441 8246
3441 8248
3441 8250
3441 8357
3441 8363
3441 8366
3441 8414
3441 8572
3441 8907
3441 9106
3441 9508
3441 9530
3441 9806
3441 9974
3441 9979
3441 9983
3441 10026
3441 12312
3441 12483
3441 12673
3441 12815
3441 14338
3441 14352
4107 2122
4107 2960
4107 6135
4107 6565
4107 6569
4107 6623
4107 6626
4107 7148
4107 7186
4107 7544
4107 7676
4107 7677
4107 7727
4107 7823
4107 7873
4107 7874
4107 8082
4107 8087
4107 8099
4107 8247
4107 8248
4107 8250
4107 8357
4107 8363
4107 8366
4107 8414
4107 8572
4107 8907
4107 9106
4107 9508
4107 9530
4107 9806
4107 9974
4107 9979
4107 9983
4107 10026
4107 12312
4107 12483
4107 12673
4107 14338
4107 14352
4108 2122
4108 2960
4108 6135
4108 6565
4108 6623
4108 6626
4108 7148
4108 7186
4108 7544
4108 7676
4108 7677
4108 7727
4108 7823
4108 7873
4108 7874
4108 8082
4108 8087
4108 8099
4108 8247
4108 8248
4108 8250
4108 8357
4108 8363
4108 8414
4108 8572
4108 8907
4108 9106
4108 9508
4108 9530
4108 9806
4108 9974
4108 9979
4108 9983
4108 10026
4108 12312
4108 12483
4108 12673
4108 14352
4111 2122
4111 2960
4111 6135
4111 6565
4111 6626
4111 7148
4111 7186
4111 7676
4111 7677
4111 7727
4111 7823
4111 7873
4111 7874
4111 8082
4111 8087
4111 8099
4111 8247
4111 8248
4111 8250
4111 8357
4111 8363
4111 8414
4111 8572
4111 9508
4111 9530
4111 9806
4111 9974
4111 9979
4111 9983
4111 12312
4111 12483
4111 12673
4111 14352
4112 2122
4112 2960
4112 6135
4112 6565
4112 6626
4112 7186
4112 7676
4112 7677
4112 7727
4112 7823
4112 7874
4112 8082
4112 8087
4112 8099
4112 8247
4112 8248
4112 8250
4112 8357
4112 8414
4112 8572
4112 9508
4112 9530
4112 9806
4112 9974
4112 9979
4112 9983
4112 12312
4112 12673
4112 14352
4113 2122
4113 2960
4113 6135
4113 6565
4113 6626
4113 7186
4113 7676
4113 7677
4113 7727
4113 7823
4113 7874
4113 8082
4113 8099
4113 8247
4113 8248
4113 8250
4113 8357
4113 8572
4113 9508
4113 9806
4113 9974
4113 9983
4113 12312
4113 12673
4113 14352
4150 2960
4150 6135
4150 6565
4150 6626
4150 7186
4150 7676
4150 7677
4150 7727
4150 7823
4150 7874
4150 8082
4150 8099
4150 8247
4150 8248
4150 8250
4150 8357
4150 8572
4150 9508
4150 9806
4150 9974
4150 9983
4150 12312
4150 12673
4150 14352
4331 2960
4331 6135
4331 6565
4331 6626
4331 7186
4331 7676
4331 7677
4331 7727
4331 7823
4331 7874
4331 8082
4331 8099
4331 8247
4331 8248
4331 8250
4331 8357
4331 8572
4331 9508
4331 9806
4331 9974
4331 12312
4331 12673
4331 14352
4333 2960
4333 6135
4333 6565
4333 6626
4333 7186
4333 7677
4333 7727
4333 7874
4333 8099
4333 8247
4333 8248
4333 8357
4333 8572
4333 9508
4333 9806
4333 9974
4333 12312
5557 6135
5557 8099
5557 8357
5557 9508
5557 9974
5557 12312
5643 493
5643 7691
5643 8101
5643 8104
5643 8105
5643 8330
5643 8369
5643 9124
5643 12962
6180 493
6180 7691
6180 8101
6180 8104
6180 8105
6180 8330
6180 8369
6180 9124
6180 12962
6546 2122
6546 2960
6546 3661
6546 5317
6546 6565
6546 6623
6546 6626
6546 7186
6546 7544
6546 7676
6546 7677
6546 7727
6546 7823
6546 7873
6546 8087
6546 8099
6546 8247
6546 8249
6546 8357
6546 8366
6546 8572
6546 8907
6546 9307
6546 9508
6546 9530
6546 9629
6546 9925
6546 9983
6546 11538
6546 12312
6546 12673
6546 14338
6553 2960
6553 6135
6553 6565
6553 6626
6553 7677
6553 7727
6553 7874
6553 8099
6553 8247
6553 8248
6553 8357
6553 8572
6553 9508
6553 9806
6553 9974
6553 12312
6603 2960
6603 6135
6603 6565
6603 6626
6603 7677
6603 7727
6603 7874
6603 8099
6603 8247
6603 8357
6603 8572
6603 9508
6603 9806
6603 9974
6603 12312
6677 6135
6677 6626
6677 7677
6677 7727
6677 7874
6677 8099
6677 8357
6677 9508
6677 9806
6677 9974
6677 12312
6786 6135
6786 6626
6786 7727
6786 7874
6786 8099
6786 8357
6786 9508
6786 9806
6786 9974
6786 12312
6967 2122
6967 2960
6967 3661
6967 5317
6967 6565
6967 6623
6967 6626
6967 7186
6967 7544
6967 7676
6967 7677
6967 7727
6967 7823
6967 7873
6967 8087
6967 8099
6967 8247
6967 8249
6967 8357
6967 8366
6967 8572
6967 8907
6967 9307
6967 9508
6967 9530
6967 9629
6967 9925
6967 9983
6967 11538
6967 12312
6967 12673
6967 14338
7184 6135
7184 8099
7184 8357
7184 9974
7184 12312
7348 493
7348 7691
7348 8101
7348 8104
7348 8105
7348 8330
7348 8369
7348 8530
7348 9124
7348 10027
7348 10076
7348 12754
7348 12962
7398 6135
7398 8099
7398 8357
7398 9974
7415 6135
7415 8099
7415 8357
7415 9974
7530 493
7530 7691
7530 8101
7530 8104
7530 8105
7530 8330
7530 8369
7530 8530
7530 9124
7530 10076
7530 12754
7530 12962
8375 6135
8375 8099
8375 8357
8375 9974
8533 2960
8533 3661
8533 7676
8533 8087
8533 8099
8533 8247
8533 8249
8533 8357
8533 8572
8533 8907
8533 9307
8533 9925
8713 6135
8713 8099
8713 8357
8713 9974
8957 2122
8957 2960
8957 3661
8957 5317
8957 6135
8957 6565
8957 6569
8957 6623
8957 6626
8957 7148
8957 7186
8957 7544
8957 7676
8957 7677
8957 7727
8957 7823
8957 7829
8957 7873
8957 7874
8957 8082
8957 8087
8957 8099
8957 8246
8957 8247
8957 8248
8957 8249
8957 8250
8957 8357
8957 8363
8957 8366
8957 8414
8957 8572
8957 8907
8957 9106
8957 9307
8957 9508
8957 9530
8957 9629
8957 9806
8957 9925
8957 9974
8957 9979
8957 9983
8957 10026
8957 11517
8957 11538
8957 12312
8957 12483
8957 12673
8957 12815
8957 14338
8957 14352
9181 6135
9181 8099
9181 8357
9181 9974
9345 2115
9345 2122
9345 2960
9345 3661
9345 5317
9345 6135
9345 6565
9345 6569
9345 6623
9345 6626
9345 7148
9345 7186
9345 7544
9345 7676
9345 7677
9345 7727
9345 7823
9345 7829
9345 7873
9345 7874
9345 8082
9345 8087
9345 8099
9345 8246
9345 8247
9345 8248
9345 8249
9345 8250
9345 8357
9345 8363
9345 8366
9345 8414
9345 8572
9345 8907
9345 9106
9345 9307
9345 9508
9345 9530
9345 9629
9345 9806
9345 9925
9345 9974
9345 9979
9345 9983
9345 10026
9345 11517
9345 11538
9345 12312
9345 12483
9345 12673
9345 12815
9345 14338
9345 14352
9346 2115
9346 2122
9346 2960
9346 3661
9346 5317
9346 6135
9346 6565
9346 6569
9346 6623
9346 6626
9346 7148
9346 7186
9346 7544
9346 7676
9346 7677
9346 7727
9346 7823
9346 7829
9346 7873
9346 7874
9346 8082
9346 8087
9346 8099
9346 8246
9346 8247
9346 8248
9346 8249
9346 8250
9346 8357
9346 8363
9346 8366
9346 8414
9346 8572
9346 8907
9346 9106
9346 9307
9346 9508
9346 9530
9346 9629
9346 9806
9346 9925
9346 9974
9346 9979
9346 9983
9346 10026
9346 11517
9346 11538
9346 12312
9346 12483
9346 12673
9346 12815
9346 14338
9346 14352
9465 2115
9465 2122
9465 2960
9465 3661
9465 5317
9465 6135
9465 6565
9465 6569
9465 6623
9465 6626
9465 7148
9465 7186
9465 7544
9465 7676
9465 7677
9465 7727
9465 7823
9465 7829
9465 7873
9465 7874
9465 8082
9465 8087
9465 8099
9465 8246
9465 8247
9465 8248
9465 8249
9465 8250
9465 8357
9465 8363
9465 8366
9465 8414
9465 8572
9465 8907
9465 9106
9465 9307
9465 9508
9465 9530
9465 9629
9465 9806
9465 9925
9465 9974
9465 9979
9465 9983
9465 10026
9465 11517
9465 11538
9465 12312
9465 12483
9465 12673
9465 12815
9465 14338
9465 14352
9737 2122
9737 2960
9737 3661
9737 5317
9737 6135
9737 6565
9737 6569
9737 6623
9737 6626
9737 7148
9737 7186
9737 7544
9737 7676
9737 7677
9737 7727
9737 7823
9737 7873
9737 7874
9737 8082
9737 8087
9737 8099
9737 8246
9737 8247
9737 8248
9737 8249
9737 8250
9737 8357
9737 8363
9737 8366
9737 8414
9737 8572
9737 8907
9737 9106
9737 9307
9737 9508
9737 9530
9737 9629
9737 9806
9737 9974
9737 9979
9737 9983
9737 10026
9737 11538
9737 12312
9737 12483
9737 12673
9737 12815
9737 14338
9737 14352
