14541 14541 458
223 10559
262 10559
350 10559
432 10559
606 10559
1337 10559
2022 10559
2030 10559
2031 10559
2034 10559
2035 10559
2036 10559
2037 10559
2038 10559
2053 10559
2055 10559
2056 10559
2057 10559
2210 10559
2346 10559
2596 10559
2963 10559
3149 10559
3250 10559
3342 10559
3503 10559
4161 10559
5317 10559
5660 10559
5677 10559
6084 10559
6996 10559
10303 10559
10439 10559
10734 10559
10737 10559
10738 10559
10919 10559
11083 10559
11095 10559
11155 10559
11198 10559
11271 10559
11284 10559
11285 10559
11286 10559
11303 10559
11316 10559
11468 10559
11469 10559
11470 10559
11471 10559
11504 10559
11509 10559
11510 10559
11552 10559
11553 10559
11554 10559
11556 10559
11599 10559
11604 10559
11644 10559
11663 10559
11668 10559
11727 10559
11750 10559
11773 10559
11814 10559
11815 10559
11816 10559
11817 10559
11818 10559
11905 10559
11930 10559
11938 10559
11975 10559
11976 10559
11978 10559
11985 10559
11986 10559
11988 10559
11990 10559
11992 10559
11998 10559
12027 10559
12037 10559
12038 10559
12039 10559
12040 10559
12041 10559
12043 10559
12044 10559
12049 10559
12058 10559
12100 10559
12101 10559
12102 10559
12108 10559
12124 10559
12125 10559
12156 10559
12157 10559
12159 10559
12189 10559
12190 10559
12191 10559
12197 10559
12269 10559
12272 10559
12282 10559
12286 10559
12287 10559
12288 10559
12419 10559
12622 10559
12852 10559
12904 10559
12963 10559
12977 10559
12978 10559
12981 10559
12982 10559
12983 10559
12984 10559
12985 10559
12986 10559
13008 10559
13009 10559
13011 10559
13012 10559
13013 10559
13022 10559
13023 10559
13024 10559
13090 10559
13103 10559
13104 10559
13106 10559
13108 10559
13110 10559
13111 10559
13135 10559
13136 10559
13159 10559
13207 10559
13254 10559
13255 10559
13286 10559
13287 10559
13288 10559
13289 10559
13290 10559
13292 10559
13293 10559
13318 10559
13319 10559
13320 10559
13321 10559
13322 10559
13335 10559
13339 10559
13340 10559
13373 10559
13374 10559
13375 10559
13376 10559
13377 10559
13378 10559
13379 10559
13380 10559
13381 10559
13382 10559
13383 10559
13384 10559
13385 10559
13387 10559
13388 10559
13389 10559
13390 10559
13391 10559
13392 10559
13393 10559
13394 10559
13395 10559
13396 10559
13397 10559
13398 10559
13402 10559
13403 10559
13433 10559
13434 10559
13435 10559
13436 10559
13437 10559
13458 10559
13479 10559
13518 10559
13519 10559
13520 10559
13521 10559
13522 10559
13523 10559
13524 10559
13525 10559
13526 10559
13527 10559
13534 10559
13536 10559
13537 10559
13562 10559
13563 10559
13586 10559
13622 10559
13623 10559
13624 10559
13625 10559
13626 10559
13627 10559
13629 10559
13630 10559
13631 10559
13632 10559
13634 10559
13635 10559
13636 10559
13637 10559
13638 10559
13639 10559
13640 10559
13641 10559
13642 10559
13643 10559
13645 10559
13648 10559
13649 10559
13650 10559
13651 10559
13652 10559
13653 10559
13654 10559
13656 10559
13657 10559
13658 10559
13659 10559
13660 10559
13661 10559
13662 10559
13663 10559
13664 10559
13665 10559
13666 10559
13667 10559
13668 10559
13670 10559
13671 10559
13672 10559
13673 10559
13674 10559
13675 10559
13677 10559
13678 10559
13679 10559
13680 10559
13681 10559
13682 10559
13683 10559
13684 10559
13685 10559
13686 10559
13687 10559
13688 10559
13689 10559
13690 10559
13691 10559
13692 10559
13693 10559
13694 10559
13695 10559
13696 10559
13698 10559
13699 10559
13700 10559
13701 10559
13702 10559
13703 10559
13704 10559
13705 10559
13706 10559
13707 10559
13708 10559
13709 10559
13710 10559
13711 10559
13712 10559
13713 10559
13714 10559
13715 10559
13716 10559
13717 10559
13718 10559
13719 10559
13720 10559
13721 10559
13722 10559
13723 10559
13724 10559
13725 10559
13726 10559
13727 10559
13728 10559
13729 10559
13730 10559
13731 10559
13732 10559
13733 10559
13734 10559
13735 10559
13737 10559
13738 10559
13744 10559
13756 10559
13757 10559
13758 10559
13759 10559
13760 10559
13761 10559
13762 10559
13763 10559
13764 10559
13767 10559
13768 10559
13769 10559
13770 10559
13771 10559
13772 10559
13774 10559
13776 10559
13777 10559
13778 10559
13779 10559
13780 10559
13781 10559
13782 10559
13783 10559
13784 10559
13785 10559
13786 10559
13787 10559
13790 10559
13791 10559
13792 10559
13793 10559
13794 10559
13795 10559
13796 10559
13797 10559
13798 10559
13799 10559
13800 10559
13801 10559
13802 10559
13803 10559
13804 10559
13805 10559
13811 10559
13816 10559
13817 10559
13818 10559
13819 10559
13832 10559
13834 10559
13841 10559
13848 10559
13851 10559
13854 10559
13855 10559
13856 10559
13857 10559
13858 10559
13859 10559
13860 10559
13861 10559
13862 10559
13863 10559
13864 10559
13865 10559
13866 10559
13867 10559
13868 10559
13869 10559
13870 10559
13871 10559
13878 10559
13880 10559
13888 10559
13889 10559
13891 10559
13896 10559
13897 10559
13898 10559
13899 10559
13900 10559
13901 10559
13902 10559
13903 10559
13904 10559
13905 10559
13906 10559
13907 10559
13908 10559
13909 10559
13910 10559
13911 10559
13912 10559
13913 10559
13914 10559
13915 10559
13919 10559
13920 10559
13922 10559
13923 10559
13924 10559
13925 10559
13926 10559
13927 10559
13928 10559
13929 10559
13934 10559
13938 10559
13968 10559
13986 10559
14109 10559
14193 10559
14194 10559
14289 10559
14291 10559
14293 10559
14294 10559
14295 10559
14296 10559
14312 10559
14313 10559
14320 10559
14321 10559
14322 10559
14323 10559
14324 10559
14325 10559
14326 10559
14327 10559
14328 10559
14329 10559
14330 10559
14331 10559
14332 10559
14394 10559
14395 10559
14438 10559
