14541 14541 201
127 10416
147 10416
552 10416
558 10416
692 10416
796 10416
816 10416
837 10416
856 10416
860 10416
869 10416
874 10416
958 10416
1026 10416
1039 10416
1042 10416
1081 10416
1131 10416
1154 10416
1156 10416
1175 10416
1184 10416
1213 10416
1243 10416
1287 10416
1339 10416
1377 9220
1382 10416
1399 10416
1492 10416
1514 10416
1559 10416
1738 10416
1762 10416
1764 10416
1833 10416
1839 10416
1956 10416
1994 10416
2116 10416
2139 6176
2139 10416
2170 10416
2207 10416
2214 10416
2233 10416
2242 10416
2243 10416
2263 10416
2274 10416
2281 10416
2338 10416
2393 10416
2422 10416
2449 10416
2473 10416
2505 10416
2544 10416
2565 10416
2603 10416
2627 10416
2676 10416
2983 10416
3021 10416
3064 6176
3082 10416
3126 10416
3233 10416
3249 10416
3265 12918
3266 10416
3282 10416
3479 10416
3543 10416
3561 10416
3794 10416
3798 10416
4104 10416
4137 10416
4200 10416
4261 10416
4346 10416
4370 10416
4390 10416
4404 10416
4415 10416
4446 10416
4518 10416
4524 10416
4544 10416
4546 10416
4617 10416
4618 10416
4642 10416
4690 10416
4745 10416
4823 10416
4907 10416
4988 10416
5003 6176
5038 10416
5117 10416
5158 10416
5215 10416
5339 10416
5361 10416
5362 10416
5412 10416
5431 10416
5437 10416
5456 10416
5457 10416
5480 10416
5513 10416
5517 10416
5533 10416
5554 10416
5611 10416
5622 10416
5655 10416
5704 10416
5735 10416
5783 10416
5785 10416
5788 10416
5793 10416
5872 10416
5917 10416
5919 10416
6004 10416
6062 10416
6100 10416
6209 10416
6214 10416
6272 10416
6304 10416
6313 10416
6367 10416
6450 10416
6632 10416
6795 10416
6807 10416
6968 10416
7093 10416
7261 10416
7297 10416
7332 10416
7353 10416
7354 10416
7435 10416
7506 10416
7683 10416
7712 10416
7776 10416
7996 10416
8005 6176
8005 10416
8201 10416
8419 10416
8428 10416
8439 10416
8478 10416
8633 10416
8715 10416
8722 10416
8909 10416
9020 10416
9025 10416
9045 10416
9102 10416
9130 10416
9150 10416
9189 10416
9228 10416
9859 10416
9876 10416
9881 10416
9894 10416
10065 10416
10072 10416
10212 10416
10228 10416
10241 10416
10448 10416
10520 10416
10661 10416
10686 10416
10699 10416
11046 10416
11147 10416
11494 10416
11787 10416
12251 10416
12328 10416
12851 10416
13089 10416
13342 10416
13352 10416
13357 10416
13386 10416
14116 10416
