14541 14541 628
4 10416
11 10416
23 10416
83 9808
89 9084
101 9808
150 11338
160 11465
217 5635
219 10416
240 5635
249 10416
250 10416
251 10416
252 10416
254 10416
257 4488
262 10416
264 10416
266 10416
270 10416
277 10416
294 9808
417 5635
439 11524
445 5635
463 9808
482 9122
493 11524
551 6545
557 10416
600 6545
606 10416
762 7413
778 4471
794 440
813 4471
861 5635
905 11524
916 5635
968 5851
1007 11523
1027 9808
1051 10416
1052 6545
1062 10416
1133 10416
1188 11338
1189 9808
1240 6545
1245 10416
1337 10416
1342 5635
1362 4471
1365 6545
1367 9808
1413 8591
1429 12918
1435 6545
1447 9084
1573 11524
1578 13018
1600 11524
1733 12011
1794 6544
1827 9808
1847 9107
1915 10416
1960 8146
1971 10416
2022 10416
2023 13007
2030 10416
2037 10416
2038 10416
2053 10416
2056 10416
2057 10416
2061 10416
2065 10416
2110 6544
2115 10416
2140 11338
2210 10416
2225 8591
2260 3095
2284 8591
2297 7441
2302 4471
2324 6545
2346 10416
2391 11524
2480 9808
2528 10416
2529 10416
2537 6545
2596 10416
2599 11465
2616 6544
2721 10416
2792 9808
2823 10416
2960 10416
2963 10416
3068 12910
3093 10416
3097 4471
3109 9808
3118 9808
3124 11465
3145 6559
3146 10416
3157 10416
3160 10105
3211 6545
3304 4471
3326 6545
3342 10416
3556 5701
3661 10416
3793 10416
3844 10416
3845 10416
3846 10416
3862 10416
3897 477
3898 4471
3955 9808
3959 9808
3961 8092
4136 6545
4219 10416
4283 10416
4349 10416
4418 9808
4427 10416
4432 10416
4612 4471
4625 9155
4630 9808
4637 10416
4716 6545
5032 3152
5065 9812
5206 11524
5317 10416
5344 11465
5352 11465
5384 5635
5474 10416
5527 6544
5677 10416
5781 440
5815 9107
6006 6545
6084 10416
6135 10416
6176 11523
6212 5635
6280 8092
6282 5190
6283 11338
6300 10416
6330 9808
6395 9808
6552 172
6569 10416
6623 10416
6626 10416
6636 10416
6946 6581
6995 10416
7030 6559
7148 10416
7159 4471
7186 10416
7197 10582
7280 6545
7293 8542
7306 745
7340 10416
7467 9808
7472 9808
7524 11465
7536 8518
7544 10416
7613 5635
7614 4471
7630 10416
7640 8092
7647 9107
7676 10416
7677 10416
7691 11524
7709 8901
7727 10416
7752 6545
7823 10416
7829 10416
7873 10416
7874 10416
7939 11524
7988 5635
8082 10416
8087 10416
8099 10416
8101 11524
8200 1089
8246 10416
8247 10416
8248 10416
8249 10416
8251 11338
8307 561
8330 11524
8333 10416
8357 10416
8363 10416
8366 10416
8369 11524
8371 11524
8378 9808
8379 8136
8414 10416
8512 12011
8523 10416
8530 11524
8572 10416
8657 2070
8672 4471
8724 9808
8729 6544
8744 11338
8857 10416
8864 11524
8882 10416
8907 10416
8993 477
9000 8092
9028 5635
9051 10416
9104 11537
9124 11524
9145 8901
9155 9808
9263 11523
9292 11338
9298 9808
9354 5635
9360 10416
9372 10416
9383 5635
9395 10582
9502 6544
9508 10416
9515 7413
9530 10416
9531 10918
9534 10416
9557 6545
9564 11338
9578 5851
9602 8092
9629 10416
9694 9808
9708 12998
9711 6544
9756 6581
9806 10416
9822 11537
9883 10416
9920 6544
9925 10416
9954 11524
9973 10416
9974 10416
9979 10416
9983 10416
9994 8703
10027 11338
10028 10416
10038 11465
10095 13016
10099 9808
10115 9107
10299 6544
10303 10416
10313 9808
10317 6136
10327 6544
10328 8915
10338 9808
10361 3152
10378 10416
10392 12011
10393 5887
10404 8136
10413 6545
10414 6545
10424 9808
10426 9808
10434 5851
10446 6545
10454 5635
10494 5635
10499 5635
10525 5635
10526 5635
10637 10416
10652 9808
10719 10416
10736 10416
10739 10416
10746 10416
10750 10416
10762 5635
10776 10416
10779 10416
10861 9808
10882 8502
10971 9226
11033 5243
11083 10416
11155 10416
11163 9216
11192 12910
11214 10416
11219 6544
11229 5190
11237 5864
11242 6545
11261 10416
11269 5190
11316 10416
11341 11338
11345 10416
11373 10416
11381 8092
11387 6552
11442 10416
11473 10416
11474 4471
11487 6545
11500 9808
11538 10416
11557 10416
11558 10416
11564 9808
11570 12011
11572 10416
11598 11520
11599 10416
11601 9107
11603 4471
11604 10416
11607 10416
11621 8092
11622 8092
11630 10416
11633 8092
11634 8092
11638 10416
11657 4471
11658 2158
11665 10416
11693 11523
11717 8542
11718 9808
11719 10582
11724 4471
11732 10416
11758 6545
11760 2966
11768 9808
11786 10416
11799 8092
11850 1083
11855 11338
11889 10416
11905 10416
11907 4471
11909 10416
11910 10416
11917 10416
11922 6545
11930 10416
11938 10416
11940 10416
11941 10416
11945 10416
11946 10416
11947 10416
11948 10416
11989 10416
12010 4471
12016 10416
12046 8092
12070 9808
12079 12770
12086 2256
12098 6545
12099 6545
12113 8092
12117 4471
12130 9584
12132 9079
12134 568
12135 9211
12136 1315
12137 10105
12138 9834
12139 5662
12143 5701
12163 10416
12173 2273
12181 8092
12183 8092
12185 8092
12188 10416
12205 6157
12206 10543
12208 7807
12211 2070
12217 10416
12228 3818
12232 6579
12235 7738
12238 10416
12239 10416
12240 10416
12243 10416
12247 10416
12254 10416
12255 10416
12256 10416
12257 10416
12258 10416
12259 10416
12262 10416
12263 10416
12264 10416
12266 10416
12267 10416
12269 8523
12295 440
12318 9808
12320 11465
12323 9808
12325 12910
12378 10582
12389 6544
12419 10416
12480 10416
12503 10416
12523 9808
12549 5851
12563 5851
12582 9808
12673 10416
12693 8092
12736 10416
12766 11524
12772 9808
12792 4471
12814 8542
12840 1315
12850 10416
12852 10416
12871 9164
12872 4471
12890 9808
12900 4471
12901 9808
12909 5190
12936 9808
12941 6545
12948 4471
12959 11524
12962 11524
12974 10416
12980 4471
12989 8092
12997 12011
13002 10416
13014 4471
13064 4471
13120 4471
13142 3152
13172 10416
13180 10416
13186 8092
13208 12011
13227 10416
13230 10416
13260 11524
13261 10416
13296 4471
13356 10416
13372 10416
13404 477
13434 10416
13464 10416
13470 10416
13482 8178
13484 716
13485 10416
13487 10416
13509 13209
13559 4471
13573 12011
13611 11338
13672 10416
13674 10416
13744 10416
13745 10416
13746 10416
13773 5714
13810 10416
13822 6545
13840 10416
13841 10416
13877 11524
13887 10416
13912 10416
13917 10416
13982 12011
13985 10416
13986 10416
14013 10416
14021 11524
14022 11524
14042 10416
14044 5635
14069 9808
14079 10416
14090 10416
14091 10416
14096 10416
14098 10416
14106 10416
14118 5635
14134 10416
14143 10416
14147 10416
14149 10416
14151 10416
14154 10416
14155 10416
14157 10416
14158 10416
14159 10416
14161 10416
14162 10416
14163 10416
14167 10416
14171 10416
14172 10416
14177 10416
14178 10416
14179 10416
14183 10416
14185 10416
14186 10416
14187 10416
14190 10416
14191 10416
14194 10416
14195 10416
14196 10416
14197 10416
14198 10416
14200 10416
14202 10416
14206 10416
14208 10416
14209 9808
14216 10416
14218 10416
14227 10416
14228 10416
14230 10416
14231 10416
14232 10416
14234 10416
14235 10416
14236 10416
14244 10416
14245 10416
14247 10416
14251 10416
14254 10416
14255 10416
14256 10416
14257 10416
14259 10416
14285 10416
14288 11524
14309 10416
14312 10416
14324 10416
14325 10416
14328 10416
14329 10416
14331 10416
14337 10416
14338 10416
14341 10416
14352 10416
14355 10416
14356 10416
14362 10416
14374 10416
14381 10416
14391 10416
14394 10416
14398 10416
14409 8542
14437 10416
14446 10416
14447 10416
14451 10416
14453 10416
14454 10416
14455 10416
14485 10416
14516 10416
14528 10416
14531 10416
