14541 14541 552
218 885
218 1030
218 3224
218 3807
218 4356
218 4760
218 4807
218 12250
218 12889
3644 44
3644 213
3644 791
3644 1075
3644 1112
3644 6635
3665 3352
3665 5202
3665 9949
3665 10292
3705 1036
3705 1123
3705 4044
3705 4059
3705 4063
3705 5040
3705 6038
3705 8260
4199 44
4199 1841
4199 3769
4199 4760
4199 7869
4199 9053
4881 783
4881 1840
4881 4428
4881 5044
4881 13646
4997 1920
4997 2430
4997 5033
4997 11371
4997 11874
4997 12250
4997 12928
5138 213
5138 791
5153 6161
5153 6409
5153 7112
5153 7189
5153 7194
5153 7205
5153 7219
5153 7238
5153 14487
5330 1527
5330 1841
5330 2992
5330 3859
5330 5024
5330 6695
5330 7542
5330 10942
5330 11371
5330 12889
5343 306
5343 645
5343 1527
5343 4006
5343 6802
5343 6912
5343 6914
5343 6915
5343 6933
5343 8226
5343 8233
5407 4048
5407 6911
5407 8226
5407 8233
5407 12928
5408 6908
5408 6912
5408 8226
6247 4041
6351 213
6351 1072
6755 1841
6755 6368
6755 7364
6755 8029
6755 8440
6755 11332
7041 2476
7041 3094
7041 3138
7041 3287
7041 3769
7041 4854
7041 6792
7041 13226
7147 645
7147 1204
7147 1405
7147 1527
7147 1765
7147 2430
7147 3171
7147 10049
7277 2608
7277 3807
7277 4044
7277 4978
7277 5033
7277 9329
7277 10942
7277 11356
7277 11874
7277 12922
7739 3171
7739 3718
7739 4071
7739 7869
7739 9018
7739 11356
7739 11371
7739 12858
7739 12929
7980 4006
7980 6246
7980 6713
7980 6756
7980 9329
7980 10049
7980 11874
7980 14388
8119 1030
8119 1920
8119 2992
8119 3718
8119 4006
8119 4035
8119 4039
8119 7869
8119 12929
8170 1876
8170 4063
8170 6132
8170 6880
8170 7257
8170 8196
8170 8673
8170 12306
8540 1036
8540 1405
8540 2432
8540 2951
8540 3861
8540 5853
8540 10049
8540 12922
9167 4095
9167 10325
9218 1123
9218 1405
9218 1491
9218 1874
9218 1920
9218 3475
9218 4032
9218 4054
9218 4760
9218 13646
9364 1036
9364 1335
9364 1405
9364 3475
9364 4040
9364 7869
9364 10049
9364 13480
9368 1491
9368 1760
9368 4026
9368 5768
9368 11407
9368 12928
9368 13226
9474 3861
9474 4049
9474 4058
9474 4059
9474 4061
9474 8260
9474 11371
9474 12929
9474 13480
9626 573
9626 2432
9626 2992
9626 3859
9626 3951
9626 4038
9626 5030
9626 11874
9705 1036
9705 1405
9705 1649
9705 3807
9705 4071
9705 5033
9728 7204
9728 9441
9728 11248
9728 12656
9729 2430
9729 5169
9729 7755
9729 9760
9729 11407
9843 1589
9843 3600
9843 6802
9843 6911
9843 8226
9843 8233
9843 14388
9943 1775
9943 2951
9943 2987
9943 3138
9943 4048
9943 4061
9943 5853
9943 8659
9943 13126
9952 885
9952 2992
9952 3718
9952 4024
9952 4026
9952 4032
9952 4048
9952 7603
9952 8659
10014 2696
10014 3138
10014 3601
10014 6037
10014 9329
10014 12888
10014 12889
10021 455
10021 2432
10021 2922
10021 5719
10021 7603
10021 9466
10021 12889
10021 13502
10069 1891
10069 1920
10069 2499
10069 2608
10069 4024
10069 6009
10069 7096
10069 13646
10131 1589
10131 6161
10131 6695
10131 6696
10131 7114
10131 7203
10131 7499
10131 10232
10131 11925
10131 13353
10161 44
10161 3403
10161 4602
10161 5789
10161 7455
10161 9053
10161 9144
10161 13297
10161 14436
10171 4812
10171 6915
10171 7572
10171 9283
10171 11466
10500 235
10500 330
10500 3544
10500 7062
10500 7112
10500 7195
10500 9188
10500 9760
10500 13353
10500 14388
10531 573
10531 875
10531 1336
10531 1920
10531 3475
10531 5853
10531 12928
10532 4043
10532 5853
10532 7110
10532 7572
10532 7575
10537 1123
10537 1405
10537 2951
10537 2987
10537 4006
10537 4024
10537 4031
10537 4033
10537 4065
10537 4071
10546 1527
10546 2432
10546 4027
10546 4042
10546 5768
10546 12250
10560 2951
10560 4045
10560 4054
10560 4812
10560 5645
10560 5853
10612 783
10612 4356
10612 4778
10612 6756
10612 6986
10612 7189
10612 7542
10612 10639
10612 11371
10816 4040
10816 4045
10816 4054
10816 4055
10816 4063
10816 4064
10816 4850
10816 6132
10816 6880
10816 7081
10816 7603
10908 390
10908 455
10908 3951
10908 4028
10908 4062
10908 4329
10908 6240
10908 7201
10908 7905
10977 885
10977 1891
10977 4032
10977 6097
10977 7542
10977 11356
10977 11407
11066 455
11066 1765
11066 2987
11066 3094
11066 3951
11066 4031
11066 4041
11066 4047
11066 4059
11066 4659
11066 7389
11066 9069
11153 1076
11153 1137
11153 2476
11153 3600
11153 3601
11153 5608
11153 5900
11153 6695
11153 7114
11153 7990
11153 10098
11165 330
11165 5860
11165 7195
11165 7755
11165 11613
11165 14487
11461 1876
11461 2987
11461 3299
11461 3861
11461 7389
11461 12921
11461 13467
11515 2428
11515 3352
11515 4038
11515 11874
11548 455
11548 875
11548 885
11548 2951
11548 3352
11548 4024
11548 4057
11548 4659
11548 7079
11548 7198
11548 8931
11573 1036
11573 1891
11573 3094
11573 3666
11573 3861
11573 4006
11573 5885
11573 6089
11573 9804
11573 13126
11573 13480
11577 1936
11577 7202
11577 8027
11577 8526
11577 10268
11577 11407
11636 2608
11636 3299
11636 3769
11636 3951
11636 3988
11636 4039
11636 13226
11722 885
11722 3352
11722 3544
11722 4854
11722 5824
11722 6700
11722 7201
11722 9381
11722 13467
11737 455
11737 1760
11737 3807
11737 4024
11737 4033
11737 4042
11737 4059
11737 4071
11737 10049
11854 1335
11854 3094
11854 3224
11854 3287
11854 3769
11854 3861
11854 4047
11854 4057
11854 4063
11854 7257
11928 1335
11928 1527
11928 2430
11928 2431
11928 3138
11928 4044
11928 4329
11928 5024
11928 10049
12146 1874
12146 3287
12146 3861
12146 4029
12146 4031
12146 4033
12146 4034
12146 4048
12146 5033
12146 8659
12245 1405
12245 1874
12245 1891
12245 3299
12245 4025
12245 7389
12245 9141
12265 1951
12265 4356
12265 5755
12265 6986
12265 7190
12265 7568
12265 7892
12265 9329
12265 11499
12338 3501
12338 4428
12338 4496
12338 4854
12338 5711
12338 6246
12338 7201
12338 9301
12388 455
12388 1876
12388 4034
12388 4051
12388 4063
12388 4329
12388 7252
12388 10295
12388 12922
12388 13126
12388 13480
12409 1335
12409 2430
12409 2431
12409 3138
12409 3475
12409 4046
12409 4054
12409 5024
12409 12921
12610 875
12610 2922
12610 3171
12610 3333
12610 3718
12610 3859
12610 4067
12610 12250
12812 1074
12812 6695
12812 9053
12812 12888
12812 13297
