14541 14541 200
50 6489
52 6489
61 4532
146 6489
341 11742
525 4596
585 5982
640 11018
720 10163
736 3804
744 7946
760 7308
1035 5980
1098 10163
1448 3804
1459 5980
1461 5980
1462 5980
1497 6489
1707 4851
1832 4533
1851 11742
1853 6435
2328 4851
2407 3804
2493 6489
2673 4532
2673 4533
3283 9225
3494 4851
3504 6489
3511 8940
3562 6489
3632 3804
3713 4532
3713 4533
3797 5980
3806 4851
3869 6435
3915 6489
3921 6489
3945 8940
4011 4851
4142 4596
4286 10163
4453 3804
4586 5982
4611 4851
4647 6489
4651 4596
4747 8940
4784 6435
4790 7308
4805 10975
4811 7946
4855 11018
4922 12437
4928 4532
4928 4533
4961 6489
4991 12437
5004 7308
5004 8940
5209 4847
5320 10975
5491 6489
5537 6489
5569 4851
5610 6489
5674 7308
5717 5982
5767 6489
5786 7934
5926 7308
5938 7308
5956 5982
5979 10163
6381 4851
6381 11018
6400 7308
6594 6489
6613 3804
6660 4851
6680 10163
6990 7308
7010 11018
7115 6489
7141 4851
7156 3804
7386 7244
7446 5982
7465 4851
7486 6489
7533 3804
7553 6489
7658 5982
7697 6489
7703 5982
7721 6489
7758 10163
7768 3804
7791 3804
7882 4851
8175 4851
8222 10163
8228 10975
8244 4532
8244 4533
8486 10975
8491 7308
8661 5982
8788 4851
8885 5982
8898 10975
9333 6489
9340 11742
9457 4851
9540 4532
9540 4533
9563 6435
9617 7308
9660 4596
10033 8940
10225 6489
10247 6489
10466 4851
10534 7308
10544 4851
10571 13015
10611 6435
10624 7780
10638 10975
10673 6489
10802 10975
10806 4532
10806 4533
10808 4532
10817 7308
11045 5873
11052 7308
11064 4596
11079 3804
11186 9225
11259 3804
11288 6489
11334 10163
11495 3817
11512 10975
11689 5629
11691 7780
11700 5629
11700 7780
11710 12437
11777 5629
11777 6489
11778 4533
11809 7308
11813 10975
11822 4851
11827 4851
11953 5629
11977 5629
11977 6489
12056 7780
12064 4851
12180 10975
12322 4851
12354 4851
12369 7308
12430 11742
12433 10975
12540 6489
12667 3817
12725 6489
12755 9225
12761 10163
12802 6489
12882 6435
12885 5629
12896 5873
12896 7308
12899 6489
13149 4596
13166 13264
13223 6489
13316 4596
13327 4596
13328 1544
13593 6489
13593 9138
13961 12437
13964 6506
13984 4851
14005 4851
14035 12437
14119 10975
14122 3804
14442 4596
14443 4596
14502 6435
