14541 14541 337
3538 521
3538 1045
3538 1797
3538 2263
3538 2286
3538 2858
3538 3395
3538 5078
3538 5342
3538 7199
3538 8809
3538 9150
3538 9481
3538 9855
3538 9857
3538 10211
3538 10448
3538 12966
3538 13028
3538 14039
4767 169
4767 893
4767 1086
4767 1800
4767 2343
4767 3273
4767 3293
4767 4344
4767 5414
4767 8809
4767 9150
4767 9819
4767 9857
4767 11082
4768 560
4768 1725
4768 1833
4768 2004
4768 3273
4768 3282
4768 4765
4768 5012
4768 5424
4768 8809
4768 8973
4768 9150
4768 9562
4768 9855
4768 12396
4768 13028
4768 13504
4905 521
4905 1045
4905 1810
4905 1812
4905 1813
4905 2120
4905 2263
4905 2274
4905 2343
4905 2415
4905 2544
4905 2569
4905 8370
4905 8631
4905 8809
4905 9811
4905 9855
4905 10632
4905 11082
4905 12396
4905 12966
4905 13498
4905 13504
4905 13569
4945 169
4945 1086
4945 1687
4945 2274
4945 2343
4945 2415
4945 3798
4945 8973
4945 11927
4945 12966
4945 13028
4989 859
4989 1798
4989 1810
4989 2274
4989 2535
4989 2713
4989 3273
4989 3547
4989 4178
4989 4765
4989 6620
4989 8973
5277 560
5277 692
5277 1425
5277 1800
5277 2263
5277 2627
5277 3316
5277 4344
5277 4517
5277 6209
5277 6688
5277 8973
5277 9150
5277 9855
5277 12140
5398 169
5398 815
5398 1799
5398 1813
5398 2286
5398 2299
5398 3316
5398 4765
5398 6620
5398 8370
5398 9150
5398 11082
5398 13304
5798 1797
5798 1811
5798 2120
5798 2336
5798 3547
5798 4096
5798 9150
5798 9855
5798 13386
5805 521
5805 1425
5805 1796
5805 1800
5805 1810
5805 2120
5805 3234
5805 3292
5805 4546
5805 5195
5805 9481
5805 9857
5805 11904
5805 11927
5805 14039
6440 478
6440 560
6440 1725
6440 1763
6440 1812
6440 1813
6440 2263
6440 2395
6440 2415
6440 2713
6440 6620
6440 8370
6440 8809
6440 9811
6440 9819
6440 9857
6440 12797
6440 13028
6440 13504
7107 169
7107 1761
7107 1798
7107 2004
7107 2343
7107 2713
7107 3273
7107 8809
7107 8973
7107 9857
7331 692
7331 1045
7331 1425
7331 1761
7331 1798
7331 2263
7331 2274
7331 5622
7331 8973
7331 9150
7331 10448
7331 10632
7331 13224
8598 837
8598 1045
8598 1798
8598 1799
8598 2263
8598 2415
8598 2713
8598 2857
8598 4480
8598 4765
8598 5539
8598 6620
8598 8631
8598 8809
8598 9811
8598 9857
8598 9876
8598 12396
8598 12666
8598 12797
8598 13504
8778 521
8778 893
8778 1169
8778 1800
8778 1811
8778 1812
8778 3292
8778 4481
8778 4590
8778 9819
8778 9855
8778 9876
8778 11082
8778 11927
8778 12966
8778 14314
10283 147
10283 1669
10283 1725
10283 1763
10283 1764
10283 1800
10283 2286
10283 2336
10283 2713
10283 3234
10283 4809
10283 7199
10283 7428
10283 8809
10283 9150
10283 9562
10283 9876
10283 12966
10283 13504
10283 14314
10529 169
10529 1763
10529 1798
10529 1799
10529 1810
10529 2263
10529 2274
10529 2343
10529 2713
10529 3547
10529 5342
10529 6620
10529 8363
10529 8370
10529 8809
10529 9857
10529 10448
10529 12198
10529 12396
10529 13028
10529 13504
10648 1169
10648 1762
10648 1764
10648 1811
10648 1815
10648 2263
10648 2286
10648 2415
10648 3082
10648 5342
10648 6620
10648 9819
10648 9857
10648 10448
10648 11904
10648 13028
10648 13304
11973 521
11973 1763
11973 1796
11973 1798
11973 1799
11973 1810
11973 1812
11973 1814
11973 2120
11973 2263
11973 2274
11973 2858
11973 4201
11973 4642
11973 4765
11973 8370
11973 8631
11973 8809
11973 8973
11973 9084
11973 9481
11973 9562
11973 9819
11973 9855
11973 9857
11973 10448
11973 11082
11973 11523
11973 11904
11973 11927
11973 12966
11973 14039
12342 147
12342 169
12342 1798
12342 1812
12342 2263
12342 2713
12342 2857
12342 3292
12342 4902
12342 5195
12342 8370
12342 8631
12342 9811
12342 9857
12342 11927
12342 12082
12342 12198
12342 13504
