14541 14541 134
4443 440
4443 523
4443 579
4443 596
4443 2070
4443 2256
4443 2273
4443 3152
4443 5190
4443 5635
4443 5714
4443 6136
4443 6543
4443 6544
4443 6552
4443 7120
4443 7346
4443 7447
4443 7738
4443 7766
4443 8092
4443 8136
4443 8502
4443 8518
4443 8901
4443 8915
4443 9084
4443 9107
4443 9122
4443 9212
4443 9226
4443 9468
4443 9808
4443 9812
4443 9920
4443 11533
4443 11537
4443 12011
4443 12770
4443 12805
4443 13018
4443 13209
8089 561
8089 571
8089 2220
8089 3802
8089 3818
8089 4495
8089 5633
8089 5728
8089 5887
8089 6157
8089 8514
8089 9201
8089 9203
8089 9208
8089 10416
8089 10543
8089 10823
8089 11520
8089 13401
11702 587
11702 620
11702 1083
11702 2119
11702 2172
11702 2188
11702 2196
11702 2465
11702 4488
11702 4507
11702 4514
11702 5687
11702 5701
11702 5734
11702 5736
11702 7401
11702 7436
11702 7699
11702 7732
11702 7737
11702 7774
11702 7775
11702 8151
11702 8176
11702 8178
11702 8537
11702 8949
11702 9211
11702 9216
11702 9217
11702 9227
11702 9231
11702 9232
11702 9582
11702 9586
11702 9594
11702 10108
11702 12244
11702 12799
11702 12910
11702 12930
12912 562
12912 607
12912 745
12912 1248
12912 2966
12912 3095
12912 3117
12912 4609
12912 5851
12912 6545
12912 7143
12912 7429
12912 7433
12912 7734
12912 7807
12912 8142
12912 8381
12912 8542
12912 8591
12912 8867
12912 9079
12912 9164
12912 9220
12912 9239
12912 9542
12912 9584
12912 9821
12912 10582
12912 11522
12912 12918
12912 12990
12912 13119
