14541 14541 536
98 9808
496 9808
515 9808
689 440
689 1366
689 5635
689 5714
689 6136
689 6544
689 6545
689 8092
689 8136
689 8915
689 9084
689 9107
689 9808
689 10823
689 11308
689 11338
689 11520
689 11524
689 11537
689 13007
689 13209
903 440
903 477
903 523
903 561
903 579
903 596
903 745
903 2070
903 2180
903 2197
903 2256
903 3152
903 5190
903 5635
903 5687
903 5701
903 5714
903 5851
903 5887
903 6136
903 6176
903 6543
903 6545
903 6552
903 6579
903 6581
903 7120
903 7366
903 7367
903 7413
903 7433
903 7766
903 7769
903 8092
903 8136
903 8142
903 8502
903 8518
903 8591
903 8901
903 8960
903 9084
903 9107
903 9122
903 9164
903 9216
903 9468
903 9808
903 9812
903 9913
903 10416
903 10823
903 11338
903 11465
903 11523
903 11524
903 11533
903 11537
903 12011
903 12770
903 12910
903 13007
903 13016
903 13209
944 9808
963 9808
985 9808
1080 9808
1080 10416
1430 9808
1431 9808
1432 9808
1432 10416
9214 477
9214 5635
9214 6136
9214 6544
9214 6545
9214 7120
9214 8901
9214 9164
9214 9808
9214 10416
9214 11338
9214 11523
9214 12011
10552 440
10552 477
10552 523
10552 590
10552 596
10552 616
10552 745
10552 1089
10552 2070
10552 2158
10552 2197
10552 2256
10552 2273
10552 3152
10552 5243
10552 5635
10552 5714
10552 5887
10552 6176
10552 6543
10552 6544
10552 6545
10552 6552
10552 6579
10552 6581
10552 7120
10552 7366
10552 7413
10552 7433
10552 7447
10552 7766
10552 7767
10552 7769
10552 8092
10552 8136
10552 8151
10552 8502
10552 8523
10552 8901
10552 8915
10552 8960
10552 9084
10552 9122
10552 9164
10552 9212
10552 9226
10552 9581
10552 9584
10552 9808
10552 9812
10552 9821
10552 9913
10552 10079
10552 10543
10552 10823
10552 10918
10552 11338
10552 11465
10552 11523
10552 12011
10552 12805
10552 13007
10552 13016
10552 13119
10552 13209
10689 440
10689 477
10689 523
10689 590
10689 591
10689 716
10689 2012
10689 2071
10689 2197
10689 2220
10689 4488
10689 5190
10689 5635
10689 5714
10689 5851
10689 6136
10689 6543
10689 6544
10689 6545
10689 7366
10689 7367
10689 7447
10689 7738
10689 7767
10689 8136
10689 8502
10689 8518
10689 8591
10689 8915
10689 8960
10689 9107
10689 9808
10689 9837
10689 10079
10689 10416
10689 10823
10689 11338
10689 11465
10689 11524
10689 11537
10689 12011
10689 12770
10689 12910
10689 12990
10689 13007
10689 13209
10946 440
10946 523
10946 2071
10946 2197
10946 3152
10946 5190
10946 5714
10946 6136
10946 6543
10946 6544
10946 7433
10946 7447
10946 8092
10946 8136
10946 8502
10946 8915
10946 9084
10946 9164
10946 9808
10946 10079
10946 11524
10946 11537
10946 12011
10946 13007
10946 13209
10947 9808
11265 523
11265 2197
11265 5635
11265 5714
11265 6136
11265 6544
11265 9107
11265 9808
11265 10416
11265 11338
11265 11537
11265 12011
11265 12770
11265 13209
12994 5714
12994 6559
12994 8505
12994 9808
12994 11338
12994 11465
12994 12011
13020 10416
13030 9808
13241 5714
13241 11338
13242 10416
13244 477
13244 523
13244 561
13244 562
13244 568
13244 571
13244 583
13244 587
13244 590
13244 591
13244 596
13244 599
13244 607
13244 616
13244 618
13244 620
13244 716
13244 1083
13244 2119
13244 2128
13244 2172
13244 2180
13244 2188
13244 2196
13244 2197
13244 2220
13244 2273
13244 2966
13244 3095
13244 3117
13244 3208
13244 3785
13244 3802
13244 3818
13244 4483
13244 4495
13244 4507
13244 4514
13244 4609
13244 5190
13244 5243
13244 5498
13244 5633
13244 5635
13244 5662
13244 5677
13244 5687
13244 5701
13244 5714
13244 5728
13244 5734
13244 5851
13244 5864
13244 5887
13244 6157
13244 6163
13244 6176
13244 6543
13244 6544
13244 6579
13244 6581
13244 7120
13244 7143
13244 7366
13244 7429
13244 7433
13244 7436
13244 7447
13244 7699
13244 7734
13244 7737
13244 7738
13244 7750
13244 7760
13244 7766
13244 7767
13244 7769
13244 7774
13244 7775
13244 7807
13244 8023
13244 8092
13244 8136
13244 8142
13244 8151
13244 8159
13244 8174
13244 8176
13244 8502
13244 8505
13244 8518
13244 8542
13244 8583
13244 8587
13244 8867
13244 8901
13244 8915
13244 8949
13244 8960
13244 9023
13244 9079
13244 9084
13244 9107
13244 9120
13244 9201
13244 9203
13244 9208
13244 9210
13244 9212
13244 9216
13244 9217
13244 9232
13244 9468
13244 9582
13244 9584
13244 9586
13244 9591
13244 9594
13244 9598
13244 9808
13244 9812
13244 9821
13244 9834
13244 9837
13244 9913
13244 10079
13244 10105
13244 10108
13244 10416
13244 10543
13244 10823
13244 10918
13244 11338
13244 11465
13244 11520
13244 11523
13244 11524
13244 11537
13244 12011
13244 12244
13244 12770
13244 12799
13244 12805
13244 12914
13244 12918
13244 12930
13244 12998
13244 13007
13244 13016
13244 13018
13244 13119
13244 13401
13411 9808
13412 10416
13413 9808
13413 10416
13416 9808
13426 9808
13427 9808
13439 9808
13440 9808
13453 9808
13462 477
13462 523
13462 561
13462 590
13462 1315
13462 2071
13462 2197
13462 3152
13462 5190
13462 5633
13462 5635
13462 5714
13462 5851
13462 5887
13462 6063
13462 6136
13462 6176
13462 6543
13462 6544
13462 6545
13462 6552
13462 6559
13462 6579
13462 6581
13462 7367
13462 7433
13462 7447
13462 7767
13462 7807
13462 8136
13462 8178
13462 8518
13462 8523
13462 8542
13462 8591
13462 8605
13462 8960
13462 9079
13462 9084
13462 9107
13462 9164
13462 9584
13462 9808
13462 9837
13462 9913
13462 10079
13462 10416
13462 10543
13462 11338
13462 11465
13462 11520
13462 11524
13462 11537
13462 12011
13462 12770
13462 13007
13462 13209
13472 9808
13838 9808
14265 10416
14266 9808
14266 10416
14269 10416
14270 440
14270 523
14270 591
14270 2071
14270 2220
14270 2273
14270 5190
14270 5714
14270 6063
14270 6136
14270 6543
14270 7433
14270 7447
14270 7769
14270 8092
14270 8136
14270 8502
14270 8605
14270 8915
14270 9084
14270 9164
14270 9808
14270 9990
14270 10079
14270 10416
14270 11338
14270 11465
14270 11523
14270 11524
14270 11537
14270 12770
14270 12805
14270 13007
14271 9808
14271 10416
14281 2071
14281 7367
14281 11524
