14541 14541 447
50 3821
50 11246
52 3821
52 9192
63 10308
69 10321
74 10308
156 3863
409 4831
554 7508
559 10287
559 11246
632 6349
632 11489
752 4831
756 10813
774 6533
829 4358
829 7508
830 7508
830 10804
1098 10321
1110 3277
1168 10623
1211 10820
1242 11246
1308 3277
1319 8150
1319 10308
1338 3863
1348 3626
1350 10579
1454 10305
1456 3821
1456 6162
1647 3863
1647 6533
1707 6533
1707 7918
1707 12408
1709 12408
1741 3833
1755 3277
1788 10579
1804 10804
1804 11246
1837 6533
1853 10321
1885 3821
1885 3863
1885 6349
1885 11489
1973 3833
1973 10813
2108 10623
2305 3821
2328 7508
2328 7918
2340 3863
2467 3277
2467 5303
2481 6533
2481 12408
2498 542
2673 6349
2684 7508
2684 12408
2978 11246
2996 3821
2996 10813
3040 3833
3196 4358
3422 8150
3422 10623
3423 3821
3423 5303
3423 8150
3423 9192
3423 11246
3562 12408
3651 10287
3651 13112
3713 6349
3774 10305
3783 10871
3806 3863
3806 6349
3822 7780
3822 9192
3857 10321
3858 4831
3915 10804
3915 10871
4073 7918
4132 11246
4141 3821
4141 3863
4215 4358
4286 10321
4424 7508
4477 10813
4583 10871
4611 12408
4647 9192
4651 10623
4674 10308
4726 6533
4775 10287
4827 4831
4828 8940
4875 10871
4884 5184
4928 6349
4961 4358
4994 7780
4994 8150
5025 10813
5025 11489
5104 10287
5104 10871
5144 3717
5144 7508
5157 12519
5166 3821
5166 10871
5188 10813
5276 6349
5358 8150
5358 11246
5365 5303
5491 11246
5492 5303
5494 10871
5496 10287
5496 10871
5521 3863
5521 6162
5521 6349
5521 11489
5569 3863
5569 7508
5595 3833
5595 6349
5595 10321
5612 10813
5617 3863
5623 3863
5646 3863
5668 10579
5674 3863
5717 7918
5722 7508
5729 3277
5756 10813
5767 10287
5767 11246
5960 7508
5960 7918
5972 10321
5979 10321
6080 10813
6130 6210
6184 10623
6198 9451
6199 5303
6208 12408
6338 10649
6353 10804
6353 10813
6400 3833
6438 5303
6438 10305
6531 5303
6570 3277
6573 3833
6573 7918
6580 4831
6580 10321
6585 10321
6594 11246
6598 7918
6600 7918
6616 10813
6660 7508
6703 8150
6703 10871
6735 12408
6783 3863
6818 10287
6818 11246
6830 10308
6873 7508
6944 10305
6955 3863
6990 6533
6990 7918
7095 10579
7095 10813
7104 5303
7116 7918
7126 12408
7167 10813
7172 10813
7320 3277
7333 10871
7355 10321
7357 3863
7371 3277
7388 3863
7388 8133
7388 11246
7430 3833
7430 6349
7430 12408
7444 3277
7465 3821
7465 8150
7553 7780
7553 10813
7624 10287
7626 6349
7643 7508
7758 10321
7768 7918
7811 10305
7821 5303
7825 5303
7832 10813
7863 5303
7868 10871
8031 3626
8036 11246
8117 3833
8175 10871
8212 12519
8217 5303
8222 7918
8222 10321
8244 6349
8252 3863
8429 7508
8448 10649
8469 7508
8475 3833
8491 10871
8492 7508
8492 10804
8517 7508
8589 10321
8680 5303
8700 7508
8705 10305
8754 4358
8754 5303
8758 5303
8760 1053
8772 3833
8776 10305
8776 10871
8800 5303
8803 3863
8814 11489
8818 10813
8966 10871
8985 11489
9177 6162
9178 7918
9186 3833
9186 3863
9393 7780
9393 10623
9456 12408
9540 6349
9541 3863
9541 7508
9570 4831
9570 6349
9570 10321
9603 4831
9608 7508
9608 12408
9617 6533
9617 11246
9660 3833
9662 10287
9731 3821
9731 6162
9731 10287
9731 10871
9892 10623
9893 10305
9904 3821
9904 10305
9904 10871
10042 7918
10050 3277
10050 6533
10066 3833
10074 11489
10080 10871
10116 10813
10159 10649
10166 7918
10205 7780
10218 3863
10259 8150
10322 10321
10461 6748
10466 10287
10467 3833
10477 10287
10534 10813
10544 3821
10544 10871
10590 10579
10713 5303
10732 10649
10767 3833
10798 3833
10808 6349
10817 6349
10878 4831
10910 6349
10973 9628
10992 10579
11022 10308
11029 12408
11038 10305
11045 7508
11055 10804
11055 10871
11060 10813
11064 10623
11071 7780
11071 10287
11071 11246
11085 10321
11140 3821
11162 5303
11162 6349
11183 6162
11183 10287
11207 3863
11281 10321
11287 7508
11288 10287
11296 11246
11334 10321
11458 10813
11512 3277
11580 10871
11580 11489
11625 7918
11625 11246
11666 8150
11666 11489
11685 3821
11689 7780
11689 10579
11689 10804
11691 10287
11700 7780
11700 10305
11778 6349
11778 10305
11800 3821
11808 3833
11809 11246
11813 3863
11822 10287
11827 3863
11827 7508
11829 3833
11847 3277
11847 7780
11847 9192
11847 10445
11847 10804
11847 11489
11851 3090
11860 10649
11900 7508
11961 10321
11962 5303
12026 3833
12056 7780
12064 6349
12093 10308
12166 10287
12180 12408
12192 7918
12192 11489
12290 10813
12343 5303
12358 10813
12454 6349
12511 12408
12612 3863
12619 3277
12628 6349
12631 3821
12660 5303
12662 7918
12662 10287
12662 11489
12664 10321
12665 4358
12665 10649
12684 10813
12725 3863
12725 10579
12806 3821
12832 4596
12885 4596
12899 6533
12899 9192
12899 11246
12967 10445
13026 8150
13098 7308
13098 7780
13098 9192
13098 10305
13141 8035
13144 3468
13149 4596
13169 6162
13191 8627
13223 7780
13232 9628
13323 6349
13327 4831
13327 10623
13344 1053
13593 3833
13593 7918
13833 12408
13849 10321
13984 3863
13991 4831
14049 4831
14049 10623
14050 10321
14081 12408
14119 3277
14121 10445
14277 10623
