14541 14541 379
86 6545
86 11524
86 12910
162 5714
162 6544
162 8023
162 9468
162 9812
162 10918
162 12998
170 6176
170 7728
170 10582
170 11523
1215 2070
1215 7766
1266 6545
1602 5190
1602 11537
2009 2966
2009 9584
2389 607
2389 1315
2389 9220
2389 10582
2389 11523
2389 11524
2869 2070
2869 2071
2869 2256
2869 6138
3170 9079
3920 5721
4100 477
4100 2256
4100 6544
4100 9107
4100 9212
4100 9226
4100 9920
4100 10823
4100 13007
4118 440
4118 6138
4118 6559
4118 7222
4118 8092
4118 8151
4118 12910
4366 561
4366 568
4366 571
4366 590
4366 599
4366 607
4366 1083
4366 1089
4366 2158
4366 2180
4366 2273
4366 3802
4366 4471
4366 4609
4366 5243
4366 5662
4366 5677
4366 5701
4366 5705
4366 5728
4366 5851
4366 5864
4366 5897
4366 6163
4366 6176
4366 6545
4366 6552
4366 6559
4366 6581
4366 6587
4366 7136
4366 7429
4366 7436
4366 7441
4366 7738
4366 8151
4366 8159
4366 8178
4366 8505
4366 8523
4366 8591
4366 8703
4366 8867
4366 8949
4366 9079
4366 9155
4366 9201
4366 9203
4366 9208
4366 9210
4366 9211
4366 9220
4366 9231
4366 9582
4366 9598
4366 9808
4366 9920
4366 9932
4366 10105
4366 10108
4366 10582
4366 11338
4366 11523
4366 12744
4366 12799
4366 12910
4366 12936
4366 13401
4419 5851
4419 8142
4419 9164
4419 11523
4419 11524
4421 2273
4421 3152
4421 10918
4421 12770
4422 8915
4422 9812
4422 11524
4423 568
4423 6545
4423 8542
4423 8867
4423 11524
4423 12910
4511 11524
5435 2070
5435 2256
5435 6136
5435 8915
5435 9122
5435 9468
5435 9812
5435 12770
5487 6176
5487 8960
5556 562
5556 6579
5556 8381
5556 9581
5556 9821
5556 11522
5556 11524
5556 12990
5642 2070
5642 5714
5642 10104
5642 11524
5642 12910
5642 12998
6200 8703
6200 12744
6200 12910
6268 571
6268 745
6268 6545
6268 8867
6268 12910
6693 6552
6693 9808
6945 440
6945 2070
6945 2273
6945 6063
6945 6466
6945 7447
6945 9107
6945 9920
6945 9990
6945 11524
6945 12770
6945 12910
6945 13209
7043 6176
7043 7728
7999 6545
8239 8136
8508 2070
8508 6466
8508 8502
8508 11524
8674 477
8674 2172
8674 4507
8674 4609
8674 5662
8674 5736
8674 7728
8674 7775
8674 11523
8674 11524
8674 12805
8674 12910
8674 12930
8782 440
8782 571
8782 587
8782 618
8782 620
8782 2119
8782 2158
8782 2188
8782 2273
8782 2465
8782 2966
8782 3802
8782 4507
8782 5687
8782 5734
8782 5897
8782 6138
8782 6157
8782 7367
8782 7429
8782 7433
8782 7699
8782 7737
8782 7760
8782 7767
8782 7774
8782 8176
8782 8867
8782 9107
8782 9216
8782 9217
8782 9594
8782 9920
8782 9932
8782 12011
8782 12393
8799 7728
8799 10582
8799 11465
8852 6545
8852 8542
8852 11524
8897 579
8897 2070
8897 7120
8897 7413
8897 7766
8897 8901
8897 9812
8897 11524
8897 11533
9092 5190
9092 11537
9119 571
9119 583
9119 591
9119 716
9119 2012
9119 2197
9119 3818
9119 4483
9119 4495
9119 4507
9119 5633
9119 5662
9119 5705
9119 6163
9119 8174
9119 8514
9119 8523
9119 8587
9119 9203
9119 9837
9119 9913
9119 9920
9119 10416
9119 10823
9119 11520
9119 11524
9119 12805
9119 13007
9282 596
9362 620
9362 1089
9362 2119
9362 7732
9362 7775
9362 8949
9362 9582
9362 9834
9362 10108
9362 10110
9558 5243
9558 6545
9558 7760
9558 7807
9558 9079
9558 10582
9558 11524
9558 12910
9754 8591
9754 8867
9754 11524
9944 9584
9944 11524
10017 394
10017 9808
10085 6466
10085 6581
10085 7766
10085 8901
10085 11537
10085 13007
10343 4609
10363 6545
10363 8867
10403 6545
10630 6545
10630 12910
11266 9584
11360 2070
11360 6466
11360 7120
11360 7766
11360 8587
11360 8605
11360 8901
11360 8915
11360 9812
12743 394
12743 9808
13146 562
13146 3095
13146 3152
13146 3785
13146 4488
13146 5864
13146 6579
13146 6581
13146 7143
13146 7433
13146 7750
13146 7774
13146 8867
13146 9231
13146 9239
13146 9582
13146 9594
13146 11522
13146 11524
13146 12742
13146 12744
13146 12910
13146 12918
13155 596
13155 2070
13155 2256
13155 8023
13155 10918
13155 12770
13156 2070
13156 2256
13156 8023
13156 12770
14267 6579
14267 8542
14267 12990
14290 10416
14387 599
14387 7732
14387 8151
14387 10108
14429 607
14429 6559
14429 10582
