14541 14541 191
440 12908
477 12908
523 12908
561 12908
562 12908
568 12908
571 12908
579 12908
583 12908
587 12908
591 12908
596 12908
599 12908
607 12908
618 12908
620 12908
716 12908
745 12908
1083 12908
1089 12908
1248 12908
1315 12908
2012 12908
2070 12908
2119 12908
2128 12908
2158 12908
2172 12908
2188 12908
2196 12908
2197 12908
2220 12908
2256 12908
2273 12908
2465 12908
2966 12908
3095 12908
3117 12908
3152 12908
3785 12908
3802 12908
3818 12908
4483 12908
4488 12908
4495 12908
4507 12908
4514 12908
4609 12908
5190 12908
5243 12908
5498 12908
5633 12908
5635 12908
5662 12908
5687 12908
5701 12908
5714 12908
5728 12908
5734 12908
5736 12908
5851 12908
5864 12908
5887 12908
6136 12908
6157 12908
6163 12908
6543 12908
6544 12908
6545 12908
6552 12908
6559 12908
6579 12908
6581 12908
7120 12908
7136 12908
7143 12908
7366 12908
7367 12908
7401 12908
7413 12908
7429 12908
7433 12908
7436 12908
7441 12908
7447 12908
7699 12908
7732 12908
7734 12908
7737 12908
7738 12908
7750 12908
7760 12908
7766 12908
7767 12908
7769 12908
7774 12908
7775 12908
7807 12908
8023 12908
8092 12908
8136 12908
8142 12908
8151 12908
8159 12908
8174 12908
8176 12908
8178 12908
8381 12908
8502 12908
8505 12908
8514 12908
8518 12908
8537 12908
8542 12908
8583 12908
8587 12908
8591 12908
8867 12908
8901 12908
8915 12908
8949 12908
8960 12908
9079 12908
9084 12908
9107 12908
9120 12908
9122 12908
9164 12908
9201 12908
9203 12908
9208 12908
9210 12908
9211 12908
9212 12908
9216 12908
9217 12908
9220 12908
9226 12908
9227 12908
9231 12908
9232 12908
9239 12908
9468 12908
9542 12908
9581 12908
9582 12908
9584 12908
9586 12908
9591 12908
9594 12908
9598 12908
9808 12908
9812 12908
9821 12908
9834 12908
9837 12908
9913 12908
9920 12908
9932 12908
10105 12908
10108 12908
10110 12908
10416 12908
10543 12908
10582 12908
10823 12908
10918 12908
11338 12908
11465 12908
11520 12908
11522 12908
11523 12908
11524 12908
11537 12908
12011 12908
12244 12908
12742 12908
12770 12908
12799 12908
12805 12908
12910 12908
12918 12908
12930 12908
12990 12908
12998 12908
13007 12908
13016 12908
13018 12908
13119 12908
13209 12908
13401 12908
