14541 14541 2901
170 1459
170 1461
170 1462
170 3797
170 4839
170 6977
170 8277
170 10170
170 11671
170 13589
336 1717
336 8305
336 9853
477 6490
541 1442
541 2330
541 4792
541 4835
541 4990
541 5257
541 5964
541 6130
541 6976
541 7058
541 8661
541 8792
541 10041
541 10269
541 10803
541 11965
734 11735
734 11852
825 63
825 68
825 526
825 736
825 738
825 747
825 752
825 759
825 761
825 1025
825 1637
825 2330
825 2464
825 2843
825 3187
825 3355
825 3632
825 3639
825 3922
825 4154
825 4611
825 4730
825 4774
825 4928
825 4952
825 5016
825 5157
825 5383
825 5658
825 5990
825 6188
825 6199
825 6570
825 6650
825 6711
825 6715
825 6860
825 6864
825 6865
825 6892
825 6941
825 6991
825 7080
825 7106
825 7123
825 7176
825 7233
825 7371
825 7743
825 7756
825 7792
825 7811
825 7841
825 7871
825 8222
825 8349
825 8350
825 8482
825 8652
825 8701
825 8788
825 8812
825 8930
825 9050
825 9123
825 9467
825 9745
825 9784
825 9865
825 9921
825 9956
825 10159
825 10192
825 10197
825 10224
825 10483
825 10547
825 10638
825 10646
825 10726
825 10729
825 11022
825 11251
825 11396
825 11426
825 11860
825 11906
825 11965
825 12314
825 12402
825 12891
825 13204
825 13233
825 13600
825 13833
825 14081
825 14121
825 14122
825 14492
825 14506
926 1025
926 5034
926 6469
926 7080
926 7416
926 7816
926 10231
926 10320
926 12436
926 13813
936 13235
981 7811
1290 315
1290 761
1290 5786
1290 7106
1290 7871
1290 8930
1290 10116
1290 11311
1290 14086
1292 2200
1292 3262
1292 5097
1292 5209
1292 5485
1292 7127
1292 7474
1292 7637
1292 10457
1292 10709
1292 11959
1698 51
1698 58
1698 102
1698 156
1698 347
1698 351
1698 549
1698 559
1698 670
1698 733
1698 744
1698 774
1698 829
1698 830
1698 839
1698 844
1698 1113
1698 1242
1698 1350
1698 1442
1698 1719
1698 1780
1698 2329
1698 2377
1698 2469
1698 2481
1698 2684
1698 2978
1698 3105
1698 3392
1698 3674
1698 3770
1698 3806
1698 3964
1698 4097
1698 4132
1698 4212
1698 4310
1698 4347
1698 4583
1698 4657
1698 4792
1698 4811
1698 4818
1698 4820
1698 4841
1698 4916
1698 4949
1698 5166
1698 5191
1698 5289
1698 5493
1698 5495
1698 5532
1698 5578
1698 5610
1698 5698
1698 5767
1698 6215
1698 6333
1698 6428
1698 6469
1698 6554
1698 6573
1698 6597
1698 6735
1698 6925
1698 6958
1698 7095
1698 7172
1698 7407
1698 7438
1698 7465
1698 7624
1698 7768
1698 7839
1698 7882
1698 7992
1698 8011
1698 8021
1698 8036
1698 8175
1698 8240
1698 8252
1698 8335
1698 8354
1698 8429
1698 8469
1698 8475
1698 8565
1698 8747
1698 8754
1698 8758
1698 8776
1698 8777
1698 9444
1698 9454
1698 9546
1698 9613
1698 9735
1698 9801
1698 10041
1698 10042
1698 10140
1698 10153
1698 10225
1698 10269
1698 10277
1698 10461
1698 10495
1698 10656
1698 10724
1698 10794
1698 10827
1698 10939
1698 10956
1698 10974
1698 11306
1698 11580
1698 11594
1698 11625
1698 11626
1698 11640
1698 11666
1698 11677
1698 11800
1698 11886
1698 12252
1698 12303
1698 12425
1698 12485
1698 12596
1698 12716
1698 12943
1698 13083
1698 13190
1698 13253
1698 13961
1698 14043
1698 14442
1731 3892
1732 3857
1732 7185
1732 12704
1779 67
1779 73
1779 112
1779 526
1779 640
1779 728
1779 760
1779 873
1779 1010
1779 1348
1779 1379
1779 1482
1779 1755
1779 1892
1779 2315
1779 2340
1779 2462
1779 2504
1779 3337
1779 3465
1779 3641
1779 3668
1779 3672
1779 3675
1779 3814
1779 3922
1779 4090
1779 4129
1779 4130
1779 4281
1779 4359
1779 4453
1779 4463
1779 4651
1779 4805
1779 4806
1779 4829
1779 4924
1779 4959
1779 5000
1779 5005
1779 5104
1779 5170
1779 5276
1779 5320
1779 5379
1779 5492
1779 5569
1779 5612
1779 5657
1779 5731
1779 5803
1779 5979
1779 5987
1779 6080
1779 6081
1779 6184
1779 6273
1779 6580
1779 6621
1779 6773
1779 6812
1779 6842
1779 6904
1779 6991
1779 7000
1779 7072
1779 7109
1779 7156
1779 7320
1779 7355
1779 7379
1779 7386
1779 7459
1779 7584
1779 7592
1779 7608
1779 7687
1779 7703
1779 7915
1779 8031
1779 8100
1779 8117
1779 8180
1779 8182
1779 8189
1779 8353
1779 8354
1779 8415
1779 8446
1779 8462
1779 8474
1779 8506
1779 8528
1779 8684
1779 8697
1779 8721
1779 8755
1779 8787
1779 8803
1779 8898
1779 8899
1779 8983
1779 8992
1779 9047
1779 9191
1779 9340
1779 9393
1779 9434
1779 9488
1779 9570
1779 9589
1779 9645
1779 9677
1779 9725
1779 9751
1779 9852
1779 9933
1779 10066
1779 10359
1779 10425
1779 10472
1779 10473
1779 10504
1779 10518
1779 10566
1779 10573
1779 10663
1779 10782
1779 10806
1779 10809
1779 10963
1779 10981
1779 11097
1779 11102
1779 11171
1779 11259
1779 11280
1779 11292
1779 11314
1779 11377
1779 11439
1779 11447
1779 11511
1779 11707
1779 11716
1779 11755
1779 11836
1779 11876
1779 11958
1779 11962
1779 11969
1779 12064
1779 12074
1779 12075
1779 12158
1779 12290
1779 12350
1779 12375
1779 12459
1779 12527
1779 12532
1779 12662
1779 12832
1779 12882
1779 12996
1779 13134
1779 13141
1779 13154
1779 13161
1779 13202
1779 13212
1779 13477
1779 13750
1779 14125
1779 14442
1779 14495
2384 3857
2384 5686
2384 7466
2384 8482
2384 9546
2511 13979
3106 51
3106 64
3106 65
3106 73
3106 287
3106 288
3106 409
3106 545
3106 572
3106 670
3106 1350
3106 1597
3106 1715
3106 1716
3106 1780
3106 1790
3106 1805
3106 1834
3106 1835
3106 1837
3106 1943
3106 2083
3106 2250
3106 2257
3106 2374
3106 2377
3106 2407
3106 2515
3106 2547
3106 2828
3106 3105
3106 3133
3106 3192
3106 3378
3106 3422
3106 3506
3106 3628
3106 3642
3106 3657
3106 3699
3106 3713
3106 3742
3106 3848
3106 3849
3106 3850
3106 3892
3106 3913
3106 3923
3106 3972
3106 4002
3106 4186
3106 4233
3106 4286
3106 4289
3106 4414
3106 4424
3106 4437
3106 4522
3106 4611
3106 4632
3106 4657
3106 4674
3106 4686
3106 4695
3106 4697
3106 4747
3106 4749
3106 4762
3106 4788
3106 4827
3106 4830
3106 4841
3106 4884
3106 4893
3106 4922
3106 4928
3106 4991
3106 5013
3106 5025
3106 5054
3106 5070
3106 5100
3106 5135
3106 5188
3106 5191
3106 5223
3106 5264
3106 5289
3106 5350
3106 5537
3106 5550
3106 5596
3106 5597
3106 5668
3106 5671
3106 5673
3106 5756
3106 5911
3106 5938
3106 5953
3106 5956
3106 5977
3106 6002
3106 6118
3106 6172
3106 6295
3106 6305
3106 6315
3106 6331
3106 6333
3106 6350
3106 6363
3106 6381
3106 6403
3106 6407
3106 6442
3106 6447
3106 6554
3106 6568
3106 6570
3106 6616
3106 6672
3106 6751
3106 6765
3106 6783
3106 6821
3106 6828
3106 6868
3106 6892
3106 6900
3106 6902
3106 6987
3106 7095
3106 7122
3106 7125
3106 7126
3106 7131
3106 7134
3106 7140
3106 7251
3106 7289
3106 7298
3106 7404
3106 7416
3106 7495
3106 7721
3106 7724
3106 7726
3106 7735
3106 7822
3106 7843
3106 7868
3106 7992
3106 8026
3106 8065
3106 8116
3106 8172
3106 8182
3106 8214
3106 8217
3106 8244
3106 8252
3106 8299
3106 8335
3106 8452
3106 8475
3106 8479
3106 8685
3106 8755
3106 8771
3106 8800
3106 8814
3106 8816
3106 8874
3106 8880
3106 8885
3106 8972
3106 9070
3106 9162
3106 9191
3106 9274
3106 9300
3106 9328
3106 9431
3106 9453
3106 9540
3106 9543
3106 9611
3106 9633
3106 9670
3106 9685
3106 9735
3106 9738
3106 9739
3106 9798
3106 9836
3106 10001
3106 10074
3106 10078
3106 10094
3106 10113
3106 10120
3106 10179
3106 10218
3106 10273
3106 10301
3106 10319
3106 10322
3106 10429
3106 10467
3106 10477
3106 10504
3106 10544
3106 10629
3106 10653
3106 10670
3106 10798
3106 10811
3106 10949
3106 10956
3106 10986
3106 11021
3106 11023
3106 11026
3106 11030
3106 11038
3106 11060
3106 11120
3106 11140
3106 11181
3106 11243
3106 11281
3106 11379
3106 11414
3106 11445
3106 11580
3106 11612
3106 11664
3106 11681
3106 11685
3106 11687
3106 11692
3106 11754
3106 11778
3106 11800
3106 11828
3106 11844
3106 11944
3106 12004
3106 12009
3106 12148
3106 12149
3106 12300
3106 12303
3106 12386
3106 12425
3106 12436
3106 12522
3106 12721
3106 12769
3106 12833
3106 12968
3106 13143
3106 13169
3106 13196
3106 13243
3106 13317
3106 13328
3106 13548
3106 13755
3106 13849
3106 13976
3106 13993
3106 14005
3106 14035
3106 14051
3106 14278
3106 14280
3106 14493
3106 14502
3113 3706
3113 3805
3113 4091
3113 4762
3113 4792
3113 4820
3113 4863
3113 4886
3113 4933
3113 6287
3113 8349
3113 9331
3113 10182
3113 10250
3113 10621
3130 8243
3130 12776
3231 540
3231 748
3231 1717
3231 3435
3231 3553
3231 3889
3231 9176
3231 9853
3231 10469
3231 11467
3231 14344
3240 2108
3240 3354
3240 3871
3240 6892
3240 7863
3240 8488
3240 10981
3240 11735
3240 11906
3240 13961
3240 14103
3240 14283
3430 50
3430 57
3430 156
3430 935
3430 1111
3430 1423
3430 1647
3430 1704
3430 1707
3430 1709
3430 1710
3430 1788
3430 2328
3430 2329
3430 2493
3430 3494
3430 4016
3430 4215
3430 4342
3430 4873
3430 5047
3430 5491
3430 5493
3430 5494
3430 5495
3430 5496
3430 5507
3430 5569
3430 5599
3430 5756
3430 6215
3430 6499
3430 6597
3430 6873
3430 7104
3430 7357
3430 7465
3430 7553
3430 7592
3430 7743
3430 7744
3430 7822
3430 8492
3430 8570
3430 8680
3430 8684
3430 8818
3430 9213
3430 9514
3430 9571
3430 9603
3430 9612
3430 9617
3430 10050
3430 10067
3430 10205
3430 10884
3430 10955
3430 11049
3430 11183
3430 11293
3430 11311
3430 11314
3430 11625
3430 11689
3430 11691
3430 11700
3430 11777
3430 11809
3430 11825
3430 11827
3430 11847
3430 11900
3430 11953
3430 11977
3430 12896
3430 13098
3430 13113
3430 13223
3430 13935
3430 13981
3430 13984
3430 14047
3430 14086
3430 14375
3708 9272
3962 12899
4100 59
4100 69
4100 4777
4100 7538
4100 7547
4100 10822
4103 4701
4103 7543
4103 13100
4419 6985
4419 11653
4553 62
4553 74
4553 383
4553 1341
4553 4002
4553 4011
4553 4695
4553 4982
4553 5011
4553 5553
4553 5937
4553 6428
4553 7040
4553 7137
4553 8145
4553 8448
4553 8470
4553 8577
4553 8589
4553 8603
4553 9221
4553 9394
4553 9444
4553 9828
4553 9911
4553 10189
4553 10570
4553 10575
4553 10650
4553 10711
4553 12214
4553 12436
4553 13540
4553 14048
4553 14049
4553 14499
4669 67
4669 73
4669 112
4669 640
4669 728
4669 1010
4669 1348
4669 1482
4669 1741
4669 1802
4669 1892
4669 2315
4669 3668
4669 3922
4669 4129
4669 4130
4669 4281
4669 4806
4669 4829
4669 4959
4669 5104
4669 5276
4669 5320
4669 5379
4669 5731
4669 6184
4669 6441
4669 6904
4669 7000
4669 7109
4669 7355
4669 7463
4669 7584
4669 7608
4669 7687
4669 8117
4669 8182
4669 8189
4669 8506
4669 8684
4669 8803
4669 8983
4669 8992
4669 9191
4669 9340
4669 9434
4669 9852
4669 9933
4669 10472
4669 10573
4669 10963
4669 10981
4669 11171
4669 11259
4669 11377
4669 11797
4669 11836
4669 11958
4669 11961
4669 11969
4669 12532
4669 12662
4669 12832
4669 12882
4669 12996
4669 13141
4669 13154
4669 13202
4669 13314
4797 8516
4849 669
4849 1741
4849 1788
4849 2340
4849 3641
4849 3675
4849 3922
4849 5005
4849 5276
4849 6580
4849 6859
4849 8415
4849 8780
4849 9393
4849 9489
4849 9645
4849 10066
4849 10473
4849 10566
4849 10788
4849 11314
4849 12093
4849 12292
4849 12467
4849 13161
4849 14050
4849 14125
4849 14500
5179 1943
5308 666
5308 6859
5308 11280
5308 11505
5308 12882
5308 12996
5308 13141
5308 13314
5635 4359
5635 6715
5635 7123
5635 10042
5635 11595
5635 11766
5774 3378
5774 8036
5831 5831
5831 11243
5851 2504
5851 4811
5851 10962
5851 13166
5861 6977
5861 10962
5861 12661
5861 13166
5874 3758
5874 4928
5874 6978
5874 10932
5874 11151
6176 1035
6176 1459
6176 1462
6176 3337
6176 4839
6176 5511
6176 6949
6176 6977
6176 10170
6176 11671
6176 11694
6176 13589
6268 2200
6268 3262
6268 5097
6268 5485
6268 7127
6268 7474
6268 7930
6268 9844
6268 10709
6268 11959
6275 549
6275 613
6275 1110
6275 1147
6275 2082
6275 2684
6275 2767
6275 3133
6275 3196
6275 3883
6275 3915
6275 4310
6275 4586
6275 4830
6275 5144
6275 5365
6275 5617
6275 5646
6275 5670
6275 5674
6275 6484
6275 6597
6275 6598
6275 6613
6275 6735
6275 6925
6275 7115
6275 7165
6275 7183
6275 7735
6275 7768
6275 7791
6275 7827
6275 7849
6275 8211
6275 8429
6275 8453
6275 8486
6275 8517
6275 8565
6275 9326
6275 9389
6275 9590
6275 9801
6275 9946
6275 10461
6275 10673
6275 10685
6275 11183
6275 11589
6275 11594
6275 11723
6275 11777
6275 11965
6275 11977
6275 12425
6275 12546
6275 12548
6275 12881
6275 12899
6275 13223
6275 13939
6275 14440
6370 97
6370 481
6370 1518
6370 1540
6370 2330
6370 4772
6370 4792
6370 4987
6370 4990
6370 5964
6370 6439
6370 6976
6370 7066
6370 8661
6370 8792
6370 9036
6370 9123
6370 10135
6370 10803
6370 11965
6370 13266
6370 13418
6393 72
6393 738
6393 739
6393 1098
6393 1741
6393 2013
6393 2464
6393 3187
6393 3262
6393 3639
6393 3922
6393 4473
6393 4477
6393 4730
6393 4775
6393 4827
6393 4855
6393 4990
6393 5135
6393 5139
6393 5276
6393 5373
6393 5658
6393 5990
6393 6199
6393 6353
6393 6447
6393 6976
6393 7065
6393 7167
6393 7446
6393 7538
6393 7539
6393 7607
6393 7703
6393 7729
6393 8349
6393 8415
6393 8480
6393 8661
6393 9393
6393 9489
6393 9683
6393 9732
6393 9841
6393 9865
6393 9910
6393 10200
6393 10224
6393 10425
6393 10566
6393 10571
6393 10590
6393 10626
6393 10638
6393 10731
6393 10788
6393 10905
6393 11022
6393 11064
6393 11151
6393 11173
6393 11212
6393 11251
6393 11735
6393 12093
6393 12292
6393 12352
6393 12402
6393 12460
6393 12604
6393 12618
6393 13161
6393 13327
6393 13752
6393 13755
6393 14050
6393 14086
6393 14277
6393 14492
6434 141
6434 1548
6434 2539
6434 2996
6434 3829
6434 3945
6434 4742
6434 5130
6434 5133
6434 5892
6434 5998
6434 6594
6434 7053
6434 7350
6434 7355
6434 7697
6434 7821
6434 8140
6434 8451
6434 8717
6434 9327
6434 9456
6434 9589
6434 9774
6434 9950
6434 10261
6434 10481
6434 10574
6434 10600
6434 10620
6434 11075
6434 11171
6434 11182
6434 11253
6434 11459
6434 11710
6434 11797
6434 12064
6434 12168
6434 12665
6434 12725
6434 13316
6434 13545
6544 59
6544 4777
6544 7538
6544 7547
6544 10822
6545 3262
6545 5097
6545 6561
6545 7127
6545 7637
6545 7930
6545 9844
6545 10457
6545 10709
6545 11959
6581 7539
6945 4359
6945 6715
6945 11025
6945 11766
7279 4453
7279 5657
7279 5703
7279 5717
7279 6871
7279 9316
7279 9677
7279 10693
7279 11097
7279 11778
7279 12532
7279 12891
7323 5553
7323 9281
7458 2330
7458 3918
7458 4680
7458 10320
7458 10322
7717 1216
7717 1450
7717 2066
7717 2467
7717 4016
7717 4342
7717 5599
7717 5670
7717 6977
7717 7177
7717 8277
7717 8566
7717 8811
7717 9202
7717 9274
7717 9668
7717 10170
7717 10962
7717 13589
7718 74
7718 671
7718 842
7718 844
7718 1308
7718 1637
7718 1716
7718 1770
7718 1823
7718 2028
7718 2437
7718 2546
7718 2986
7718 3392
7718 3602
7718 3716
7718 3758
7718 3770
7718 3819
7718 3848
7718 4414
7718 4818
7718 4832
7718 5034
7718 5157
7718 5286
7718 5422
7718 5686
7718 6184
7718 6188
7718 6293
7718 6892
7718 6978
7718 7444
7718 7466
7718 7468
7718 7735
7718 8212
7718 8482
7718 8543
7718 8652
7718 8760
7718 8924
7718 9162
7718 9272
7718 9546
7718 9836
7718 9841
7718 10429
7718 10432
7718 10433
7718 10444
7718 10724
7718 10767
7718 10949
7718 10973
7718 11038
7718 11120
7718 11243
7718 11298
7718 11424
7718 11425
7718 11427
7718 11438
7718 11822
7718 12072
7718 12526
7718 12547
7718 12880
7718 13083
7718 13204
7718 13253
7718 14121
7810 56
7810 60
7810 67
7810 68
7810 73
7810 74
7810 94
7810 341
7810 613
7810 679
7810 726
7810 736
7810 738
7810 739
7810 752
7810 754
7810 759
7810 761
7810 1098
7810 1110
7810 1226
7810 1273
7810 1448
7810 1482
7810 1497
7810 1528
7810 1531
7810 1533
7810 1574
7810 1639
7810 1666
7810 1832
7810 1885
7810 2082
7810 2330
7810 2355
7810 2382
7810 2437
7810 2464
7810 2546
7810 2673
7810 2843
7810 2996
7810 3043
7810 3187
7810 3196
7810 3218
7810 3354
7810 3504
7810 3562
7810 3632
7810 3674
7810 3679
7810 3715
7810 3805
7810 3806
7810 3816
7810 3841
7810 3871
7810 3880
7810 3918
7810 3919
7810 3922
7810 3926
7810 3983
7810 4091
7810 4142
7810 4190
7810 4473
7810 4477
7810 4512
7810 4586
7810 4651
7810 4730
7810 4774
7810 4775
7810 4791
7810 4829
7810 4855
7810 4863
7810 4952
7810 4990
7810 5034
7810 5139
7810 5157
7810 5162
7810 5211
7810 5244
7810 5248
7810 5257
7810 5383
7810 5553
7810 5582
7810 5674
7810 5686
7810 5717
7810 5875
7810 5930
7810 5966
7810 5972
7810 5979
7810 5990
7810 5993
7810 5995
7810 6184
7810 6188
7810 6198
7810 6199
7810 6281
7810 6338
7810 6432
7810 6441
7810 6469
7810 6518
7810 6585
7810 6650
7810 6711
7810 6860
7810 6864
7810 6892
7810 6941
7810 6944
7810 7064
7810 7100
7810 7109
7810 7123
7810 7124
7810 7137
7810 7176
7810 7216
7810 7233
7810 7301
7810 7335
7810 7417
7810 7475
7810 7543
7810 7592
7810 7607
7810 7608
7810 7639
7810 7650
7810 7658
7810 7729
7810 7791
7810 7802
7810 7827
7810 7832
7810 7841
7810 7876
7810 8036
7810 8192
7810 8214
7810 8331
7810 8350
7810 8426
7810 8448
7810 8453
7810 8486
7810 8589
7810 8652
7810 8705
7810 8786
7810 8930
7810 9331
7810 9394
7810 9603
7810 9656
7810 9683
7810 9685
7810 9727
7810 9832
7810 9852
7810 9865
7810 9921
7810 9933
7810 9956
7810 10015
7810 10016
7810 10022
7810 10120
7810 10136
7810 10189
7810 10192
7810 10224
7810 10247
7810 10250
7810 10259
7810 10320
7810 10355
7810 10483
7810 10547
7810 10571
7810 10585
7810 10611
7810 10621
7810 10624
7810 10638
7810 10650
7810 10676
7810 10711
7810 10726
7810 10728
7810 10781
7810 10782
7810 10808
7810 10877
7810 10884
7810 10964
7810 11064
7810 11151
7810 11162
7810 11171
7810 11241
7810 11259
7810 11396
7810 11426
7810 11462
7810 11495
7810 11589
7810 11755
7810 11808
7810 11809
7810 11813
7810 11860
7810 11969
7810 12071
7810 12093
7810 12214
7810 12303
7810 12314
7810 12358
7810 12521
7810 12530
7810 12548
7810 12639
7810 12682
7810 12700
7810 12802
7810 12882
7810 12884
7810 12885
7810 13113
7810 13115
7810 13140
7810 13164
7810 13236
7810 13323
7810 13324
7810 13326
7810 13329
7810 13533
7810 13540
7810 13600
7810 13751
7810 13833
7810 13984
7810 13992
7810 14031
7810 14032
7810 14049
7810 14051
7810 14122
7810 14123
7810 14274
7810 14276
7810 14283
7810 14440
7810 14492
7810 14497
7810 14505
8496 4477
8521 8482
8674 11447
8782 4212
8782 4826
8782 4952
8782 4963
8782 7417
8782 8645
8782 8697
8782 9751
8782 11115
8794 3716
8794 11120
8794 12704
8799 1035
8799 2066
8799 4839
8799 6830
8799 6977
8799 11671
8799 11694
8799 11741
8799 11876
9055 68
9055 613
9055 726
9055 1098
9055 1110
9055 2843
9055 3639
9055 7167
9055 7511
9055 7639
9055 7729
9055 7743
9055 7744
9055 7749
9055 8002
9055 9590
9055 10016
9055 10192
9055 10781
9055 10955
9055 11079
9055 11429
9055 11495
9055 13129
9055 13195
9055 13324
9055 13578
9055 13950
9055 13964
9055 13989
9055 14492
9084 5170
9084 6842
9084 7605
9084 7639
9084 10277
9084 11481
9084 12558
9092 75
9092 4323
9092 7606
9092 8787
9103 75
9103 4323
9103 7459
9103 7606
9103 8787
9119 5170
9119 6842
9119 7605
9119 8849
9119 9687
9119 10277
9119 11481
9119 12558
9164 6985
9164 11653
9169 2547
9169 4522
9169 5597
9169 5681
9169 6350
9169 7721
9169 10301
9169 10467
9169 11210
9169 11243
9169 11612
9169 12386
9169 12655
9169 13144
9169 13191
9169 13201
9322 8426
9553 92
9553 97
9553 368
9553 516
9553 517
9553 703
9553 741
9553 823
9553 880
9553 1082
9553 1191
9553 1195
9553 1230
9553 1295
9553 1324
9553 1411
9553 1443
9553 1512
9553 1517
9553 1518
9553 1540
9553 1664
9553 1747
9553 1758
9553 1914
9553 2014
9553 2205
9553 2327
9553 2353
9553 2419
9553 2440
9553 2496
9553 2690
9553 2999
9553 3363
9553 3416
9553 3487
9553 3582
9553 3599
9553 3706
9553 3805
9553 3825
9553 4185
9553 4360
9553 4382
9553 4497
9553 4634
9553 4687
9553 4772
9553 4792
9553 4795
9553 4886
9553 4930
9553 4933
9553 4942
9553 4965
9553 4987
9553 5026
9553 5068
9553 5143
9553 5310
9553 5441
9553 5460
9553 5468
9553 5470
9553 5580
9553 5829
9553 5831
9553 5834
9553 5865
9553 5963
9553 6008
9553 6015
9553 6090
9553 6131
9553 6232
9553 6325
9553 6439
9553 6443
9553 6532
9553 6738
9553 6739
9553 6947
9553 7066
9553 7336
9553 7617
9553 7928
9553 7963
9553 7995
9553 8058
9553 8231
9553 8243
9553 8389
9553 8461
9553 8463
9553 8516
9553 8561
9553 8687
9553 8768
9553 8939
9553 8950
9553 8958
9553 9036
9553 9172
9553 9173
9553 9174
9553 9175
9553 9176
9553 9180
9553 9254
9553 9299
9553 9331
9553 9388
9553 9556
9553 9607
9553 9609
9553 9640
9553 9788
9553 9880
9553 9936
9553 9951
9553 9985
9553 10135
9553 10147
9553 10174
9553 10375
9553 10521
9553 10660
9553 10752
9553 11180
9553 11454
9553 11457
9553 11592
9553 11593
9553 11609
9553 11837
9553 12085
9553 12372
9553 12457
9553 12776
9553 12905
9553 13092
9553 13266
9553 13418
9553 13515
9553 13765
9553 13987
9553 14082
9553 14127
9553 14261
9553 14345
9558 5209
9584 12218
9752 2353
9752 2481
9752 5257
9752 6002
9752 6131
9752 6738
9752 7164
9752 9911
9752 14505
9791 57
9791 60
9791 61
9791 63
9791 66
9791 67
9791 68
9791 71
9791 72
9791 94
9791 315
9791 347
9791 481
9791 525
9791 666
9791 669
9791 679
9791 720
9791 726
9791 728
9791 733
9791 736
9791 738
9791 739
9791 752
9791 754
9791 755
9791 756
9791 759
9791 761
9791 817
9791 1010
9791 1025
9791 1098
9791 1168
9791 1226
9791 1293
9791 1308
9791 1319
9791 1448
9791 1497
9791 1574
9791 1585
9791 1655
9791 1708
9791 1741
9791 1823
9791 1853
9791 1908
9791 2028
9791 2315
9791 2330
9791 2355
9791 2382
9791 2464
9791 2534
9791 2673
9791 3043
9791 3187
9791 3188
9791 3218
9791 3276
9791 3283
9791 3355
9791 3504
9791 3562
9791 3576
9791 3674
9791 3796
9791 3805
9791 3806
9791 3816
9791 3841
9791 3858
9791 3880
9791 3918
9791 3919
9791 3922
9791 3926
9791 3964
9791 3966
9791 3983
9791 4074
9791 4091
9791 4129
9791 4141
9791 4142
9791 4154
9791 4188
9791 4190
9791 4192
9791 4193
9791 4388
9791 4473
9791 4586
9791 4680
9791 4750
9791 4774
9791 4775
9791 4791
9791 4821
9791 4835
9791 4855
9791 4863
9791 4865
9791 4951
9791 4990
9791 5001
9791 5016
9791 5034
9791 5102
9791 5109
9791 5139
9791 5162
9791 5189
9791 5211
9791 5230
9791 5244
9791 5248
9791 5257
9791 5358
9791 5373
9791 5383
9791 5389
9791 5393
9791 5395
9791 5422
9791 5534
9791 5578
9791 5582
9791 5595
9791 5631
9791 5658
9791 5686
9791 5698
9791 5726
9791 5731
9791 5903
9791 5930
9791 5966
9791 5972
9791 5990
9791 5993
9791 5994
9791 5995
9791 6160
9791 6184
9791 6188
9791 6195
9791 6196
9791 6199
9791 6206
9791 6208
9791 6281
9791 6287
9791 6337
9791 6338
9791 6353
9791 6400
9791 6432
9791 6441
9791 6447
9791 6469
9791 6561
9791 6573
9791 6585
9791 6650
9791 6670
9791 6680
9791 6711
9791 6780
9791 6859
9791 6860
9791 6864
9791 6865
9791 6944
9791 6976
9791 6978
9791 7058
9791 7064
9791 7065
9791 7080
9791 7100
9791 7106
9791 7109
9791 7116
9791 7123
9791 7164
9791 7176
9791 7231
9791 7233
9791 7292
9791 7301
9791 7335
9791 7388
9791 7400
9791 7443
9791 7444
9791 7446
9791 7462
9791 7468
9791 7475
9791 7533
9791 7539
9791 7607
9791 7626
9791 7638
9791 7639
9791 7643
9791 7650
9791 7658
9791 7700
9791 7762
9791 7791
9791 7792
9791 7802
9791 7811
9791 7816
9791 7832
9791 7841
9791 7871
9791 7876
9791 8031
9791 8036
9791 8117
9791 8169
9791 8192
9791 8211
9791 8257
9791 8315
9791 8331
9791 8349
9791 8350
9791 8426
9791 8474
9791 8480
9791 8562
9791 8661
9791 8667
9791 8698
9791 8705
9791 8786
9791 8788
9791 8792
9791 8812
9791 8886
9791 8930
9791 8992
9791 9047
9791 9050
9791 9123
9791 9186
9791 9223
9791 9281
9791 9333
9791 9367
9791 9467
9791 9569
9791 9608
9791 9656
9791 9660
9791 9662
9791 9674
9791 9683
9791 9685
9791 9686
9791 9727
9791 9732
9791 9745
9791 9784
9791 9841
9791 9865
9791 9910
9791 9921
9791 9933
9791 9958
9791 9995
9791 10015
9791 10022
9791 10116
9791 10136
9791 10155
9791 10157
9791 10197
9791 10200
9791 10216
9791 10218
9791 10224
9791 10229
9791 10231
9791 10250
9791 10259
9791 10286
9791 10291
9791 10294
9791 10425
9791 10433
9791 10471
9791 10472
9791 10483
9791 10495
9791 10547
9791 10571
9791 10573
9791 10585
9791 10590
9791 10616
9791 10624
9791 10627
9791 10638
9791 10646
9791 10676
9791 10704
9791 10726
9791 10728
9791 10729
9791 10732
9791 10778
9791 10785
9791 10803
9791 10808
9791 10810
9791 10872
9791 10878
9791 10884
9791 10903
9791 10905
9791 10964
9791 10968
9791 10978
9791 10981
9791 11022
9791 11027
9791 11064
9791 11152
9791 11162
9791 11207
9791 11251
9791 11288
9791 11311
9791 11320
9791 11396
9791 11411
9791 11412
9791 11512
9791 11589
9791 11623
9791 11688
9791 11782
9791 11809
9791 11813
9791 11829
9791 11860
9791 11962
9791 11965
9791 11969
9791 12071
9791 12093
9791 12154
9791 12314
9791 12322
9791 12343
9791 12375
9791 12391
9791 12402
9791 12422
9791 12494
9791 12530
9791 12536
9791 12548
9791 12661
9791 12682
9791 12700
9791 12741
9791 12761
9791 12880
9791 12884
9791 13097
9791 13164
9791 13323
9791 13327
9791 13329
9791 13533
9791 13571
9791 13600
9791 13751
9791 13833
9791 13974
9791 13977
9791 13978
9791 13979
9791 13992
9791 14032
9791 14050
9791 14081
9791 14086
9791 14103
9791 14120
9791 14121
9791 14122
9791 14124
9791 14126
9791 14273
9791 14274
9791 14276
9791 14279
9791 14440
9791 14441
9791 14443
9791 14492
9791 14496
9791 14497
9791 14500
9791 14503
9791 14505
9791 14506
9808 60
9808 65
9808 68
9808 94
9808 549
9808 666
9808 738
9808 1025
9808 1273
9808 1295
9808 1341
9808 1409
9808 1531
9808 1533
9808 1825
9808 1882
9808 2168
9808 2288
9808 2382
9808 2462
9808 2547
9808 2828
9808 3187
9808 3192
9808 3639
9808 3672
9808 3709
9808 3814
9808 3841
9808 3870
9808 3963
9808 4002
9808 4222
9808 4463
9808 4586
9808 4673
9808 4751
9808 4791
9808 4886
9808 4889
9808 4893
9808 5011
9808 5087
9808 5211
9808 5230
9808 5379
9808 5383
9808 5657
9808 5731
9808 5956
9808 5966
9808 6090
9808 6232
9808 6432
9808 6469
9808 6484
9808 6751
9808 6892
9808 7064
9808 7065
9808 7100
9808 7124
9808 7446
9808 7466
9808 7607
9808 7650
9808 7658
9808 7749
9808 7791
9808 7849
9808 8145
9808 8172
9808 8331
9808 8387
9808 8415
9808 8453
9808 8589
9808 8603
9808 8667
9808 8698
9808 8754
9808 8758
9808 8777
9808 8786
9808 8800
9808 8958
9808 9047
9808 9645
9808 9828
9808 10120
9808 10147
9808 10224
9808 10231
9808 10250
9808 10407
9808 10481
9808 10483
9808 10566
9808 10571
9808 10575
9808 10616
9808 10621
9808 10650
9808 10711
9808 10731
9808 10903
9808 10986
9808 11120
9808 11241
9808 11259
9808 11426
9808 11451
9808 11462
9808 11681
9808 11687
9808 11832
9808 12284
9808 12364
9808 12366
9808 12402
9808 12489
9808 12521
9808 12682
9808 13092
9808 13133
9808 13540
9808 13571
9808 13939
9808 13949
9808 13964
9808 14031
9808 14049
9808 14050
9808 14103
9808 14122
9808 14123
9808 14492
9808 14497
9808 14506
9909 2996
9909 3714
9909 3829
9909 3945
9909 4267
9909 4701
9909 7171
9909 7606
9909 9444
9909 9456
9909 10481
9909 12665
9970 1319
9970 14032
10037 4701
10037 13316
10388 554
10388 559
10388 1064
10388 1113
10388 1242
10388 1307
10388 1804
10388 2469
10388 2978
10388 3367
10388 3391
10388 3392
10388 3822
10388 3991
10388 4132
10388 4994
10388 5279
10388 5302
10388 5844
10388 5926
10388 6703
10388 7368
10388 7438
10388 8555
10388 8700
10388 8812
10388 8966
10388 9293
10388 10724
10388 11580
10388 11886
10388 12072
10388 12210
10388 13083
10388 13253
10402 720
10402 873
10402 1348
10402 1379
10402 1528
10402 1755
10402 1892
10402 2534
10402 3668
10402 3672
10402 4090
10402 4129
10402 4130
10402 4141
10402 4463
10402 4651
10402 4742
10402 4784
10402 4806
10402 4829
10402 4838
10402 4924
10402 5104
10402 5320
10402 5492
10402 5979
10402 6081
10402 6580
10402 6773
10402 6842
10402 7231
10402 7350
10402 7355
10402 7379
10402 7459
10402 7584
10402 7687
10402 7697
10402 8474
10402 8528
10402 8818
10402 8899
10402 8983
10402 8992
10402 9047
10402 9569
10402 9570
10402 9646
10402 9725
10402 9796
10402 10022
10402 10136
10402 10259
10402 10355
10402 10359
10402 10518
10402 10547
10402 10620
10402 11097
10402 11182
10402 11439
10402 11710
10402 11958
10402 12168
10402 12292
10402 12375
10402 12832
10402 13141
10402 13154
10402 13192
10402 13212
10402 13314
10402 14495
10539 5310
10539 6008
10539 8516
10539 9788
10539 12776
10589 915
10589 1503
10589 2515
10589 3378
10589 3628
10589 3642
10589 3657
10589 3912
10589 4186
10589 4424
10589 4991
10589 5100
10589 5756
10589 5911
10589 6169
10589 6783
10589 6971
10589 7992
10589 8771
10589 8800
10589 9431
10589 9739
10589 9798
10589 11612
10589 11692
10589 13201
10589 13317
11169 112
11169 720
11169 873
11169 1010
11169 1755
11169 1788
11169 1802
11169 2315
11169 2498
11169 3465
11169 4463
11169 4512
11169 4805
11169 4806
11169 4877
11169 4959
11169 5005
11169 5104
11169 5320
11169 5569
11169 5612
11169 5904
11169 5987
11169 6379
11169 6660
11169 6812
11169 6904
11169 7072
11169 7320
11169 7584
11169 7608
11169 7697
11169 7832
11169 8182
11169 8189
11169 8353
11169 8803
11169 8898
11169 9340
11169 9488
11169 9570
11169 9646
11169 9774
11169 9933
11169 10066
11169 10471
11169 10518
11169 10806
11169 11044
11169 11292
11169 11377
11169 11961
11169 12290
11169 12662
11169 12725
11169 12996
11169 13026
11169 13095
11169 13134
11169 13141
11169 13154
11169 13192
11169 13314
11169 13477
11169 14495
11523 1461
11523 2066
11523 4839
11523 6830
11523 8277
11523 8811
11523 11741
11523 11876
11523 14492
11590 7058
11590 7475
11590 8315
11590 10320
11731 347
11731 733
11731 4154
11731 4188
11731 4388
11731 6081
11731 6184
11731 6456
11731 7495
11731 8331
11731 9892
11731 10355
11731 13314
11731 14122
11731 14441
12011 4212
12011 4826
12011 4952
12011 4963
12011 6379
12011 7176
12011 7417
12011 8645
12011 9751
12011 11115
12011 13161
12362 1295
12362 6090
12362 6232
12362 8958
12362 10147
12362 10250
12362 10621
12362 13092
12472 3602
12472 6208
12472 6941
12524 4130
12524 4281
12524 4838
12524 7156
12524 7459
12524 8031
12524 8899
12524 9047
12524 9725
12524 13813
12524 14495
12783 2003
12783 4115
12783 4215
12783 6412
12783 6598
12783 7165
12783 9327
12783 13139
12783 13316
12800 485
12800 915
12800 1450
12800 1457
12800 1885
12800 3133
12800 4581
12800 4834
12800 5829
12800 7743
12800 7832
12800 7841
12800 8559
12800 8939
12800 9331
12800 9832
12800 10136
12800 10192
12800 10727
12800 10808
12800 11287
12800 11965
12800 13117
12800 13129
12800 13189
12800 13578
12800 13751
12800 14283
12838 572
12838 1025
12838 1805
12838 2327
12838 2330
12838 3871
12838 4188
12838 4289
12838 4680
12838 4775
12838 4792
12838 5034
12838 6199
12838 7058
12838 7080
12838 7126
12838 7416
12838 7816
12838 8117
12838 8315
12838 9686
12838 10294
12838 10320
12838 11623
12838 11734
12838 13154
12838 14277
13007 9687
13123 139
13123 2767
13123 6384
13123 7325
13123 8791
13123 8862
13123 9387
13123 10910
13123 11413
13123 11851
13123 11852
13123 12349
13137 8812
13256 3825
13256 6947
13256 8461
13256 9254
13256 10521
13256 12085
13405 3972
13405 4414
13405 6447
13405 10094
13405 11844
13468 3435
13468 6532
13468 8058
13468 9640
13468 10469
13492 3774
13492 4011
13492 12349
14063 11851
