14541 14541 499
37 592
37 2332
37 3348
37 3635
37 3689
37 4211
37 5821
37 6154
37 13363
37 13364
37 13367
237 4403
308 37
308 2332
308 2640
308 3348
308 3689
308 5066
308 5821
308 6154
308 7889
308 9672
308 10040
308 11868
308 13361
308 13363
308 13364
308 13366
308 13367
308 13590
592 37
592 5821
592 13363
602 7889
602 8519
602 11094
929 5625
979 1221
979 3689
979 3909
979 4403
979 5625
979 5925
979 6154
979 6507
979 6938
979 7684
979 8519
979 9536
979 12329
979 12501
979 13361
979 13363
979 13364
1221 979
1221 5625
1221 7684
1221 8519
1875 13363
1875 13364
2222 4403
2332 37
2332 308
2332 3689
2332 4211
2332 5066
2332 6154
2332 13363
2332 13364
2332 13367
2475 5925
2475 11094
2475 12501
2475 13364
2640 308
2640 979
2640 3689
2640 4403
2640 5057
2640 7889
2640 13363
2640 13364
2683 3909
2683 5625
2809 3635
2809 4211
2809 13363
2926 6513
2926 6515
2926 6588
2998 5196
2998 9905
3246 9536
3246 13363
3348 37
3348 3635
3348 3689
3348 4211
3348 5821
3348 13363
3369 6513
3369 6588
3635 37
3635 2809
3635 3689
3635 4211
3635 5066
3635 13364
3635 13367
3689 37
3689 979
3689 1875
3689 2332
3689 2809
3689 3635
3689 4211
3689 4403
3689 5057
3689 5066
3689 5821
3689 6154
3689 7684
3689 9200
3689 9672
3689 10046
3689 11618
3689 11868
3689 13364
3689 13367
3689 13590
3909 979
3909 4403
3909 5625
3909 12501
4211 37
4211 2332
4211 2809
4211 3635
4211 3689
4211 4403
4211 5066
4211 5821
4211 9200
4211 13361
4211 13363
4211 13364
4211 13367
4285 3369
4285 8519
4318 9895
4403 237
4403 979
4403 2222
4403 2640
4403 3689
4403 4211
4403 5057
4403 5625
4403 6507
4403 6938
4403 7889
4403 9200
4403 11869
4403 11870
4403 12329
4403 13364
4493 4494
4493 5057
4493 7684
4494 4493
4764 6513
4764 6515
4764 6588
4764 13361
4862 13363
5057 979
5057 2640
5057 3689
5057 4493
5057 4494
5057 5625
5057 6938
5057 7684
5057 8519
5057 13363
5057 13364
5066 308
5066 2640
5066 3635
5066 3689
5066 4211
5066 10040
5066 11618
5066 13361
5066 13363
5066 13364
5066 13366
5066 13367
5196 2998
5196 9905
5197 9619
5625 929
5625 979
5625 1221
5625 2683
5625 3909
5625 5057
5625 6507
5625 6938
5625 7684
5625 7889
5625 8519
5625 9536
5625 9905
5625 11870
5625 12329
5625 12501
5625 13361
5625 13363
5625 13364
5766 6938
5821 37
5821 308
5821 592
5821 2332
5821 3348
5821 4211
5821 13361
5821 13363
5821 13364
5821 13365
5821 13367
5821 13368
5821 13590
5925 979
5925 2475
5925 3909
5925 5625
5925 6154
5925 6938
5925 7889
5925 12919
5925 12951
5925 13361
5925 13362
5925 13363
6154 37
6154 308
6154 979
6154 2332
6154 3689
6154 5925
6154 8519
6154 12501
6154 13363
6154 13364
6154 13366
6154 13367
6507 3909
6507 4403
6507 5625
6507 5925
6507 13363
6513 2926
6513 3369
6513 4764
6513 6515
6513 6588
6513 13361
6515 4764
6515 6588
6588 2926
6588 6513
6588 6515
6938 979
6938 3909
6938 4403
6938 5057
6938 5625
6938 5766
6938 5925
6938 6507
6938 7684
6938 12501
6938 13363
7684 979
7684 3689
7684 4493
7684 5057
7684 5625
7684 7889
7684 8519
7684 12469
7684 13363
7889 308
7889 602
7889 979
7889 2640
7889 3689
7889 4403
7889 5057
7889 5925
7889 7684
7889 8519
7889 9905
7889 11870
7889 11871
7889 13361
7889 13363
8519 602
8519 1221
8519 2475
8519 3689
8519 5057
8519 5625
8519 5925
8519 6154
8519 7889
8519 11618
8519 12501
8519 13361
8519 13363
8519 13364
9115 13361
9200 3689
9200 4211
9200 4403
9200 5821
9200 13363
9257 7684
9257 12469
9536 979
9536 3246
9536 12329
9536 13361
9536 13364
9672 308
9672 13364
9895 4318
9905 2998
9905 5196
9905 5625
9905 7684
9905 7889
9905 9257
9905 12469
10040 308
10040 11618
10040 13361
10040 13363
10046 3689
10046 11618
10046 13368
10972 13361
11094 602
11094 2475
11094 7889
11094 8519
11618 3689
11618 10040
11618 10046
11618 13361
11618 13363
11618 13364
11868 308
11868 3689
11868 13363
11868 13364
11869 4403
11869 13363
11870 4403
11870 5625
11870 13363
11871 7889
12329 979
12329 4403
12329 9536
12329 13364
12469 7684
12469 9257
12501 979
12501 2475
12501 3909
12501 5625
12501 5925
12501 6154
12501 6938
12501 8519
12501 13364
12919 13362
12951 5925
12951 12953
12953 12951
13359 13363
13361 308
13361 979
13361 1875
13361 4211
13361 4764
13361 5066
13361 5625
13361 5821
13361 5925
13361 7889
13361 8519
13361 9115
13361 9536
13361 10972
13361 11618
13361 11868
13361 11870
13361 13363
13361 13364
13361 13365
13362 5925
13363 37
13363 592
13363 1875
13363 2332
13363 2640
13363 2809
13363 3246
13363 3348
13363 3635
13363 3689
13363 4211
13363 5057
13363 5066
13363 5625
13363 5821
13363 5925
13363 6154
13363 7684
13363 7889
13363 8519
13363 10040
13363 10046
13363 11618
13363 11868
13363 11870
13363 13361
13363 13364
13363 13365
13363 13366
13363 13367
13363 13590
13364 37
13364 308
13364 1875
13364 2332
13364 2475
13364 2640
13364 3635
13364 3689
13364 4211
13364 4403
13364 5057
13364 5066
13364 5821
13364 5925
13364 6154
13364 8519
13364 11618
13364 12329
13364 12501
13364 13361
13364 13363
13364 13365
13364 13366
13364 13590
13365 5821
13365 13364
13366 308
13366 5066
13366 13363
13366 13364
13367 37
13367 308
13367 2332
13367 3348
13367 3635
13367 3689
13367 4211
13367 5066
13367 5821
13367 6154
13367 13364
13367 13590
13368 5821
13368 10046
13368 10972
13368 13361
13368 13363
13590 308
13590 4211
13590 5821
13590 13363
13590 13364
13590 13367
