14541 14541 2040
40 2671
40 4410
40 5821
40 8056
40 9905
40 13365
40 13366
45 929
79 2998
107 1875
107 2640
107 2671
107 5057
107 7889
107 8519
107 11094
107 12501
110 8519
140 8519
166 8519
178 2332
178 2683
178 3689
178 6507
178 8519
178 10954
178 11094
178 13364
178 13367
184 979
184 2671
184 7889
184 8519
186 8519
187 979
187 2683
187 4862
187 5625
187 7900
188 2425
188 2671
188 2692
188 3227
188 4211
188 5057
188 5625
188 5821
188 6938
188 7889
188 8056
189 929
189 5057
189 5625
189 6938
189 8519
190 6352
196 979
196 2683
196 3348
196 3635
196 3689
196 7684
205 2425
205 2475
205 2671
205 2683
205 5057
205 5625
205 6938
205 7889
205 8519
205 10340
205 11094
206 2671
226 2671
226 5625
226 6938
226 8519
226 9255
226 11791
228 308
228 929
228 979
228 2385
228 2671
228 2683
228 3689
228 5057
228 6507
228 6938
228 8056
228 8519
228 9255
228 9257
228 9536
228 11317
228 11871
228 11872
228 13125
228 13364
228 13367
230 6938
233 8519
233 12329
316 2671
316 4211
316 5057
316 7889
316 7900
316 8056
316 8519
316 9200
316 9536
316 11094
316 11317
316 13363
316 13364
316 13366
316 13367
328 979
328 3689
328 5057
328 5625
328 6938
328 8519
337 8519
345 2998
345 3227
345 8519
354 423
354 929
354 979
354 1394
354 5057
354 5625
354 6938
354 9255
354 13367
364 8519
370 9905
370 10040
393 2683
393 5625
393 6938
393 13359
414 5625
418 8519
454 5625
476 8519
511 6507
532 8519
567 308
567 592
567 979
567 2332
567 2683
567 3227
567 3473
567 3689
567 5057
567 6154
567 6938
567 8056
567 8519
567 9536
567 11094
567 12501
567 13125
577 308
577 2475
577 2671
577 3348
577 8519
577 11870
608 979
608 2671
608 7889
617 5057
617 5625
647 5625
647 6938
649 2671
649 5625
654 5625
659 5196
674 8056
683 308
683 979
683 1221
683 1724
683 2671
683 2683
683 2809
683 2998
683 5057
683 5625
683 6938
683 8519
683 9115
683 11870
683 12329
683 13628
683 14427
690 5057
690 6507
690 6938
690 8056
690 13363
691 3227
691 5057
696 8519
696 13364
714 308
714 6486
714 9516
714 11872
729 929
801 5625
801 6938
824 308
824 929
824 2683
824 4211
824 5057
824 5625
824 6938
824 8056
824 8519
824 9255
827 979
827 4285
827 5625
845 2671
845 13364
845 13628
864 2683
864 4862
864 5625
881 5057
881 5625
881 6938
881 7684
881 9255
881 13628
914 979
914 4285
914 6938
920 979
920 2998
920 4862
920 5057
920 5625
920 6938
920 7684
920 11869
923 8519
959 8848
987 308
987 979
987 2671
987 2683
987 4862
987 5500
987 5625
987 6154
987 7889
987 8056
987 8368
987 8848
987 11317
987 11870
987 13364
988 5057
988 6938
988 8519
988 11791
988 13125
989 3689
989 5057
989 8056
989 13363
1009 5625
1009 6938
1009 13364
1033 308
1033 979
1033 2475
1033 5057
1033 5625
1033 6938
1033 8519
1033 10340
1033 11094
1033 12501
1162 2683
1162 3689
1163 2671
1163 7889
1202 979
1202 3689
1202 5625
1202 6938
1202 8519
1222 5625
1224 2683
1264 8519
1268 5057
1357 5057
1357 5625
1357 6938
1357 7684
1357 8519
1357 9255
1371 979
1371 2683
1371 5625
1386 308
1386 6588
1386 8056
1386 8519
1386 11872
1388 8519
1484 979
1484 2658
1484 2683
1579 2671
1579 5625
1582 13364
1648 308
1648 979
1648 2640
1648 2671
1648 3473
1648 5625
1648 6486
1648 6938
1648 8056
1648 8519
1648 11094
1648 11872
1662 1724
1686 6938
1686 7684
1712 12329
1736 6938
1739 6507
1739 6938
1739 13364
1776 3473
1776 8519
1776 13364
1777 2671
1777 8519
1781 2671
1781 6154
1781 13367
1838 2671
1838 4862
1843 2671
1846 2671
1850 5625
1868 9555
1881 308
1881 4493
1881 4494
1881 5057
1881 5625
1881 7684
1881 8056
1881 8390
1881 12469
1905 308
1905 5625
1905 8519
1905 13364
1911 929
1916 308
1916 8519
1917 4764
1917 6513
1917 6588
1917 8519
1917 9115
1917 13361
1926 2475
1926 5625
1926 6352
1926 6507
1926 8056
1929 6513
1941 5057
1941 6938
1941 7684
1949 8519
1953 6507
1954 237
1954 1221
1954 2332
1954 2671
1954 3689
1954 6352
1954 7889
1954 8056
1954 8519
1954 9536
1954 10972
1954 13363
1954 13364
1954 13628
1955 308
1955 6513
1955 6588
1955 9115
1955 13364
1964 5500
1964 6513
1964 9115
1964 9619
1970 8519
1983 3214
1983 3227
1983 9619
1985 2671
1985 8056
2002 5196
2002 6938
2002 7684
2015 979
2015 2683
2015 3369
2015 3689
2015 4764
2015 5057
2015 5625
2015 11317
2015 13364
2017 5196
2017 9905
2027 5057
2027 5625
2029 929
2029 7684
2032 5625
2032 6938
2032 12469
2040 9619
2043 3227
2043 9619
2050 2671
2051 2671
2051 7889
2052 8519
2054 2671
2054 5057
2054 5625
2054 6938
2054 9536
2093 2385
2093 2683
2093 3227
2093 4493
2093 5625
2093 9255
2094 2683
2094 5625
2096 979
2096 2475
2096 5057
2096 5625
2096 6938
2096 13125
2096 13364
2151 2671
2151 2683
2151 5625
2151 8519
2151 11094
2151 12501
2151 13125
2151 13364
2156 929
2156 2671
2156 5057
2156 6938
2156 8056
2156 8519
2156 9895
2156 11094
2156 11868
2156 11871
2156 13628
2163 2475
2163 2671
2163 6154
2163 7889
2163 8056
2163 8390
2163 8519
2163 11094
2163 11868
2163 13363
2164 3689
2164 8056
2164 13363
2178 5057
2178 5625
2178 6938
2194 308
2194 5625
2194 6507
2194 8519
2195 979
2195 2671
2195 5625
2221 1724
2221 6507
2221 8056
2221 8519
2221 9115
2221 11869
2221 13125
2223 2475
2223 5057
2223 5625
2223 6938
2228 8519
2230 8519
2269 5625
2269 13364
2275 5625
2275 6938
2326 2683
2326 5057
2326 5625
2326 6938
2326 9255
2339 2475
2339 3227
2339 6513
2339 6588
2339 8519
2339 9115
2339 10040
2344 308
2344 979
2344 2671
2344 7889
2344 8519
2344 9555
2350 9895
2372 6938
2372 9536
2386 979
2386 2385
2386 5925
2386 6154
2386 12501
2403 8519
2435 13367
2477 2671
2477 5057
2477 5625
2478 602
2478 5057
2478 5625
2478 8056
2478 8390
2478 8519
2478 11870
2478 13364
2492 3689
2500 2475
2500 5625
2500 8519
2500 9255
2500 13364
2501 8056
2605 979
2605 2671
2605 2683
2605 5625
2605 8519
2605 9905
2605 13361
2605 13364
2621 2640
2621 2658
2621 2671
2621 5625
2621 8519
2624 5625
2624 9255
2636 3689
2636 8056
2664 308
2664 2671
2664 2683
2664 13364
2670 5196
2688 8519
2689 308
2689 2671
2689 2683
2689 3689
2689 5625
2689 6154
2689 7889
2689 8519
2689 13364
2691 979
2691 2683
2691 3689
2691 5625
2691 8519
2699 2683
2699 5057
2699 5625
2703 308
2703 2671
2703 5625
2703 6154
2703 6352
2703 6507
2703 8519
2704 37
2704 3348
2704 3635
2704 3689
2704 4211
2704 6154
2704 8056
2704 8519
2704 9536
2704 13367
2704 14427
2707 308
2707 5057
2707 5625
2707 6938
2708 3689
2708 7684
2709 237
2709 13364
2710 3689
2710 11869
2711 5625
2712 308
2712 979
2712 2385
2712 2683
2712 3689
2712 4285
2712 5057
2712 5625
2712 6154
2712 6507
2712 8056
2712 8519
2712 9115
2712 11094
2714 2683
2714 3689
2716 3348
2716 6938
2720 979
2720 1724
2720 2475
2720 2683
2720 3348
2720 11870
2720 13359
2720 14427
2722 979
2722 2385
2722 2475
2722 4494
2722 5057
2722 5625
2722 6938
2722 8056
2722 8519
2722 13367
2722 14427
2724 979
2724 2683
2724 3227
2724 3689
2724 4285
2724 5057
2724 5625
2724 6938
2724 8519
2724 11094
2724 11869
2724 13367
2727 2671
2727 5625
2727 8056
2727 8519
2727 13364
2728 308
2728 2671
2728 5625
2728 8056
2728 8519
2728 8848
2728 13364
2729 4862
2729 5057
2729 8519
2729 11317
2729 13364
2729 13366
2730 979
2730 5057
2730 5625
2730 6486
2731 2671
2731 2998
2731 4764
2731 5625
2731 6507
2731 6513
2731 6938
2731 7889
2731 8056
2731 8519
2731 11868
2731 11870
2731 13364
2732 2385
2732 2671
2732 2683
2732 3689
2732 5057
2732 5625
2732 6938
2732 7889
2732 11791
2734 979
2734 3227
2734 4862
2734 5057
2734 5625
2734 6419
2734 6507
2734 6938
2735 308
2735 2671
2735 2683
2735 5625
2735 8519
2735 12501
2735 13364
2738 3227
2739 5625
2741 308
2741 2475
2741 6507
2741 12501
2743 8519
2745 5057
2745 5625
2746 29
2746 2671
2746 5500
2746 8519
2746 13364
2747 2671
2747 2683
2747 3689
2747 5625
2747 8056
2747 8519
2751 8056
2752 8519
2755 5057
2755 5625
2757 2671
2766 5057
2766 5625
2766 6507
2766 6938
2766 8519
2771 2671
2771 3689
2771 5625
2785 8519
2790 5625
2798 2671
2798 2683
2800 979
2800 2671
2800 2683
2800 5625
2800 7889
2805 2671
2805 8519
2805 13364
2811 8519
2817 2671
2817 2683
2817 13364
2820 5625
2824 308
2824 2671
2824 3473
2824 6154
2824 7889
2824 8519
2824 11094
2825 13367
2826 2671
2827 308
2827 979
2827 2640
2827 3689
2827 5057
2827 6938
2827 8519
2827 13364
2829 979
2829 3227
2829 3689
2829 4862
2829 5625
2829 6938
2832 929
2832 979
2832 2683
2832 5057
2832 5196
2832 6588
2832 6938
2832 8519
2833 308
2833 8519
2834 308
2834 2640
2834 2671
2834 2683
2834 5625
2834 6938
2834 8519
2835 8056
2835 13363
2836 2475
2836 2640
2836 2671
2836 2683
2836 3473
2836 3689
2836 8056
2836 8519
2836 11094
2836 13363
2836 13364
2848 2926
2850 2671
2850 8519
2859 3689
2859 8056
2859 9536
2859 13363
2859 13367
2859 13628
2861 2671
2861 7889
2862 308
2862 2475
2862 8519
2863 5625
2864 2475
2864 2671
2864 7889
2864 8519
2864 13364
2868 423
2868 979
2868 2671
2868 2683
2868 5625
2868 6938
2868 7889
2868 8056
2868 8519
2868 9905
2868 11869
2868 13363
2885 308
2885 2475
2885 2671
2885 3689
2885 5821
2885 6154
2885 6507
2885 7889
2885 8519
2885 9536
2885 11870
2889 2671
2889 3689
2889 4211
2889 5625
2889 6507
2889 7889
2889 8056
2892 4764
2892 5057
2892 5625
2892 6154
2892 6507
2892 6938
2892 8519
2892 9115
2895 6507
2895 9895
2905 29
2905 592
2905 602
2905 979
2905 2475
2905 2683
2905 5057
2905 5625
2905 6938
2905 8056
2905 8519
2905 10972
2905 11094
2905 11868
2905 11871
2905 12329
2906 979
2906 3689
2912 5057
2912 5625
2912 9255
2913 6938
2914 2671
2914 5625
2914 13364
2915 979
2915 2671
2915 3689
2915 5057
2915 5625
2915 6938
2915 8519
2916 979
2916 2671
2916 5625
2916 6154
2916 6938
2916 7684
2916 8519
2918 979
2918 2683
2918 5500
2920 5057
2920 5625
2920 6938
2920 9255
2920 13364
2923 29
2923 979
2923 2671
2923 2683
2923 4318
2923 5057
2923 5625
2923 6507
2923 6938
2923 7877
2923 7889
2923 8056
2923 8519
2923 9255
2923 9536
2923 13363
2923 13364
2927 237
2927 3246
2927 3689
2927 5057
2927 8390
2927 8519
2927 12329
2934 9257
2935 308
2935 2671
2935 7889
2935 11094
2935 13367
2941 2671
2941 7889
2941 8519
2941 13364
2955 2671
2955 8519
2958 8848
3016 2671
3016 7889
3016 8056
3016 13363
3016 13364
3019 9905
3053 2671
3053 8519
3053 8848
3053 11872
3056 5057
3056 5625
3056 11094
3077 929
3077 6938
3120 4211
3120 5057
3120 5625
3120 8519
3201 3689
3268 308
3268 13364
3334 3689
3335 4403
3335 8056
3359 979
3359 2332
3359 2475
3359 2671
3359 2683
3359 3227
3359 3348
3359 3689
3359 4862
3359 5057
3359 5625
3359 5821
3359 6507
3359 6938
3359 7684
3359 8056
3359 8519
3359 9255
3359 9536
3359 11869
3359 13361
3359 13364
3359 13366
3372 979
3372 2683
3372 2998
3372 3689
3372 4123
3372 4403
3372 5625
3372 8519
3372 13363
3372 13364
3393 6419
3393 11317
3412 2671
3412 3214
3412 3689
3412 7889
3412 8056
3412 8519
3412 13363
3448 2683
3448 4285
3448 8519
3485 5057
3485 5625
3555 5057
3555 5625
3555 8519
3626 8056
3626 13363
3676 8519
3719 2671
3719 5057
3740 2683
3763 8056
3778 8848
3865 979
3865 2683
3865 3689
3865 4403
3865 8056
3865 8519
3865 9257
3888 6938
3901 2475
3901 8519
3903 308
3903 2671
3903 3227
3903 3689
3903 6486
3903 7889
3903 8519
3903 11094
3903 11871
3903 13364
4001 9905
4018 6938
4018 8519
4082 2671
4082 3689
4082 7889
4082 8519
4092 5057
4092 5625
4094 5625
4157 8519
4182 8519
4183 5196
4183 9516
4183 9905
4203 308
4203 2671
4203 7889
4203 13364
4275 5057
4275 5625
4275 6938
4275 7684
4292 2683
4292 5625
4292 13364
4307 2640
4307 8056
4307 13364
4431 2658
4431 2683
4431 4285
4431 5625
4431 12469
4448 308
4476 2671
4476 8519
4476 13364
4554 2671
4554 7889
4557 5625
4655 4764
4655 6515
4655 6588
4655 9115
4661 2683
4661 3689
4661 4211
4661 8056
4661 13364
4689 5625
4689 8519
4714 308
4714 2475
4714 8519
4714 12329
4714 13364
4739 8519
4781 2425
4781 5625
4783 979
4800 3689
4871 3689
4876 1875
4876 3227
4876 5197
4876 5500
4876 9619
4892 979
4892 3227
4892 5057
4892 5625
4892 13125
4896 308
4896 979
4896 2671
4896 2683
4896 5625
4896 7889
4896 8056
4896 13363
4909 3227
4909 5057
4909 5625
4909 7684
4914 7684
4936 8519
4939 979
4939 2671
4939 7889
4939 8519
4975 2671
4975 8519
5023 2671
5023 5821
5023 7889
5023 8519
5039 37
5039 2475
5039 2671
5039 2683
5039 3473
5039 3689
5039 5057
5039 5625
5039 6938
5039 7889
5039 8056
5039 8519
5039 13363
5039 13364
5062 2640
5062 13361
5171 308
5171 5057
5171 5625
5171 5821
5171 6938
5171 7684
5171 9536
5171 12329
5203 9905
5228 5625
5228 8056
5228 8519
5228 9536
5295 2671
5295 8519
5295 13628
5338 2683
5338 3689
5338 6938
5381 979
5381 2658
5381 2683
5396 2683
5396 3348
5396 5625
5396 11872
5403 8519
5426 2671
5426 5625
5426 7889
5442 2671
5542 308
5542 592
5542 979
5542 1724
5542 2475
5542 2640
5542 2671
5542 5057
5542 5625
5542 6154
5542 6938
5542 7889
5542 8056
5542 8519
5542 11871
5542 11872
5542 12501
5542 13364
5542 13367
5542 13590
5563 3227
5563 5500
5563 6513
5563 9115
5570 2671
5570 6154
5570 7889
5570 13364
5773 929
5773 979
5773 1394
5773 2683
5773 5057
5773 6938
5773 7684
5846 9905
5920 979
5920 5057
5920 6938
5920 9255
5920 12469
5920 13367
5945 5625
5951 308
5951 929
5951 979
5951 1394
5951 3473
5951 3689
5951 4318
5951 5057
5951 6154
5951 6938
5951 8056
5951 8519
5951 9255
5951 12329
5951 13367
5965 6938
5965 7684
6014 5057
6014 5625
6050 5625
6050 8056
6059 979
6059 5057
6059 5625
6064 8519
6067 8519
6067 11872
6070 3689
6070 8519
6072 2671
6072 3689
6072 5625
6075 2683
6075 3689
6075 8519
6075 13364
6078 2671
6078 2683
6078 3689
6078 7889
6147 5625
6174 2671
6174 4862
6174 5057
6174 5625
6174 6486
6174 7900
6174 8056
6174 8519
6174 11317
6174 12501
6174 13361
6174 13364
6174 13366
6181 5625
6181 6938
6182 308
6182 602
6182 929
6182 2640
6182 3689
6182 4211
6182 4285
6182 5057
6182 6938
6182 8056
6182 8519
6182 9536
6182 11869
6182 12501
6182 13367
6183 8519
6220 4211
6220 8056
6225 2671
6225 5625
6225 7889
6225 13364
6226 979
6226 2475
6226 3689
6226 5057
6226 5625
6226 6154
6226 6938
6226 7684
6226 8519
6226 13367
6226 14427
6262 1394
6262 2671
6262 5057
6262 5625
6262 6938
6262 7889
6262 8848
6262 10340
6262 11094
6292 2671
6292 4862
6292 5057
6292 9255
6397 929
6397 2683
6397 5625
6397 6938
6476 2671
6516 5625
6558 308
6558 602
6558 929
6558 979
6558 2671
6558 2998
6558 4285
6558 4403
6558 5057
6558 5821
6558 6486
6558 7684
6558 7877
6558 8056
6558 8519
6558 9516
6558 11094
6558 11869
6558 11870
6558 11871
6558 12329
6558 13363
6558 13364
6558 13628
6595 2425
6595 2671
6595 8519
6671 2683
6671 3689
6704 5057
6704 5625
6704 6938
6712 9619
6719 3689
6719 8056
6817 308
6817 2475
6817 8519
6817 13364
6855 2385
6855 5625
6964 2222
6964 3689
6964 4403
6964 5821
6964 8056
6964 9200
6964 9536
6964 11869
6964 13363
7017 6938
7063 308
7063 2671
7063 5057
7063 5625
7063 6938
7063 7889
7063 8056
7063 8368
7063 8519
7063 13363
7094 979
7094 2671
7094 3689
7094 8519
7097 2671
7097 13364
7144 979
7144 3689
7144 5057
7144 5625
7170 3689
7170 8056
7170 13363
7256 5625
7271 37
7271 2332
7271 3689
7275 308
7275 929
7275 979
7275 2671
7275 2683
7275 3689
7275 4862
7275 5057
7275 5625
7275 6154
7275 6938
7275 7684
7275 7889
7275 8056
7275 8519
7275 8848
7275 9255
7275 11791
7275 11869
7275 11870
7275 11871
7275 11872
7275 12501
7275 13628
7324 5625
7324 6938
7339 8519
7493 308
7493 2425
7493 2475
7493 2640
7493 5625
7493 6154
7493 8519
7493 12501
7493 13364
7548 37
7548 3689
7548 5057
7548 5625
7548 6938
7548 7684
7548 8056
7579 2671
7579 3689
7579 5625
7579 6507
7579 7684
7579 7889
7589 3214
7589 9619
7690 308
7690 2671
7690 5625
7690 6486
7690 8056
7690 8519
7690 12501
7690 13363
7690 13364
7759 9115
7858 6486
7858 8519
7885 37
7885 308
7885 929
7885 979
7885 2425
7885 2658
7885 2671
7885 2683
7885 3689
7885 5057
7885 5625
7885 5821
7885 6154
7885 6352
7885 6938
7885 7684
7885 7889
7885 8056
7885 8519
7885 8848
7885 9536
7885 11317
7885 11869
7885 11870
7885 11871
7885 13363
7885 13364
7885 13366
7885 13590
7885 13628
7965 308
7965 2671
7965 8519
7965 13364
7965 13628
7967 5197
7967 8519
8013 929
8013 4494
8013 5057
8013 5196
8013 5625
8013 6352
8013 7684
8013 9255
8013 9516
8188 5057
8422 2671
8422 2998
8422 5625
8422 8519
8422 8848
8501 308
8501 979
8501 2671
8501 2683
8501 3689
8501 5625
8501 5821
8501 6154
8501 6507
8501 8056
8501 8519
8501 9115
8501 9200
8501 9536
8501 11094
8501 11868
8501 11870
8501 11871
8501 13363
8501 13628
8648 2671
8648 8519
8648 8848
8779 308
8779 8519
8779 13368
8838 2671
8838 7889
8903 2671
8903 3689
8903 5625
8903 7889
8903 8519
8922 2671
8989 3227
8989 5057
8997 979
8997 2658
8997 3348
8997 4285
8997 8056
8997 9536
9035 308
9035 2640
9035 2671
9035 7889
9035 8519
9035 8848
9035 11094
9035 11869
9035 13364
9035 13366
9133 2671
9133 2926
9133 3246
9133 3689
9133 7889
9133 8519
9185 2683
9185 5625
9185 6154
9185 8056
9185 10340
9185 13628
9269 8519
9276 308
9276 979
9276 3689
9276 5057
9276 5625
9276 6938
9276 8056
9276 8519
9276 9255
9276 13363
9429 2998
9458 308
9458 979
9458 2475
9458 2671
9458 5625
9458 6154
9458 6352
9458 6486
9458 7889
9458 8519
9458 8848
9458 11094
9458 11872
9458 13361
9458 13364
9458 13366
9458 13367
9503 979
9503 1221
9503 2683
9503 3348
9503 4285
9503 5057
9503 5625
9503 6938
9503 8056
9503 9536
9503 12469
9503 13367
9605 3689
9746 2671
9746 3227
9746 5197
9746 5500
9746 7889
9746 9619
9746 13364
9759 2475
9759 6486
9759 8519
9759 12501
9759 13364
9775 8519
9931 2926
9988 929
9988 979
9988 2671
9988 2683
9988 4493
9988 4494
9988 5057
9988 5625
9988 5821
9988 6938
9988 7684
9988 7889
9988 8056
9988 9257
9988 9895
9988 11791
9988 11870
9988 11871
9988 12469
9988 12501
9988 13364
10096 5057
10111 2683
10111 6352
10111 8056
10111 8519
10111 9536
10111 11317
10111 13364
10111 13367
10309 9536
10318 2671
10318 5625
10318 8056
10346 8056
10346 13367
10464 2671
10464 3689
10464 5625
10464 8056
10493 2475
10493 2671
10493 2926
10493 3227
10493 3473
10493 8056
10493 8848
10493 11094
10493 12501
10493 13364
10493 13367
10549 3689
10584 308
10584 8519
10584 9255
10584 9672
10584 13125
10601 979
10601 5057
10601 6938
10601 13364
10615 5057
10640 3689
10640 6507
10640 7642
10640 8056
10640 10972
10796 2425
10796 2671
10796 2683
10796 5057
10796 6938
10796 8056
10796 8519
10858 308
10858 3473
10858 6154
10858 6486
10858 8056
10858 8519
10858 13364
10858 13628
10885 3227
10909 4494
10909 12469
10926 5625
10928 5057
10928 5625
10928 9255
11063 6486
11063 8519
11250 4862
11250 5625
11250 7900
11250 9672
11353 8519
11513 2671
11514 11871
11690 979
11690 5057
11690 5625
11690 6938
11738 3689
11765 2671
11765 7889
11859 979
11859 2683
11859 3689
11914 237
11914 2671
11914 4862
11914 7889
11914 11317
11914 13364
11916 4764
11916 5821
11916 6588
11916 9115
11916 13361
11996 4764
11996 6513
11996 9115
12083 308
12083 2671
12083 2683
12083 3689
12083 8519
12083 11317
12083 13361
12083 13364
12145 3689
12145 8056
12145 13363
12150 979
12150 5057
12151 2475
12151 2671
12151 3689
12151 5625
12151 7889
12152 2475
12152 2671
12152 4862
12152 7889
12152 11094
12152 11869
12165 308
12165 5625
12165 12501
12165 13361
12236 2671
12236 7889
12236 8519
12390 2475
12390 8519
12431 979
12431 2385
12431 2671
12431 2683
12431 5057
12431 5625
12431 6507
12431 6938
12431 8056
12431 8519
12440 2671
12440 5057
12440 6507
12470 929
12502 5057
12502 5625
12581 308
12581 12501
12581 13361
12609 2683
12609 8519
12609 14427
12763 8519
12917 13367
12944 308
12944 929
12944 1724
12944 2671
12944 5057
12944 5625
12944 6938
12944 7889
12944 8519
12944 13125
12944 13367
13005 5057
13005 5625
13005 9255
13157 4493
13157 5057
13157 5625
13157 6938
13211 6154
13211 6486
13211 8519
13265 1244
13282 8519
13283 2671
13283 13628
13333 8519
13343 5625
13355 308
13355 592
13355 2475
13355 2671
13355 2683
13355 5821
13355 6507
13355 8519
13355 8848
13358 308
13358 2385
13358 2671
13358 2683
13358 3473
13358 5057
13358 5625
13358 6938
13358 8056
13358 8519
13358 11870
13358 13361
13358 13364
13442 979
13442 2683
13442 5625
13446 2671
13446 5625
13446 6938
13446 8519
13459 8519
13459 11872
13460 2385
13460 2671
13460 5057
13460 6507
13460 6938
13460 8519
13490 2926
13490 4764
13490 6486
13490 7877
13490 8519
13490 9115
13490 9619
13490 11872
13508 308
13508 979
13508 2671
13508 2683
13508 2998
13508 4494
13508 4862
13508 5057
13508 5625
13508 5821
13508 6154
13508 6938
13508 8056
13508 8519
13508 11094
13508 13364
13535 5625
13535 6507
13535 6938
13535 8519
13580 308
13580 979
13580 5057
13580 5625
13580 6938
13580 8519
13580 11791
13580 13364
13937 37
13937 308
13937 2475
13937 2671
13937 8519
13937 13364
13937 13590
13944 979
13944 4493
13944 5057
13944 7684
13944 8848
13944 9905
13944 12469
13948 308
13948 8519
13970 929
13988 8519
14002 2671
14002 7889
14002 8519
14003 13125
14006 5625
14006 6938
14006 9255
14006 9536
14010 6507
14023 2671
14023 7889
14023 8519
14023 11094
14100 2683
14100 3227
14100 5057
14100 6938
14100 9257
14104 2671
14104 5057
14382 5057
14382 5625
14382 6938
14382 11791
14418 979
14418 2683
14418 3689
14418 5625
14530 3227
14530 5057
14530 5625
