14541 14541 6445
50 4953
50 10678
52 4953
52 10678
57 4953
57 10678
57 10717
57 11337
62 4953
62 10678
62 10717
62 11337
63 4007
63 10678
63 10717
64 3011
64 3230
64 3580
64 4007
64 4953
64 5359
64 10118
64 10119
64 10678
64 10717
64 11337
65 2290
65 4007
65 11881
66 2290
66 5359
66 10118
66 10678
66 10717
66 11337
66 11881
67 4953
67 10717
67 11881
69 2290
69 5174
69 10717
69 11337
71 3230
71 4953
71 10678
71 10717
71 11337
72 4953
72 5359
72 10678
72 10717
72 11337
73 10678
73 10717
73 11337
74 4953
74 11881
94 2290
94 10717
94 11881
102 4977
102 10678
102 10717
112 2290
112 2774
112 4953
112 5359
112 10678
112 10717
112 11337
112 11881
141 10678
141 10717
146 11337
156 2290
156 2774
156 4953
156 10302
156 10678
156 10717
156 11337
156 11881
287 4953
287 5359
287 10678
287 10717
287 11337
287 11881
347 490
347 4953
347 10678
347 10717
347 11881
378 10717
379 490
379 2774
379 3011
379 3580
379 4007
379 4953
379 5616
379 7635
379 10678
379 10717
379 11337
379 11560
379 11881
388 2290
388 2774
388 4953
388 4977
388 10678
388 10717
388 11337
388 11881
409 490
409 10717
409 11337
409 11881
549 10717
549 11881
554 4953
559 4953
572 2290
572 10678
572 10717
572 11337
572 11881
585 4953
585 5174
585 7635
585 10678
585 10717
585 11337
585 11881
613 5174
613 10717
632 2774
632 3230
632 3580
632 4007
632 4953
632 4977
632 5359
632 6083
632 10118
632 10678
632 10717
632 11337
632 11560
632 11881
679 10678
679 11337
738 11337
747 10678
747 11337
752 10717
752 11337
752 11881
755 10717
755 11337
755 11881
756 10678
756 10717
756 11337
756 11881
759 4953
759 10678
759 10717
759 11337
760 5174
760 7635
760 10678
760 10717
760 11337
761 4953
761 5359
761 10118
761 10678
761 10717
761 11337
774 2290
774 2774
774 4953
774 4977
774 10678
774 11337
774 11881
817 10678
817 10717
817 11337
829 4953
829 4977
829 5359
829 10717
830 4953
830 4977
830 5359
830 10717
830 11337
839 4953
839 4977
839 5359
839 10678
839 10717
839 11337
852 2290
852 10717
852 11337
873 10678
873 11337
892 10678
1011 9163
1011 13360
1025 2290
1025 10678
1025 10717
1025 11337
1035 2290
1035 11881
1098 4953
1098 5359
1098 10678
1098 10717
1098 11337
1098 11881
1110 2290
1110 4953
1110 5359
1110 10678
1110 10717
1110 11337
1110 11881
1147 4007
1147 11337
1168 10678
1168 10717
1168 11337
1168 11881
1197 4953
1197 5174
1197 7635
1197 10678
1197 10717
1197 11337
1197 11881
1211 10717
1216 4953
1216 10678
1216 10717
1216 11337
1226 4953
1226 10678
1226 10717
1226 11337
1242 2290
1242 2774
1293 4953
1293 10678
1293 10717
1293 11337
1308 4953
1308 5359
1308 10678
1308 10717
1308 11337
1319 4953
1319 5359
1319 10678
1319 11337
1338 2774
1338 4953
1338 4977
1338 5174
1338 10678
1338 10717
1338 11337
1338 11881
1341 3580
1341 4007
1341 4953
1341 10717
1348 10717
1348 11337
1348 11881
1350 2774
1409 10678
1409 10717
1450 2290
1450 4953
1450 5174
1450 7635
1450 10678
1450 10717
1450 11337
1450 11881
1454 2774
1454 4953
1454 5359
1454 10678
1454 10717
1454 11337
1456 4953
1456 10678
1461 2774
1461 4953
1462 2774
1462 10717
1462 11881
1463 4953
1463 10678
1482 2290
1482 10717
1482 11337
1497 2774
1497 4953
1497 10678
1497 10717
1497 11337
1531 10119
1533 2290
1533 11337
1574 11337
1585 2774
1585 3011
1585 3230
1585 4007
1585 4953
1585 10119
1585 10717
1585 11337
1585 11881
1597 4953
1597 10118
1597 10678
1597 10717
1597 11337
1647 374
1647 2290
1647 2774
1647 3011
1647 4953
1647 4977
1647 5359
1647 10118
1647 10119
1647 10678
1647 10717
1647 11337
1647 11560
1647 11881
1655 4953
1655 10717
1655 11337
1666 2290
1666 2774
1666 4953
1666 5359
1666 10678
1666 10717
1666 11337
1666 11881
1704 10678
1704 11337
1707 4953
1708 4953
1708 4977
1708 10678
1708 10717
1708 11337
1708 11881
1709 2290
1709 2774
1709 4953
1709 5359
1709 10678
1709 10717
1709 11337
1709 11881
1715 4953
1715 10717
1715 11881
1716 490
1716 2290
1716 2774
1716 4953
1741 4953
1741 10678
1741 10717
1741 11337
1741 11881
1755 2774
1755 4953
1755 5359
1755 10118
1755 10678
1755 10717
1755 11337
1755 11881
1780 2290
1780 2774
1780 4953
1780 10717
1780 11337
1780 11881
1788 4953
1788 5359
1788 10678
1788 10717
1788 11337
1790 4953
1790 5359
1790 10678
1790 11337
1790 11881
1804 5359
1825 2290
1834 2290
1834 10678
1834 11337
1835 2290
1835 4953
1835 10678
1835 10717
1835 11337
1837 2290
1837 4953
1837 10678
1837 10717
1837 11337
1853 2290
1853 10717
1853 11337
1885 374
1885 2290
1885 2774
1885 4953
1885 4977
1885 10678
1885 10717
1885 11337
1885 11881
1943 4953
1943 10717
1943 11337
1973 490
1973 2774
1973 4953
1973 10678
1973 10717
1973 11337
1973 11881
2003 4953
2003 4977
2003 5359
2003 10678
2003 10717
2003 11337
2028 10717
2066 4953
2066 10717
2108 4953
2108 10678
2108 11881
2168 10678
2200 10717
2250 5174
2250 7635
2250 10678
2250 10717
2250 11337
2257 2290
2257 4953
2257 10678
2257 11337
2305 2290
2305 4953
2305 4977
2305 10678
2305 11881
2328 2290
2328 2774
2328 4953
2328 10678
2328 10717
2328 11337
2328 11881
2329 490
2329 2774
2329 4953
2329 10678
2329 10717
2329 11337
2329 11881
2340 2290
2340 4953
2340 5616
2340 10678
2340 10717
2340 11337
2340 11881
2374 10678
2374 10717
2374 11337
2374 11881
2377 2290
2377 2774
2377 4953
2377 10678
2377 10717
2377 11337
2377 11881
2382 2290
2382 11337
2407 2290
2407 10678
2407 10717
2407 11337
2462 4953
2462 10678
2462 11881
2467 2290
2467 4953
2467 10678
2467 10717
2467 11337
2467 11881
2481 2290
2481 2774
2481 7635
2481 10678
2481 10717
2481 11337
2481 11881
2493 2774
2493 4953
2493 4977
2493 10678
2493 10717
2493 11337
2493 11881
2498 10717
2498 11881
2503 2774
2503 4953
2515 2290
2515 4953
2515 5359
2515 10118
2515 10717
2515 11337
2534 10717
2534 11337
2539 3230
2539 4007
2539 4953
2539 5415
2539 5616
2539 10119
2539 10678
2539 10717
2539 11337
2539 11560
2539 11881
2546 4953
2546 10678
2546 10717
2546 11337
2546 11881
2641 4953
2641 5359
2641 10678
2641 10717
2641 11337
2641 11881
2673 2290
2673 10678
2673 10717
2673 11337
2673 11881
2684 4953
2684 10678
2684 11337
2767 2290
2767 5359
2767 7635
2767 10717
2767 11337
2767 11881
2828 3230
2828 4007
2828 4953
2828 10678
2828 10717
2970 490
2970 2290
2970 2774
2970 4953
2978 490
2978 5616
2978 10119
2996 4953
3007 3230
3007 4007
3007 4953
3007 5359
3007 10118
3007 10678
3007 10717
3007 11337
3040 2774
3040 4953
3040 4977
3040 10678
3040 10717
3040 11337
3040 11881
3043 4953
3043 10678
3043 10717
3043 11337
3043 11560
3043 11881
3105 2774
3105 4953
3105 10678
3105 10717
3105 11337
3105 11881
3187 2290
3188 10717
3188 11337
3192 4953
3192 5174
3192 10678
3192 10717
3192 11337
3196 2290
3196 2774
3196 4953
3196 5359
3196 10118
3196 10678
3196 10717
3196 11337
3196 11881
3218 2290
3218 4953
3218 10678
3218 10717
3218 11337
3218 11881
3276 2290
3276 7635
3276 10678
3276 10717
3276 11337
3276 11881
3337 4953
3337 10717
3337 11337
3340 2290
3340 10678
3340 10717
3340 11337
3354 2290
3354 4953
3354 10678
3354 10717
3355 10678
3355 10717
3355 11337
3378 4953
3378 10717
3378 11337
3378 11881
3391 490
3391 2290
3391 2774
3391 4953
3391 10678
3392 490
3392 2774
3392 4007
3392 4953
3392 5415
3392 10119
3392 11560
3392 11881
3420 490
3420 2290
3420 2774
3420 3011
3420 4953
3420 4977
3420 5359
3420 8548
3420 10678
3420 10717
3420 11337
3420 11881
3421 2290
3421 2774
3421 4953
3421 5174
3421 10678
3421 10717
3421 11337
3421 11881
3422 10717
3422 11337
3423 2774
3423 4953
3423 4977
3423 10678
3423 10717
3423 11337
3423 11881
3494 2774
3494 4953
3494 5359
3494 10678
3494 10717
3494 11337
3494 11881
3506 3011
3506 3230
3506 4007
3506 10678
3506 10717
3506 11337
3506 11881
3539 2774
3539 5174
3539 10118
3539 10717
3562 2290
3562 4953
3562 10678
3562 10717
3562 11337
3562 11881
3602 2290
3602 7635
3602 10717
3628 2290
3628 2774
3628 4953
3628 5359
3628 10118
3628 10678
3628 10717
3628 11337
3639 2290
3641 490
3641 2290
3641 2774
3641 4953
3641 10678
3641 10717
3641 11337
3641 11881
3651 490
3651 2774
3651 4953
3651 4977
3651 10678
3651 10717
3651 11337
3651 11881
3657 3230
3657 4007
3657 4953
3657 10678
3657 11337
3672 2290
3672 10717
3674 490
3674 2774
3674 3011
3674 3217
3674 4953
3674 10678
3674 10717
3674 11337
3674 11881
3679 2290
3679 2774
3679 4953
3679 4977
3679 10302
3679 10678
3679 10717
3679 11337
3699 2290
3699 2774
3699 4953
3699 10678
3699 10717
3699 11337
3699 11881
3713 4953
3713 10678
3713 10717
3713 11337
3713 11881
3714 490
3714 2774
3714 3011
3714 3230
3714 4007
3714 4953
3714 4977
3714 5616
3714 10119
3714 10678
3714 10717
3714 11337
3714 11560
3714 11881
3715 2774
3715 3011
3715 4007
3715 4953
3715 5616
3715 7635
3715 10678
3715 10717
3715 11337
3715 11560
3715 11881
3716 4953
3716 10678
3716 10717
3716 11337
3758 2290
3758 11337
3774 2290
3774 2774
3774 4953
3774 4977
3774 10678
3774 10717
3774 11337
3783 490
3783 2774
3783 4007
3783 5616
3783 10119
3783 11560
3796 2290
3796 2774
3796 3230
3796 4007
3796 10118
3796 10119
3796 10678
3796 10717
3796 11337
3796 11370
3796 11560
3797 10717
3797 11337
3806 3011
3806 3230
3806 4007
3806 4953
3806 10119
3806 10678
3806 10717
3806 11337
3806 11560
3816 4953
3816 10678
3816 10717
3816 11337
3822 490
3822 2774
3822 4953
3829 2290
3829 2774
3829 4953
3829 5359
3829 10678
3829 10717
3829 11337
3829 11881
3841 10717
3849 4953
3849 10678
3849 10717
3849 11337
3849 11881
3850 10678
3857 2774
3857 4953
3857 10717
3857 11337
3858 10678
3858 10717
3858 11337
3871 2290
3871 10717
3871 11337
3872 2774
3872 4953
3872 10678
3872 10717
3872 11337
3872 11881
3880 10118
3880 10717
3880 11881
3883 2290
3883 2774
3883 4953
3883 5359
3883 7635
3883 10678
3883 10717
3883 11337
3883 11881
3892 2290
3892 2774
3892 3230
3892 3580
3892 4007
3892 4953
3892 10119
3892 10678
3892 10717
3892 11337
3915 490
3915 2290
3915 2774
3915 3011
3915 3137
3915 3230
3915 3580
3915 4953
3915 5174
3915 5359
3915 5616
3915 10717
3915 11337
3915 11560
3915 11881
3918 10678
3918 11337
3926 2774
3926 4953
3926 4977
3926 10678
3926 10717
3926 11337
3926 11881
3928 10717
3964 2290
3964 4953
3964 10678
3964 10717
3964 11337
3964 11881
3966 3230
3966 4007
3966 11337
3972 4953
3972 10678
3972 10717
3972 11337
3991 4953
3992 2290
3992 2774
3992 4953
3992 10678
3992 10717
3992 11337
3992 11881
4016 2774
4016 4953
4016 10678
4016 10717
4016 11337
4073 2290
4073 2774
4073 4953
4073 4977
4073 5359
4073 10678
4073 10717
4073 11337
4073 11881
4074 10678
4074 10717
4074 11337
4074 11881
4090 4953
4090 10678
4090 11337
4097 4953
4097 10678
4097 10717
4097 11337
4114 2290
4114 4953
4114 10717
4114 11337
4115 4953
4115 11881
4129 2290
4129 4953
4129 10717
4129 11337
4129 11881
4130 2290
4130 10717
4130 11337
4141 2290
4141 10678
4141 10717
4141 11337
4141 11881
4142 4953
4142 5359
4142 10678
4142 10717
4142 11337
4154 10678
4154 10717
4154 11337
4174 2290
4174 2774
4174 4953
4174 11337
4186 2290
4186 3011
4186 4953
4186 5359
4186 10118
4186 10678
4186 10717
4186 11337
4186 11881
4190 4953
4190 10118
4190 10678
4190 11337
4190 11881
4192 2290
4192 11337
4193 2290
4193 5174
4193 11337
4212 2290
4212 2774
4212 3011
4212 9163
4212 10717
4212 11337
4212 11881
4215 374
4215 2290
4215 2774
4215 4953
4215 5359
4215 10302
4215 10678
4215 10717
4215 11881
4222 11881
4233 2774
4233 4953
4233 10717
4233 11337
4267 490
4267 2290
4267 2774
4267 4953
4267 5359
4267 10678
4267 10717
4267 11337
4279 2290
4279 2774
4279 4953
4279 5359
4279 7635
4279 8548
4279 10678
4279 10717
4279 11337
4279 11881
4286 10717
4286 11337
4359 2290
4359 10678
4359 10717
4359 11337
4359 11881
4388 2290
4388 3011
4388 3230
4388 4953
4388 5616
4388 10678
4388 10717
4388 11337
4414 5174
4414 10678
4414 10717
4414 11337
4424 3580
4424 4953
4424 11337
4437 2290
4437 10717
4453 4953
4453 10717
4453 11337
4477 4953
4477 10678
4477 10717
4477 11337
4512 4953
4512 4977
4512 5359
4512 10678
4512 10717
4512 11337
4512 11370
4583 490
4583 2774
4583 4953
4583 11881
4586 10678
4586 11337
4647 490
4647 2774
4647 4953
4647 4977
4647 10678
4647 10717
4647 11337
4647 11881
4651 2774
4651 3230
4651 3580
4651 4007
4651 4953
4651 5359
4651 10118
4651 10119
4651 10678
4651 10717
4651 11337
4651 11560
4657 4953
4657 10678
4657 10717
4657 11337
4657 11881
4674 4007
4674 11337
4680 5359
4680 10717
4680 11337
4680 11881
4695 10118
4695 10678
4695 10717
4695 11337
4697 2290
4697 3011
4697 4953
4697 10678
4697 10717
4697 11337
4697 11881
4701 2290
4701 2774
4701 4953
4701 4977
4701 5359
4701 10678
4701 10717
4701 11337
4701 11881
4749 4953
4749 5359
4749 10678
4749 10717
4749 11337
4749 11881
4750 2774
4750 4953
4750 5359
4750 10678
4750 10717
4750 11337
4750 11881
4751 4953
4751 10678
4751 10717
4751 11337
4774 2290
4774 4953
4774 10678
4774 10717
4774 11337
4775 4953
4775 5359
4775 10678
4775 10717
4775 11337
4777 10717
4788 4953
4788 10717
4788 11337
4790 2774
4790 4953
4790 4977
4790 5359
4790 10678
4790 10717
4790 11337
4791 10678
4805 2774
4805 3011
4805 4953
4805 5359
4805 10118
4805 10119
4805 10678
4805 10717
4805 11337
4805 11560
4805 11881
4806 4953
4806 10678
4806 10717
4806 11337
4819 4953
4819 4977
4819 10678
4819 10717
4819 11337
4820 2774
4820 4953
4820 10717
4820 11337
4821 4953
4821 10678
4821 10717
4821 11337
4821 11881
4826 2290
4826 2774
4826 4953
4826 10678
4826 10717
4826 11337
4826 11881
4827 4953
4827 10119
4827 10678
4827 10717
4827 11337
4827 11881
4828 2290
4828 2774
4828 4953
4828 10678
4829 4953
4829 5174
4829 5359
4829 10678
4829 10717
4829 11337
4838 10717
4839 4953
4839 10717
4839 11337
4841 2290
4841 4953
4841 5359
4841 10678
4841 10717
4841 11337
4841 11881
4855 2774
4855 4953
4855 5359
4855 10678
4855 10717
4855 11337
4855 11881
4857 2774
4857 4953
4857 11337
4857 11560
4869 2774
4869 4953
4869 5359
4869 10678
4869 10717
4869 11337
4873 2290
4873 4953
4873 5359
4873 10678
4873 10717
4873 11337
4875 490
4875 2774
4875 10678
4877 10678
4877 10717
4877 11337
4884 2290
4884 5174
4884 5359
4884 7635
4884 10717
4884 11337
4887 2774
4887 4953
4887 10678
4887 10717
4887 11337
4893 2290
4893 3011
4893 4953
4893 7635
4893 10678
4893 10717
4893 11337
4893 11560
4916 490
4916 2774
4916 5616
4916 11560
4920 2290
4920 2774
4920 4953
4920 4977
4920 5359
4920 10678
4920 10717
4922 7635
4922 10717
4922 11337
4928 4953
4928 10678
4928 10717
4928 11337
4949 3011
4949 3217
4949 3230
4949 4007
4949 4953
4949 5359
4949 5616
4949 10678
4949 10717
4949 11337
4951 4007
4951 10717
4952 2290
4952 4007
4960 10678
4960 10717
4960 11337
4961 2774
4961 3230
4961 4953
4961 5616
4961 10717
4961 11337
4963 2290
4963 10678
4963 10717
4963 11881
4991 2774
4991 10678
4991 11337
4991 11881
4994 490
4994 2774
4994 4007
4994 5359
4994 5616
4994 11560
5001 10678
5001 11337
5005 2290
5005 3230
5005 4953
5005 10678
5005 10717
5005 11337
5011 2290
5011 10717
5011 11337
5013 2290
5013 4953
5013 10678
5013 10717
5013 11337
5016 4953
5016 10678
5016 10717
5016 11337
5025 4953
5025 8548
5025 10678
5025 10717
5025 11337
5025 11370
5025 11881
5070 10678
5070 11337
5100 5359
5100 10118
5100 10678
5100 10717
5100 11337
5100 11881
5102 7635
5102 10717
5102 11337
5104 2774
5104 4953
5104 10678
5104 10717
5104 11337
5104 11881
5129 2290
5133 2290
5133 4953
5133 10678
5133 10717
5133 11337
5135 3230
5135 4007
5135 10119
5135 10717
5135 11337
5139 2290
5139 5174
5139 5359
5139 10118
5139 10717
5139 11337
5139 11881
5144 2774
5144 4953
5144 4977
5144 5359
5144 10678
5144 10717
5144 11337
5162 2290
5162 9163
5162 10678
5162 10717
5166 490
5166 2774
5166 3230
5166 4953
5166 5616
5166 10119
5166 10678
5166 10717
5166 11337
5166 11560
5166 11881
5168 4953
5168 10678
5168 10717
5168 11337
5170 4007
5170 4953
5170 10717
5170 11337
5170 11881
5172 10717
5182 4953
5182 10678
5182 10717
5188 490
5188 2774
5188 4953
5188 10678
5188 10717
5188 11337
5188 11881
5189 2774
5189 5359
5189 10118
5189 10678
5189 10717
5189 11337
5191 2774
5191 4953
5191 10678
5191 10717
5191 11337
5209 2290
5209 2774
5209 4953
5209 10302
5211 2290
5211 3011
5211 3230
5211 3580
5211 4007
5211 4953
5211 5174
5211 7635
5211 10678
5211 10717
5211 11337
5224 374
5224 2290
5224 2774
5224 4953
5224 8548
5224 10302
5224 10678
5224 10717
5224 11337
5224 11881
5230 10717
5244 7635
5244 10717
5244 11337
5248 2774
5248 4953
5248 5359
5248 10678
5248 10717
5248 11881
5257 4953
5257 10717
5257 11337
5257 11881
5264 3230
5264 4953
5264 10678
5264 11337
5264 11881
5276 4953
5276 10678
5276 10717
5276 11337
5276 11881
5279 2290
5279 4953
5279 10678
5279 10717
5279 11337
5280 490
5280 2774
5280 3011
5280 3230
5280 4007
5280 4953
5280 5359
5280 5616
5280 10678
5280 11337
5286 2290
5286 5359
5286 10717
5286 11337
5302 4953
5320 4953
5320 5359
5320 10118
5320 10678
5320 10717
5320 11337
5321 2290
5321 4953
5321 10717
5321 11337
5350 2290
5350 2774
5350 4953
5350 10678
5350 10717
5350 11337
5350 11881
5358 3230
5358 4007
5358 4953
5358 10119
5358 10678
5358 10717
5358 11337
5365 2290
5365 2774
5365 3011
5365 3230
5365 3580
5365 4007
5365 4953
5365 10118
5365 10678
5365 10717
5365 11337
5373 10678
5373 11337
5379 4953
5379 10678
5379 10717
5383 3230
5383 4007
5383 4953
5383 5616
5383 10678
5383 11337
5389 3230
5389 4007
5389 4953
5389 10119
5389 10678
5389 10717
5389 11337
5393 3230
5393 3580
5393 4953
5393 10119
5393 11337
5395 9163
5405 10678
5405 11881
5491 4977
5491 10678
5491 10717
5491 11881
5492 2290
5492 2774
5492 4953
5492 10678
5492 10717
5492 11337
5493 4953
5493 10678
5493 10717
5493 11337
5494 490
5494 1372
5494 3230
5494 3580
5494 4007
5494 4953
5494 5415
5494 10678
5494 10717
5494 11337
5494 11560
5495 2774
5495 4953
5495 10678
5495 10717
5495 11337
5495 11881
5496 2774
5496 4953
5496 7635
5496 10678
5496 10717
5496 11337
5507 2290
5507 2774
5507 4953
5507 4977
5507 10678
5507 10717
5507 11337
5507 11881
5511 4953
5511 10717
5511 11337
5511 11881
5521 2290
5521 2774
5521 4953
5521 4977
5521 5174
5521 10678
5521 10717
5521 11337
5521 11881
5537 2290
5537 4953
5537 10678
5537 10717
5537 11337
5550 10118
5550 10717
5550 11337
5553 2290
5553 10717
5553 11337
5569 2290
5569 4953
5569 10717
5569 11337
5578 2290
5578 2774
5578 4953
5578 4977
5578 10678
5578 10717
5578 11337
5578 11881
5582 2290
5582 10678
5595 374
5595 4953
5595 10678
5595 10717
5595 11337
5595 11881
5596 2594
5596 2774
5596 3011
5596 3230
5596 4007
5596 4953
5596 10119
5596 10678
5596 10717
5596 11337
5596 11560
5596 11881
5597 10678
5597 10717
5597 11337
5599 4953
5599 10678
5599 10717
5599 11337
5599 11881
5612 4953
5612 4977
5612 5359
5612 10678
5612 10717
5612 11337
5617 490
5617 2290
5617 2774
5617 4953
5617 10678
5617 10717
5617 11337
5617 11881
5623 374
5623 2774
5623 4953
5623 5359
5623 8548
5623 10678
5623 10717
5623 11337
5623 11881
5631 2290
5631 10678
5631 10717
5631 11337
5632 490
5632 2774
5632 4953
5632 4977
5632 10678
5632 10717
5632 11337
5632 11370
5646 10678
5646 10717
5646 11337
5657 10678
5657 10717
5657 11337
5668 2290
5668 3011
5668 4953
5668 4977
5668 5359
5668 10678
5668 10717
5668 11337
5670 2290
5670 2774
5670 3011
5670 3217
5670 4953
5670 10118
5670 10678
5670 10717
5670 11337
5670 11560
5673 4953
5673 10717
5673 11337
5674 2290
5674 4953
5674 10678
5674 10717
5674 11337
5674 11881
5686 2290
5686 10717
5697 11337
5698 3011
5698 3230
5698 3580
5698 4007
5698 4953
5698 10119
5698 10717
5698 11337
5698 11560
5698 11881
5703 3011
5703 4953
5703 10678
5703 10717
5703 11337
5717 2290
5717 4953
5717 10678
5717 10717
5717 11337
5722 2774
5722 4953
5722 4977
5722 10678
5722 10717
5722 11337
5726 10678
5726 10717
5726 11337
5729 2290
5729 9163
5729 10717
5729 11881
5731 4953
5731 10678
5731 10717
5756 10717
5756 11337
5767 2774
5767 4953
5767 4977
5767 10302
5767 10678
5767 10717
5767 11337
5786 2290
5786 11337
5803 10678
5803 10717
5803 11337
5803 11881
5875 2290
5875 2774
5875 4953
5875 10678
5875 10717
5875 11337
5892 2290
5892 2774
5892 4953
5892 10678
5892 10717
5892 11337
5892 11881
5911 3011
5911 5359
5911 10118
5911 10678
5911 10717
5911 11337
5937 7635
5937 10678
5937 10717
5937 11337
5938 4953
5938 10678
5938 10717
5938 11337
5938 11881
5953 2774
5953 4953
5953 10678
5953 10717
5953 11337
5953 11881
5956 10717
5960 2774
5960 4953
5960 4977
5960 10678
5960 10717
5960 11337
5960 11881
5966 2290
5966 4953
5966 10678
5966 10717
5966 11337
5972 3230
5972 3580
5972 3685
5972 4007
5972 4953
5972 5359
5972 10118
5972 10119
5972 10678
5972 10717
5972 11337
5972 11560
5972 11881
5977 490
5977 2774
5977 4953
5977 10678
5977 10717
5977 11337
5979 2774
5979 3011
5979 3230
5979 4953
5979 10119
5979 10678
5979 10717
5979 11337
5979 11560
5979 11881
5993 4953
5993 10678
5993 10717
5993 11337
5993 11881
5995 4953
5995 5359
5995 10717
5995 11337
5998 4007
5998 11337
6002 10678
6002 11337
6080 2290
6080 2774
6080 4953
6080 10678
6080 10717
6080 11337
6080 11881
6081 2290
6081 11337
6130 2594
6130 3230
6130 3580
6130 4007
6130 6083
6130 10119
6130 10678
6130 11337
6160 3011
6160 3230
6160 4953
6160 10119
6160 10678
6160 10717
6160 11337
6172 3011
6172 3217
6172 3230
6172 10119
6172 10678
6172 10717
6172 11337
6172 11560
6184 10678
6184 10717
6184 11337
6184 11881
6188 4953
6188 5174
6188 10678
6188 10717
6188 11337
6196 2774
6196 4953
6196 5174
6196 10717
6196 11337
6196 11881
6198 10717
6199 4953
6199 10678
6199 10717
6199 11337
6206 3011
6206 4007
6206 4953
6206 10678
6206 11337
6206 11560
6208 3011
6208 4953
6208 10678
6208 10717
6208 11337
6215 490
6215 2774
6215 3011
6215 3230
6215 4953
6215 5415
6215 5616
6215 10678
6215 10717
6215 11337
6215 11560
6273 4953
6273 5359
6273 10678
6273 10717
6273 11337
6281 2290
6281 2774
6281 4953
6281 10678
6281 10717
6281 11337
6295 10717
6315 3230
6315 3580
6315 11560
6331 4953
6331 5359
6331 10678
6331 10717
6331 11337
6331 11881
6337 2290
6337 11337
6338 4953
6338 5359
6338 7635
6338 10118
6338 10717
6338 11337
6338 11881
6353 2774
6353 4953
6353 5174
6353 10678
6353 10717
6353 11337
6353 11881
6363 2290
6363 4953
6363 10678
6363 10717
6363 11337
6380 2774
6380 4953
6381 4953
6381 5359
6381 10678
6381 11337
6381 11881
6384 10717
6400 10678
6400 10717
6400 11337
6400 11881
6403 2774
6403 4953
6403 4977
6403 10678
6403 10717
6403 11337
6403 11881
6407 490
6407 2290
6407 2774
6407 4953
6407 10678
6407 11337
6407 11881
6421 490
6421 4953
6421 5616
6421 11337
6428 4953
6428 4977
6428 5359
6428 10118
6428 10678
6428 10717
6428 11337
6432 4953
6432 10678
6432 10717
6432 11881
6438 2774
6438 4953
6438 10717
6438 11337
6441 4953
6441 5359
6441 7635
6441 10678
6441 10717
6441 11337
6442 2774
6442 3230
6442 3580
6442 4953
6442 10118
6442 10119
6442 10678
6442 10717
6442 11337
6442 11560
6460 4953
6460 4977
6460 10678
6460 10717
6460 11337
6473 490
6473 2774
6473 5616
6473 10119
6484 969
6484 10678
6484 10717
6490 2290
6490 3011
6490 3230
6490 4007
6490 10119
6490 10678
6490 10717
6499 490
6499 2774
6499 4953
6499 10678
6499 10717
6499 11337
6499 11881
6518 2290
6518 2774
6518 4953
6518 10717
6518 11337
6520 11337
6531 2290
6531 2774
6531 3230
6531 4007
6531 4953
6531 5415
6531 5616
6531 7635
6531 10678
6531 10717
6531 11337
6531 11703
6531 11881
6539 9163
6539 10717
6539 11881
6561 2290
6561 10717
6561 11337
6568 4953
6568 10678
6568 10717
6568 11337
6568 11881
6570 2290
6570 4953
6570 5359
6570 10678
6570 10717
6570 11337
6570 11881
6573 490
6573 2290
6573 4953
6573 10678
6573 10717
6573 11337
6573 11881
6580 4953
6580 10678
6580 10717
6580 11337
6585 4953
6585 10678
6585 10717
6585 11337
6594 490
6594 4953
6594 10678
6594 10717
6594 11337
6594 11881
6597 2774
6597 4953
6597 10678
6597 10717
6597 11337
6597 11881
6598 2290
6598 2774
6598 4953
6598 10678
6598 10717
6598 11337
6598 11881
6600 490
6600 2290
6600 2774
6600 4953
6600 10678
6600 10717
6600 11881
6616 4953
6616 7635
6616 10678
6616 10717
6616 11337
6621 4953
6621 5359
6621 10678
6621 10717
6621 11337
6637 2290
6637 2774
6637 4953
6637 10678
6637 11337
6637 11881
6660 2290
6660 3230
6660 4953
6660 10678
6660 10717
6660 11337
6660 11560
6665 4953
6665 5174
6665 10678
6665 10717
6669 2774
6669 3011
6669 4953
6669 4977
6669 5359
6669 7635
6669 10678
6669 10717
6669 11337
6669 11881
6670 2774
6670 3230
6670 4007
6670 4953
6670 10678
6670 10717
6670 11337
6703 4953
6703 5359
6711 2290
6711 2774
6711 3011
6711 4953
6711 10119
6711 10678
6711 10717
6711 11337
6715 4953
6715 5359
6715 10678
6715 10717
6715 11337
6715 11881
6735 4953
6735 10678
6735 11337
6751 2774
6751 3230
6751 4007
6751 4953
6751 5616
6751 11337
6751 11370
6773 2774
6773 4953
6773 10678
6773 10717
6773 11337
6773 11881
6780 2290
6780 4953
6780 10678
6780 10717
6780 11337
6780 11881
6783 2290
6783 2774
6783 4953
6783 5359
6783 10118
6783 10302
6783 10678
6783 10717
6783 11337
6783 11881
6789 4953
6789 5359
6789 10118
6789 10678
6789 10717
6789 11337
6812 2290
6812 2774
6812 3230
6812 5174
6812 10678
6812 11337
6812 11560
6812 11881
6821 4953
6821 10678
6821 10717
6821 11337
6828 4953
6828 10678
6828 10717
6830 2290
6830 4953
6830 11337
6842 2290
6842 4953
6842 10717
6842 11337
6842 11881
6860 490
6860 3011
6860 3230
6860 4953
6860 5359
6860 10119
6860 10678
6860 10717
6860 11337
6860 11560
6860 11881
6864 4953
6864 10678
6864 10717
6864 11337
6865 2290
6865 3011
6865 3230
6865 4007
6865 4953
6865 5359
6865 10119
6865 10678
6865 10717
6865 11337
6868 3011
6868 3230
6868 3580
6868 4953
6868 10118
6868 10119
6868 10678
6868 10717
6868 11337
6868 11881
6871 2290
6871 3011
6871 4953
6871 5359
6871 10678
6871 10717
6871 11337
6873 2290
6873 4953
6873 10678
6873 10717
6873 11337
6873 11881
6892 5174
6892 7635
6892 10717
6902 2774
6902 3230
6902 4953
6902 10678
6902 10717
6902 11337
6941 10717
6944 10678
6944 10717
6944 11337
6949 4953
6949 10717
6949 11337
6949 11881
6955 490
6955 2290
6955 2774
6955 4953
6955 4977
6955 10678
6955 10717
6955 11337
6955 11881
6976 3011
6977 4953
6985 5616
6985 11881
6987 2774
6987 3011
6987 4953
6987 10678
6987 10717
6987 11337
6987 11881
6990 2290
6990 2774
6990 4953
6990 4977
6990 5359
6990 8548
6990 10302
6990 10678
6990 10717
6990 11337
6990 11881
6991 2290
6991 4953
6991 10678
6991 10717
6991 11337
7000 2774
7000 4953
7000 5359
7000 10678
7000 10717
7000 11337
7000 11881
7010 2290
7010 2774
7010 4953
7010 4977
7010 5616
7010 10678
7010 10717
7010 11337
7010 11881
7040 2290
7040 4953
7040 5359
7040 10118
7040 10678
7040 10717
7040 11337
7058 10717
7058 11337
7064 3011
7064 3230
7064 10717
7064 11337
7065 4953
7065 10678
7065 10717
7065 11337
7072 2290
7072 2774
7072 3230
7072 4953
7072 10119
7072 10678
7072 10717
7072 11337
7072 11560
7080 4953
7080 10717
7080 11337
7080 11881
7095 374
7095 2774
7095 4953
7095 10678
7095 10717
7095 11337
7095 11881
7100 2774
7100 3230
7100 4007
7100 4953
7100 10678
7100 10717
7100 11337
7100 11370
7100 11560
7104 490
7104 2774
7104 3011
7104 3217
7104 3230
7104 4007
7104 4953
7104 4977
7104 5616
7104 10119
7104 10302
7104 10678
7104 10717
7104 11337
7104 11881
7106 3011
7106 3230
7106 3580
7106 4953
7106 10119
7106 10717
7106 11337
7109 4953
7109 10118
7109 10678
7109 10717
7109 11337
7109 11881
7115 490
7115 2774
7115 3011
7115 3230
7115 4953
7115 7635
7115 10119
7115 10678
7115 10717
7115 11337
7115 11560
7116 2290
7116 4953
7116 10678
7116 10717
7116 11337
7122 10717
7122 11337
7123 3230
7123 4007
7123 4953
7123 10717
7123 11337
7123 11881
7124 2774
7124 3011
7124 4953
7124 5359
7124 10678
7124 10717
7124 11337
7125 2290
7125 3011
7125 3230
7125 3580
7125 4953
7125 10119
7125 10717
7125 11337
7125 11560
7126 3011
7126 3230
7126 4007
7126 4953
7126 5174
7126 5359
7126 10118
7126 10119
7126 10678
7126 10717
7126 11337
7126 11560
7126 11881
7129 4953
7129 5174
7129 7635
7129 10678
7129 10717
7129 11337
7131 2774
7131 3230
7131 4007
7131 4953
7131 5616
7131 10678
7131 10717
7131 11337
7134 2290
7134 3011
7134 3230
7134 4007
7134 4953
7134 10119
7134 10717
7134 11337
7137 4953
7137 10678
7137 10717
7137 11337
7139 490
7139 2774
7139 3011
7139 3230
7139 4007
7139 4953
7139 5616
7139 10119
7139 10678
7139 10717
7139 11337
7139 11370
7139 11560
7140 3011
7140 3230
7140 4953
7140 10119
7140 10678
7140 11337
7140 11560
7141 2290
7141 2774
7141 3217
7141 4953
7141 5359
7141 10118
7141 10119
7141 10678
7141 10717
7141 11337
7141 11560
7141 11881
7156 4953
7156 10678
7156 10717
7156 11337
7167 2290
7167 2774
7167 4675
7167 4953
7167 4977
7167 5174
7167 7635
7167 10678
7167 10717
7167 11337
7172 2774
7172 4953
7172 10678
7172 10717
7172 11337
7172 11881
7176 2774
7176 5359
7176 10678
7176 10717
7176 11337
7177 2774
7177 4953
7177 10717
7177 11337
7177 11881
7216 2290
7216 2774
7216 4953
7216 7635
7216 10678
7216 10717
7216 11337
7216 11881
7231 2290
7231 4953
7231 10717
7231 11881
7233 3011
7233 4953
7233 5359
7233 7635
7233 10678
7233 10717
7233 11337
7233 11881
7251 2290
7251 4953
7251 10678
7251 11337
7259 11337
7292 2774
7292 4953
7292 10678
7292 10717
7292 11337
7292 11881
7298 10717
7298 11881
7301 4953
7301 10678
7301 10717
7320 2290
7320 11337
7325 3011
7325 11337
7333 2774
7333 4953
7333 5616
7333 11560
7350 2290
7350 10717
7355 2290
7355 4953
7355 10678
7355 10717
7355 11337
7357 2774
7357 4953
7357 4977
7357 5359
7357 10678
7357 10717
7357 11337
7357 11881
7368 490
7368 2774
7368 4953
7368 10678
7368 11337
7371 4953
7371 10678
7371 10717
7371 11337
7371 11881
7386 2774
7386 4007
7386 4953
7386 10119
7386 10678
7386 10717
7386 11337
7388 2290
7388 4953
7388 10678
7388 10717
7388 11337
7388 11881
7400 2774
7400 11337
7404 490
7404 2774
7404 3230
7404 4953
7404 10678
7404 10717
7404 11337
7404 11881
7407 2774
7407 4953
7407 4977
7407 8548
7407 10678
7407 10717
7407 11337
7416 2290
7416 11337
7417 2290
7417 2774
7417 4007
7417 4953
7417 5616
7417 10119
7417 10678
7417 10717
7417 11560
7417 11881
7430 2774
7430 4953
7430 10678
7430 10717
7430 11337
7430 11881
7438 490
7438 11560
7443 2290
7444 4953
7444 10678
7444 10717
7444 11337
7446 10678
7446 11337
7459 2290
7459 4953
7459 10118
7459 10717
7459 11337
7462 3230
7462 4007
7462 4953
7462 11337
7463 2290
7463 3011
7463 3230
7463 4953
7463 10119
7463 10678
7463 10717
7463 11337
7463 11881
7465 490
7465 2290
7465 2774
7465 3230
7465 4953
7465 5359
7465 5616
7465 7635
7465 10118
7465 10119
7465 10678
7465 10717
7465 11337
7465 11560
7466 10678
7466 10717
7466 11881
7468 2290
7468 2774
7468 3230
7468 5359
7468 7635
7468 10119
7468 10678
7468 10717
7468 11337
7475 2290
7475 5174
7475 10678
7475 10717
7475 11337
7486 2290
7486 3011
7486 4953
7486 10678
7486 10717
7486 11337
7495 4953
7495 10678
7495 10717
7495 11337
7495 11881
7533 4953
7533 10717
7533 11337
7533 11881
7538 2290
7538 2774
7538 3230
7538 4953
7538 10717
7538 11337
7538 11881
7539 490
7539 2774
7539 4953
7539 5174
7539 10302
7539 11337
7547 10717
7553 3011
7553 3217
7553 4953
7553 4977
7553 10678
7553 10717
7553 11337
7592 490
7592 2774
7592 3011
7592 3217
7592 3230
7592 3580
7592 4007
7592 4953
7592 4977
7592 5616
7592 10118
7592 10678
7592 10717
7592 11337
7592 11560
7592 11881
7605 2290
7605 4953
7605 10678
7605 10717
7605 11337
7605 11881
7606 2290
7606 4953
7606 10678
7606 11881
7607 10717
7607 11337
7607 11881
7608 10717
7624 2290
7624 2774
7624 4953
7624 10678
7624 10717
7624 11337
7624 11881
7626 4953
7626 10678
7626 10717
7626 11337
7637 3230
7637 4953
7637 10119
7637 10717
7637 11881
7638 2290
7638 4953
7638 10678
7638 10717
7639 4953
7639 10678
7639 10717
7639 11337
7643 10678
7643 10717
7643 11337
7643 11881
7650 7635
7650 10678
7650 10717
7650 11337
7658 2290
7658 10717
7687 2774
7687 4953
7687 10678
7687 10717
7687 11337
7703 10678
7703 10717
7703 11337
7721 4953
7721 11337
7729 7635
7729 10717
7729 11881
7731 2774
7731 4953
7731 5359
7731 10678
7731 10717
7731 11337
7749 2290
7749 10717
7749 11881
7758 4953
7758 5359
7758 10678
7758 10717
7758 11337
7758 11881
7762 5359
7762 10717
7768 490
7768 2774
7768 4953
7768 4977
7768 5359
7768 10302
7768 10678
7768 10717
7768 11337
7794 5359
7794 10118
7794 10678
7794 10717
7794 11337
7802 3580
7802 7635
7802 10678
7802 10717
7802 11337
7802 11881
7811 2290
7811 10678
7811 10717
7811 11337
7811 11881
7816 2290
7816 10717
7816 11337
7821 2774
7821 3011
7821 3230
7821 4953
7821 10119
7821 10678
7821 11337
7822 4953
7822 10678
7822 10717
7822 11337
7825 2774
7825 3011
7825 3230
7825 4007
7825 4953
7825 10119
7825 10678
7825 10717
7825 11337
7825 11370
7827 2774
7827 4953
7827 10678
7827 10717
7827 11337
7827 11881
7832 2290
7832 4953
7832 10678
7832 10717
7832 11337
7839 4953
7839 10678
7839 10717
7839 11337
7839 11881
7841 11337
7843 2290
7843 4953
7863 4953
7863 10717
7863 11337
7863 11881
7868 490
7868 10302
7868 11337
7868 13753
7871 2774
7871 4953
7871 10678
7871 10717
7871 11337
7871 11881
7876 11337
7876 11560
7882 4953
7882 11337
7915 2594
7915 2774
7915 3011
7915 5359
7915 10119
7915 10678
7915 10717
7915 11337
7915 11881
7959 2774
7959 3011
7959 3230
7959 4953
7959 4977
7959 5359
7959 10119
7959 10678
7959 10717
7959 11337
8002 10678
8002 10717
8002 11337
8002 11881
8012 2290
8012 2774
8012 4953
8012 5174
8012 10302
8012 10717
8021 2290
8026 2290
8026 4953
8026 10678
8026 10717
8026 11337
8031 4953
8031 10678
8031 10717
8031 11337
8036 4953
8036 10678
8036 10717
8036 11337
8044 490
8044 1372
8044 2290
8044 2774
8044 3011
8044 3230
8044 4007
8044 4953
8044 5616
8044 10119
8044 10678
8044 10717
8044 11337
8044 11370
8044 11560
8044 11881
8054 490
8054 2774
8054 4007
8054 4953
8054 5616
8054 10678
8054 11370
8116 3011
8116 3230
8116 4007
8116 4953
8116 10119
8116 10678
8116 10717
8116 11337
8116 11560
8116 11881
8117 5359
8117 10118
8117 10678
8117 10717
8117 11337
8117 11881
8140 4953
8140 5359
8140 10678
8140 10717
8140 11337
8167 2774
8167 4953
8169 2774
8169 3011
8169 3230
8169 3580
8169 4007
8169 4953
8169 10119
8169 11337
8169 11560
8172 3011
8172 3230
8172 4007
8172 10119
8172 11337
8172 11370
8175 2774
8175 4953
8175 4977
8175 5359
8175 10302
8175 10678
8175 10717
8175 11337
8175 11881
8180 2774
8180 4953
8180 10678
8180 10717
8180 11337
8212 3685
8214 4953
8214 10717
8217 2290
8217 4953
8217 10678
8217 11337
8217 11881
8222 2774
8222 4953
8222 10678
8222 11337
8222 11881
8228 2774
8228 3230
8228 4007
8228 4953
8228 5359
8228 10118
8228 10678
8228 10717
8228 11337
8228 11560
8228 11881
8240 490
8240 2774
8240 10302
8244 3011
8244 4953
8244 5174
8244 10678
8244 10717
8244 11337
8252 490
8252 2774
8252 4953
8252 10678
8252 11337
8252 11881
8257 4953
8257 10678
8257 11337
8277 4953
8299 2774
8299 3230
8299 3580
8299 4953
8299 10119
8299 10678
8299 11337
8315 3230
8315 4953
8315 10119
8315 10678
8315 11337
8350 4953
8350 10678
8350 10717
8350 11337
8353 2774
8353 4953
8353 5359
8353 10678
8353 10717
8353 11337
8354 374
8354 490
8354 3230
8354 4953
8354 4977
8354 5415
8354 10678
8354 10717
8354 11337
8354 11881
8387 2290
8387 4953
8387 7635
8387 10717
8403 490
8403 2774
8403 3011
8403 3230
8403 3685
8403 4953
8403 10119
8403 10678
8403 10717
8403 11337
8403 11560
8403 11881
8415 2290
8415 2774
8415 3011
8415 3230
8415 4007
8415 4953
8415 11337
8415 11370
8426 4953
8426 10678
8426 10717
8426 11337
8426 11881
8429 490
8429 2774
8429 3011
8429 3217
8429 4953
8429 5359
8429 10119
8429 10678
8429 10717
8429 11337
8429 11560
8429 11881
8446 5359
8446 7635
8446 10678
8446 10717
8446 11337
8446 11881
8448 5359
8448 10678
8451 2290
8451 2774
8451 3011
8451 4007
8451 4953
8451 4977
8451 10119
8451 10678
8451 10717
8451 11337
8451 11560
8452 2290
8452 4953
8452 10717
8452 11337
8453 2774
8453 4953
8453 10678
8453 10717
8453 11337
8462 490
8462 2774
8462 3011
8462 3217
8462 3230
8462 3580
8462 4953
8462 5359
8462 5616
8462 8548
8462 10119
8462 10678
8462 10717
8462 11337
8462 11560
8469 490
8469 2290
8469 2774
8469 3011
8469 3217
8469 3230
8469 4953
8469 5616
8469 10119
8469 10678
8469 10717
8469 11337
8469 11560
8470 490
8470 2774
8470 3011
8470 3580
8470 4953
8470 4977
8470 5616
8470 10119
8470 10678
8470 10717
8470 11337
8470 11560
8474 10717
8474 11337
8475 2290
8475 4007
8475 10678
8475 10717
8475 11337
8475 11560
8479 4953
8479 5359
8479 10717
8480 2774
8480 4953
8480 11337
8482 2774
8482 3011
8482 3230
8482 10119
8482 10678
8482 10717
8482 11337
8486 490
8486 2290
8486 2774
8486 4953
8486 7635
8486 10678
8486 10717
8486 11337
8486 11881
8488 11337
8491 2774
8491 3217
8491 3230
8491 4953
8491 4977
8491 5616
8491 10119
8491 10678
8491 10717
8491 11337
8491 11560
8491 11881
8492 490
8492 2290
8492 2774
8492 3011
8492 3230
8492 4953
8492 8548
8492 10119
8492 10678
8492 10717
8492 11337
8492 11560
8492 11881
8517 2290
8517 2774
8517 4953
8517 4977
8517 10678
8517 10717
8517 11881
8528 4953
8528 10678
8528 11337
8549 2774
8549 4953
8549 8548
8549 10678
8549 10717
8549 11337
8549 11881
8558 490
8558 2290
8558 2774
8558 4953
8558 11337
8558 11881
8559 2774
8559 3011
8559 3230
8559 4953
8559 5359
8559 10118
8559 10119
8559 10678
8559 10717
8559 11337
8559 11560
8559 11881
8562 4953
8562 10678
8562 11337
8562 11881
8565 490
8565 2774
8565 3230
8565 4953
8565 10119
8565 10678
8565 10717
8565 11337
8565 11560
8565 11881
8566 2774
8566 3230
8566 4007
8566 4953
8566 10119
8566 10678
8566 10717
8566 11337
8566 11560
8570 4953
8570 5174
8570 5359
8570 10717
8570 11337
8570 11881
8577 2290
8577 4953
8577 10678
8577 10717
8577 11337
8589 2290
8589 10678
8589 10717
8589 11337
8589 11881
8603 4953
8603 10678
8603 10717
8603 11337
8621 490
8621 2774
8621 4953
8621 11337
8645 10717
8652 9163
8652 10717
8664 11881
8667 3230
8667 3580
8667 4007
8667 4953
8680 2290
8680 2774
8680 4953
8680 10678
8680 11881
8684 4953
8684 11337
8685 2290
8685 3011
8685 3230
8685 4007
8685 4953
8685 10119
8685 10678
8685 10717
8685 11337
8685 11560
8697 2290
8697 3230
8697 3580
8697 4953
8697 10119
8697 10678
8697 10717
8697 11881
8698 10678
8698 11337
8700 2774
8700 3011
8700 3217
8700 3230
8700 4953
8700 5174
8700 10119
8700 10678
8700 10717
8700 11337
8700 11370
8700 11560
8700 11881
8701 3011
8701 4007
8701 10119
8701 10678
8701 10717
8705 4953
8705 4977
8705 10678
8705 10717
8705 11337
8705 11881
8717 2774
8717 4953
8717 5359
8717 10678
8717 10717
8717 11337
8717 11881
8721 4953
8721 10678
8721 11337
8747 2774
8747 3011
8747 4953
8747 4977
8747 10678
8747 10717
8747 11337
8747 11560
8747 11881
8748 4953
8748 10678
8748 11337
8754 490
8754 4953
8754 4977
8754 5359
8754 10302
8754 10678
8754 10717
8754 11337
8754 11881
8755 4953
8755 10678
8755 10717
8755 11337
8755 11881
8758 2774
8758 4953
8758 4977
8758 5359
8758 7635
8758 10678
8758 10717
8758 11337
8758 11881
8760 2290
8760 10717
8760 11337
8760 11881
8770 2290
8771 2774
8771 10119
8771 10717
8771 11337
8771 11560
8772 490
8772 2774
8772 3011
8772 4977
8772 10119
8772 10678
8772 10717
8772 11337
8776 490
8776 2774
8776 3011
8776 3230
8776 3580
8776 4953
8776 5616
8776 10717
8776 11337
8776 11560
8777 2290
8777 2774
8777 3011
8777 4953
8777 4977
8777 10678
8777 10717
8777 11560
8777 11881
8780 2774
8780 4953
8780 10678
8780 10717
8780 11337
8780 11881
8786 2290
8786 4953
8786 5174
8786 10678
8786 10717
8786 11337
8787 2774
8787 4953
8787 11560
8788 10678
8788 10717
8788 11337
8791 2774
8800 2290
8800 2774
8800 4953
8800 5359
8800 10118
8800 10678
8800 10717
8800 11337
8803 4953
8803 4977
8803 5359
8803 7635
8803 10678
8803 10717
8803 11337
8811 2774
8811 4953
8812 2290
8812 3011
8812 3230
8812 4953
8812 5359
8812 10119
8812 10678
8812 10717
8812 11337
8812 11560
8814 2774
8814 4953
8814 10302
8814 10717
8814 11337
8816 2774
8816 3011
8816 3230
8816 4953
8816 10118
8816 10119
8816 10678
8816 10717
8816 11337
8816 11560
8817 4953
8817 8548
8817 10678
8817 10717
8817 11337
8818 2774
8818 4953
8818 4977
8818 5359
8818 9163
8818 10118
8818 10678
8818 10717
8818 11337
8818 11881
8834 2290
8834 11337
8849 2290
8849 4953
8849 10717
8849 11337
8849 11881
8862 11337
8880 2290
8880 4953
8880 10678
8880 10717
8880 11337
8883 4953
8885 3011
8885 3230
8885 4007
8885 10119
8885 10678
8885 10717
8885 11337
8886 3011
8886 3230
8886 3580
8886 4007
8886 4953
8886 10119
8886 10678
8886 10717
8886 11337
8886 11560
8886 11881
8886 13753
8899 2290
8899 4953
8899 10717
8899 11337
8966 490
8966 4953
8966 11560
8972 3011
8972 10119
8972 10678
8972 10717
8972 11337
8972 11560
8974 2290
8974 2774
8974 4953
8974 4977
8974 5359
8974 10118
8974 10678
8974 10717
8974 11337
8974 11881
8985 490
8985 2774
8985 4953
8985 10678
8985 10717
8985 11337
8985 11881
8992 2290
8992 4953
8992 5174
8992 10717
8992 11337
9047 3230
9047 4007
9047 10119
9047 10678
9047 10717
9047 11337
9047 11881
9070 4953
9070 10678
9070 10717
9070 11337
9162 2290
9162 10717
9162 11337
9162 11881
9177 10678
9177 10717
9177 11337
9177 11881
9178 2290
9178 2774
9178 4953
9178 4977
9178 10678
9178 10717
9178 11337
9178 11881
9186 10678
9186 10717
9186 11337
9202 2290
9202 10717
9202 11337
9202 11881
9213 2290
9213 2774
9213 4953
9213 10678
9213 10717
9213 11337
9213 11881
9221 4953
9221 10678
9221 10717
9223 10678
9223 10717
9223 11337
9230 2290
9230 2774
9230 4953
9230 10678
9230 11337
9236 4953
9236 10678
9236 10717
9236 11337
9236 11881
9256 490
9256 10119
9256 11560
9259 2774
9259 3230
9259 4953
9259 5616
9259 10302
9259 11337
9259 11560
9260 2774
9260 4953
9272 969
9274 2774
9274 4953
9274 5359
9274 10678
9274 10717
9274 11337
9274 11881
9293 4953
9293 5359
9293 10118
9293 10678
9293 10717
9293 11337
9293 11881
9316 2290
9316 4953
9316 10678
9316 10717
9316 11337
9327 2290
9327 4953
9327 10678
9327 10717
9327 11881
9328 490
9328 2774
9328 3217
9328 3230
9328 4953
9328 4977
9328 5359
9328 7635
9328 10118
9328 10678
9328 10717
9328 11337
9328 11370
9328 11560
9328 11881
9332 4953
9332 11337
9333 4953
9333 4977
9333 10678
9333 10717
9333 11337
9333 11881
9367 3230
9367 4007
9367 4953
9367 10119
9367 10678
9367 10717
9367 11337
9389 2774
9389 4953
9389 10678
9389 10717
9389 11337
9389 11881
9393 4953
9393 5359
9393 7635
9393 10118
9393 10678
9393 10717
9393 11337
9394 4953
9394 10678
9394 10717
9394 11337
9394 11881
9444 2774
9444 3011
9444 3230
9444 4953
9444 5359
9444 10678
9444 10717
9444 11337
9444 11560
9453 3230
9453 3580
9453 10119
9453 10678
9453 10717
9453 11337
9453 11560
9453 11881
9454 2290
9454 4953
9454 10678
9454 10717
9454 11337
9454 11881
9456 2290
9456 2774
9456 3011
9456 3230
9456 4953
9456 4977
9456 8548
9456 10119
9456 10678
9456 10717
9456 11337
9456 11560
9456 11881
9457 2774
9457 3011
9457 3230
9457 4953
9457 10119
9457 10678
9457 10717
9457 11337
9457 11881
9467 2290
9467 10678
9467 10717
9467 11337
9467 11881
9488 2290
9488 7635
9488 10717
9488 11881
9489 2290
9489 2774
9489 4953
9489 5359
9489 10678
9489 10717
9489 11337
9489 11881
9509 2774
9509 4953
9509 4977
9509 5359
9509 10118
9509 10678
9509 10717
9509 11337
9509 11881
9514 2774
9514 3217
9514 3230
9514 4953
9514 4977
9514 10678
9514 10717
9514 11337
9514 11560
9514 11881
9540 4953
9540 10717
9540 11337
9541 2290
9541 4953
9541 10678
9541 10717
9541 11337
9541 11560
9541 11881
9546 490
9546 10302
9569 7635
9569 10717
9569 11337
9569 11881
9570 5174
9570 11881
9571 4953
9571 10678
9589 4953
9590 490
9590 2290
9590 2774
9590 3230
9590 4007
9590 4953
9590 4977
9590 5415
9590 5616
9590 10119
9590 10678
9590 10717
9590 11337
9590 11560
9590 11881
9590 13753
9603 10717
9603 11881
9608 4953
9608 5174
9608 7635
9608 10678
9608 10717
9608 11337
9611 10678
9611 10717
9611 11337
9617 4007
9617 4953
9617 4977
9617 10678
9617 10717
9617 11337
9645 10678
9646 11337
9653 2290
9653 10717
9653 11337
9656 10717
9660 2290
9660 3011
9660 4953
9660 4977
9660 7635
9660 10119
9660 10678
9660 10717
9660 11337
9660 11560
9660 11881
9662 4953
9662 11337
9668 2774
9668 3011
9668 3230
9668 4953
9668 5359
9668 10119
9668 10678
9668 10717
9668 11337
9668 11560
9668 11881
9670 2774
9670 4953
9670 8548
9670 10678
9670 10717
9670 11337
9674 3230
9674 10119
9674 10678
9674 10717
9674 11337
9674 11881
9677 2290
9677 3230
9677 4953
9677 10119
9677 10678
9677 10717
9677 11337
9677 11560
9683 4953
9683 5359
9683 7635
9683 10678
9683 10717
9683 11337
9683 11881
9685 2290
9685 3230
9685 10119
9685 10678
9685 11560
9686 3011
9686 4953
9686 10119
9686 10717
9686 11337
9686 11560
9687 4953
9687 10717
9727 490
9727 2290
9727 2774
9727 4953
9727 10678
9727 10717
9727 11337
9731 490
9731 2774
9731 4977
9731 10678
9731 11337
9731 11881
9734 2774
9734 3011
9734 3230
9734 4007
9734 4953
9734 10119
9734 10678
9734 10717
9734 11337
9734 11881
9735 2290
9735 2774
9735 4953
9735 5359
9735 10678
9735 10717
9735 11337
9738 2290
9738 10678
9738 10717
9738 11337
9739 4953
9739 5359
9739 10118
9739 10678
9739 10717
9739 11337
9745 10717
9745 11881
9751 2290
9751 10717
9751 11337
9751 11881
9784 2774
9784 3011
9784 3230
9784 4953
9784 10119
9784 10678
9784 11337
9784 11560
9784 11881
9796 490
9796 2774
9796 4953
9796 5359
9796 10302
9796 10678
9796 10717
9796 11337
9828 10717
9828 11337
9832 4953
9832 5359
9832 10678
9832 10717
9832 11337
9832 11881
9836 4953
9836 8548
9836 10678
9836 10717
9836 11881
9841 7635
9841 10678
9841 10717
9841 11337
9841 11881
9844 4953
9844 10678
9852 2774
9852 3011
9852 4675
9852 4953
9852 5359
9852 10678
9852 11337
9865 10678
9865 10717
9865 11337
9887 2774
9887 4953
9887 10118
9887 11337
9892 2290
9893 2290
9893 2774
9893 4953
9893 4977
9893 10678
9893 10717
9893 11337
9893 11881
9904 2774
9904 4953
9904 10717
9904 11337
9910 490
9910 2774
9910 3011
9910 3230
9910 4007
9910 4953
9910 5616
9910 10119
9910 10678
9910 10717
9910 11337
9910 11560
9911 2774
9911 3230
9911 4007
9911 4953
9911 10119
9911 10678
9911 10717
9911 11337
9911 11560
9921 2290
9921 3217
9921 4953
9921 7635
9921 10678
9921 10717
9921 11337
9933 3011
9933 4953
9933 5359
9933 10678
9933 10717
9933 11337
9933 11881
9946 490
9946 2774
9946 3011
9946 3217
9946 4953
9946 4977
9946 10118
9946 10119
9946 10678
9946 10717
9946 11337
9946 11881
9950 3230
9950 4953
9950 10119
9950 10678
9950 10717
9950 11560
9950 11881
9956 2774
9956 11337
9958 4953
9958 10678
9958 10717
9958 11337
10001 4953
10001 5359
10001 10678
10001 10717
10001 11337
10015 4953
10015 10678
10015 10717
10015 11337
10015 11881
10016 10717
10042 10678
10042 10717
10042 11337
10050 2290
10050 2774
10050 4953
10050 4977
10050 5359
10050 10678
10050 11337
10050 11881
10066 4953
10066 10717
10066 11337
10066 11881
10067 2290
10067 2774
10067 4953
10067 10302
10067 10678
10067 10717
10067 11337
10067 11881
10068 2774
10068 4953
10068 5359
10074 4953
10074 10678
10074 10717
10074 11337
10078 3230
10078 4953
10078 10119
10078 10678
10078 10717
10078 11337
10078 11560
10094 10678
10094 11337
10113 4953
10113 10678
10113 10717
10113 11337
10116 2290
10116 2774
10116 4953
10116 10678
10116 10717
10116 11337
10120 4953
10120 5359
10120 10678
10120 10717
10120 11337
10136 4953
10136 10678
10136 10717
10137 490
10137 2594
10137 2774
10137 4953
10137 5359
10137 10678
10137 10717
10137 11337
10137 11881
10146 2290
10155 2774
10155 4953
10155 10678
10155 10717
10155 11337
10155 11881
10157 4953
10157 5359
10157 10118
10157 10119
10157 10678
10157 10717
10157 11337
10159 4953
10159 5174
10159 7635
10159 10678
10159 10717
10159 11337
10159 11881
10160 2774
10160 4953
10160 10678
10160 10717
10160 11337
10160 11881
10166 2774
10166 4953
10166 7635
10166 10678
10166 10717
10166 11337
10170 2290
10170 10717
10170 11337
10197 3011
10197 3230
10197 10119
10197 11337
10200 4953
10200 10678
10200 10717
10200 11337
10205 490
10205 2290
10205 2774
10205 3011
10205 3217
10205 3230
10205 4007
10205 4953
10205 4977
10205 5616
10205 8548
10205 10119
10205 10678
10205 10717
10205 11337
10205 11370
10205 11560
10216 2774
10216 4953
10216 10678
10216 10717
10216 11337
10216 11881
10218 2290
10218 10717
10218 11337
10221 2774
10221 3011
10221 4007
10221 4953
10221 10119
10221 11337
10221 11560
10224 4953
10224 10678
10224 10717
10224 11337
10225 2290
10225 2774
10225 3217
10225 4953
10225 4977
10225 10678
10225 10717
10225 11881
10229 10717
10229 11337
10229 11881
10231 2290
10259 4953
10259 5174
10259 7635
10259 10678
10259 10717
10259 11337
10270 2774
10270 4953
10277 2774
10277 4953
10277 10678
10277 11881
10286 3230
10286 4007
10286 4953
10286 5415
10286 11337
10291 3580
10291 4007
10291 10119
10291 11337
10294 10717
10294 11337
10301 11337
10301 11881
10319 2290
10319 2774
10319 4953
10319 10678
10319 10717
10319 11337
10319 11881
10320 2290
10320 4953
10320 5359
10320 10678
10320 10717
10320 11337
10322 2290
10322 2774
10322 10678
10322 10717
10322 11337
10322 11881
10359 2774
10359 4953
10359 10678
10359 10717
10359 11337
10359 11881
10407 2774
10407 4953
10407 5359
10407 10678
10407 10717
10407 11337
10425 2290
10425 10678
10425 10717
10425 11337
10425 11881
10429 10678
10433 11337
10461 490
10461 2290
10461 2774
10461 4953
10461 10678
10461 10717
10461 11337
10466 2774
10466 4953
10466 4977
10466 10678
10466 10717
10466 11337
10466 11881
10467 3011
10467 3217
10467 3230
10467 4953
10467 10119
10467 10717
10467 11337
10467 11560
10467 11881
10471 2290
10471 4953
10471 10678
10471 10717
10471 11337
10471 11881
10472 4953
10472 10678
10472 10717
10472 11337
10473 4953
10473 10118
10473 10678
10473 10717
10473 11337
10477 10717
10481 2290
10481 2774
10481 3011
10481 3230
10481 4953
10481 10678
10481 11337
10481 11560
10481 11881
10483 4953
10483 10678
10483 10717
10483 11337
10495 3230
10495 4007
10495 4953
10495 5616
10495 10119
10495 10678
10495 10717
10495 11337
10495 11370
10495 11881
10504 2290
10504 4953
10504 7635
10504 10717
10504 11337
10518 2774
10518 4953
10518 10678
10518 10717
10534 2290
10534 2774
10534 3230
10534 4007
10534 4953
10534 10119
10534 10678
10534 11337
10544 4953
10544 4977
10544 5359
10544 10118
10544 10678
10544 10717
10544 11337
10544 11881
10547 3230
10547 4007
10547 4953
10547 5174
10547 10678
10547 10717
10547 11337
10547 11560
10547 11881
10566 2774
10566 3011
10566 5359
10566 10678
10566 10717
10566 11337
10570 4953
10570 10717
10570 11337
10570 11881
10573 4953
10573 10678
10573 10717
10573 11337
10573 11881
10574 3011
10574 4953
10574 10678
10574 11337
10585 5174
10585 7635
10585 10678
10585 10717
10585 11337
10590 4953
10590 5359
10590 10678
10590 10717
10590 11337
10592 2290
10592 4953
10592 5359
10592 10118
10592 10678
10592 10717
10592 11337
10592 11881
10616 2290
10616 2774
10616 4953
10616 5359
10616 7635
10616 10717
10616 11337
10616 11881
10621 2774
10621 10717
10624 2774
10624 4953
10624 4977
10624 5174
10624 10678
10624 10717
10624 11337
10624 11881
10626 4953
10626 10678
10626 10717
10626 11337
10627 3011
10627 3230
10627 3580
10627 4007
10627 4953
10627 4977
10627 5174
10627 10119
10627 10717
10627 11337
10629 2290
10629 10678
10629 10717
10636 490
10636 2290
10636 2774
10636 3011
10636 3230
10636 4007
10636 4953
10636 4977
10636 5415
10636 5616
10636 10678
10636 10717
10636 11337
10636 11370
10636 11560
10636 11881
10646 4953
10646 10678
10646 10717
10646 11337
10653 2594
10653 4953
10653 11337
10656 374
10656 490
10656 3230
10656 4007
10656 4953
10656 5616
10656 8548
10656 10119
10656 10302
10656 10678
10656 11337
10656 11560
10656 11881
10662 2290
10662 4953
10662 11881
10663 2774
10663 10717
10663 11337
10670 2774
10670 4953
10670 10678
10670 11337
10673 2774
10673 4953
10673 10118
10673 10678
10673 10717
10673 11337
10673 11881
10676 10678
10676 10717
10676 11337
10676 11881
10693 3011
10693 4953
10693 10678
10693 10717
10693 11337
10704 10678
10704 10717
10704 11337
10711 2290
10713 4953
10713 5359
10713 10678
10713 10717
10713 11337
10713 11881
10724 2290
10724 4953
10727 2290
10727 11337
10729 11560
10731 2290
10731 2774
10731 5359
10731 9163
10731 10678
10731 10717
10731 11337
10732 11337
10767 2774
10767 3011
10767 3230
10767 4007
10767 4953
10767 5359
10767 10119
10767 10678
10767 10717
10767 11337
10767 11560
10778 2290
10778 2774
10778 4953
10778 5359
10778 10678
10778 10717
10778 11337
10778 11881
10783 2774
10783 4953
10783 11337
10785 9163
10785 10717
10785 11337
10788 11337
10798 2290
10798 3230
10798 4953
10798 8548
10798 10119
10798 10678
10798 10717
10798 11337
10802 3230
10802 4953
10802 10678
10802 11337
10802 11881
10806 4953
10806 5174
10806 10678
10806 11337
10808 2774
10808 4953
10808 10678
10808 10717
10808 11337
10808 11560
10809 4953
10809 4977
10809 10678
10809 10717
10809 11881
10811 2290
10811 3230
10811 4007
10811 4953
10811 5174
10811 10119
10811 10717
10811 11337
10817 3011
10817 3230
10817 4953
10817 5336
10817 10119
10817 10678
10817 10717
10817 11337
10817 11560
10822 10717
10829 9163
10829 10717
10829 11881
10869 2774
10869 4953
10869 5359
10869 10118
10869 10678
10869 10717
10869 11337
10869 11881
10872 2774
10872 4953
10872 10717
10872 11337
10874 4953
10874 10678
10877 10717
10878 2290
10878 5174
10878 10717
10878 11337
10884 4953
10884 10678
10903 10717
10904 2774
10904 3011
10904 4953
10904 10302
10904 10678
10904 10717
10904 11337
10904 11881
10905 4953
10905 10678
10905 10717
10905 11337
10906 2290
10906 2774
10906 4953
10906 8548
10906 10302
10906 10678
10906 10717
10906 11337
10906 11881
10939 490
10939 2774
10939 4953
10939 4977
10939 10678
10939 10717
10939 11337
10939 11881
10949 4953
10949 5359
10949 10678
10949 10717
10949 11337
10956 2290
10956 2774
10956 4953
10956 10678
10956 10717
10956 11337
10956 11881
10963 2290
10963 2774
10963 4953
10963 5359
10963 10678
10963 10717
10963 11337
10963 11881
10964 2290
10964 3011
10964 4953
10964 8548
10964 10118
10964 10678
10968 2290
10968 4953
10968 11337
10978 2290
10978 10717
10978 11881
10981 10678
10981 10717
10981 11337
10985 2774
10985 4953
10985 10118
10985 10678
10985 10717
10985 11337
10986 2290
10986 10717
10986 11337
10991 4953
10991 10678
10991 10717
10991 11337
10991 11881
10992 490
10992 4953
10992 10717
10992 11337
11021 2774
11021 4953
11021 10119
11021 10678
11021 10717
11021 11337
11021 11560
11022 4007
11022 4953
11022 10118
11022 10678
11022 10717
11023 10678
11023 10717
11023 11337
11025 2290
11025 9163
11025 10717
11025 11337
11026 4953
11026 10118
11026 10678
11026 10717
11026 11337
11026 11881
11027 10717
11027 11337
11029 2774
11029 4953
11029 10678
11029 10717
11029 11337
11030 4953
11030 10678
11030 10717
11038 4953
11038 5174
11038 10678
11038 10717
11038 11337
11039 10678
11044 4953
11044 10678
11044 10717
11044 11337
11045 490
11045 2290
11045 2774
11045 3011
11045 3230
11045 4007
11045 4953
11045 5415
11045 5616
11045 8548
11045 10119
11045 10302
11045 10678
11045 10717
11045 11337
11045 11560
11045 11881
11045 13753
11049 2774
11049 4953
11049 10678
11049 10717
11049 11337
11049 11560
11049 11881
11052 5359
11052 10678
11052 10717
11052 11337
11052 11560
11052 11881
11055 490
11055 3230
11055 4007
11055 4953
11055 4977
11055 5616
11055 6083
11055 10678
11055 10717
11055 11337
11060 4953
11060 5359
11060 10678
11060 11337
11064 2774
11064 4953
11064 4977
11064 10678
11064 10717
11064 11337
11071 2774
11071 4953
11071 5359
11071 10678
11071 10717
11071 11337
11071 11881
11075 4953
11075 10678
11075 10717
11075 11337
11079 2290
11079 7635
11079 10717
11079 11881
11085 2290
11085 2774
11085 11337
11097 11560
11100 4953
11100 10678
11100 10717
11100 11337
11100 11881
11102 2774
11102 4953
11102 5359
11102 10678
11102 10717
11102 11337
11103 2774
11103 4953
11103 10717
11103 11337
11140 2290
11140 2774
11140 4953
11140 10678
11140 10717
11140 11337
11146 4953
11146 5359
11146 10717
11146 11337
11146 11881
11151 11337
11152 11337
11162 2774
11162 4953
11162 10678
11162 10717
11162 11337
11171 2774
11171 5359
11171 10678
11171 10717
11171 11337
11173 2290
11173 2774
11173 4953
11173 10678
11173 10717
11173 11337
11173 11881
11181 4953
11181 5359
11181 10678
11181 10717
11181 11337
11182 2290
11182 4953
11182 5174
11182 10717
11182 11337
11183 3230
11183 4007
11183 4953
11183 5359
11183 10119
11183 10678
11183 10717
11183 11337
11183 11560
11183 11881
11184 2774
11184 4953
11184 10678
11184 10717
11184 11337
11184 11881
11186 4953
11186 10678
11186 10717
11186 11337
11186 11881
11207 4953
11207 5359
11207 10678
11207 10717
11207 11337
11241 7635
11241 10717
11243 2290
11243 10717
11243 11881
11280 10717
11281 2774
11281 3230
11281 4953
11281 5174
11281 5359
11281 10119
11281 10717
11281 11337
11287 2774
11287 4953
11287 4977
11287 10678
11287 10717
11287 11337
11288 2774
11288 4953
11288 10678
11288 10717
11288 11337
11288 11881
11292 11337
11293 2774
11293 4953
11293 10717
11293 11337
11293 11881
11296 4953
11296 5174
11296 11881
11297 9163
11297 10717
11306 2774
11306 4953
11306 5359
11306 10717
11306 11337
11314 2290
11314 4953
11314 4977
11314 10678
11314 10717
11314 11337
11314 11881
11334 2774
11334 4953
11334 4977
11334 5359
11334 7635
11334 10678
11334 10717
11334 11337
11334 11881
11336 4953
11336 5174
11336 10717
11336 11337
11376 11881
11396 4953
11396 5359
11396 5616
11396 10717
11396 11337
11398 4953
11398 11337
11398 11881
11399 2774
11399 4953
11399 11560
11399 11881
11411 4953
11411 10678
11411 10717
11411 11337
11411 11881
11412 4953
11412 5359
11412 10678
11412 10717
11412 11337
11412 11881
11413 11337
11414 7635
11414 10717
11414 11337
11414 11881
11415 2290
11415 4953
11415 10118
11415 10678
11415 10717
11415 11337
11415 11881
11419 490
11419 2290
11419 4953
11419 10302
11419 10717
11419 11337
11427 2290
11427 10717
11427 11881
11439 10678
11439 11337
11444 2290
11444 2774
11444 4953
11444 10678
11444 10717
11444 11881
11445 2774
11445 4953
11445 10678
11445 10717
11445 11337
11447 2290
11447 4953
11447 7635
11447 10678
11447 11337
11451 2774
11451 4953
11451 10678
11451 10717
11451 11337
11451 11881
11458 490
11458 2290
11458 2774
11458 3230
11458 4007
11458 4953
11458 4977
11458 8548
11458 10119
11458 10678
11458 10717
11458 11337
11458 11370
11458 11560
11458 11881
11459 2290
11459 10717
11459 11337
11459 11881
11462 4953
11462 10678
11462 10717
11462 11337
11481 3230
11481 4953
11481 10717
11485 2290
11485 10678
11485 10717
11495 10717
11505 10717
11505 11881
11511 2290
11511 2774
11511 4953
11511 10678
11511 11337
11512 4953
11512 5359
11512 10118
11512 10678
11512 10717
11512 11337
11518 2774
11518 4953
11518 4977
11518 8548
11518 10678
11518 10717
11518 11337
11518 11881
11580 2774
11580 4953
11580 10678
11580 10717
11580 11337
11589 4953
11589 10678
11589 10717
11589 11881
11594 2290
11594 2774
11594 4953
11594 10717
11594 11337
11595 11881
11612 2290
11612 4953
11612 10678
11612 10717
11612 11337
11612 11881
11625 2774
11625 4953
11625 10302
11625 10678
11625 10717
11625 11337
11625 11881
11626 3230
11626 4007
11626 4953
11626 5336
11626 5359
11626 10118
11626 10119
11626 10678
11626 10717
11626 11337
11626 11560
11640 2774
11640 4953
11640 10678
11640 10717
11640 11337
11640 11881
11653 2774
11653 4953
11664 2290
11664 2774
11664 4953
11664 10678
11664 10717
11664 11337
11666 2290
11666 2774
11666 4953
11666 8548
11666 10678
11666 10717
11666 11337
11666 11881
11671 2290
11671 4953
11671 10717
11671 11337
11677 2290
11677 2774
11677 4953
11677 10678
11677 10717
11677 11337
11677 11881
11680 4953
11680 4977
11680 10678
11680 10717
11680 11337
11681 10678
11681 10717
11681 11337
11685 2290
11685 4953
11685 10678
11685 10717
11687 10678
11687 10717
11687 11337
11688 2290
11688 10678
11688 11337
11689 2774
11691 2774
11691 4953
11691 4977
11691 7635
11691 10302
11691 10678
11691 10717
11691 11881
11694 2774
11694 4953
11700 2774
11700 4953
11700 4977
11700 10302
11700 10678
11700 10717
11700 11337
11705 2290
11705 4953
11705 10118
11705 11337
11706 4953
11706 5359
11706 10678
11706 10717
11707 10118
11707 10678
11707 10717
11707 11337
11710 2290
11710 4953
11710 10678
11710 11337
11713 4953
11713 10678
11713 10717
11713 11337
11713 11881
11728 4953
11728 11337
11734 10717
11735 4953
11735 10717
11741 490
11741 2774
11741 4953
11741 10302
11741 11370
11748 4953
11748 10678
11748 10717
11748 11337
11752 2290
11752 4953
11752 10678
11752 10717
11752 11337
11754 4953
11754 10678
11754 10717
11754 11337
11755 4953
11755 10678
11755 10717
11755 11337
11766 10678
11766 10717
11766 11337
11776 490
11776 2774
11776 4953
11776 10678
11776 10717
11776 11337
11776 11881
11778 4953
11778 10678
11778 11337
11780 490
11780 2290
11780 2774
11780 4953
11780 5359
11780 10678
11780 10717
11780 11337
11780 11881
11782 2290
11782 4953
11782 10678
11782 10717
11782 11337
11790 2290
11790 4953
11790 10678
11790 10717
11790 11337
11790 11881
11800 4953
11800 10678
11805 490
11805 2774
11805 4953
11805 10302
11805 11337
11808 10717
11808 11337
11808 11881
11809 4953
11809 11337
11809 11881
11810 2290
11810 4953
11810 10717
11810 11337
11813 3011
11813 3217
11813 4953
11813 5359
11813 10118
11813 10119
11813 10678
11813 10717
11813 11560
11822 2290
11822 4953
11822 4977
11822 10678
11822 10717
11822 11337
11822 11881
11823 4953
11823 10678
11823 10717
11823 11337
11824 4953
11824 5359
11824 8548
11824 10678
11824 10717
11824 11337
11825 2290
11825 2774
11825 3217
11825 4953
11825 5359
11825 10119
11825 10678
11825 10717
11825 11337
11825 11560
11825 11881
11827 2290
11827 4953
11827 4977
11827 5174
11827 10678
11827 10717
11827 11337
11827 11881
11828 4953
11828 10717
11828 11337
11829 2774
11829 4953
11829 10678
11829 10717
11829 11337
11831 4953
11831 10678
11831 10717
11831 11337
11831 11881
11832 10717
11834 2290
11834 2774
11834 4953
11834 10678
11834 11337
11836 2290
11836 4953
11836 10678
11836 10717
11836 11337
11844 2290
11844 4953
11844 5174
11844 5359
11844 10717
11844 11337
11847 2290
11847 2774
11847 4953
11847 4977
11847 5174
11847 10717
11851 2290
11852 2290
11860 2290
11860 4953
11860 10678
11860 10717
11876 2290
11876 2774
11876 4953
11876 11337
11876 11881
11900 2774
11900 3011
11900 3217
11900 4953
11900 4977
11900 10678
11900 10717
11900 11337
11900 11560
11900 11881
11906 5174
11906 11337
11944 10717
11944 11337
11944 11881
11958 4953
11958 5359
11958 10678
11958 10717
11958 11337
11961 2774
11961 4953
11961 4977
11961 10678
11961 10717
11961 11337
11961 11881
11962 2290
11962 3230
11962 10678
11962 11337
11962 11881
11965 2290
11965 4953
11965 10717
11965 11337
11969 2290
11969 5174
11969 10678
11969 10717
12026 4953
12026 5359
12026 10678
12026 10717
12026 11337
12026 11881
12056 2290
12056 2774
12056 4953
12056 5359
12056 5616
12056 10302
12056 10678
12056 10717
12056 11337
12056 11881
12064 2290
12064 2774
12064 4953
12064 4977
12064 10678
12064 10717
12064 11337
12064 11881
12071 2290
12071 10678
12071 10717
12071 11337
12072 2290
12072 2774
12072 4953
12074 4953
12074 5359
12074 7635
12074 10678
12074 10717
12074 11337
12075 10118
12075 11337
12093 4007
12093 4953
12093 10678
12093 10717
12093 11337
12093 11560
12148 2290
12148 4953
12148 10678
12148 10717
12149 10678
12149 10717
12149 11337
12154 2774
12154 4953
12154 11337
12158 4953
12158 11337
12160 2774
12160 4953
12160 4977
12160 5174
12160 10118
12160 10302
12160 10678
12160 11337
12166 2290
12166 4953
12166 10678
12166 10717
12180 2774
12180 4953
12180 10118
12180 10678
12180 11337
12180 11881
12192 490
12192 2290
12192 2774
12192 4953
12192 11337
12192 11881
12210 490
12210 4953
12210 5616
12214 10678
12214 10717
12214 11337
12214 11881
12290 2290
12290 10678
12290 10717
12290 11337
12300 5359
12300 10678
12300 10717
12300 11337
12303 4953
12303 7635
12303 10678
12303 10717
12303 11337
12303 11881
12314 2774
12314 3230
12314 4007
12314 4953
12314 5359
12314 10119
12314 10678
12314 10717
12314 11337
12314 11370
12343 3011
12343 3217
12343 4007
12343 4953
12343 10119
12343 10678
12343 10717
12343 11337
12343 11881
12350 4953
12350 10678
12350 11337
12352 4953
12352 10678
12352 10717
12352 11337
12352 11881
12354 4953
12355 4953
12355 10717
12355 11337
12355 11881
12357 2774
12357 4953
12357 7635
12357 10678
12357 10717
12357 11337
12357 11881
12358 4953
12358 10678
12358 10717
12367 10717
12368 10717
12369 4953
12369 10678
12386 2774
12386 3011
12386 3230
12386 3580
12386 5359
12386 10118
12386 10119
12386 10678
12386 10717
12386 11337
12386 11560
12386 11881
12391 2290
12391 4953
12391 10678
12391 10717
12391 11337
12402 4953
12402 10678
12402 10717
12402 11337
12405 4953
12405 10678
12405 10717
12405 11337
12407 4953
12407 10678
12410 2290
12410 10717
12410 11337
12422 5359
12422 11337
12423 2290
12423 4953
12423 5359
12423 10717
12423 11337
12425 4953
12425 5359
12425 10302
12425 11337
12430 969
12433 2774
12433 4953
12433 10717
12433 11337
12436 2290
12436 10717
12436 11337
12448 4953
12448 10717
12448 11337
12448 11881
12454 2774
12454 4953
12454 10678
12454 10717
12454 11337
12454 11881
12459 2290
12459 4953
12459 11337
12460 2774
12460 4953
12460 10678
12460 10717
12460 11337
12464 2290
12464 4953
12464 11337
12466 10678
12466 10717
12466 11337
12467 2774
12467 4953
12467 10118
12467 10678
12467 10717
12467 11337
12476 1271
12476 2290
12476 2774
12476 4953
12476 4977
12476 10678
12476 10717
12476 11337
12476 11881
12477 4953
12477 10678
12477 10717
12477 11337
12478 11337
12485 2290
12485 2774
12485 4953
12485 4977
12485 10118
12485 10678
12485 10717
12485 11337
12485 11881
12486 10678
12486 10717
12488 2774
12488 4953
12489 4953
12489 10678
12489 10717
12489 11337
12490 4953
12490 10717
12491 4953
12491 10678
12492 2290
12492 4953
12492 10118
12492 10678
12492 11337
12511 4953
12511 10717
12511 11337
12512 4953
12512 9163
12512 10717
12512 11337
12512 11881
12513 9163
12513 10717
12522 490
12522 2774
12522 4953
12522 5359
12522 10678
12522 10717
12522 11337
12527 4953
12527 10717
12527 11337
12532 4953
12532 10678
12532 10717
12532 11337
12535 4953
12535 10678
12535 10717
12535 11337
12536 2290
12536 2774
12536 10717
12536 11337
12537 2290
12537 4953
12537 10678
12537 10717
12537 11337
12558 10717
12558 11337
12558 11881
12596 2774
12596 4953
12596 10678
12596 10717
12596 11337
12596 11881
12612 2290
12612 4953
12612 10678
12612 11337
12614 4953
12614 10678
12614 10717
12615 2774
12615 4953
12615 11337
12616 10678
12616 10717
12616 11337
12617 2290
12617 2774
12617 4953
12617 11337
12618 2290
12618 4953
12618 11337
12619 2290
12619 4953
12619 10678
12619 11337
12619 11881
12627 4953
12627 10678
12627 10717
12628 2774
12628 4953
12628 10678
12628 10717
12628 11337
12628 11881
12631 4953
12631 10678
12631 10717
12631 11337
12633 11337
12634 10717
12634 11881
12641 10678
12641 11337
12642 10678
12642 10717
12642 11337
12642 11881
12645 4953
12645 10678
12645 10717
12645 11337
12645 11881
12648 2290
12648 2774
12648 10717
12648 11881
12650 10678
12650 11337
12660 4953
12660 10717
12660 11337
12661 2774
12661 4953
12661 10678
12661 10717
12661 11337
12662 2290
12662 4953
12662 10678
12662 10717
12662 11337
12662 11881
12664 2290
12664 4953
12664 10717
12664 11337
12665 2774
12665 3230
12665 4007
12665 4953
12665 5616
12665 10119
12665 10678
12665 10717
12665 11337
12669 4953
12669 10678
12669 10717
12669 11337
12671 4953
12671 10678
12671 10717
12671 11337
12672 2290
12672 10717
12672 11337
12674 4953
12674 9163
12674 10678
12676 4953
12676 11337
12676 11881
12682 4953
12682 10678
12682 10717
12682 11337
12684 4953
12684 10717
12684 11337
12687 2774
12687 4953
12687 5174
12687 10678
12687 10717
12687 11881
12691 2774
12691 4953
12691 5359
12691 10118
12691 10717
12691 11337
12691 11881
12697 969
12700 2774
12700 4953
12700 5359
12700 7635
12700 10678
12700 10717
12700 11337
12700 11881
12703 2774
12703 4953
12703 5359
12703 10717
12703 11337
12716 10717
12721 4953
12721 11337
12725 4953
12725 7635
12725 10717
12725 11337
12728 4953
12728 11337
12755 4953
12755 11337
12756 2774
12756 4953
12756 10678
12756 10717
12756 11337
12775 4953
12775 10717
12775 11337
12777 2774
12777 4953
12777 4977
12777 5359
12777 10678
12777 10717
12777 11337
12802 11337
12806 4953
12806 10678
12806 11337
12810 10678
12810 11337
12810 11881
12832 2290
12877 10717
12877 11881
12881 2290
12881 7635
12881 10717
12881 11881
12884 2290
12884 10717
12884 11337
12885 2290
12896 10678
12899 4953
12899 11337
12906 2290
12906 11337
12925 4953
12925 10678
12925 10717
12925 11881
12943 490
12943 10302
12943 11337
12956 4977
12956 5174
12956 10717
12956 11337
12967 2290
12967 10717
12968 9163
12968 10717
12968 11881
12996 2290
12996 10717
13026 4953
13026 10678
13026 11337
13083 4953
13095 10717
13095 11881
13096 11337
13098 2290
13098 4953
13098 10717
13098 11337
13099 10717
13099 11337
13099 11881
13100 10717
13133 2290
13133 10678
13133 10717
13139 10717
13139 11881
13141 10717
13143 2290
13143 10717
13143 11337
13144 10717
13144 11881
13166 10717
13169 4953
13169 10302
13190 490
13190 2774
13192 10717
13196 10717
13212 7635
13212 9163
13212 10717
13223 4953
13223 11337
13236 10717
13314 11881
13315 10717
13316 2774
13316 4953
13316 4977
13316 10678
13316 10717
13316 11337
13316 11881
13323 4953
13323 7635
13323 10717
13323 11881
13325 2290
13325 4953
13325 4977
13325 10678
13325 10717
13325 11337
13327 2290
13327 10717
13327 11337
13329 3230
13329 4007
13329 4953
13329 10678
13329 10717
13329 11337
13329 11881
13533 2290
13533 10717
13533 11337
13533 11881
13540 4953
13540 10678
13540 10717
13540 11337
13548 2290
13548 10678
13548 10717
13548 11337
13593 2290
13593 4953
13593 4977
13593 10717
13593 11337
13593 11881
13600 5174
13750 7635
13750 10717
13751 2290
13751 10717
13751 11337
13751 11881
13755 10678
13755 10717
13755 11337
13813 10118
13813 10717
13813 11337
13813 11881
13833 2774
13833 5359
13833 10678
13833 10717
13833 11337
13833 11881
13849 2774
13849 4953
13849 10678
13849 10717
13849 11337
13850 2774
13850 4953
13850 11337
13961 2290
13961 4953
13961 5174
13961 10678
13961 10717
13961 11337
13961 11881
13966 10717
13981 2290
13981 3230
13981 4007
13981 4953
13981 10678
13981 10717
13981 11337
13981 11560
13981 11881
13984 2290
13984 2774
13984 4953
13984 4977
13984 5359
13984 10678
13984 10717
13984 11337
13984 11881
13991 9163
13991 10717
13991 11881
13993 2290
13993 5174
13993 10717
13993 11337
14031 4953
14031 10678
14031 10717
14031 11337
14043 2290
14043 4953
14043 5359
14043 10717
14043 11337
14046 2290
14046 11337
14049 3137
14049 4953
14049 10678
14049 10717
14049 11337
14050 3230
14050 4007
14050 5359
14050 10118
14050 10678
14050 10717
14050 11560
14050 11881
14051 4953
14051 10678
14051 10717
14051 11337
14081 4953
14081 5359
14081 10678
14081 10717
14081 11337
14081 11881
14103 5174
14103 7635
14103 10717
14119 4953
14119 10678
14119 11337
14119 11881
14121 2290
14121 10717
14121 11881
14123 2290
14123 10717
14123 11337
14274 10717
14277 2290
14277 7635
14277 10717
14277 11337
14277 11881
14375 2774
14375 4953
14375 4977
14375 5359
14375 10118
14375 10678
14375 10717
14375 11337
14375 11881
14440 11337
14492 2290
14492 10717
14492 11337
14492 11881
14497 2290
14497 3230
14497 4007
14497 10717
14497 11337
14497 11881
14506 2290
14506 10717
14506 11337
