14541 14541 202
477 9211
477 12930
745 5635
745 10416
1083 3785
1315 7429
1429 3095
1429 6545
1429 6579
3095 3785
3095 9231
3095 10416
3117 9584
3117 11523
3152 12742
3152 12998
3785 3117
3785 9227
4488 9231
5243 7136
5243 9598
5635 12742
5635 12990
5635 12998
5714 12998
5851 1429
5851 7136
5851 9231
5851 9598
5851 10416
5851 11524
6176 7699
6544 10416
6544 12742
6544 12998
6545 745
6545 3785
6545 9231
6545 9582
6545 12990
6552 10416
6559 745
6579 7699
7136 440
7136 5851
7136 8960
7136 9210
7136 10416
7136 10582
7136 11338
7136 13209
7429 1315
7429 9584
7699 5635
7699 6544
7699 9808
7699 10416
7699 12011
7760 7699
7775 8092
7775 11523
7775 12910
8092 9211
8178 10416
8518 3095
8518 4488
8518 5864
8518 7401
8518 7774
8518 7775
8518 9220
8518 9594
8518 10823
8518 12742
8518 12918
8518 12930
8523 13775
8542 12990
8901 9821
8960 10416
9084 12805
9155 440
9155 5635
9155 6544
9155 6552
9155 8092
9155 9084
9155 9107
9155 9220
9155 10416
9155 12011
9164 9231
9164 9821
9164 10416
9164 12930
9211 440
9211 8092
9231 5851
9231 9164
9231 11523
9582 5635
9582 5851
9582 6545
9582 8092
9582 8960
9582 12918
9584 7429
9598 5243
9598 5635
9598 6544
9808 9211
9808 10416
9808 12930
9821 8901
9821 9812
9913 10416
10038 10416
10038 11338
10038 11523
10108 9582
10416 440
10416 477
10416 1429
10416 5635
10416 5851
10416 8092
10416 8960
10416 9107
10416 9164
10416 9211
10416 9220
10416 9808
10416 10823
10416 11338
10416 11523
10416 12742
10416 12930
10416 12990
10416 13775
10582 10416
10823 10416
11338 7136
11338 9598
11465 5851
11465 7136
11465 9598
11465 9808
11465 10416
11465 11338
11523 745
11523 1429
11523 3117
11523 3785
11523 7429
11523 7699
11523 9211
11523 9231
11523 9582
11523 9598
11523 9821
11523 11465
11523 12742
11523 12930
11524 9808
11524 10416
12011 7699
12011 9231
12011 10416
12011 12742
12011 12805
12011 12930
12244 9211
12742 477
12742 6544
12742 8092
12742 9084
12742 10416
12742 12011
12910 9582
12910 12930
12918 3117
12918 9231
12918 9582
12930 8960
12930 10416
12930 11523
12930 12011
12990 5190
12990 6545
12990 8542
12990 9808
12990 10416
12998 5714
12998 6544
13401 5635
13401 6544
13401 9084
13401 9220
13401 9808
13775 8523
13775 9808
13775 10416
