14541 14541 1179
372 356
372 404
372 2121
372 2513
372 3502
372 3505
372 3509
372 3510
372 3512
372 3513
372 3518
372 3524
372 3534
372 3771
372 4502
372 4503
372 4504
372 4505
372 4506
372 4508
372 4710
372 5346
372 6017
372 6888
372 7485
372 7496
372 7847
372 8285
372 8593
372 8625
372 8731
372 9027
372 9275
372 9639
372 9744
372 9942
372 10006
372 10484
372 10485
372 10576
372 11635
372 11669
372 11964
372 11967
372 12302
372 12361
372 12701
372 12712
372 12713
372 12714
372 12715
372 12717
372 12718
372 12719
372 12722
372 12723
372 12724
372 12823
372 12857
372 14064
581 356
581 404
581 2121
581 2513
581 3502
581 3505
581 3509
581 3510
581 3512
581 3513
581 3518
581 3519
581 3524
581 3534
581 3771
581 4502
581 4503
581 4504
581 4506
581 4508
581 4710
581 5346
581 5347
581 6017
581 6888
581 7071
581 7485
581 7496
581 7847
581 8285
581 8593
581 8625
581 9027
581 9275
581 9639
581 9744
581 9942
581 10006
581 10184
581 10484
581 10485
581 10576
581 11635
581 11669
581 11964
581 11967
581 12302
581 12361
581 12701
581 12712
581 12713
581 12714
581 12715
581 12717
581 12718
581 12719
581 12722
581 12723
581 12724
581 12823
581 12857
581 14064
2155 356
2155 404
2155 2121
2155 2513
2155 2838
2155 3502
2155 3505
2155 3509
2155 3510
2155 3512
2155 3513
2155 3518
2155 3519
2155 3524
2155 3534
2155 4502
2155 4503
2155 4504
2155 4505
2155 4506
2155 4508
2155 4710
2155 5346
2155 6888
2155 7485
2155 7496
2155 7847
2155 8285
2155 8593
2155 8625
2155 9027
2155 9275
2155 9440
2155 9639
2155 9744
2155 10006
2155 10184
2155 10484
2155 10485
2155 10576
2155 11669
2155 11964
2155 11966
2155 11967
2155 11968
2155 12302
2155 12361
2155 12701
2155 12712
2155 12713
2155 12714
2155 12715
2155 12717
2155 12718
2155 12719
2155 12722
2155 12723
2155 12724
2155 12857
2155 14064
5592 356
5592 404
5592 2121
5592 2513
5592 2838
5592 3502
5592 3505
5592 3509
5592 3510
5592 3512
5592 3513
5592 3518
5592 3519
5592 3524
5592 3534
5592 3771
5592 4502
5592 4503
5592 4504
5592 4505
5592 4506
5592 4508
5592 4509
5592 4710
5592 5346
5592 6017
5592 6888
5592 7071
5592 7485
5592 7496
5592 7847
5592 8285
5592 8593
5592 8625
5592 9027
5592 9275
5592 9440
5592 9639
5592 9744
5592 10006
5592 10184
5592 10484
5592 10485
5592 10576
5592 11635
5592 11669
5592 11964
5592 11966
5592 11967
5592 11968
5592 12302
5592 12361
5592 12701
5592 12712
5592 12713
5592 12714
5592 12715
5592 12717
5592 12718
5592 12719
5592 12722
5592 12723
5592 12724
5592 12857
5592 14064
5776 404
5776 2121
5776 2513
5776 3502
5776 3505
5776 3509
5776 3510
5776 3512
5776 3513
5776 3518
5776 3519
5776 3524
5776 3534
5776 4502
5776 4503
5776 4504
5776 4505
5776 4506
5776 4508
5776 6888
5776 7485
5776 7496
5776 7847
5776 8285
5776 8625
5776 8731
5776 9275
5776 9440
5776 9639
5776 9744
5776 9942
5776 10006
5776 10484
5776 10485
5776 10576
5776 11964
5776 11967
5776 12302
5776 12361
5776 12701
5776 12712
5776 12713
5776 12714
5776 12715
5776 12717
5776 12718
5776 12719
5776 12722
5776 12723
5776 12724
5776 12823
5776 12857
5776 14064
7853 404
7853 2121
7853 2513
7853 2838
7853 3502
7853 3505
7853 3509
7853 3510
7853 3512
7853 3513
7853 3518
7853 3519
7853 3524
7853 3534
7853 4502
7853 4503
7853 4504
7853 4505
7853 4506
7853 4508
7853 4710
7853 5346
7853 6888
7853 7071
7853 7485
7853 7496
7853 7847
7853 8285
7853 8593
7853 8625
7853 9027
7853 9275
7853 9440
7853 9639
7853 9744
7853 10006
7853 10484
7853 10485
7853 10576
7853 11964
7853 11966
7853 11967
7853 11968
7853 12302
7853 12361
7853 12701
7853 12712
7853 12713
7853 12714
7853 12715
7853 12717
7853 12718
7853 12719
7853 12722
7853 12723
7853 12724
7853 12857
7853 14064
8662 2121
8662 2513
8662 2838
8662 3502
8662 3505
8662 3509
8662 3510
8662 3512
8662 3513
8662 3518
8662 3524
8662 3534
8662 4500
8662 4502
8662 4503
8662 4504
8662 4505
8662 4506
8662 4508
8662 4509
8662 4710
8662 6888
8662 7485
8662 7847
8662 8285
8662 8625
8662 8731
8662 9027
8662 9639
8662 9744
8662 10006
8662 10184
8662 10484
8662 10485
8662 10576
8662 11964
8662 11966
8662 11967
8662 11968
8662 12302
8662 12361
8662 12701
8662 12712
8662 12713
8662 12714
8662 12715
8662 12717
8662 12718
8662 12719
8662 12722
8662 12723
8662 12724
8662 14064
8726 356
8726 404
8726 2121
8726 2513
8726 3502
8726 3505
8726 3509
8726 3510
8726 3512
8726 3513
8726 3518
8726 3519
8726 3524
8726 3534
8726 3771
8726 4502
8726 4503
8726 4504
8726 4506
8726 4508
8726 4710
8726 5346
8726 6017
8726 6888
8726 7071
8726 7485
8726 7496
8726 7847
8726 8285
8726 8593
8726 8625
8726 8731
8726 9027
8726 9275
8726 9639
8726 9744
8726 9942
8726 10006
8726 10184
8726 10484
8726 10485
8726 10576
8726 11635
8726 11669
8726 11964
8726 11967
8726 12302
8726 12361
8726 12701
8726 12712
8726 12713
8726 12714
8726 12715
8726 12717
8726 12718
8726 12719
8726 12722
8726 12723
8726 12724
8726 12823
8726 12857
8726 14064
9275 356
9275 2513
9275 3505
9275 3512
9275 3519
9275 3534
9275 9027
9275 10006
9643 2121
9643 2513
9643 3502
9643 3505
9643 3509
9643 3510
9643 3512
9643 3513
9643 3518
9643 3519
9643 3524
9643 3534
9643 4502
9643 4503
9643 4504
9643 4506
9643 4508
9643 4710
9643 6888
9643 7485
9643 7847
9643 8285
9643 8625
9643 8731
9643 9027
9643 9639
9643 9744
9643 9942
9643 10006
9643 10184
9643 10484
9643 10485
9643 10576
9643 11964
9643 11967
9643 12302
9643 12361
9643 12701
9643 12712
9643 12713
9643 12714
9643 12715
9643 12717
9643 12718
9643 12719
9643 12722
9643 12723
9643 12724
9643 12823
9643 14064
10333 356
10333 404
10333 2121
10333 2838
10333 3502
10333 3505
10333 3509
10333 3510
10333 3512
10333 3513
10333 3518
10333 3519
10333 3524
10333 3534
10333 4502
10333 4503
10333 4504
10333 4505
10333 4506
10333 4508
10333 4509
10333 6888
10333 7485
10333 7847
10333 8285
10333 8593
10333 8625
10333 9027
10333 9440
10333 9639
10333 9744
10333 10006
10333 10184
10333 10484
10333 10485
10333 10576
10333 11964
10333 11966
10333 11967
10333 12302
10333 12361
10333 12701
10333 12712
10333 12713
10333 12714
10333 12715
10333 12717
10333 12718
10333 12719
10333 12722
10333 12723
10333 12724
10333 14064
10334 356
10334 404
10334 2121
10334 2513
10334 3502
10334 3505
10334 3509
10334 3510
10334 3512
10334 3513
10334 3518
10334 3519
10334 3524
10334 3534
10334 4500
10334 4502
10334 4503
10334 4504
10334 4506
10334 4508
10334 6017
10334 6888
10334 7485
10334 7496
10334 7847
10334 8285
10334 8625
10334 9027
10334 9275
10334 9639
10334 9744
10334 10006
10334 10484
10334 10485
10334 10576
10334 11635
10334 11964
10334 11967
10334 12302
10334 12361
10334 12701
10334 12712
10334 12713
10334 12714
10334 12715
10334 12717
10334 12718
10334 12719
10334 12722
10334 12723
10334 12724
10334 12823
10334 12857
10334 14064
11501 356
11501 404
11501 2121
11501 2513
11501 2838
11501 3502
11501 3505
11501 3509
11501 3510
11501 3512
11501 3513
11501 3518
11501 3519
11501 3524
11501 3534
11501 4502
11501 4503
11501 4504
11501 4505
11501 4506
11501 4508
11501 4710
11501 5346
11501 6888
11501 7485
11501 7496
11501 7847
11501 8285
11501 8625
11501 9027
11501 9275
11501 9440
11501 9639
11501 9744
11501 9942
11501 10006
11501 10184
11501 10484
11501 10485
11501 10576
11501 11964
11501 11966
11501 11967
11501 11968
11501 12302
11501 12361
11501 12701
11501 12712
11501 12713
11501 12714
11501 12715
11501 12717
11501 12718
11501 12719
11501 12722
11501 12723
11501 12724
11501 12823
11501 12857
11501 14064
11669 356
11669 2513
11669 3505
11669 3512
11669 3519
11669 3534
11669 9027
11669 9275
11669 10006
11726 356
11726 404
11726 2121
11726 2513
11726 3502
11726 3505
11726 3509
11726 3510
11726 3512
11726 3513
11726 3518
11726 3519
11726 3524
11726 3534
11726 4502
11726 4503
11726 4504
11726 4505
11726 4506
11726 4508
11726 4710
11726 5346
11726 6017
11726 6888
11726 7485
11726 7496
11726 7847
11726 8285
11726 8593
11726 8625
11726 8731
11726 9027
11726 9275
11726 9639
11726 9744
11726 9942
11726 10006
11726 10484
11726 10485
11726 10576
11726 11635
11726 11669
11726 11964
11726 11967
11726 12302
11726 12361
11726 12701
11726 12712
11726 12713
11726 12714
11726 12715
11726 12717
11726 12718
11726 12719
11726 12722
11726 12723
11726 12724
11726 12823
11726 12857
11726 14064
11933 404
11933 2121
11933 2838
11933 3502
11933 3505
11933 3509
11933 3510
11933 3512
11933 3513
11933 3518
11933 3519
11933 3524
11933 3534
11933 4502
11933 4503
11933 4504
11933 4505
11933 4506
11933 4508
11933 4509
11933 4710
11933 6888
11933 7485
11933 7496
11933 7847
11933 8285
11933 8593
11933 8625
11933 9027
11933 9639
11933 9744
11933 9942
11933 10006
11933 10184
11933 10484
11933 10485
11933 10576
11933 11964
11933 11966
11933 11967
11933 11968
11933 12302
11933 12361
11933 12701
11933 12712
11933 12713
11933 12714
11933 12715
11933 12717
11933 12718
11933 12719
11933 12722
11933 12723
11933 12724
11933 12857
11933 14064
12028 356
12028 404
12028 2121
12028 2513
12028 3502
12028 3505
12028 3509
12028 3510
12028 3512
12028 3513
12028 3518
12028 3519
12028 3524
12028 3534
12028 4502
12028 4503
12028 4504
12028 4506
12028 4508
12028 4710
12028 5346
12028 6017
12028 6888
12028 7071
12028 7485
12028 7496
12028 7847
12028 8285
12028 8593
12028 8625
12028 8731
12028 9027
12028 9275
12028 9639
12028 9744
12028 9942
12028 10006
12028 10184
12028 10484
12028 10485
12028 10576
12028 11635
12028 11669
12028 11964
12028 11967
12028 12302
12028 12361
12028 12701
12028 12712
12028 12713
12028 12714
12028 12715
12028 12717
12028 12718
12028 12719
12028 12722
12028 12723
12028 12724
12028 12823
12028 12857
12028 14064
12034 356
12034 404
12034 2121
12034 2513
12034 3502
12034 3505
12034 3509
12034 3510
12034 3512
12034 3513
12034 3518
12034 3519
12034 3524
12034 3534
12034 4502
12034 4503
12034 4504
12034 4506
12034 4710
12034 5346
12034 5347
12034 6017
12034 6888
12034 7485
12034 7496
12034 7847
12034 8285
12034 8593
12034 8625
12034 8731
12034 9027
12034 9275
12034 9639
12034 9744
12034 9942
12034 10006
12034 10484
12034 10485
12034 10576
12034 11635
12034 11669
12034 11964
12034 11967
12034 12302
12034 12361
12034 12701
12034 12712
12034 12713
12034 12714
12034 12715
12034 12717
12034 12718
12034 12719
12034 12722
12034 12723
12034 12724
12034 12823
12034 12857
12034 14064
12088 356
12088 404
12088 2121
12088 2513
12088 3502
12088 3505
12088 3509
12088 3510
12088 3512
12088 3513
12088 3518
12088 3519
12088 3524
12088 3534
12088 4502
12088 4503
12088 4504
12088 4506
12088 4508
12088 4710
12088 5346
12088 5347
12088 6017
12088 6888
12088 7485
12088 7496
12088 7847
12088 8285
12088 8593
12088 8625
12088 9027
12088 9275
12088 9639
12088 9744
12088 9942
12088 10006
12088 10184
12088 10484
12088 10485
12088 10576
12088 11635
12088 11669
12088 11964
12088 11967
12088 12302
12088 12361
12088 12701
12088 12712
12088 12713
12088 12714
12088 12715
12088 12717
12088 12718
12088 12719
12088 12722
12088 12723
12088 12724
12088 12823
12088 12857
12088 14064
12091 404
12091 2121
12091 2513
12091 3502
12091 3505
12091 3509
12091 3510
12091 3512
12091 3513
12091 3518
12091 3519
12091 3524
12091 3534
12091 3771
12091 4502
12091 4503
12091 4504
12091 4506
12091 4508
12091 4710
12091 5346
12091 5347
12091 6017
12091 6888
12091 7071
12091 7485
12091 7496
12091 7847
12091 8285
12091 8593
12091 8625
12091 9027
12091 9275
12091 9639
12091 9744
12091 9942
12091 10006
12091 10184
12091 10484
12091 10485
12091 10576
12091 11635
12091 11964
12091 11967
12091 12302
12091 12361
12091 12701
12091 12712
12091 12713
12091 12714
12091 12715
12091 12717
12091 12718
12091 12719
12091 12722
12091 12723
12091 12724
12091 12823
12091 12857
12091 14064
12202 404
12202 2121
12202 2838
12202 3502
12202 3505
12202 3509
12202 3512
12202 3513
12202 3518
12202 3519
12202 3524
12202 3534
12202 4502
12202 4503
12202 4504
12202 4505
12202 4506
12202 4508
12202 4509
12202 4710
12202 6888
12202 7071
12202 7485
12202 7496
12202 7847
12202 8285
12202 8593
12202 8625
12202 9027
12202 9440
12202 9639
12202 9744
12202 10006
12202 10184
12202 10484
12202 10485
12202 10576
12202 11964
12202 11966
12202 11967
12202 11968
12202 12302
12202 12361
12202 12701
12202 12712
12202 12713
12202 12714
12202 12715
12202 12717
12202 12718
12202 12719
12202 12722
12202 12723
12202 12724
12202 14064
12824 404
12824 2121
12824 2513
12824 3502
12824 3505
12824 3509
12824 3510
12824 3512
12824 3513
12824 3518
12824 3519
12824 3524
12824 3534
12824 3771
12824 4502
12824 4503
12824 4504
12824 4505
12824 4506
12824 4508
12824 4710
12824 5346
12824 5347
12824 6017
12824 6888
12824 7071
12824 7485
12824 7496
12824 7847
12824 8285
12824 8593
12824 8625
12824 9027
12824 9275
12824 9639
12824 9744
12824 9942
12824 10006
12824 10484
12824 10485
12824 10576
12824 11635
12824 11669
12824 11964
12824 11967
12824 12302
12824 12361
12824 12701
12824 12712
12824 12713
12824 12714
12824 12715
12824 12717
12824 12718
12824 12719
12824 12722
12824 12723
12824 12724
12824 12823
12824 12857
12824 14064
