14541 14541 2483
126 25
197 77
197 3081
197 5529
197 6302
197 7262
197 7265
197 9165
197 10245
197 13595
243 401
243 1940
243 2079
243 2479
243 2570
243 2703
243 3222
243 6049
243 6067
243 6557
243 7152
243 7473
243 7837
243 8669
243 8936
243 9105
243 9265
243 9294
243 10812
243 12897
243 12898
243 12988
243 13193
243 13446
243 13489
243 13588
243 14089
307 130
307 196
307 418
307 854
307 1412
307 1658
307 2259
307 2317
307 2577
307 2649
307 3009
307 3471
307 3617
307 3629
307 4374
307 4591
307 4664
307 5216
307 5226
307 5535
307 5549
307 5744
307 5758
307 5837
307 5870
307 5929
307 6029
307 6577
307 6932
307 7152
307 7479
307 7492
307 7805
307 8460
307 8617
307 8916
307 8925
307 8991
307 9366
307 9538
307 9580
307 9627
307 9707
307 9716
307 9971
307 10138
307 10151
307 11006
307 11901
307 12707
307 12732
307 12867
307 12926
307 12988
307 13193
307 13429
307 13475
307 13539
307 13873
970 117
970 659
970 7629
970 10530
970 11798
970 12416
1063 1679
1063 2051
1063 2189
1063 2649
1063 13264
1063 13300
1067 6881
1067 9989
1067 11228
1067 14299
1560 450
1560 724
1560 1057
1560 2156
1560 2933
1560 2985
1560 3058
1560 3946
1560 5201
1560 5305
1560 6335
1560 7206
1560 7588
1560 8382
1560 8945
1560 10857
2213 3222
2213 3317
2213 6049
2213 6826
2213 8030
2213 8896
2213 8936
2213 11168
2213 13552
2347 111
2347 130
2347 132
2347 584
2347 636
2347 732
2347 1345
2347 1572
2347 2238
2347 2424
2347 2508
2347 2562
2347 2584
2347 2705
2347 2748
2347 2993
2347 3300
2347 3301
2347 3361
2347 3492
2347 3906
2347 4125
2347 4296
2347 4856
2347 4992
2347 5490
2347 5890
2347 6279
2347 6595
2347 6809
2347 6815
2347 7092
2347 7229
2347 7338
2347 7358
2347 7803
2347 7936
2347 8309
2347 9291
2347 9975
2347 10190
2347 11086
2347 11145
2347 11175
2347 11857
2347 12019
2347 12227
2347 12594
2347 12774
2347 12801
2347 12988
2347 13005
2456 1582
2456 1583
2456 2945
2456 4668
2456 7090
2456 7287
2456 7740
2456 8606
2456 9325
2456 11698
2456 12550
2456 12552
2456 13107
2981 1148
2981 3979
2981 5343
2981 7020
2981 7023
2981 13595
3284 484
3284 651
3284 1164
3284 1437
3284 2048
3284 2358
3284 2368
3284 2424
3284 2619
3284 2625
3284 3009
3284 3191
3284 3717
3284 3900
3284 4069
3284 4314
3284 4770
3284 5062
3284 5473
3284 5614
3284 5659
3284 5796
3284 5871
3284 6085
3284 7528
3284 8460
3284 8925
3284 9907
3284 10409
3284 10595
3284 10853
3284 11114
3284 11174
3284 11655
3284 11879
3308 454
3308 2183
3308 2424
3308 2623
3308 2881
3308 3110
3308 3268
3308 7276
3308 7655
3308 8641
3308 8710
3308 9575
3308 13274
3308 14452
3309 233
3309 2740
3309 3568
3500 2398
3500 2584
3500 2814
3500 2985
3500 3946
3500 4125
3500 6052
3500 6335
3500 6997
3500 7828
3500 10226
4177 133
4177 158
4177 476
4177 483
4177 663
4177 673
4177 1607
4177 2020
4177 2151
4177 2251
4177 2581
4177 3035
4177 3468
4177 3486
4177 3851
4177 3906
4177 4077
4177 4364
4177 4411
4177 4545
4177 4700
4177 5009
4177 5160
4177 5377
4177 5570
4177 5629
4177 5639
4177 5661
4177 5813
4177 5884
4177 5932
4177 6046
4177 6069
4177 6073
4177 6186
4177 6285
4177 6920
4177 6921
4177 7634
4177 7716
4177 7763
4177 7920
4177 7976
4177 8223
4177 8316
4177 8367
4177 8374
4177 8740
4177 8913
4177 8921
4177 8923
4177 8965
4177 9291
4177 9366
4177 9642
4177 9758
4177 9977
4177 10013
4177 10391
4177 10769
4177 10818
4177 11080
4177 11174
4177 11224
4177 11521
4177 11536
4177 11576
4177 11788
4177 12000
4177 12519
4177 13246
4177 13419
4177 14299
4312 725
4312 1224
4312 1451
4312 2142
4312 2722
4312 2731
4312 2805
4312 4128
4312 5319
4312 5812
4312 5920
4312 6226
4312 6227
4312 8804
4312 9095
4312 12694
4312 12965
4312 13346
4312 14517
4354 2554
4962 2471
4962 6566
4962 12209
4962 13424
4962 13971
4962 14491
5048 3253
5048 3722
5048 6048
5048 6122
5048 6641
5048 7118
5048 7296
5048 8203
5048 8656
5048 10149
5048 10237
5048 11984
5175 1744
5175 6822
5208 190
5208 204
5208 222
5208 241
5208 244
5208 319
5208 354
5208 401
5208 451
5208 519
5208 535
5208 538
5208 546
5208 586
5208 635
5208 646
5208 660
5208 682
5208 683
5208 727
5208 743
5208 764
5208 848
5208 889
5208 972
5208 1291
5208 1451
5208 1493
5208 1524
5208 1692
5208 1734
5208 1746
5208 1944
5208 2010
5208 2051
5208 2093
5208 2184
5208 2261
5208 2268
5208 2406
5208 2438
5208 2531
5208 2545
5208 2615
5208 2635
5208 2653
5208 2660
5208 2680
5208 2712
5208 2771
5208 2830
5208 2883
5208 2904
5208 2925
5208 3004
5208 3235
5208 3239
5208 3280
5208 3306
5208 3312
5208 3394
5208 3530
5208 3998
5208 4143
5208 4163
5208 4167
5208 4189
5208 4229
5208 4290
5208 4293
5208 4297
5208 4389
5208 4491
5208 4548
5208 4549
5208 4574
5208 4598
5208 4815
5208 5096
5208 5106
5208 5225
5208 5376
5208 5430
5208 5549
5208 6029
5208 6076
5208 6148
5208 6204
5208 6250
5208 6292
5208 6541
5208 6630
5208 6716
5208 6748
5208 6832
5208 6878
5208 6879
5208 6984
5208 7016
5208 7094
5208 7099
5208 7656
5208 7834
5208 7865
5208 7929
5208 7973
5208 8110
5208 8181
5208 8339
5208 8372
5208 8420
5208 8553
5208 8636
5208 8851
5208 8925
5208 8927
5208 8937
5208 8980
5208 9016
5208 9222
5208 9432
5208 9551
5208 9596
5208 9770
5208 9970
5208 9987
5208 9993
5208 10091
5208 10151
5208 10240
5208 10455
5208 10683
5208 10856
5208 11247
5208 11257
5208 11539
5208 11784
5208 11856
5208 11878
5208 12397
5208 12590
5208 12698
5208 12699
5208 12748
5208 12939
5208 12972
5208 13211
5208 13265
5208 13306
5208 13310
5208 13333
5208 13414
5208 13541
5208 13592
5208 14002
5208 14104
5208 14105
5208 14498
5543 1538
5543 3453
5543 5529
5543 10486
5543 11017
5543 12557
5613 8564
5613 14072
5618 111
5618 132
5618 133
5618 157
5618 322
5618 405
5618 406
5618 425
5618 527
5618 732
5618 965
5618 990
5618 1024
5618 1046
5618 1057
5618 1079
5618 1162
5618 1166
5618 1320
5618 1446
5618 1526
5618 1572
5618 1596
5618 1745
5618 1898
5618 2048
5618 2076
5618 2113
5618 2187
5618 2204
5618 2264
5618 2270
5618 2325
5618 2398
5618 2445
5618 2508
5618 2620
5618 2705
5618 2733
5618 2772
5618 2844
5618 2872
5618 2879
5618 2976
5618 3300
5618 3301
5618 3471
5618 3617
5618 3680
5618 3815
5618 3939
5618 4008
5618 4148
5618 4220
5618 4252
5618 4315
5618 4542
5618 4624
5618 4645
5618 4740
5618 4752
5618 4801
5618 4852
5618 4853
5618 4856
5618 4860
5618 4992
5618 4993
5618 5084
5618 5122
5618 5360
5618 5448
5618 5479
5618 5483
5618 5488
5618 5490
5618 5564
5618 5605
5618 5620
5618 5653
5618 5680
5618 5810
5618 5832
5618 5840
5618 5948
5618 6057
5618 6291
5618 6396
5618 6464
5618 6468
5618 6547
5618 6681
5618 6815
5618 6917
5618 6950
5618 6951
5618 7021
5618 7049
5618 7092
5618 7144
5618 7263
5618 7299
5618 7318
5618 7338
5618 7377
5618 7611
5618 7655
5618 7773
5618 7789
5618 7803
5618 7808
5618 7850
5618 8043
5618 8070
5618 8377
5618 8398
5618 8435
5618 8455
5618 8597
5618 8710
5618 8863
5618 8965
5618 9074
5618 9086
5618 9166
5618 9207
5618 9215
5618 9342
5618 9390
5618 9429
5618 9484
5618 9575
5618 9717
5618 9758
5618 10054
5618 10151
5618 10190
5618 10236
5618 10441
5618 10486
5618 10998
5618 11050
5618 11074
5618 11141
5618 11145
5618 11158
5618 11160
5618 11234
5618 11313
5618 11344
5618 11355
5618 11393
5618 11519
5618 11576
5618 11578
5618 11641
5618 11979
5618 12019
5618 12068
5618 12227
5618 12316
5618 12390
5618 12431
5618 12438
5618 12606
5618 12707
5618 12848
5618 12856
5618 13005
5618 13055
5618 13131
5618 13218
5618 13973
5618 13975
5618 14057
5618 14284
5618 14525
5797 2045
5797 2620
5797 2779
5797 2882
5797 2965
5797 3167
5797 3492
5797 3967
5797 4786
5797 5228
5797 7032
5797 9605
5797 10708
5797 10807
5797 14059
5797 14263
5916 22
5916 196
5916 510
5916 531
5916 578
5916 737
5916 913
5916 957
5916 967
5916 1059
5916 1164
5916 1524
5916 1742
5916 1887
5916 1967
5916 2051
5916 2117
5916 2259
5916 2613
5916 2635
5916 2727
5916 2751
5916 2788
5916 2924
5916 3235
5916 3322
5916 5255
5916 5549
5916 6216
5916 6396
5916 7099
5916 7268
5916 7701
5916 7886
5916 7964
5916 8103
5916 8207
5916 8434
5916 8925
5916 8991
5916 10032
5916 10455
5916 11348
5916 11699
5916 11796
5916 12694
5916 12749
5916 13157
5916 13475
5916 14033
6277 3154
6277 3728
6323 80
6323 451
6323 1331
6323 1524
6323 1965
6323 2538
6323 2880
6323 2905
6323 3235
6323 3568
6323 3652
6323 5110
6323 5509
6323 6077
6323 7526
6323 7555
6323 7753
6323 7803
6323 8207
6323 8648
6323 9073
6323 9090
6323 9095
6323 9295
6323 9376
6323 9473
6323 9595
6323 9765
6323 10139
6323 10300
6323 11937
6323 12939
6323 13162
6323 14302
6617 389
6617 1524
6617 1743
6617 2423
6617 2549
6617 2678
6617 2752
6617 5999
6617 6010
6617 6558
6617 6808
6617 6823
6617 7633
6617 8073
6617 8896
6617 8925
6617 9699
6617 9914
6617 10787
6617 11277
6617 11455
6617 11725
6617 11937
6617 12035
6617 12444
6617 12934
6617 13449
6618 757
6618 2153
6618 2368
6618 8704
6658 660
6658 2688
6658 4759
6658 7022
6658 7286
6658 8203
6683 11971
6890 43
6890 46
6890 110
6890 117
6890 228
6890 241
6890 248
6890 286
6890 298
6890 401
6890 414
6890 428
6890 454
6890 459
6890 486
6890 489
6890 532
6890 542
6890 567
6890 569
6890 578
6890 601
6890 643
6890 696
6890 700
6890 701
6890 725
6890 730
6890 732
6890 740
6890 785
6890 812
6890 828
6890 843
6890 882
6890 907
6890 995
6890 1066
6890 1088
6890 1109
6890 1122
6890 1139
6890 1162
6890 1167
6890 1265
6890 1268
6890 1294
6890 1316
6890 1334
6890 1368
6890 1374
6890 1388
6890 1415
6890 1511
6890 1545
6890 1556
6890 1569
6890 1572
6890 1579
6890 1645
6890 1652
6890 1656
6890 1658
6890 1674
6890 1734
6890 1739
6890 1752
6890 1830
6890 1867
6890 1905
6890 1938
6890 1949
6890 1982
6890 2077
6890 2079
6890 2104
6890 2113
6890 2135
6890 2183
6890 2209
6890 2217
6890 2229
6890 2234
6890 2258
6890 2275
6890 2293
6890 2359
6890 2396
6890 2403
6890 2408
6890 2416
6890 2479
6890 2502
6890 2548
6890 2562
6890 2563
6890 2570
6890 2579
6890 2602
6890 2625
6890 2654
6890 2682
6890 2686
6890 2702
6890 2705
6890 2707
6890 2723
6890 2725
6890 2749
6890 2780
6890 2790
6890 2837
6890 2878
6890 2881
6890 2912
6890 2949
6890 2974
6890 2979
6890 2993
6890 3019
6890 3029
6890 3036
6890 3046
6890 3048
6890 3063
6890 3079
6890 3125
6890 3131
6890 3165
6890 3212
6890 3216
6890 3222
6890 3244
6890 3245
6890 3297
6890 3306
6890 3336
6890 3365
6890 3376
6890 3377
6890 3419
6890 3438
6890 3451
6890 3477
6890 3530
6890 3550
6890 3629
6890 3744
6890 3792
6890 3890
6890 3931
6890 3948
6890 3950
6890 3999
6890 4014
6890 4021
6890 4070
6890 4153
6890 4170
6890 4199
6890 4264
6890 4265
6890 4355
6890 4367
6890 4374
6890 4394
6890 4464
6890 4485
6890 4566
6890 4577
6890 4591
6890 4656
6890 4705
6890 4714
6890 4737
6890 4846
6890 5091
6890 5132
6890 5141
6890 5176
6890 5185
6890 5216
6890 5255
6890 5323
6890 5332
6890 5387
6890 5394
6890 5449
6890 5462
6890 5464
6890 5499
6890 5561
6890 5572
6890 5666
6890 5724
6890 5738
6890 5784
6890 5839
6890 5846
6890 5890
6890 5922
6890 6001
6890 6012
6890 6044
6890 6049
6890 6050
6890 6059
6890 6067
6890 6079
6890 6091
6890 6115
6890 6117
6890 6152
6890 6194
6890 6253
6890 6257
6890 6291
6890 6339
6890 6362
6890 6425
6890 6454
6890 6501
6890 6557
6890 6583
6890 6586
6890 6724
6890 6737
6890 6816
6890 6875
6890 6876
6890 6909
6890 6918
6890 7017
6890 7024
6890 7049
6890 7054
6890 7075
6890 7111
6890 7117
6890 7152
6890 7276
6890 7324
6890 7370
6890 7377
6890 7426
6890 7437
6890 7473
6890 7492
6890 7507
6890 7595
6890 7629
6890 7636
6890 7765
6890 7800
6890 7837
6890 7842
6890 7850
6890 7912
6890 7935
6890 7936
6890 8030
6890 8066
6890 8073
6890 8088
6890 8112
6890 8162
6890 8183
6890 8197
6890 8216
6890 8293
6890 8319
6890 8361
6890 8472
6890 8564
6890 8584
6890 8618
6890 8641
6890 8676
6890 8702
6890 8751
6890 8756
6890 8779
6890 8784
6890 8798
6890 8843
6890 8850
6890 8896
6890 8936
6890 8986
6890 9033
6890 9082
6890 9088
6890 9105
6890 9121
6890 9138
6890 9157
6890 9229
6890 9253
6890 9400
6890 9417
6890 9471
6890 9484
6890 9500
6890 9627
6890 9733
6890 9891
6890 9917
6890 9972
6890 10030
6890 10047
6890 10052
6890 10062
6890 10111
6890 10167
6890 10248
6890 10253
6890 10530
6890 10691
6890 10759
6890 10852
6890 10938
6890 10941
6890 10953
6890 10988
6890 11145
6890 11194
6890 11215
6890 11223
6890 11245
6890 11247
6890 11367
6890 11420
6890 11450
6890 11493
6890 11507
6890 11534
6890 11544
6890 11597
6890 11648
6890 11690
6890 11722
6890 11899
6890 11920
6890 11954
6890 12001
6890 12023
6890 12036
6890 12060
6890 12068
6890 12568
6890 12594
6890 12609
6890 12624
6890 12625
6890 12681
6890 12683
6890 12698
6890 12726
6890 12730
6890 12748
6890 12774
6890 12847
6890 12854
6890 12867
6890 12897
6890 12976
6890 12988
6890 12992
6890 13121
6890 13193
6890 13271
6890 13274
6890 13310
6890 13333
6890 13409
6890 13429
6890 13446
6890 13489
6890 13490
6890 13552
6890 13556
6890 13557
6890 13570
6890 13588
6890 13602
6890 13603
6890 13620
6890 13873
6890 13931
6890 13942
6890 14024
6890 14030
6890 14060
6890 14067
6890 14089
6890 14099
6890 14268
6890 14284
6952 2540
6952 2845
6952 3009
6952 5160
6952 7588
6952 9692
7178 286
7178 486
7178 740
7178 1143
7178 1166
7178 1241
7178 1415
7178 1538
7178 1752
7178 1852
7178 1955
7178 2078
7178 2079
7178 2478
7178 2625
7178 2705
7178 2881
7178 2974
7178 3110
7178 3360
7178 3792
7178 4252
7178 5387
7178 5488
7178 5583
7178 5724
7178 6061
7178 6253
7178 6557
7178 6918
7178 7267
7178 7276
7178 7819
7178 7837
7178 7936
7178 8152
7178 8157
7178 8338
7178 8585
7178 8641
7178 8669
7178 9078
7178 9088
7178 9138
7178 9265
7178 10048
7178 11141
7178 12856
7178 12898
7178 13274
7178 13489
7178 13620
7178 13957
7178 14067
7178 14263
7319 2814
7319 3319
7319 5896
7319 6052
7319 11401
7319 11896
7383 1033
7383 3009
7383 5488
7383 5653
7383 6302
7383 12334
7383 12738
7383 13107
7577 4396
7577 4398
7577 4915
7577 6035
7577 7090
7577 7214
7577 8281
7577 8606
7577 9401
7577 10443
8084 1494
8084 2930
8084 5111
8084 7886
8084 8597
8084 8965
8084 8991
8084 9074
8084 10486
8084 11794
8084 14383
8376 3568
8376 6029
8376 7352
8376 7803
8376 8925
8376 9518
8376 10151
8376 10410
8376 10455
8376 11796
8761 333
8761 448
8761 497
8761 687
8761 1530
8761 1857
8761 2718
8761 4226
8761 4460
8761 4601
8761 4676
8761 4856
8761 5529
8761 5661
8761 5813
8761 6181
8761 6921
8761 6923
8761 6970
8761 8921
8761 9642
8761 9813
8761 10011
8761 10013
8761 10391
8761 10398
8761 10892
8761 10966
8761 11109
8761 11788
8761 12590
8761 13122
8761 13271
8761 14204
8801 228
8801 437
8801 619
8801 647
8801 1016
8801 1345
8801 1419
8801 1636
8801 2588
8801 2877
8801 3360
8801 3361
8801 4296
8801 4464
8801 5082
8801 5465
8801 7092
8801 7358
8801 8152
8801 10706
8801 10886
8801 12283
8801 12651
8801 12668
8801 12801
8801 12874
8801 13272
8801 13355
8987 268
8987 714
8987 888
8987 1198
8987 2010
8987 2221
8987 2262
8987 2614
8987 3386
8987 3481
8987 6356
8987 6736
8987 7701
8987 8130
8987 9538
8987 10933
8987 11325
8987 11326
8987 11771
8987 11901
8987 14517
9013 1782
9013 1981
9013 2093
9013 4460
9013 6838
9101 196
9101 845
9101 1887
9101 3028
9101 5126
9101 6572
9101 7701
9101 10096
9101 11585
9101 13157
9101 13198
9101 13475
9233 365
9233 740
9233 990
9233 1414
9233 1910
9233 2048
9233 2259
9233 2620
9233 2625
9233 2740
9233 3300
9233 3376
9233 3939
9233 5036
9233 5228
9233 5377
9233 5488
9233 5535
9233 5890
9233 6547
9233 6549
9233 7021
9233 7097
9233 7144
9233 7611
9233 8068
9233 8597
9233 9074
9233 9353
9233 9692
9233 11475
9533 120
9533 425
9533 514
9533 619
9533 636
9533 687
9533 732
9533 850
9533 1745
9533 1873
9533 2249
9533 2259
9533 2401
9533 2723
9533 2735
9533 2835
9533 2933
9533 3070
9533 3300
9533 3680
9533 3965
9533 4434
9533 4460
9533 4601
9533 4722
9533 4856
9533 5288
9533 5488
9533 5549
9533 5653
9533 5813
9533 6181
9533 6920
9533 6921
9533 6970
9533 7018
9533 7029
9533 7037
9533 7083
9533 7092
9533 7155
9533 7555
9533 7611
9533 7655
9533 7781
9533 8819
9533 8913
9533 8921
9533 9077
9533 9539
9533 9560
9533 9642
9533 9813
9533 9977
9533 10011
9533 10012
9533 10013
9533 10236
9533 10398
9533 10708
9533 10892
9533 10953
9533 11074
9533 11109
9533 11160
9533 11260
9533 11346
9533 11526
9533 11578
9533 11641
9533 12000
9533 12390
9533 12606
9533 12801
9533 12848
9533 13200
9533 13218
9533 13463
9533 13514
9533 13814
9533 14059
9533 14087
9533 14204
9533 14491
9641 337
9641 448
9641 536
9641 611
9641 665
9641 706
9641 898
9641 998
9641 1033
9641 1200
9641 1344
9641 1494
9641 1650
9641 1659
9641 1680
9641 1777
9641 1852
9641 1910
9641 2046
9641 2074
9641 2159
9641 2174
9641 2307
9641 2309
9641 2478
9641 2588
9641 2663
9641 2672
9641 2677
9641 2746
9641 2761
9641 2772
9641 2837
9641 3014
9641 3054
9641 3144
9641 3286
9641 3358
9641 3568
9641 3865
9641 4306
9641 4462
9641 4620
9641 4684
9641 5088
9641 5198
9641 5233
9641 5757
9641 5827
9641 6127
9641 6177
9641 6480
9641 6722
9641 6829
9641 6937
9641 6998
9641 7012
9641 7200
9641 7402
9641 7512
9641 8071
9641 8290
9641 8313
9641 9017
9641 9034
9641 9185
9641 9405
9641 9429
9641 9566
9641 10158
9641 10207
9641 10309
9641 10714
9641 10772
9641 11159
9641 11164
9641 11179
9641 11236
9641 11526
9641 11715
9641 11745
9641 11770
9641 12333
9641 12556
9641 12591
9641 12869
9641 12898
9641 12999
9641 13114
9641 13218
9641 13475
9641 13585
9641 14052
9641 14262
9713 363
9713 753
9713 1200
9713 1650
9713 1848
9713 2398
9713 2445
9713 2620
9713 2665
9713 3568
9713 3939
9713 4676
9713 4755
9713 5377
9713 6261
9713 6411
9713 7229
9713 7237
9713 8925
9713 9539
9713 9642
9713 10043
9713 10127
9713 10410
9713 11074
9713 11355
9713 11736
9713 12431
9713 12707
10335 3135
10335 3374
10523 424
10523 454
10523 732
10523 2183
10523 2359
10523 2424
10523 3377
10523 3792
10523 5387
10523 6557
10523 6918
10523 7267
10523 7936
10523 8152
10523 8520
10523 8641
10523 10487
10523 11857
10523 12557
10523 12933
10523 13214
10523 13271
10523 13988
10667 2368
10667 2522
10667 2822
10667 3995
10667 8995
10667 11234
10677 111
10677 450
10677 534
10677 619
10677 801
10677 990
10677 1166
10677 1323
10677 1650
10677 1674
10677 1767
10677 2060
10677 2076
10677 2259
10677 2264
10677 2354
10677 2445
10677 2584
10677 2733
10677 2740
10677 2772
10677 2872
10677 2933
10677 3361
10677 3492
10677 4645
10677 5035
10677 5490
10677 5535
10677 6221
10677 6485
10677 6759
10677 7021
10677 7092
10677 7144
10677 7611
10677 7803
10677 9166
10677 9575
10677 9758
10677 10236
10677 10966
10677 11074
10677 11086
10677 11346
10677 11348
10677 12000
10677 12917
10716 5744
10716 6462
10716 7666
10716 7701
10873 3344
10873 3388
10873 6179
10873 6684
10873 7224
10873 8186
10873 8207
10907 2737
10983 1033
10983 3154
10983 3390
10983 7282
10983 8267
10983 8994
10983 11535
11403 1155
11403 1843
11403 2189
11403 2350
11403 2995
11403 3270
11403 4860
11403 7265
11403 10245
11403 11957
11561 77
11561 79
11561 3081
11561 5482
11561 5607
11561 6710
11561 9209
11561 9599
11561 10369
11561 10486
11610 104
11610 211
11610 316
11610 451
11610 522
11610 564
11610 717
11610 881
11610 1963
11610 2020
11610 2052
11610 3189
11610 3636
11610 3804
11610 4013
11610 4227
11610 4626
11610 4662
11610 4766
11610 5103
11610 5150
11610 5210
11610 5401
11610 5822
11610 5982
11610 6058
11610 6077
11610 7622
11610 7753
11610 7956
11610 8740
11610 8977
11610 9089
11610 9377
11610 9838
11610 10256
11610 10435
11610 10462
11610 10702
11610 11367
11610 11514
11610 11937
11610 12853
11610 13268
11610 13442
11610 13747
11610 14033
11662 111
11662 497
11662 665
11662 1166
11662 1345
11662 2740
11662 7102
11662 7338
11662 7803
11662 8863
11662 13005
11821 660
11821 1854
11821 2280
11821 2474
11821 2908
11821 3154
11821 3374
11821 3390
11821 3590
11821 3722
11821 3728
11821 3795
11821 3874
11821 3881
11821 4176
11821 4259
11821 4397
11821 4668
11821 4880
11821 4899
11821 4954
11821 5027
11821 5107
11821 5155
11821 5253
11821 5254
11821 5306
11821 5307
11821 5957
11821 5969
11821 5981
11821 6023
11821 6026
11821 6060
11821 6192
11821 6345
11821 6641
11821 6687
11821 6948
11821 6965
11821 7026
11821 7052
11821 7055
11821 7090
11821 7118
11821 7132
11821 7442
11821 7550
11821 7678
11821 7740
11821 7875
11821 8126
11821 8128
11821 8203
11821 8267
11821 8436
11821 8443
11821 8614
11821 8634
11821 8656
11821 8734
11821 8790
11821 8994
11821 9268
11821 9325
11821 9401
11821 9652
11821 9768
11821 9816
11821 9968
11821 10051
11821 10070
11821 10082
11821 10112
11821 10149
11821 10181
11821 10219
11821 10234
11821 10251
11821 10380
11821 10619
11821 10792
11821 10929
11821 11012
11821 11290
11821 11321
11821 11430
11821 11698
11821 11936
11821 12067
11821 12110
11821 12193
11821 12289
11821 12426
11821 12552
11821 13152
11821 13311
11821 13334
12062 656
12062 853
12062 8199
12062 10052
12062 10360
12096 6997
12096 7907
12177 7813
12187 2604
12187 2799
12187 4486
12187 7765
12187 11042
12187 11475
12345 1105
12345 1370
12345 3591
12345 5490
12345 9277
12345 11896
12371 309
12371 401
12371 532
12371 643
12371 1316
12371 1545
12371 5922
12371 10356
12371 11493
12371 12186
12371 12730
12371 12897
12371 12898
12371 13570
12371 14099
12377 1692
12377 2632
12377 3029
12377 3306
12377 4157
12377 5560
12377 6066
12377 6876
12377 8316
12377 8764
12377 8936
12377 9269
12377 10487
12377 10588
12377 11862
12377 12867
12377 13214
12377 13988
12377 14533
12392 1726
12392 2606
12392 2609
12392 2617
12392 2626
12392 3300
12392 3885
12392 4018
12392 5322
12392 5490
12392 5855
12392 6032
12392 6043
12392 7097
12392 7563
12392 9353
12392 9417
12392 11588
12392 12133
12392 12907
12392 13499
12392 13969
12398 503
12398 1523
12398 2365
12398 2655
12398 4127
12398 8374
12398 8980
12398 12731
12398 13592
12947 10171
14386 45
14386 106
14386 166
14386 178
14386 181
14386 186
14386 221
14386 225
14386 302
14386 338
14386 366
14386 367
14386 396
14386 397
14386 407
14386 501
14386 524
14386 548
14386 550
14386 555
14386 567
14386 575
14386 577
14386 621
14386 626
14386 664
14386 668
14386 710
14386 809
14386 870
14386 882
14386 954
14386 999
14386 1048
14386 1056
14386 1219
14386 1346
14386 1470
14386 1484
14386 1542
14386 1577
14386 1638
14386 1697
14386 1753
14386 1769
14386 1801
14386 1829
14386 1850
14386 1889
14386 1900
14386 1917
14386 1922
14386 1929
14386 1937
14386 1955
14386 2008
14386 2040
14386 2043
14386 2095
14386 2111
14386 2137
14386 2322
14386 2339
14386 2344
14386 2458
14386 2501
14386 2510
14386 2606
14386 2610
14386 2652
14386 2679
14386 2714
14386 2730
14386 2738
14386 2739
14386 2754
14386 2755
14386 2757
14386 2759
14386 2760
14386 2762
14386 2763
14386 2764
14386 2768
14386 2769
14386 2773
14386 2776
14386 2777
14386 2784
14386 2786
14386 2800
14386 2817
14386 2820
14386 2824
14386 2825
14386 2826
14386 2827
14386 2833
14386 2836
14386 2845
14386 2850
14386 2853
14386 2859
14386 2862
14386 2866
14386 2867
14386 2871
14386 2876
14386 2886
14386 2890
14386 2891
14386 2898
14386 2900
14386 2902
14386 2912
14386 2930
14386 2934
14386 2935
14386 2979
14386 3010
14386 3077
14386 3091
14386 3148
14386 3163
14386 3174
14386 3178
14386 3318
14386 3341
14386 3404
14386 3431
14386 3448
14386 3495
14386 3575
14386 3686
14386 3740
14386 3749
14386 3768
14386 3833
14386 3995
14386 4005
14386 4010
14386 4085
14386 4148
14386 4191
14386 4380
14386 4469
14386 4485
14386 4525
14386 4554
14386 4579
14386 4580
14386 4585
14386 4588
14386 4613
14386 4633
14386 4688
14386 4723
14386 4739
14386 4800
14386 4892
14386 5094
14386 5098
14386 5111
14386 5119
14386 5167
14386 5238
14386 5298
14386 5301
14386 5324
14386 5345
14386 5381
14386 5450
14386 5463
14386 5481
14386 5486
14386 5488
14386 5525
14386 5577
14386 5587
14386 5752
14386 5894
14386 5907
14386 5992
14386 6055
14386 6056
14386 6064
14386 6065
14386 6070
14386 6072
14386 6078
14386 6112
14386 6141
14386 6220
14386 6224
14386 6230
14386 6285
14386 6298
14386 6299
14386 6318
14386 6410
14386 6465
14386 6476
14386 6551
14386 6584
14386 6622
14386 6643
14386 6732
14386 6817
14386 6836
14386 6855
14386 6870
14386 6940
14386 6999
14386 7011
14386 7019
14386 7051
14386 7084
14386 7135
14386 7166
14386 7226
14386 7266
14386 7372
14386 7564
14386 7582
14386 7588
14386 7589
14386 7628
14386 7654
14386 7730
14386 7772
14386 7808
14386 7818
14386 7852
14386 7896
14386 7967
14386 7974
14386 7997
14386 8083
14386 8405
14386 8418
14386 8613
14386 8620
14386 8650
14386 8750
14386 8759
14386 8831
14386 8888
14386 8979
14386 8997
14386 9030
14386 9059
14386 9139
14386 9209
14386 9296
14386 9382
14386 9458
14386 9484
14386 9715
14386 9742
14386 9775
14386 9799
14386 9807
14386 9948
14386 9955
14386 10061
14386 10226
14386 10310
14386 10314
14386 10346
14386 10447
14386 10516
14386 10563
14386 10885
14386 10944
14386 11054
14386 11117
14386 11170
14386 11172
14386 11333
14386 11508
14386 11637
14386 11839
14386 11916
14386 11983
14386 11993
14386 11996
14386 12003
14386 12023
14386 12061
14386 12278
14386 12390
14386 12424
14386 12439
14386 12497
14386 12587
14386 12795
14386 13210
14386 13459
14386 13506
14386 13937
14386 14017
14386 14055
14386 14112
14386 14383
14386 14418
14392 7694
14410 16
14410 161
14410 289
14410 415
14410 510
14410 661
14410 1009
14410 1135
14410 1192
14410 1283
14410 1376
14410 1419
14410 1545
14410 1546
14410 1644
14410 1671
14410 1713
14410 1970
14410 2202
14410 2252
14410 2255
14410 2292
14410 2405
14410 2445
14410 2623
14410 2625
14410 2716
14410 2748
14410 2766
14410 2772
14410 2844
14410 2964
14410 3114
14410 3301
14410 3319
14410 3495
14410 3648
14410 3990
14410 4098
14410 4125
14410 4314
14410 4434
14410 4479
14410 4487
14410 4568
14410 4570
14410 4572
14410 4575
14410 4694
14410 4752
14410 4846
14410 5058
14410 5090
14410 5187
14410 5217
14410 5228
14410 5490
14410 5715
14410 6329
14410 6373
14410 6474
14410 6808
14410 6919
14410 6956
14410 7083
14410 7097
14410 7117
14410 7149
14410 7299
14410 7318
14410 7338
14410 7540
14410 7581
14410 7705
14410 7716
14410 7793
14410 7836
14410 8068
14410 8090
14410 8658
14410 8863
14410 8877
14410 8925
14410 9078
14410 9166
14410 9721
14410 9948
14410 10455
14410 10557
14410 10708
14410 10807
14410 10913
14410 10975
14410 11086
14410 11175
14410 11519
14410 11857
14410 11979
14410 12390
14410 12431
14410 12543
14410 12593
14410 12874
14410 12944
14410 13234
14410 13815
14410 14083
14410 14087
