14541 14541 182
310 1212
310 3527
310 9649
445 1212
445 3527
445 9649
762 3527
762 8948
794 1212
794 3527
794 9649
941 1212
1007 1212
1007 3527
1007 9649
1051 1212
1133 1212
1133 3527
1133 9649
1337 1212
1337 3527
1337 9649
1447 1212
1447 3527
1447 9649
1573 1212
1988 1212
1988 3527
1988 9649
3973 1212
3973 3527
3973 9649
4147 1212
4147 3527
4147 9649
4161 1212
4161 3527
4161 9649
4283 1212
4283 3527
4283 9649
4372 3527
4372 9649
5065 3527
5065 9649
5384 1212
5384 3527
5384 9649
5474 1212
5474 3527
5474 9649
5815 1212
5815 3527
5815 9649
6006 3527
6006 8948
6176 1212
6176 3527
6176 9649
6212 1212
6212 3527
6212 9649
6282 1212
6282 3527
6282 9649
6472 1212
7197 3527
7467 1212
7467 9649
7939 1212
7939 3527
7939 9649
8018 1212
8018 3527
8018 9649
8379 1212
8379 3527
8379 9649
8512 1212
8512 3527
8512 9649
8657 1212
8657 3527
8657 9649
8918 3527
8918 9649
9104 1212
9104 3527
9104 9649
9220 1212
9220 3527
9220 9649
9263 1212
9263 3527
9263 9649
9292 1212
9292 3527
9292 9649
9372 1212
9372 3527
9372 9649
9515 3527
9578 1212
9578 3527
9578 9649
9954 1212
9954 3527
9954 9649
10038 3527
10038 9649
10038 13194
10115 1212
10115 3527
10115 9649
10299 1212
10299 3527
10299 9649
10338 1212
10338 3527
10338 8948
10392 3527
11341 1212
11341 3527
11341 9649
11473 1212
11473 3527
11599 1212
11599 3527
11599 9649
11630 1212
11630 3527
11630 9649
11672 1212
11672 3527
11672 9649
11696 1212
11785 9649
11910 1212
11910 3527
11910 9649
11941 1212
11941 3527
11941 9649
11946 1212
11946 3527
11946 9649
12079 1212
12079 3527
12079 9649
12130 1212
12130 3527
12130 9649
12169 3527
12169 9649
12169 13194
12766 1212
12766 3527
12766 9649
12852 3527
13086 1212
13086 3527
13186 1212
13186 3527
13186 9649
13219 3527
13219 9649
13219 13194
13395 1212
13395 3527
13591 1212
13591 3527
13591 9649
13674 1212
14013 1212
14013 3527
14013 9649
14196 1212
14196 3527
14196 9649
14356 1212
14356 3527
14356 9649
