14541 14541 194
440 10559
477 10559
499 4552
561 10559
562 10559
568 10559
571 10559
587 10559
590 10559
591 10559
596 10559
599 10559
607 10559
616 10559
618 10559
716 10559
745 10559
1083 10559
1089 10559
1248 10559
1315 10559
1429 10559
2012 10559
2070 10559
2119 10559
2144 4552
2158 10559
2172 10559
2180 10559
2196 10559
2197 10559
2256 10559
2273 10559
2465 10559
2466 4552
2966 10559
3117 10559
3152 10559
3785 10559
3802 10559
3818 10559
4483 10559
4488 10559
4495 10559
4507 10559
4514 10559
5190 10559
5212 10559
5237 10559
5243 10559
5259 10559
5498 10559
5635 10559
5662 10559
5677 10559
5687 10559
5705 10559
5714 10559
5721 10559
5728 10559
5736 10559
5851 10559
5864 10559
5897 10559
6136 10559
6157 10559
6163 10559
6176 10559
6212 4552
6543 10559
6544 10559
6552 10559
6559 10559
6579 10559
6581 10559
6587 10559
7120 10559
7222 10559
7346 10559
7366 10559
7367 10559
7401 10559
7413 10559
7429 10559
7436 10559
7447 10559
7644 4552
7699 10559
7728 10559
7732 10559
7734 10559
7737 10559
7738 10559
7750 10559
7760 10559
7767 10559
7769 10559
7774 10559
7775 10559
7807 10559
8023 10559
8092 10559
8142 10559
8151 10559
8159 10559
8165 10559
8174 10559
8176 10559
8381 10559
8505 10559
8514 10559
8518 10559
8523 10559
8542 10559
8583 10559
8587 10559
8591 10559
8853 4552
8864 14045
8867 10559
8915 10559
8949 10559
8960 10559
9079 10559
9084 10559
9107 10559
9122 10559
9155 2181
9164 10559
9201 10559
9208 10559
9210 10559
9211 10559
9216 10559
9220 10559
9226 10559
9231 10559
9239 10559
9258 4552
9468 10559
9486 4552
9542 10559
9581 10559
9582 10559
9584 10559
9591 10559
9594 10559
9597 10559
9598 10559
9676 4552
9808 10559
9812 10559
9834 10559
9837 10559
9913 10559
9994 10559
10105 10559
10108 10559
10110 10559
10416 10559
10582 10559
10823 10559
11137 4552
11218 4552
11220 4552
11233 4552
11338 10559
11338 13351
11465 10559
11520 10559
11522 10559
11523 10559
11524 10559
11533 10559
11537 10559
11759 4552
12244 10559
12742 10559
12805 10559
12910 10559
12918 10559
12930 10559
12990 10559
12998 10559
13003 4552
13007 10559
13016 10559
13018 10559
13119 10559
13209 10559
13280 4552
13401 10559
13775 10559
13895 4552
