14541 14541 121
570 7348
5471 6180
9817 1612
9817 1613
9817 1614
9817 1615
9817 1616
9817 1617
9817 1618
9817 1619
9817 1620
9817 1621
9817 1622
9817 1623
9817 1624
9817 1625
9817 1626
9817 1627
9817 1628
9817 1629
9817 1630
9817 1631
9817 1632
9817 1633
9817 1634
9817 1635
9817 1667
9817 3439
9817 3441
9817 4107
9817 4108
9817 4111
9817 4112
9817 4113
9817 4150
9817 4331
9817 4333
9817 5557
9817 6546
9817 6553
9817 6603
9817 6677
9817 6786
9817 6967
9817 7184
9817 7398
9817 7415
9817 8375
9817 8713
9817 8957
9817 9181
9817 9345
9817 9346
9817 9465
9817 9737
10784 1612
10784 1613
10784 1614
10784 1615
10784 1616
10784 1617
10784 1618
10784 1619
10784 1620
10784 1621
10784 1622
10784 1623
10784 1624
10784 1625
10784 1626
10784 1627
10784 1628
10784 1629
10784 1630
10784 1631
10784 1632
10784 1633
10784 1634
10784 1635
10784 1667
10784 3439
10784 3441
10784 4107
10784 4108
10784 4111
10784 4112
10784 4113
10784 4150
10784 4331
10784 4333
10784 5557
10784 6546
10784 6553
10784 6603
10784 6677
10784 6786
10784 6967
10784 7184
10784 7398
10784 7415
10784 8375
10784 8713
10784 8957
10784 9181
10784 9345
10784 9346
10784 9465
10784 9737
12759 1641
12759 5643
12759 6180
12759 7348
12759 7530
13432 1641
13432 5643
13432 7348
14380 1641
14380 5643
14380 6180
14380 7348
14380 7530
