14541 14541 1183
92 1698
92 1714
92 2574
92 3106
92 6275
92 6434
92 8454
92 9791
92 12053
97 3106
97 8454
97 9114
97 11200
342 9159
342 13491
368 2574
368 3106
368 7392
368 8454
368 9114
368 11200
368 11731
368 14342
481 1714
481 3113
481 6275
516 3106
516 8454
516 11200
517 4263
517 9791
517 11143
517 13491
540 3514
540 8454
540 10311
540 12794
540 14029
703 3106
703 8454
703 11200
741 3106
741 7718
741 8454
741 11200
748 1714
748 3514
748 4669
748 6275
748 10311
748 11169
748 12794
748 13491
748 14029
818 14029
819 1714
819 6275
822 1698
822 8454
822 9791
822 12794
822 13138
823 4263
823 9791
823 12592
823 13491
880 7392
880 9791
880 11731
1037 9112
1058 3514
1058 10311
1058 12794
1058 14029
1082 3106
1082 3514
1082 8454
1082 9114
1082 10311
1082 11200
1082 12794
1082 14342
1114 2574
1114 3106
1114 8454
1114 9159
1114 9791
1178 9159
1179 9159
1180 9159
1181 9159
1183 3229
1183 7674
1183 10539
1183 11105
1191 3106
1191 8454
1191 9159
1191 11200
1195 4263
1195 9791
1195 11143
1195 12592
1195 13491
1230 3106
1230 8454
1230 11200
1295 3106
1295 8454
1295 11200
1324 4263
1324 9791
1324 13491
1411 9159
1411 9791
1443 1698
1443 1714
1443 2574
1443 6434
1443 8454
1443 9112
1443 9159
1443 9791
1443 12053
1512 2574
1512 3106
1512 7392
1512 8454
1512 9791
1512 11200
1512 11731
1517 3106
1517 8454
1517 11200
1518 3106
1518 8454
1518 11200
1529 7392
1529 9791
1529 11731
1540 2574
1540 9791
1540 14342
1657 8337
1657 11143
1657 13517
1664 3106
1664 3514
1664 8454
1664 9112
1664 9114
1664 10311
1664 11200
1664 12794
1699 3514
1699 4399
1699 9168
1699 12794
1699 14029
1717 1698
1717 3514
1717 8454
1717 9114
1717 10311
1717 12794
1747 2574
1747 7392
1747 8454
1747 9791
1747 11731
1750 8337
1750 8454
1750 9114
1750 12446
1750 13517
1758 9112
1758 9352
1914 1779
1914 2413
1914 4263
1914 4669
1914 9791
1914 11143
1914 13491
1995 4510
1995 9112
1995 9791
1995 12794
1995 13138
2014 3106
2014 8454
2014 9112
2014 11200
2205 3106
2205 4553
2205 7810
2205 8454
2205 11200
2327 3106
2327 8454
2327 11200
2353 2574
2353 9752
2353 9791
2419 1714
2419 1779
2419 2574
2419 4510
2419 5161
2419 8454
2419 9112
2419 9791
2419 10925
2440 3106
2440 4604
2440 8454
2440 11200
2496 3106
2496 8454
2496 11200
2690 3106
2690 8454
2690 11200
2999 1714
2999 4263
2999 9791
2999 13491
3032 9159
3049 8824
3049 9791
3210 1698
3210 1714
3210 3514
3210 6275
3210 8454
3210 9112
3210 9791
3210 12794
3210 13138
3210 14029
3251 13123
3363 1698
3363 3106
3363 8454
3363 9159
3363 11200
3416 4263
3416 9791
3416 13491
3435 1714
3435 3514
3435 9112
3435 10311
3435 12794
3435 14029
3487 2821
3487 3106
3487 8454
3487 9114
3487 11143
3487 11763
3487 12794
3553 3106
3553 3514
3553 8454
3553 10311
3553 12794
3553 14029
3582 1714
3582 6275
3582 9112
3599 2574
3599 3106
3599 4263
3599 4669
3599 8454
3599 9791
3599 13491
3611 10539
3706 3113
3706 9791
3725 6424
3725 8337
3725 13517
3772 2821
3772 7674
3772 7718
3805 3113
3805 9791
3825 1714
3825 4709
3825 6275
3825 9791
3854 9112
3854 12794
3854 13138
3889 1714
3889 3514
3889 4669
3889 6275
3889 7619
3889 9112
3889 10311
3889 11169
3889 12794
3889 14029
3968 9159
3969 9159
3970 9159
3971 9159
3971 9791
4091 4709
4091 9791
4185 3106
4185 8454
4185 11200
4323 9791
4328 3113
4332 1698
4332 1714
4332 6275
4332 6393
4332 9112
4332 9352
4332 9791
4332 10402
4360 3106
4360 8454
4360 11200
4382 3106
4382 8454
4382 11200
4497 9791
4497 12592
4516 1467
4516 3113
4516 6125
4516 9791
4516 13123
4528 12794
4528 13138
4634 2574
4634 7392
4634 9791
4634 11731
4634 14342
4687 3106
4687 8454
4687 11200
4762 3106
4762 3113
4762 9791
4772 1698
4772 1779
4772 6434
4772 9791
4772 12053
4772 14342
4787 10539
4787 11105
4792 3113
4792 9791
4795 1714
4795 2574
4795 3106
4795 5161
4795 6275
4795 8454
4795 9791
4820 1698
4820 3113
4820 9112
4835 1714
4835 3113
4835 6275
4835 9791
4845 9159
4845 9791
4863 3113
4867 9791
4867 12592
4886 3113
4886 9791
4930 1698
4930 2574
4930 3106
4930 3910
4930 8454
4930 9791
4930 13491
4930 14342
4933 3113
4933 9112
4942 3106
4942 8454
4942 11200
4965 4669
4965 9791
4965 10402
4965 12592
4965 13491
4980 4510
4980 9112
4980 9791
4980 12794
4980 13138
4987 3106
4987 7718
4987 8454
4987 11200
4999 4263
4999 9791
4999 13491
5026 7809
5026 7810
5026 9791
5063 8824
5063 9128
5068 4263
5068 9791
5068 11143
5068 13491
5131 4510
5131 4553
5131 9112
5131 9791
5131 12794
5131 13138
5143 9159
5143 9752
5143 9791
5143 14029
5257 3113
5309 3106
5309 8454
5309 11200
5310 10539
5395 3113
5436 13517
5441 4263
5441 9791
5441 13491
5447 13517
5460 3106
5460 8454
5460 11200
5468 2574
5468 3106
5468 8454
5468 9791
5468 12592
5468 14342
5470 2574
5470 8454
5470 9791
5510 12794
5510 13138
5575 3113
5580 70
5580 3106
5580 8454
5580 11200
5652 9159
5678 9159
5696 9159
5696 11731
5829 4709
5829 9791
5829 12800
5831 2821
5831 3106
5831 8454
5831 9114
5831 11763
5831 14063
5834 8454
5834 9791
5858 9791
5865 4669
5865 5308
5865 6222
5865 8454
5865 9752
5865 9791
5865 13491
5923 10539
5963 1779
5963 4669
5963 6434
5963 9112
5963 9791
5988 2574
5988 9791
5990 3113
5990 9791
6008 6113
6008 10539
6015 1779
6015 2413
6015 9791
6015 11169
6015 13491
6015 14342
6016 4510
6016 4553
6016 6275
6016 9112
6016 12794
6016 13138
6090 3113
6090 5308
6090 7718
6131 1698
6131 1714
6131 4669
6131 6275
6131 7619
6131 9112
6131 9791
6131 12053
6151 6113
6151 10539
6151 11105
6232 3113
6232 9791
6274 12794
6287 3113
6287 9791
6325 2574
6325 3106
6325 4553
6325 4669
6325 8454
6325 9159
6325 9791
6342 1698
6342 12794
6342 13138
6439 2574
6439 3106
6439 8454
6439 9791
6439 11200
6443 3106
6443 8454
6443 9114
6443 10311
6443 11200
6443 12794
6443 14342
6481 12794
6481 13138
6532 1714
6532 3106
6532 3231
6532 6275
6532 8454
6532 12794
6665 3113
6738 9159
6738 9791
6739 3106
6739 8454
6739 9114
6739 11200
6739 12794
6739 14342
6947 2574
6947 3106
6947 6275
6947 8454
6947 9114
6947 9791
6947 13491
6947 14342
6979 8824
6983 1698
6983 8454
6983 10311
6983 12794
6983 14029
7056 12794
7056 13138
7057 4510
7057 6275
7057 8454
7057 12794
7057 13138
7058 9791
7066 4263
7066 9791
7066 13491
7121 8454
7121 9159
7121 9791
7121 12279
7225 8337
7274 10539
7336 1714
7336 1779
7336 6275
7336 9791
7336 13491
7391 2631
7391 9791
7391 10551
7434 1698
7434 4510
7434 6275
7434 12794
7434 13138
7580 1714
7580 8454
7580 9112
7580 12794
7580 14029
7617 2574
7617 3106
7617 4669
7617 7392
7617 8454
7617 9791
7617 11731
7617 14342
7706 1698
7706 9791
7708 1698
7708 1714
7708 3106
7708 6275
7708 8454
7708 12794
7708 13138
7790 1698
7790 2631
7790 9112
7790 9791
7790 10551
7799 6125
7799 7674
7799 8304
7799 8337
7799 13123
7872 3229
7872 6113
7872 10539
7872 11105
7901 9112
7901 9791
7901 12794
7901 13138
7928 1698
7928 1714
7928 6275
7928 9791
7950 7392
7950 9159
7950 9791
7950 11731
7963 1714
7963 4263
7963 6275
7963 9791
7963 13491
7978 6113
7978 10539
7995 2574
7995 3106
7995 8454
7995 9114
7995 11200
7995 13405
8009 2821
8009 14029
8058 3106
8058 8454
8058 9114
8058 9168
8058 11200
8058 11763
8058 12794
8058 14342
8125 8337
8125 8454
8125 9114
8125 12446
8125 13517
8141 4510
8141 8824
8231 2574
8231 3106
8231 7718
8231 8454
8231 9752
8231 9791
8237 1698
8237 1714
8237 3231
8237 3514
8237 8454
8237 9112
8237 11200
8237 12794
8237 14029
8237 14342
8243 10539
8305 1698
8305 1714
8305 2574
8305 3514
8305 6275
8305 8454
8305 9270
8305 12794
8305 14029
8308 1698
8308 4510
8308 9112
8308 12794
8308 13138
8349 9791
8349 13123
8389 2574
8389 7392
8389 9159
8389 9791
8389 11731
8430 3514
8430 4669
8430 6275
8430 8454
8430 10311
8430 12794
8430 14029
8461 2574
8461 3106
8461 7392
8461 8454
8461 9791
8461 11731
8461 14342
8463 2574
8463 3106
8463 8454
8463 11200
8516 9128
8516 10539
8560 10551
8560 14029
8561 1698
8561 2574
8561 6434
8561 9112
8561 9752
8561 9791
8561 12053
8629 12794
8629 13138
8661 6125
8661 9791
8687 3106
8687 8454
8687 10440
8687 11200
8687 13405
8768 9791
8768 12592
8792 7810
8939 3113
8939 9791
8939 12800
8950 1714
8950 1779
8950 9159
8950 9791
8950 13491
8958 3106
8958 8454
8958 9112
8958 11200
8958 12446
9008 9128
9008 10539
9036 1714
9036 6275
9036 9791
9094 3229
9094 6113
9094 10539
9094 11105
9172 1714
9172 6275
9172 9112
9172 9791
9173 1714
9173 6275
9173 9112
9173 9791
9174 1714
9174 6275
9174 9112
9174 9791
9175 1714
9175 6275
9175 9112
9175 9791
9176 1714
9176 6275
9176 9112
9176 9791
9176 10311
9176 12794
9176 14029
9180 1714
9180 6275
9180 9112
9180 9791
9254 2631
9254 6434
9254 9112
9254 9791
9254 10551
9286 4553
9286 9112
9286 9791
9286 12794
9286 13138
9299 3106
9299 8454
9299 9114
9299 11200
9299 12794
9299 14342
9331 3113
9331 6275
9331 9791
9331 12800
9343 8824
9343 9791
9388 3106
9388 8454
9388 11200
9424 8824
9556 3106
9556 8454
9556 9114
9556 12794
9607 1779
9607 4669
9607 5308
9607 8454
9607 9112
9607 9791
9607 11143
9607 12053
9607 13491
9609 1698
9609 1779
9609 2298
9609 4669
9609 6434
9609 8454
9609 9112
9609 9791
9609 10402
9609 11169
9609 12053
9609 13491
9640 1714
9640 3106
9640 8454
9640 9114
9640 10311
9640 11200
9640 12794
9640 14342
9724 1698
9724 6275
9724 9112
9724 9791
9724 12794
9724 13138
9752 9791
9788 10539
9853 70
9853 1698
9853 3514
9853 4604
9853 6275
9853 9114
9853 10589
9853 11200
9853 12794
9853 14342
9880 4263
9880 8454
9880 9791
9880 13491
9936 2574
9936 3106
9936 4553
9936 8454
9936 11200
9951 7809
9951 9791
9951 13491
9985 1698
9985 1714
9985 1779
9985 4669
9985 6275
9985 9112
9985 9791
10107 1698
10107 4510
10107 6275
10107 12794
10107 13138
10135 9791
10143 4510
10143 6275
10143 12794
10143 13138
10147 1714
10147 6275
10147 9112
10147 9791
10174 2574
10174 3106
10174 8454
10174 8941
10174 9114
10174 11200
10174 12446
10174 13405
10182 9791
10250 3113
10269 3113
10316 2821
10316 6113
10316 8454
10342 6113
10358 9128
10375 2574
10375 3106
10375 3231
10375 3514
10375 4604
10375 8454
10375 9114
10375 9791
10375 10311
10375 11200
10375 12794
10456 1698
10456 3113
10469 1714
10469 3514
10469 6275
10469 8454
10469 9112
10469 12794
10469 14029
10521 1714
10521 6275
10521 9112
10621 4709
10621 9791
10660 1779
10660 4669
10660 9752
10660 9791
10752 2821
10752 3106
10752 8454
10752 11143
10752 11763
10752 12128
10752 14029
10867 3113
10867 5968
10867 9791
11035 9128
11180 1698
11180 1779
11180 6434
11180 9791
11180 11169
11180 12791
11372 9159
11422 2821
11422 10539
11422 11105
11454 2574
11454 3106
11454 8454
11454 9159
11454 9791
11457 1698
11457 1714
11457 2574
11457 3106
11457 6275
11457 6434
11457 8454
11457 9791
11457 12053
11467 1698
11467 1779
11467 4510
11467 6275
11467 9112
11467 12794
11467 14029
11491 1698
11491 4447
11491 7718
11491 8454
11491 11143
11491 11763
11491 12128
11491 12462
11491 12794
11491 14029
11592 2574
11592 8454
11592 9159
11592 9791
11593 3106
11593 8454
11593 9114
11593 11200
11609 1698
11609 1779
11609 9112
11609 9791
11646 1698
11646 2631
11646 4669
11646 6434
11646 9112
11646 9791
11683 9791
11739 1698
11739 2631
11739 4510
11739 4553
11739 6434
11739 8454
11739 9791
11747 3113
11747 7809
11747 9791
11803 1714
11803 6275
11803 9791
11803 12794
11803 13138
11837 9159
11837 9752
11837 9791
12085 1714
12085 1779
12085 4263
12085 4669
12085 6275
12085 9791
12085 10402
12085 11169
12085 13491
12085 14342
12104 1698
12104 3106
12104 3514
12104 7718
12104 8454
12104 10311
12104 12794
12104 14029
12161 6113
12161 8454
12372 6393
12372 9791
12423 3113
12423 9791
12457 9752
12457 9791
12484 9159
12629 1779
12629 9791
12629 10402
12629 11169
12658 1698
12658 1714
12658 1779
12658 4510
12658 6275
12658 9112
12658 9791
12658 12794
12658 13138
12659 14029
12737 1698
12737 1779
12737 4669
12737 6434
12737 9112
12737 9791
12737 10551
12756 1698
12756 1714
12756 9112
12756 9791
12776 928
12776 10539
12863 2574
12863 3106
12863 14342
12905 1714
12905 1779
12905 4510
12905 5161
12905 6275
12905 9791
12905 13491
13092 3106
13092 8454
13092 9159
13092 9791
13092 11200
13132 3514
13132 10311
13132 12794
13132 14029
13151 10539
13263 3106
13263 8454
13263 11200
13266 9791
13418 2574
13418 3106
13418 4553
13418 8454
13418 8941
13418 11200
13418 14342
13515 9791
13765 9159
13765 9752
13765 9791
13987 9159
13987 9791
13999 2821
13999 13517
14001 9159
14073 6275
14073 9112
14073 9352
14073 9791
14073 12794
14073 13138
14082 3106
14082 8454
14082 11200
14085 10539
14127 4263
14127 6434
14127 9791
14127 11169
14127 13491
14127 14342
14261 3106
14261 8454
14261 11200
14344 8454
14344 10311
14344 12794
14344 14029
14345 2574
14345 3106
14345 8454
14345 9791
14345 12592
