14541 14541 114
3891 5326
3891 5883
3891 6833
3891 6834
3891 7770
3891 7788
3891 8193
3891 8388
3891 9241
3891 13474
3891 13476
5326 3891
5326 5883
5326 6833
5326 6834
5326 7770
5326 7788
5326 8193
5326 8388
5326 9241
5326 13474
5326 13476
5883 3891
5883 5326
5883 6833
5883 6834
5883 7770
5883 7788
5883 8193
5883 8388
5883 9241
5883 13474
5883 13476
6833 3891
6833 5326
6833 7770
6833 7788
6833 8193
6833 8388
6833 9241
6833 13474
6833 13476
6834 3891
6834 5883
6834 6833
6834 7770
6834 7788
6834 8388
6834 9241
6834 13474
6834 13476
7770 3891
7770 5326
7770 5883
7770 6834
7770 7788
7770 8193
7770 9241
7770 13474
7770 13476
7788 5326
7788 5883
7788 6833
7788 6834
7788 7770
7788 8193
7788 9241
7788 13474
7788 13476
8193 3891
8193 5883
8193 6833
8193 6834
8193 7770
8193 8388
8193 13476
8388 3891
8388 5326
8388 5883
8388 6833
8388 6834
8388 7770
8388 7788
8388 8193
8388 9241
8388 13476
9241 3891
9241 5326
9241 5883
9241 6833
9241 6834
9241 7788
9241 8193
9241 13474
9241 13476
13474 3891
13474 5326
13474 6833
13474 6834
13474 7770
13474 7788
13474 8193
13474 8388
13474 9241
13476 3891
13476 5326
13476 6833
13476 6834
13476 7770
13476 7788
13476 8193
13476 8388
13476 9241
13476 13474
