14541 14541 1432
77 406
107 9759
111 2237
111 6285
113 514
113 1079
113 2314
113 2705
113 3865
113 11857
115 8965
130 4539
130 12542
181 5591
226 3005
228 1938
241 211
248 450
268 9205
285 451
289 4615
322 2772
322 7092
325 12023
338 1769
406 77
406 1969
406 2277
406 5387
406 7092
406 8398
406 9277
414 8536
414 13594
415 9253
419 2443
419 3617
425 1778
425 4485
425 4755
425 6997
425 8398
425 9493
425 10988
426 1209
426 12316
429 14284
450 248
450 13499
450 13970
476 2744
476 2924
476 12917
483 1754
484 11277
510 13602
514 113
514 1085
514 3318
514 7358
514 9484
518 3929
522 12680
534 2424
555 569
555 2924
567 2716
567 7224
567 8207
569 555
569 2251
608 1166
608 2251
608 4914
612 2204
612 10062
619 1524
619 1607
619 5896
619 10062
621 2716
635 4909
636 2772
636 13214
647 6061
663 995
663 11179
667 706
667 1414
667 8290
693 3054
693 11050
700 10998
706 667
706 1910
706 2625
706 2868
706 3344
706 5647
706 7155
706 7269
706 7773
706 9418
725 7092
732 1754
732 13272
732 13556
740 1887
750 5387
751 4252
751 11179
757 10530
850 2202
850 2884
850 5771
850 9605
850 9758
853 12651
882 647
882 1926
882 12680
882 13270
896 1822
896 3931
896 3953
896 11277
907 2235
907 2424
990 2232
990 12651
995 663
1013 3319
1014 3319
1038 6061
1038 11277
1066 12848
1079 113
1079 2249
1079 5621
1079 5943
1085 514
1085 2204
1085 2882
1085 2924
1085 3116
1085 11857
1085 12768
1135 2620
1135 8863
1149 2788
1164 10934
1166 4395
1166 5738
1190 7781
1209 426
1255 7563
1283 13970
1291 9526
1312 9972
1318 2074
1320 7099
1320 9972
1320 10913
1320 12680
1334 3278
1340 3361
1345 2755
1345 12115
1345 12590
1346 3568
1346 7808
1368 7102
1414 667
1414 4077
1414 4210
1414 4860
1444 1545
1444 2716
1446 3377
1451 12874
1453 2252
1486 11971
1493 2588
1519 12023
1524 1596
1524 7412
1524 10953
1524 11145
1525 4295
1525 11225
1530 1712
1530 2747
1530 8070
1534 3301
1534 3900
1542 3222
1542 5535
1542 7808
1545 1444
1545 2325
1545 2445
1562 11493
1570 2681
1572 1822
1572 5978
1572 11179
1575 9538
1575 13931
1584 8309
1596 1524
1596 1938
1596 4700
1596 11770
1596 13272
1596 13424
1607 619
1607 5096
1607 5466
1607 11857
1645 10913
1680 2076
1712 1149
1712 1530
1726 2268
1726 5948
1726 7092
1734 3371
1734 11856
1742 7865
1744 10455
1745 2443
1746 2239
1746 6329
1746 11971
1753 338
1753 4613
1753 9742
1754 483
1754 732
1767 3278
1767 3680
1769 1900
1769 2736
1769 7974
1778 425
1822 896
1822 1572
1852 5085
1852 10913
1852 13475
1862 7155
1862 10455
1862 12768
1886 10931
1887 740
1887 3222
1887 4470
1887 7358
1887 9099
1887 10864
1888 3058
1900 1769
1910 706
1910 2048
1910 3617
1921 5891
1937 6065
1938 228
1938 1596
1938 2325
1944 1294
1969 406
1969 5132
1974 2731
1974 14104
1980 2314
1980 2755
1980 4210
2048 6174
2048 6426
2048 8940
2051 2251
2074 1318
2074 3965
2074 4257
2076 1680
2076 8536
2076 10062
2076 11050
2079 2973
2084 6061
2117 10062
2123 406
2143 9253
2169 8597
2169 9538
2169 13931
2173 2772
2202 850
2202 5591
2202 5702
2202 7267
2202 10360
2202 11086
2204 1085
2204 6047
2204 11000
2232 990
2232 3046
2232 4290
2232 13970
2232 14030
2235 907
2237 111
2237 1742
2237 4909
2237 8979
2237 11857
2237 12543
2238 2620
2239 2406
2239 7698
2239 8937
2239 11857
2239 13005
2240 1570
2249 1079
2249 1596
2249 2490
2249 4125
2249 4801
2251 569
2251 608
2251 2051
2251 2406
2251 2924
2251 4077
2251 4292
2251 4395
2251 8965
2252 1453
2252 2910
2252 8863
2253 3212
2261 2262
2261 2924
2262 2261
2264 10857
2264 11937
2265 2277
2265 9034
2265 10360
2268 717
2268 1726
2268 4315
2268 5948
2268 7092
2268 11770
2277 2265
2292 2314
2292 5132
2292 5828
2292 10253
2292 12917
2314 113
2314 476
2314 1980
2314 2790
2314 6285
2314 8520
2317 12680
2325 1085
2325 9185
2359 5619
2368 2959
2368 7268
2406 2239
2406 2251
2406 4167
2406 7039
2406 8207
2406 10530
2424 534
2424 907
2424 5653
2443 111
2443 419
2443 1745
2443 2076
2445 1545
2471 7092
2478 2249
2478 10708
2478 10934
2490 2249
2519 2748
2519 2766
2519 3116
2519 5085
2522 3495
2540 5201
2549 2794
2552 2772
2552 6010
2584 7092
2584 9493
2588 1493
2588 9009
2588 10455
2588 12680
2602 7286
2602 11145
2610 2237
2613 5591
2620 1135
2620 2238
2625 706
2630 165
2630 3172
2630 5036
2630 5603
2630 11576
2630 13514
2645 11053
2652 2777
2680 2772
2681 13970
2682 2740
2686 4700
2686 11194
2703 2933
2705 113
2716 567
2716 12680
2716 14284
2718 612
2718 7808
2726 2549
2731 1974
2736 1769
2740 2682
2740 4434
2740 4724
2740 5619
2740 9758
2740 11641
2740 12680
2740 14530
2744 476
2744 3301
2746 9526
2747 1530
2748 3301
2748 11086
2748 11971
2748 13272
2748 13556
2753 5591
2754 5111
2754 6178
2755 1980
2755 2849
2761 5943
2761 9185
2766 2519
2772 636
2772 2173
2772 2552
2772 2680
2772 14284
2777 2652
2778 2716
2779 2239
2784 2930
2787 2755
2788 1149
2788 3900
2790 2142
2790 2314
2790 4624
2825 555
2847 6178
2849 2755
2853 8309
2868 706
2868 12898
2871 3318
2882 1085
2884 850
2884 8520
2888 4584
2890 2930
2890 5111
2900 12680
2910 2252
2912 10714
2924 476
2924 1085
2924 2251
2924 2261
2924 2522
2924 3995
2924 11971
2925 8536
2930 2784
2930 2890
2933 2703
2950 14284
2959 1596
2959 2368
2959 7099
2959 11225
2959 13602
2964 5740
2964 9082
2964 9246
2965 4801
2971 3344
2971 14030
2973 2079
2973 10886
2979 8669
3005 226
3005 11641
3005 12680
3014 5573
3046 2232
3046 9133
3054 693
3054 4094
3054 5619
3058 1542
3058 1888
3067 8410
3088 6010
3088 10966
3088 12731
3092 3344
3092 7765
3092 12036
3110 6291
3116 1085
3116 2519
3116 3212
3163 1980
3163 2716
3163 5111
3172 2630
3190 5619
3202 7808
3212 2253
3212 3116
3221 11770
3222 1542
3222 3905
3222 4292
3222 5740
3222 12917
3278 1334
3278 1767
3286 7276
3297 5832
3301 1534
3301 2744
3301 2748
3301 4292
3301 5201
3301 6719
3301 7017
3301 7854
3301 8965
3301 11641
3301 12812
3318 514
3318 3046
3318 4937
3318 6177
3319 917
3319 1013
3319 1014
3319 4541
3319 5036
3319 11065
3319 11166
3319 11327
3319 12765
3344 706
3344 2971
3344 3092
3358 5605
3358 6800
3360 6692
3361 1340
3371 11145
3371 13602
3376 2076
3376 4643
3377 4395
3495 1980
3495 2522
3495 8207
3568 1346
3568 5828
3608 3301
3608 11794
3617 419
3617 1910
3617 4740
3617 5132
3617 5479
3617 5738
3617 9566
3617 11857
3617 13603
3680 1767
3680 2519
3680 10360
3680 10934
3680 11086
3680 11770
3697 14059
3865 113
3865 10062
3888 7092
3900 1534
3900 2788
3900 6652
3905 3222
3905 5160
3929 518
3929 4641
3931 896
3953 896
3953 5036
3953 8913
3965 10133
3977 12651
3995 2762
3995 2924
3995 5855
4077 1414
4077 2251
4082 6625
4094 3054
4094 5619
4122 9692
4125 2249
4133 12848
4167 2406
4194 8022
4199 11328
4210 850
4210 1414
4210 1862
4210 1980
4210 5489
4210 8398
4210 8520
4227 8863
4252 751
4252 990
4252 5619
4252 14530
4257 2074
4274 13214
4290 2232
4292 3222
4292 3301
4292 10934
4292 11050
4293 6547
4295 1525
4295 10988
4295 11225
4295 11857
4295 14060
4296 6957
4296 12680
4315 2268
4395 1166
4395 2251
4395 3377
4395 5535
4395 7701
4426 5535
4426 5609
4434 2740
4442 5619
4460 10828
4464 7358
4464 10530
4464 11745
4470 5855
4470 8669
4485 425
4539 130
4539 11067
4541 3319
4541 10931
4584 2888
4593 1736
4613 1753
4613 6285
4613 6997
4615 10030
4615 14000
4624 2790
4641 3929
4643 3376
4643 9493
4700 1596
4700 2686
4700 4570
4700 5619
4724 2740
4740 3617
4740 13814
4752 9157
4755 425
4801 2249
4801 2965
4846 2077
4846 6547
4856 10931
4860 1414
4860 8520
4860 10360
4860 11086
4909 635
4909 2237
4909 11050
4914 608
4914 2117
4937 3318
4937 13473
5006 10913
5036 2630
5036 3319
5036 3953
5036 12848
5084 13499
5085 1852
5085 2519
5085 5465
5085 11971
5085 13272
5085 13557
5096 1607
5096 5160
5111 2890
5111 3163
5132 1969
5132 2292
5132 3617
5160 3905
5160 5096
5176 10966
5201 2540
5201 3301
5201 5943
5201 9538
5201 10360
5217 7299
5278 12898
5301 4148
5301 8979
5387 406
5387 3680
5387 5132
5387 11641
5387 13005
5432 3617
5448 7092
5465 5085
5465 5466
5466 1607
5466 12068
5479 10226
5479 10988
5489 4210
5490 10708
5519 13419
5529 6251
5535 1542
5535 5740
5535 8070
5573 701
5573 1079
5573 3014
5573 9605
5583 8520
5584 5855
5584 8863
5586 5855
5591 181
5591 2202
5591 2613
5591 2753
5591 10913
5603 11166
5605 3358
5609 471
5609 3990
5609 4426
5619 2359
5619 2740
5619 3054
5619 3190
5619 4252
5619 4700
5619 9034
5619 11194
5621 1079
5621 4395
5621 9297
5647 706
5653 2424
5702 2202
5738 1166
5738 3617
5738 7358
5740 3222
5740 5535
5740 12440
5743 12316
5771 850
5795 9743
5817 6354
5817 7269
5828 3568
5832 3297
5847 7275
5847 9400
5855 3995
5855 4470
5855 5584
5855 5586
5855 10864
5890 8669
5891 1921
5896 619
5943 2761
5948 1726
5948 2268
5948 6464
5948 11770
6010 2552
6010 3088
6010 7600
6031 10953
6047 2204
6059 2740
6061 647
6061 1038
6061 2084
6061 8765
6061 9205
6061 12749
6065 1937
6177 3318
6178 2754
6220 2755
6251 5529
6251 9380
6285 111
6285 2314
6285 4613
6285 8979
6285 9139
6291 3110
6299 5301
6329 2584
6329 7092
6335 11935
6339 12680
6354 5817
6354 9493
6356 7039
6362 13602
6373 12023
6411 12706
6413 11053
6413 12706
6414 1524
6464 5948
6464 9493
6464 10708
6547 4293
6547 4846
6547 12151
6625 2204
6625 4082
6625 13499
6630 11971
6652 3900
6692 3360
6720 14299
6800 3358
6809 8410
6931 10864
6957 4296
6997 4613
7013 11053
7017 10530
7017 10934
7029 13558
7032 11098
7039 7698
7039 8152
7039 10683
7063 10455
7092 322
7092 536
7092 725
7092 1726
7092 2268
7092 2471
7092 2584
7092 3888
7092 5948
7092 6329
7092 12749
7099 1320
7099 2959
7099 4914
7099 9493
7102 1368
7117 11935
7155 706
7155 1862
7161 11194
7207 9082
7224 2502
7268 2368
7269 706
7269 9277
7276 3286
7276 9400
7286 2602
7288 10062
7299 5217
7338 12593
7358 4464
7358 5738
7358 6354
7358 9082
7358 11857
7363 12680
7408 10913
7412 1524
7555 11050
7563 1255
7563 8765
7563 9138
7600 6010
7698 2239
7698 7039
7698 8207
7701 4395
7765 3092
7765 9099
7773 706
7773 8290
7773 10062
7781 1190
7808 1346
7808 1542
7808 2718
7808 3202
7828 8536
7850 13556
7865 1742
7865 11225
7974 1769
7974 14055
8022 4194
8022 8088
8043 12680
8070 1530
8070 5535
8088 8022
8143 4442
8207 567
8207 3495
8207 7698
8207 10601
8207 13499
8216 9484
8290 667
8290 7773
8290 11857
8292 9185
8292 12068
8309 2853
8309 8896
8312 10913
8398 406
8398 4210
8410 3067
8410 6809
8423 4700
8520 2202
8520 2314
8520 2884
8520 4724
8520 4860
8520 5583
8520 9205
8520 9605
8520 10601
8520 12543
8536 414
8536 2563
8536 7828
8597 2169
8669 2979
8669 4470
8669 5890
8710 6897
8710 9385
8710 9484
8765 2216
8765 7563
8831 12390
8863 1135
8863 2252
8863 4713
8863 5584
8863 13595
8881 12174
8896 8309
8913 3953
8940 2048
8956 11348
8956 11770
8979 2237
8979 5301
8979 6285
9009 2588
9034 2265
9082 2964
9082 7207
9082 7358
9099 1887
9099 4395
9099 4554
9099 7765
9099 9807
9138 7563
9139 6285
9157 4752
9185 2761
9185 8292
9185 14263
9205 268
9205 1345
9205 6061
9205 8520
9209 5111
9246 2964
9248 12593
9253 415
9253 2143
9265 10486
9277 406
9277 419
9277 2924
9277 7269
9297 5621
9380 6251
9385 8710
9400 5847
9400 7276
9418 706
9484 8216
9484 8710
9484 10111
9493 425
9493 2584
9493 4643
9493 6354
9493 6464
9493 7099
9526 1291
9538 1575
9538 5201
9566 3617
9566 7358
9605 850
9605 8520
9742 1753
9758 2740
9758 10864
9759 107
9759 14010
9807 9099
9917 10530
9972 1312
10030 2849
10054 5465
10062 228
10062 619
10062 2076
10062 2117
10062 3865
10062 7288
10062 7773
10062 11971
10111 9484
10133 3965
10253 1862
10346 11086
10360 1888
10360 2265
10360 3680
10360 4860
10360 5201
10360 14530
10455 1744
10455 1862
10455 2588
10455 7063
10455 12869
10486 9265
10530 2406
10530 7017
10530 9917
10530 11935
10601 113
10601 8207
10601 8520
10683 7039
10708 2478
10714 2912
10714 3046
10828 10852
10828 12115
10857 2264
10857 10886
10857 11065
10864 1887
10864 5855
10864 6931
10864 9758
10886 2973
10886 10857
10886 11167
10892 9692
10913 1320
10913 1645
10913 1852
10913 5591
10913 7408
10913 8312
10931 1886
10931 4541
10931 4856
10931 11327
10931 12542
10931 13558
10934 1164
10934 2478
10934 3680
10934 4292
10934 7017
10934 12917
10953 6031
10966 3088
10966 5176
10988 425
10988 1525
10988 4295
10988 5479
10988 11225
10988 12668
10998 700
11000 2204
11050 4292
11050 4909
11050 7555
11050 8956
11051 4643
11051 8292
11051 13499
11053 4426
11053 6413
11053 11937
11053 13419
11065 3319
11067 4539
11086 751
11086 2202
11086 2748
11086 3680
11086 4724
11086 11979
11086 12749
11098 7032
11141 12683
11145 1524
11145 1862
11145 2602
11145 3371
11166 3319
11166 3381
11166 5603
11166 6413
11166 10857
11166 11167
11167 1410
11167 10886
11167 11166
11175 2113
11179 663
11179 751
11179 1572
11194 2686
11194 5619
11194 7161
11225 1525
11225 1680
11225 2959
11225 4167
11225 4295
11225 7865
11225 10988
11225 11971
11236 11857
11277 1038
11277 13282
11327 3319
11327 10931
11328 4199
11348 8956
11493 1562
11493 12680
11576 2630
11588 2602
11641 3005
11641 3301
11641 5387
11641 11971
11641 12651
11745 7299
11770 619
11770 1596
11770 1726
11770 2268
11770 3221
11770 3680
11770 7092
11770 8956
11770 12683
11794 3608
11856 1734
11857 113
11857 1085
11857 1607
11857 1980
11857 2237
11857 2239
11857 3617
11857 4295
11857 7358
11857 7808
11857 8290
11857 11236
11857 12939
11857 13740
11878 12680
11879 12593
11935 6335
11935 7117
11937 1014
11937 2264
11937 11053
11971 1486
11971 1746
11971 2748
11971 6957
11971 11641
11979 11086
12003 6285
12023 325
12023 1519
12036 3092
12068 5466
12068 8292
12083 13539
12115 1345
12115 10828
12174 8881
12316 426
12316 5743
12440 5740
12533 10966
12542 130
12542 10931
12542 11067
12543 2237
12543 8520
12590 1345
12590 12707
12593 9248
12624 12706
12651 853
12651 990
12651 1745
12651 11641
12668 2292
12668 3058
12668 10988
12668 13814
12680 522
12680 882
12680 1320
12680 1523
12680 2317
12680 2588
12680 2716
12680 2740
12680 2900
12680 3005
12680 6339
12680 7063
12680 7363
12680 7666
12680 8043
12680 11493
12680 11878
12680 12731
12680 12894
12680 13214
12683 11141
12683 11770
12706 3965
12706 6411
12706 6413
12706 12624
12707 12590
12707 14491
12731 3088
12731 12680
12749 1692
12749 6061
12749 7092
12749 11086
12765 3319
12768 1085
12768 1862
12768 2216
12812 3301
12848 1066
12848 5036
12848 6413
12869 10455
12874 1451
12894 12680
12898 2868
12898 4567
12917 476
12917 2292
12917 2540
12917 3222
12917 5535
12917 10934
12939 5572
12939 11857
13005 2239
13005 5387
13214 636
13214 4274
13214 12680
13270 882
13272 732
13272 1596
13272 2748
13272 5085
13282 11277
13310 13970
13310 14033
13419 5519
13419 11053
13424 1596
13473 4937
13475 1852
13499 450
13499 6625
13499 8207
13499 8290
13499 11051
13539 12083
13556 732
13556 7850
13556 12907
13557 5085
13557 7083
13558 2973
13558 7029
13558 10931
13594 414
13595 8863
13602 510
13602 3371
13602 6362
13603 706
13814 4464
13814 4740
13814 8143
13814 12668
13931 2169
13970 450
13970 1283
13970 2681
13970 13310
14000 4615
14010 9759
14030 2232
14030 2971
14033 13310
14059 3697
14104 1974
14263 9185
14284 429
14284 2237
14284 2716
14284 2772
14284 2950
14299 6720
14491 12707
14530 4252
14530 10360
