14541 14541 1337
16 13284
43 5874
45 9864
85 11244
104 13284
111 1043
113 11244
114 11244
115 11244
117 5874
120 11244
122 10280
130 13284
132 11244
133 11244
136 13766
154 13766
158 13284
161 11244
167 7902
177 13284
181 12116
185 10280
188 2005
189 13291
193 7902
204 11244
205 8578
228 9132
244 13766
248 5874
268 11244
285 13284
286 5874
289 11244
293 11244
302 11244
309 5874
322 10280
327 11244
338 2005
392 11244
397 8749
401 5874
405 11244
405 13284
406 11244
415 11244
441 2005
448 1043
448 2005
448 8545
448 14335
451 13284
459 5874
460 11244
462 11244
494 10280
497 2005
502 1701
502 13284
504 11244
507 12116
510 11244
510 13284
518 11244
519 13284
522 13766
531 11244
532 5874
534 11244
538 13291
563 11244
575 12363
577 9132
584 7625
584 11244
612 1043
612 3018
615 5874
634 13766
636 7902
639 11244
643 5874
651 13284
664 2005
668 11244
673 1043
673 8545
696 13284
697 7625
701 5874
706 6234
706 11244
718 13284
727 11244
737 8545
740 5874
750 11244
757 13284
790 11244
790 13284
812 13284
827 13284
853 13284
854 13284
878 11244
881 12116
887 11244
890 13284
917 11244
918 13284
957 11244
965 11244
972 11244
987 13284
988 13291
990 11244
991 11244
995 5874
998 13284
1013 11244
1014 11244
1016 11244
1024 11244
1038 12116
1038 13284
1046 11244
1046 12116
1059 13766
1066 5874
1079 11244
1088 5874
1097 5008
1109 5874
1119 2005
1119 7902
1122 5874
1135 11244
1155 10280
1162 1701
1162 13284
1162 13291
1164 11244
1166 11244
1198 13284
1219 5874
1223 13284
1223 13291
1224 13284
1255 11244
1291 11244
1291 13284
1312 11244
1313 9710
1313 10280
1316 5874
1320 13284
1323 6234
1331 13284
1333 11244
1334 5874
1364 11244
1375 7902
1376 11244
1387 5874
1387 13284
1388 5874
1390 5019
1390 7625
1396 11244
1410 11244
1412 5874
1412 13284
1446 11244
1451 2005
1455 11244
1511 5874
1526 11244
1530 2005
1538 11244
1542 11244
1545 5874
1545 10280
1549 8545
1552 7725
1556 5874
1569 5874
1569 13284
1572 11244
1582 12116
1583 6234
1584 5008
1596 11244
1636 7625
1658 5874
1671 11244
1674 13284
1686 10280
1692 13284
1712 10280
1713 11244
1742 11244
1745 11244
1748 2005
1752 5874
1754 11244
1777 11244
1782 11244
1787 11244
1836 5079
1838 13291
1848 11244
1849 5874
1854 6234
1862 11244
1873 13284
1886 8749
1887 11244
1888 12363
1898 11244
1900 11244
1910 11244
1921 11244
1922 2005
1926 13284
1941 10280
1944 13284
1946 11244
1965 13284
1967 13284
1980 2005
1981 13291
1982 5874
2020 13291
2020 13766
2046 1043
2046 2005
2060 12363
2078 5874
2080 13284
2090 2005
2095 2005
2098 11244
2104 5874
2113 11244
2113 13291
2126 6234
2142 11244
2164 13284
2173 11244
2184 13284
2187 11244
2204 11244
2216 11244
2234 5874
2237 11244
2239 10280
2251 11244
2255 11244
2264 11244
2268 11244
2270 11244
2277 9132
2279 5874
2292 11244
2293 5874
2293 13284
2294 11244
2307 11244
2319 6234
2325 11244
2339 10280
2358 11244
2368 11244
2396 1701
2401 11244
2414 9710
2414 10280
2423 11244
2445 11244
2472 11244
2474 12116
2494 11244
2502 5874
2531 13284
2540 11244
2541 11244
2549 11244
2552 11244
2557 11244
2558 10280
2562 2005
2570 5874
2577 7625
2579 5874
2581 13284
2581 13291
2595 7902
2602 13291
2605 11244
2605 13284
2609 11244
2610 9132
2613 13291
2623 11244
2625 11244
2629 5008
2630 2005
2660 13766
2665 8749
2672 13284
2680 11244
2703 2005
2703 5874
2707 5874
2712 13284
2716 11244
2722 13284
2724 11244
2727 11244
2727 13766
2731 10280
2731 13284
2733 11244
2737 6234
2742 2005
2748 11244
2751 11244
2756 7902
2763 12116
2772 11244
2773 10280
2784 11244
2785 13284
2788 11244
2790 10280
2794 1043
2805 11244
2806 5874
2811 11244
2814 5183
2814 11244
2822 11244
2825 2005
2830 13284
2842 11244
2844 11244
2845 9132
2849 9132
2851 2005
2851 13766
2871 12116
2875 11244
2876 6234
2877 2005
2877 7625
2878 5874
2887 9132
2891 12116
2892 13766
2908 6234
2910 11244
2914 13284
2924 11244
2931 5019
2933 3528
2945 6234
2945 13284
2949 13284
2949 13291
2971 10280
2974 5874
2993 5874
3009 11244
3010 12116
3014 11244
3029 5874
3036 5874
3058 11244
3079 5874
3090 13284
3114 11244
3135 12116
3148 12116
3154 6234
3165 13284
3165 13291
3174 5008
3191 11244
3197 11244
3212 2005
3216 13284
3239 11244
3244 5874
3245 13284
3253 6234
3268 11244
3270 7902
3278 13284
3286 11244
3295 11244
3301 11244
3317 5874
3322 11244
3330 11244
3349 6234
3356 13284
3358 7625
3365 10280
3368 12363
3374 12116
3389 13284
3390 6234
3404 11244
3419 5874
3448 6234
3451 5874
3470 11244
3471 8077
3471 12363
3550 5874
3568 11244
3591 11244
3596 11244
3626 8749
3629 5874
3629 13284
3652 13284
3680 11244
3717 11244
3728 6234
3740 12116
3744 5874
3792 5874
3792 13284
3851 13284
3885 11244
3888 7625
3890 5874
3899 11244
3900 13284
3901 11244
3906 8749
3914 6234
3929 7625
3931 5874
3939 11244
3948 5874
3950 5874
3956 7625
3990 11244
4008 11244
4021 5874
4069 11244
4070 5874
4120 11244
4125 11244
4128 2532
4128 13766
4131 11244
4139 12116
4143 13284
4148 11244
4157 13284
4158 11244
4163 11244
4167 10280
4170 11244
4199 2005
4220 11244
4259 6234
4290 13766
4293 11244
4295 9132
4296 11244
4306 7625
4314 11244
4315 11244
4319 9143
4319 12116
4326 11244
4355 5874
4364 11244
4374 5874
4380 7902
4391 11244
4396 12116
4425 1043
4434 11244
4435 7902
4442 11244
4442 13284
4464 10280
4478 6234
4485 243
4486 2005
4525 1043
4539 11244
4539 13284
4542 11244
4548 13766
4549 11244
4565 11244
4566 5874
4575 11244
4589 8545
4591 2005
4591 5874
4610 7902
4613 12116
4615 11244
4624 11244
4667 6234
4667 9309
4667 9491
4668 12116
4713 11244
4713 13284
4728 11244
4732 3241
4739 12116
4740 11244
4756 13766
4759 6234
4801 11244
4856 11244
4913 5874
4914 11244
4935 1701
4935 10280
4936 11244
4958 9132
4986 5874
4992 11244
4993 11244
5009 13284
5017 13284
5035 11244
5036 11244
5037 13284
5052 11244
5059 5874
5060 11244
5084 11244
5090 5183
5103 2005
5105 5874
5107 6234
5119 11244
5122 11244
5126 7625
5132 12116
5155 6234
5160 11244
5171 11244
5176 13284
5201 11244
5216 5874
5217 2005
5226 13284
5228 13284
5233 9864
5236 6234
5254 6234
5301 11244
5305 11244
5307 6234
5319 11244
5328 10280
5328 11244
5357 5874
5360 11244
5377 5008
5381 1043
5417 11244
5421 11244
5438 11244
5445 11244
5454 13284
5461 13766
5473 11244
5482 11244
5490 8545
5490 11244
5522 13284
5560 2005
5560 5019
5561 11244
5566 11244
5566 13291
5574 5874
5586 11244
5604 11244
5607 10280
5609 7902
5614 11244
5620 11244
5621 1043
5629 7902
5629 10280
5648 13284
5648 13766
5659 11244
5661 5008
5663 9132
5675 2532
5675 5008
5675 13766
5715 11244
5718 7902
5740 11244
5743 13284
5744 7902
5757 7902
5758 7625
5775 11244
5802 6234
5810 2005
5812 11244
5813 8749
5823 13284
5832 14335
5835 11244
5850 7625
5855 11244
5856 12116
5857 11244
5857 13291
5869 13766
5873 13284
5873 13291
5876 13284
5876 13291
5878 1984
5878 9885
5881 13284
5884 9885
5890 5874
5896 11244
5920 6234
5921 11244
5922 5874
5948 11244
6001 5874
6022 11244
6023 6234
6026 6234
6029 7902
6048 6234
6049 5874
6057 5183
6057 11244
6060 6234
6070 12116
6073 2532
6073 7902
6077 1000
6077 8749
6078 12116
6085 9132
6116 13284
6116 13291
6119 11244
6120 6234
6127 11244
6165 11244
6174 13284
6192 12116
6193 13291
6207 13284
6210 5874
6221 13284
6221 13291
6227 13766
6229 6234
6231 5874
6267 7625
6269 13284
6279 3528
6291 11244
6302 6234
6314 11244
6316 13284
6335 11244
6345 6234
6347 12116
6404 5874
6405 5874
6411 5008
6425 13766
6471 13284
6478 5874
6557 5874
6557 13284
6572 2005
6574 13766
6583 5874
6584 13291
6607 10280
6622 1043
6629 13284
6641 6234
6641 9309
6652 13284
6653 11244
6675 6234
6687 12116
6692 11244
6717 7625
6719 11244
6722 2005
6722 11244
6731 11244
6744 2005
6763 13284
6766 11244
6823 11244
6826 11244
6826 13284
6829 13766
6832 13766
6838 6234
6847 6234
6851 7625
6875 5874
6875 6234
6876 5874
6878 10280
6879 11244
6883 10280
6883 11244
6889 9132
6899 2564
6899 11244
6905 5008
6918 5874
6919 11244
6920 5008
6921 7902
6921 8749
6923 8749
6928 1043
6932 7625
6932 8578
6950 11244
6951 11244
6957 11244
6962 11244
6965 6234
6966 11244
6970 8749
6970 11244
6972 11244
6984 13766
6997 11244
7002 11244
7003 8749
7012 3241
7017 5874
7021 11244
7026 6234
7026 9309
7027 6234
7028 6234
7029 8749
7033 13284
7045 13284
7046 11244
7047 11244
7049 11244
7050 5874
7052 12116
7054 5874
7055 12116
7067 13766
7069 2005
7069 8545
7084 13284
7089 11244
7092 6234
7097 11244
7111 5874
7111 13291
7118 6234
7152 5874
7152 8545
7152 13284
7173 13284
7180 6234
7192 11244
7206 11244
7208 13284
7208 13291
7209 2005
7214 2005
7214 11244
7226 12116
7268 11244
7282 6234
7286 13284
7295 11244
7324 5874
7338 2005
7347 7625
7349 7625
7351 6234
7351 13284
7352 11244
7358 7625
7412 11244
7426 5874
7426 11244
7473 13284
7477 2564
7480 11244
7492 5874
7493 13284
7512 13284
7528 11244
7557 11244
7563 13284
7595 11244
7611 1043
7633 11244
7652 6234
7653 6234
7666 2005
7670 7902
7670 11244
7678 12116
7685 13291
7694 12116
7701 9132
7705 11244
7705 13291
7716 11244
7740 2005
7740 11244
7765 5874
7773 11244
7781 5874
7781 8611
7801 6234
7801 6935
7808 11244
7812 13284
7837 13284
7837 13291
7850 11244
7875 6234
7885 11244
7896 1043
7935 5874
7973 13284
8024 13284
8041 11244
8043 11244
8070 11244
8073 5874
8075 11244
8088 5874
8119 11244
8126 6234
8147 11244
8183 1701
8203 12116
8205 8611
8207 11244
8267 12116
8273 7902
8284 11244
8313 5874
8316 5019
8316 10754
8328 10280
8329 6234
8338 5874
8339 5874
8361 5008
8361 10280
8362 11244
8374 11244
8386 9132
8418 5874
8434 11244
8435 11244
8443 6234
8487 9309
8553 11244
8564 1701
8584 5874
8597 11244
8614 6234
8616 13284
8618 5874
8618 13291
8620 2005
8634 6234
8656 6234
8704 13284
8710 11244
8720 11244
8734 6234
8740 11244
8756 5874
8757 11244
8765 11244
8779 10280
8798 5874
8832 2005
8843 5874
8877 1043
8896 13284
8906 1043
8906 14335
8913 8749
8921 3528
8925 11244
8927 13291
8936 13284
8945 11244
8953 11244
8963 5008
8980 13284
8994 6234
9002 13291
9009 11244
9017 9864
9030 3241
9040 13766
9060 13284
9082 5874
9088 5874
9088 13291
9090 11244
9105 5874
9105 13284
9138 5874
9157 5874
9161 5874
9207 11244
9225 13284
9229 5874
9262 13284
9262 13291
9265 13291
9277 11244
9291 7625
9291 10280
9291 13284
9294 13284
9294 13291
9339 2532
9358 5874
9375 6234
9400 5874
9400 13284
9403 5874
9417 5874
9448 5874
9471 5874
9495 9490
9495 12116
9500 5874
9519 2005
9519 11244
9528 11244
9551 13766
9560 9885
9574 13284
9583 12116
9585 10280
9604 13766
9606 11244
9627 5874
9669 11244
9692 11244
9717 6234
9717 13291
9721 11244
9746 9132
9758 9132
9758 11244
9770 7902
9813 7902
9816 6277
9843 2005
9965 5874
9970 2532
9972 5874
9972 13284
9975 2005
9977 1043
9987 2005
9987 13766
9989 11244
9999 13766
10004 5008
10005 12116
10011 7902
10012 9864
10012 9885
10013 8749
10030 5874
10032 13766
10036 6234
10043 9864
10047 5874
10048 5874
10051 6234
10054 11244
10060 7625
10082 12116
10090 9490
10090 12116
10112 12116
10114 5008
10131 12116
10133 12363
10134 12116
10138 5874
10149 6234
10151 3018
10151 5079
10151 8545
10151 8611
10165 6234
10202 2005
10207 9132
10265 6234
10265 6935
10272 2005
10300 2532
10300 11244
10300 13766
10309 8578
10314 2005
10356 5874
10357 13284
10365 11244
10365 13284
10369 13284
10374 7625
10374 9864
10374 13284
10391 5008
10391 9898
10398 1043
10398 14335
10455 11244
10464 13284
10486 11244
10493 10280
10513 11244
10513 13284
10516 5079
10530 5874
10567 13284
10595 13284
10598 13766
10612 12116
10654 6234
10683 10280
10756 5874
10772 8077
10812 5874
10812 13284
10818 5874
10853 11244
10857 11244
10864 9132
10864 11244
10885 2005
10892 2005
10892 14335
10923 2532
10924 2005
10931 11244
10938 5874
10951 7625
10966 5874
10998 11244
11000 11244
11008 13284
11040 13284
11042 8749
11053 1043
11067 13284
11080 11244
11086 11244
11106 13291
11109 1043
11109 5008
11109 8545
11109 14335
11139 5874
11141 5874
11145 11244
11154 13284
11160 11244
11167 11244
11191 11244
11201 11244
11213 13284
11213 13291
11223 13291
11225 13284
11225 13291
11228 11244
11245 5874
11247 5874
11270 12116
11277 11244
11290 6234
11301 6234
11313 11244
11325 8749
11333 11244
11348 13284
11374 13291
11382 11244
11393 11244
11400 2532
11420 5874
11441 8749
11441 11244
11460 5183
11460 13284
11475 11244
11484 2532
11493 5874
11493 10280
11519 11244
11521 1043
11521 14335
11526 7902
11526 8545
11526 9898
11535 6234
11536 9898
11543 8545
11543 13766
11544 5874
11573 12116
11576 11244
11578 11244
11581 11244
11597 5874
11637 7902
11648 5874
11654 11244
11698 12116
11699 11244
11725 2005
11725 11244
11770 11244
11788 2564
11788 9885
11806 13284
11811 13284
11812 13284
11838 11244
11839 12116
11856 13766
11857 11244
11878 13766
11899 1701
11899 5874
11920 5874
11950 5183
11979 9132
11979 11244
11982 5874
11984 6234
12052 8749
12060 5874
12068 11244
12115 10280
12152 9132
12162 8077
12162 12363
12186 5874
12227 14335
12289 6277
12316 13766
12334 12116
12344 5008
12431 11244
12437 11244
12438 11244
12440 10280
12542 11244
12543 11244
12550 6234
12557 11244
12577 11244
12594 5874
12611 13284
12624 5874
12625 5874
12668 11244
12683 13284
12694 11244
12698 13284
12702 8749
12707 2005
12726 13284
12730 5874
12749 11244
12763 13766
12768 7625
12796 11244
12807 10280
12812 11244
12825 6234
12846 11244
12847 5874
12848 13284
12855 11244
12856 10280
12862 13284
12869 7625
12874 11244
12886 11244
12894 11244
12897 5874
12898 5874
12917 1043
12926 10280
12926 13284
12934 11244
12965 11244
12988 5874
12988 13284
12988 13291
13055 11244
13055 13291
13105 9132
13105 9864
13107 6234
13121 5874
13131 11244
13157 11244
13160 13284
13163 13284
13193 5874
13210 12116
13218 11244
13268 13291
13270 12116
13272 10280
13272 13291
13275 13284
13275 13291
13278 13291
13282 5874
13282 13291
13283 5874
13283 13284
13307 6234
13330 6234
13334 6234
13346 13291
13407 13284
13417 11244
13424 11244
13429 5874
13431 13291
13442 10280
13446 5874
13446 10280
13449 13284
13486 3528
13489 5874
13489 10280
13499 11244
13501 11244
13507 1984
13539 11244
13541 11244
13552 5874
13560 11244
13561 12116
13568 9143
13568 12116
13570 5874
13585 11244
13588 5874
13588 11244
13588 13284
13592 10280
13598 5874
13602 5874
13603 5874
13619 13291
13747 13284
13820 13284
13873 5874
13941 13291
13942 5874
13957 5874
13958 11244
13960 11244
13969 5874
13973 11244
14003 6234
14017 2005
14023 5874
14024 13284
14028 9864
14033 13766
14055 11244
14057 7625
14067 5874
14083 5874
14083 11244
14089 5874
14089 13284
14099 5874
14105 11244
14105 13284
14204 8749
14260 8545
14262 9132
14263 1701
14268 5874
14284 13291
14299 11244
14306 6234
14358 11244
14383 11244
14408 1000
14408 2532
14408 13766
14452 5874
14525 13284
