14541 14541 528
1279 4905
1279 6440
1279 10283
1279 10529
1322 4905
1322 8598
1322 10283
1322 10529
1322 12342
1360 4767
1360 4768
1360 5277
1360 7107
1360 7331
1363 4767
1363 4768
1363 4945
1363 4989
1363 5277
1363 5398
1363 7107
1363 7331
1863 3538
1863 5798
1863 8778
1863 10648
1863 11973
2523 4767
2523 4768
2523 4945
2523 4989
2523 5277
2523 5398
2523 7107
2523 7331
3006 6440
3006 8598
3006 10283
3006 10529
3006 12342
3024 4905
3024 6440
3024 8598
3024 10283
3024 10529
3024 12342
3025 4905
3025 6440
3025 8598
3025 10283
3025 12342
3026 4905
3026 6440
3026 8598
3026 10283
3026 10529
3026 12342
3066 4768
3066 4945
3066 4989
3066 5277
3066 5398
3066 7107
3066 7331
3069 4767
3069 4768
3069 4945
3069 5277
3069 5398
3069 7107
3069 7331
3076 4767
3076 4768
3076 4945
3076 4989
3076 5277
3076 5398
3076 7107
3076 7331
3080 4767
3080 4768
3080 4945
3080 4989
3080 5277
3080 5398
3080 7331
3877 4905
3877 8598
3877 10283
3877 10529
3877 12342
3879 4905
3879 6440
3879 10283
3879 10529
3879 12342
3987 4767
3987 4768
3987 4945
3987 4989
3987 5277
3987 5398
3987 7107
3987 7331
4138 4905
4138 6440
4138 8598
4138 10283
4138 10529
4138 12342
4187 4767
4187 4768
4187 4945
4187 4989
4187 5277
4187 5398
4187 7107
4187 7331
5905 6440
5905 8598
5905 10283
5905 10529
5905 12342
6328 4767
6328 4768
6328 4945
6334 4905
6334 6440
6334 8598
6334 10283
6334 10529
6334 12342
6344 4767
6344 5398
6344 7107
6344 7331
6674 8598
6674 10283
6674 10529
6674 12342
6993 4905
6993 6440
6993 8598
6993 10283
6993 10529
6993 12342
7146 4905
7146 8598
7146 10283
7146 10529
7146 12342
7221 4767
7221 4768
7221 4945
7221 4989
7221 5277
7221 5398
7221 7107
7221 7331
7307 3538
7558 4767
7558 4945
7558 4989
7558 5277
7558 5398
7558 7107
7558 7331
7754 4905
7754 6440
7754 8598
7754 10529
7754 12342
7777 4767
7777 4989
7777 5277
7777 5398
7777 7107
7777 7331
7887 4767
7887 4768
7887 4945
7887 4989
7887 5277
7887 5398
7887 7107
7887 7331
7908 6440
7908 8598
7908 10283
7908 10529
7908 12342
7910 4767
7910 4768
7910 4945
7910 4989
7910 5277
7910 5398
7910 7107
7910 7331
7911 4989
7911 5277
7911 5398
7911 7107
7911 7331
8266 4905
8266 6440
8266 8598
8266 10283
8266 10529
8266 12342
8268 4905
8268 6440
8268 8598
8268 10283
8268 10529
8268 12342
8269 4905
8269 6440
8269 10283
8269 10529
8269 12342
8271 4768
8271 4989
8271 5277
8271 5398
8271 7107
8271 7331
8283 4905
8283 6440
8283 10283
8283 10529
8283 12342
8380 4905
8380 6440
8380 8598
8380 10283
8380 10529
8380 12342
8402 4768
8402 4945
8402 4989
8402 5277
8402 5398
8402 7107
8402 7331
8574 4905
8574 6440
8574 8598
8574 10283
8574 10529
8574 12342
8576 6440
8576 8598
8576 10283
8576 10529
8643 4767
8643 4945
8643 4989
8643 5398
8643 7107
8643 7331
8732 4767
8732 4768
8732 4945
8732 4989
8732 5277
8732 5398
8732 7107
8732 7331
9193 4905
9193 8598
9193 10283
9193 10529
9193 12342
9194 4905
9194 6440
9194 8598
9194 10283
9194 10529
9194 12342
9266 4767
9266 4768
9266 4945
9266 5398
9266 7107
9266 7331
9278 4767
9278 4768
9278 4945
9278 4989
9278 5277
9278 7107
9278 7331
9280 4905
9280 6440
9280 8598
9280 10283
9280 10529
9280 12342
9351 4905
9351 6440
9351 8598
9351 10283
9351 10529
9355 4767
9355 4945
9355 5277
9355 5398
9355 7107
9355 7331
9356 4767
9356 4768
9356 4945
9356 4989
9356 5277
9356 5398
9356 7107
9356 7331
9681 4905
9681 6440
9681 8598
9681 10529
9681 12342
9682 4905
9682 8598
9682 10283
9682 10529
9682 12342
9684 4767
9684 4768
9684 4945
9684 4989
9684 5277
9684 5398
9684 7107
9684 7331
9690 4767
9690 4768
9690 4945
9690 4989
9690 5277
9690 5398
9690 7331
9691 4767
9691 4768
9691 4945
9691 4989
9691 5277
9691 5398
9691 7107
10029 6440
10029 8598
10029 12342
11076 3538
11076 5798
11076 5805
11076 8778
11076 10648
11076 11973
11440 4767
11440 4768
11440 4945
11440 4989
11440 5277
11440 7107
11440 7331
13033 3538
13033 5798
13033 5805
13033 8778
13033 11973
13034 3538
13034 5798
13034 5805
13034 8778
13034 10648
13034 11973
13035 3538
13035 5805
13035 8778
13035 10648
13035 11973
13036 3538
13036 5798
13036 5805
13036 8778
13036 10648
13036 11973
13037 3538
13037 5798
13037 10648
13037 11973
13038 3538
13038 5798
13038 5805
13038 10648
13038 11973
13039 5798
13039 5805
13039 8778
13039 10648
13039 11973
13040 3538
13040 5798
13040 5805
13040 8778
13040 10648
13040 11973
13041 3538
13041 5798
13041 5805
13041 10648
13041 11973
13042 3538
13042 5798
13042 5805
13042 10648
13043 3538
13043 5805
13043 8778
13043 11973
13044 3538
13044 5798
13044 8778
13044 10648
13046 3538
13046 5805
13046 8778
13046 11973
13047 3538
13047 5798
13047 5805
13047 8778
13047 10648
13048 5805
13048 10648
13048 11973
13049 5798
13049 5805
13049 8778
13050 3538
13050 8778
13050 10648
13050 11973
13051 3538
13051 5805
13051 8778
13051 10648
13051 11973
13052 3538
13052 5805
13052 8778
13052 10648
13052 11973
13053 3538
13053 5798
13053 5805
13053 8778
13053 11973
13054 3538
13054 5798
13054 5805
13054 8778
13054 10648
13054 11973
13056 3538
13056 5798
13056 5805
13056 8778
13056 10648
13056 11973
13057 3538
13057 5798
13057 5805
13057 8778
13057 10648
13057 11973
13058 3538
13058 5798
13058 5805
13058 8778
13058 10648
13058 11973
13059 3538
13059 5798
13059 5805
13059 8778
13059 10648
13059 11973
13060 3538
13060 5798
13060 5805
13060 8778
13060 10648
13060 11973
13061 3538
13061 5798
13061 8778
13061 10648
13061 11973
13062 3538
13062 5798
13062 5805
13062 8778
13062 10648
13062 11973
14369 4905
14369 6440
14369 8598
14369 10283
14369 10529
14369 12342
14370 4905
14370 6440
14370 8598
14371 4767
14371 4768
14371 4945
14371 4989
14371 5277
14371 5398
14371 7331
14379 4767
14379 4768
14379 4945
14379 5398
14379 7107
14379 7331
