14541 14541 153
226 3005
406 8398
425 6997
429 14284
476 12917
514 3318
612 2204
700 10998
850 4210
871 3617
907 2235
907 2424
923 5125
1079 5573
1085 514
1085 2882
1085 2924
1085 3116
1085 11857
1085 12768
1283 13970
1542 3222
1542 5535
1542 7808
1545 2325
1852 10913
1887 10864
1949 5125
1980 3163
2027 1980
2117 10062
2169 8597
2202 10360
2204 612
2232 13970
2235 907
2239 2779
2261 2262
2262 2261
2265 10360
2292 2314
2292 2761
2292 10253
2292 12917
2325 1545
2406 7039
2424 907
2478 10708
2584 7092
2602 11690
2652 2777
2681 13970
2716 3163
2716 13644
2761 2292
2882 1085
2924 1085
3005 226
3058 1542
3092 3344
3092 12036
3116 1085
3163 1980
3163 2716
3222 1542
3222 12917
3301 2744
3318 514
3344 3092
3608 11794
3617 871
3617 9566
3995 5855
4077 1414
4210 850
4274 13214
4448 2740
4470 5855
4846 6547
4937 13473
5085 1852
5125 1949
5465 1607
5465 5466
5466 1607
5466 5465
5490 10708
5519 13419
5535 1542
5573 1079
5817 6354
5855 3995
5855 4470
5855 10864
6174 5890
6178 2847
6413 11067
6547 4846
6997 425
7039 2406
7299 11745
7358 9566
8207 9758
8290 13499
8398 406
8520 9605
8597 2169
8881 12174
9099 9807
9429 7268
9484 514
9566 3617
9566 7358
9605 850
9692 12593
9758 3212
9758 8207
9807 9099
10062 2117
10253 2292
10360 2202
10360 2265
10360 3680
10360 14530
10530 2406
10708 2478
10708 11225
10864 1887
10864 5855
10913 1852
10998 700
11067 6413
11225 10708
11690 2602
11794 3608
11857 1085
12174 8881
12593 9692
12768 1085
12917 476
12917 2292
12917 10934
13005 2239
13214 4274
13419 5519
13473 4937
13475 1852
13499 450
13644 2716
13970 1283
13970 2232
13970 2681
14530 10360
