14541 14541 260
107 3981
107 13006
178 2637
188 8188
190 10860
196 1986
226 3399
229 212
230 2637
299 2637
316 93
316 11846
327 2637
328 2638
393 9714
422 421
639 638
649 212
654 212
710 2637
714 9908
731 1495
801 4929
827 2911
864 10860
906 4929
914 2362
920 7105
959 955
960 955
987 8988
988 303
989 10921
1009 4685
1009 9083
1015 9757
1224 2483
1268 799
1323 10007
1415 2637
1416 847
1579 10760
1648 30
1720 10860
1739 14448
1776 13621
1781 2637
1838 1400
1846 11319
1868 2638
1926 9714
1967 93
1967 2637
2027 9083
2027 14450
2051 2362
2093 9714
2094 5142
2127 2637
2163 9129
2164 2911
2178 7669
2189 2362
2194 10507
2195 10507
2201 9753
2221 9714
2269 609
2308 2637
2314 7661
2326 2729
2500 4929
2500 13621
2540 1417
2567 11319
2605 9498
2605 12219
2620 9083
2688 10921
2691 346
2703 2637
2704 2362
2704 4929
2704 9547
2707 9704
2708 4929
2708 9704
2710 11861
2711 2911
2712 2911
2712 9129
2720 9714
2722 2362
2722 9547
2724 672
2726 9908
2727 93
2727 11861
2728 11861
2730 574
2731 93
2732 4559
2734 7478
2735 7478
2738 2637
2742 1343
2745 9978
2746 9978
2758 93
2766 12413
2773 2637
2776 686
2790 30
2791 3981
2815 9632
2824 2362
2824 4929
2824 9714
2827 6086
2829 9978
2835 9545
2836 1417
2861 2637
2863 14129
2864 7991
2885 4652
2889 208
2895 11541
2900 2637
2918 3981
2918 4685
2918 9083
2918 14450
3016 13621
3047 9083
3056 93
3120 4929
3148 533
3148 2637
3201 7669
3245 9129
3268 9545
3335 7105
3335 10860
3335 14129
3372 7105
3411 13301
3412 14129
3555 8837
3763 13065
3865 346
3865 4938
3865 10768
4094 391
4448 210
4557 10860
4557 12047
4714 381
4781 11846
4909 2362
5140 2637
5228 2362
5228 7991
5295 5820
5338 9978
5338 14450
5381 466
5542 1161
5570 2911
5920 2362
5920 9547
5951 13269
6045 7695
6050 9908
6059 53
6174 2729
6220 2637
6220 4929
6226 93
6226 9547
6292 1400
6501 9129
6595 4929
6878 7695
6964 11541
7017 4489
7094 5142
7144 10768
7170 1773
7170 4429
7170 9978
7170 10007
7170 10542
7170 13006
7271 2362
7271 2638
7299 11279
7318 11279
7338 11279
7412 12887
7493 895
7564 3089
7579 1478
7593 836
7759 3089
7834 7695
7965 795
7965 5942
8051 10542
8501 4652
8513 847
8922 381
8922 795
8989 7105
9458 1438
9631 7695
9775 2637
10309 5615
10318 4929
10346 533
10346 2637
10464 9753
10584 346
10615 2637
10858 2637
10926 4413
10928 10921
11588 2637
11690 2637
11771 7695
11784 7695
12083 11846
12145 12203
12165 12581
12236 10860
12431 2637
12502 7669
12502 8006
12609 2362
12917 12887
12944 11319
13066 4429
13114 9753
13157 5820
13157 6511
13343 11858
13355 1495
13358 9636
13442 93
13442 12203
13508 9337
13997 9129
14002 6086
14010 7478
14102 10238
14104 8988
14112 14128
14418 14112
14418 14128
14530 12413
