14541 14541 219
147 10559
552 10559
558 10559
614 10559
692 10559
711 10559
837 10559
860 10559
874 10559
899 10559
900 10559
958 10559
1081 10559
1090 10559
1117 10559
1131 10559
1145 10559
1154 10559
1156 10559
1173 10559
1213 10559
1232 10559
1243 10559
1254 10559
1263 10559
1287 10559
1382 10559
1384 10559
1399 10559
1510 10559
1514 10559
1559 10559
1689 10559
1762 10559
1826 10559
1833 10559
1839 10559
1994 10559
2058 4552
2103 10559
2116 10559
2165 10559
2170 10559
2214 10559
2243 10559
2274 10559
2338 10559
2375 10559
2380 10559
2393 10559
2422 10559
2455 10559
2487 10559
2600 10559
2603 10559
2977 10559
2983 10559
3021 10559
3062 10559
3073 10559
3082 10559
3085 10559
3155 10559
3180 10559
3233 10559
3266 10559
3282 10559
3561 10559
3574 10559
3693 10559
3794 10559
3798 10559
3876 10559
3878 10559
3936 10559
4003 10559
4093 10559
4104 10559
4198 2181
4198 10559
4200 10559
4261 10559
4313 10559
4346 10559
4370 10559
4404 10559
4415 10559
4518 10559
4526 10559
4544 10559
4546 10559
4547 10559
4603 10559
4617 10559
4618 10559
4642 10559
4745 10559
4823 10559
4907 10559
4940 10559
4973 10559
5038 10559
5117 10559
5158 10559
5361 10559
5362 10559
5431 10559
5433 10559
5437 10559
5480 10559
5513 10559
5533 10559
5554 10559
5622 10559
5655 10559
5704 10559
5709 10559
5735 10559
5788 10559
5793 10559
5845 10559
5918 10559
5919 10559
6004 10559
6021 10559
6100 10559
6214 10559
6272 10559
6304 10559
6367 10559
6383 10559
6459 10559
6496 10559
6571 10559
6578 10559
6632 10559
6730 10559
6743 10559
6795 10559
6807 10559
7093 10559
7261 10559
7297 10559
7328 10559
7353 10559
7354 10559
7649 10559
7683 10559
7707 10559
7712 10559
7996 10559
8025 10559
8138 10559
8427 10559
8439 10559
8478 10559
8495 10559
8579 10559
8633 10559
8715 10559
8722 10559
8730 10559
8875 13351
8909 10559
8996 10559
9020 10559
9102 10559
9130 10559
9151 10559
9154 10559
9470 10559
9494 10559
9507 10559
9622 10559
9680 10559
9859 10559
9881 10559
10020 10559
10065 10559
10072 10559
10255 10559
10388 10559
10436 10559
10503 10559
10686 10559
10699 10559
11046 10559
11070 10559
11147 10559
11258 10559
11476 10559
11494 10559
11562 10559
11767 10559
11787 10559
11999 10559
12328 10559
12598 10559
12626 10559
12688 10559
12811 10559
12821 10559
12837 10559
12849 10559
13089 10559
13128 10559
13220 10559
13338 10559
13352 10559
13357 10559
13496 10559
13610 10559
14039 10559
14054 10559
14116 10559
14272 10559
14348 10559
14423 10559
14522 10559
