14541 14541 437
13 4275
40 6050
124 11166
125 11327
189 882
268 13271
286 6454
309 4155
363 1253
363 1519
401 7698
424 10787
425 1778
448 11526
451 14033
483 1754
484 11277
504 5150
522 12680
536 13272
578 2742
608 1166
625 10163
717 2268
724 4568
725 2317
729 12869
732 13556
743 832
750 5683
812 401
832 743
850 14530
871 3617
882 189
923 4615
923 5125
990 1345
995 663
1013 8913
1014 10820
1085 3116
1085 12768
1135 9140
1148 4786
1164 6329
1166 608
1209 6012
1210 11597
1253 363
1255 10715
1312 3990
1312 9972
1345 990
1346 7808
1359 1364
1359 1886
1364 1359
1375 4467
1376 7936
1410 12059
1415 7711
1451 13272
1464 5873
1486 11971
1519 12023
1525 3046
1545 7493
1562 11493
1570 2240
1570 2681
1583 10795
1607 5096
1638 7967
1644 9635
1683 7670
1690 12897
1692 7934
1696 5983
1734 11856
1742 5387
1746 11971
1753 338
1754 483
1754 5787
1778 425
1806 2439
1848 2143
1848 2882
1852 5085
1886 1359
1886 8115
1913 13454
1921 5891
1980 2027
1980 3163
2027 1980
2048 8940
2079 2580
2084 4296
2097 12651
2143 1848
2169 8597
2173 2772
2189 2722
2198 1642
2204 1085
2229 11878
2235 13303
2238 2736
2239 13005
2240 1570
2261 2262
2262 2261
2264 8362
2265 10360
2277 11979
2317 725
2317 11250
2359 5619
2406 7039
2414 4993
2439 1806
2443 1745
2443 5132
2519 6414
2545 12012
2552 2588
2580 2079
2602 11690
2604 11770
2615 11712
2645 11065
2649 10207
2652 2777
2681 1570
2686 13556
2716 13644
2716 14284
2736 2238
2742 578
2748 3376
2761 8520
2772 2173
2790 7144
2853 8309
2881 4476
2882 1848
2888 4584
2910 6997
2912 10714
2940 5126
2959 7753
2971 14030
3046 1525
3054 5619
3116 1085
3116 8564
3134 6061
3163 1980
3212 9758
3222 5740
3245 12898
3286 7276
3305 6010
3318 4937
3344 6390
3360 6692
3371 11145
3376 2748
3376 6822
3377 1446
3390 7026
3482 12316
3596 4485
3617 871
3676 5171
3697 14059
3722 8267
3888 7092
3894 12680
3939 6727
3990 1312
3990 11053
4070 6607
4094 3054
4155 309
4199 11328
4207 12867
4229 11250
4252 5619
4257 13214
4275 13
4296 5185
4296 6957
4448 2740
4467 1375
4476 2881
4485 3596
4533 2215
4568 724
4615 923
4619 10154
4667 4668
4668 4667
4676 5377
4833 5458
4896 7063
4937 3318
4986 5176
5006 6479
5084 13499
5096 1607
5103 12749
5125 923
5126 2940
5132 2443
5150 504
5176 4986
5185 4296
5254 7875
5298 12424
5323 6061
5377 4676
5387 1742
5458 4833
5464 9138
5465 5466
5466 5465
5519 13419
5586 5855
5591 10913
5619 2359
5619 3054
5619 4252
5621 9297
5656 1525
5683 750
5692 8181
5740 8881
5751 6753
5787 1754
5795 9743
5828 11236
5855 5586
5873 10715
5949 5459
5983 1696
6010 3305
6012 1209
6050 40
6061 3134
6061 5323
6069 10757
6251 9380
6329 1164
6339 4722
6339 7022
6362 8646
6373 12023
6390 3344
6411 2079
6414 2519
6454 286
6454 12533
6479 5006
6479 6480
6480 6479
6485 11074
6572 7666
6607 4070
6692 3360
6720 12543
6727 3939
6740 2358
6744 8937
6800 3358
6822 3376
6897 8710
6957 4296
6965 6512
6997 2910
7022 6339
7026 3390
7032 11098
7039 2406
7063 4896
7117 11935
7144 2790
7180 14306
7182 8088
7214 7813
7267 9205
7268 9429
7276 3286
7282 8836
7390 7396
7396 7390
7408 11353
7493 1545
7563 9483
7654 2679
7670 1683
7705 12874
7711 1415
7781 14452
7808 1346
7813 7214
7859 3453
7886 9840
7934 1692
7967 1638
8115 1886
8181 5692
8207 8186
8207 9758
8267 3722
8309 2853
8362 2264
8487 8670
8520 2761
8520 9605
8564 3116
8597 2169
8710 6897
8831 12390
8836 7282
8881 5740
8913 1013
8923 3737
8937 6744
9138 5464
9140 1135
9253 4125
9297 5621
9353 10708
9380 6251
9429 7268
9483 7563
9497 12651
9605 850
9605 8520
9635 1644
9743 5795
9758 3212
9758 8207
9758 10864
9763 13310
9840 7886
9972 1312
10062 13005
10154 4619
10163 625
10360 2265
10708 9353
10714 2912
10757 6069
10787 424
10795 1583
10820 1014
10828 10852
10852 10828
10855 12731
10864 9758
10913 5591
10931 11166
10966 11325
10988 3411
11053 13514
11074 6485
11106 2438
11145 3371
11166 124
11166 10931
11194 14263
11225 10708
11225 11971
11236 5828
11250 2317
11277 484
11325 10966
11328 4199
11353 7408
11493 1562
11526 448
11597 1210
11690 2602
11770 2604
11878 2229
11896 2814
11921 6116
11971 1486
11971 1746
11971 11225
11979 2277
12012 2545
12023 1519
12061 14383
12068 1291
12151 6547
12223 13265
12316 3482
12390 8831
12424 5298
12533 6454
12543 6720
12651 9497
12680 3894
12749 5103
12768 1085
12867 4207
12874 7705
12917 5535
13005 2239
13005 10062
13214 4257
13265 10329
13271 268
13272 536
13272 1451
13274 4568
13303 2235
13310 9763
13419 5519
13454 1913
13499 5084
13514 11053
13556 732
13644 2716
13814 1910
14030 2971
14033 451
14059 3697
14263 11194
14284 9034
14306 7180
14530 850
