14541 14541 3337
242 76
242 113
242 189
242 405
242 567
242 575
242 639
242 686
242 954
242 987
242 1388
242 1850
242 1881
242 1904
242 1911
242 1916
242 1929
242 1935
242 2015
242 2017
242 2032
242 2081
242 2096
242 2195
242 2223
242 2610
242 2664
242 2670
242 2703
242 2705
242 2751
242 2853
242 2864
242 2930
242 2939
242 4226
242 4275
242 4431
242 4475
242 4909
242 5563
242 5965
242 6291
242 6397
242 7651
242 7936
242 8205
242 8468
242 8970
242 9140
242 10909
242 11000
242 11289
242 11861
242 11896
242 12390
242 12424
242 12470
242 12471
242 12827
242 12992
242 13210
242 13301
242 13580
242 13970
242 14003
242 14023
242 14100
242 14382
242 14418
1040 76
1040 178
1040 212
1040 230
1040 550
1040 638
1040 685
1040 696
1040 954
1040 955
1040 1033
1040 1388
1040 1713
1040 1935
1040 2067
1040 2322
1040 2478
1040 2554
1040 2579
1040 2610
1040 2718
1040 2750
1040 2759
1040 2776
1040 2800
1040 2820
1040 2825
1040 2826
1040 2845
1040 2888
1040 2898
1040 2958
1040 3676
1040 4001
1040 4183
1040 4559
1040 4938
1040 5023
1040 5563
1040 5961
1040 6181
1040 8188
1040 8468
1040 9185
1040 9458
1040 9632
1040 10493
1040 11252
1040 11897
1040 12390
1040 12431
1040 13301
1040 13421
1040 13574
1233 79
1233 175
1233 220
1233 337
1233 381
1233 405
1233 567
1233 686
1233 696
1233 798
1233 987
1233 1219
1233 1784
1233 1881
1233 2002
1233 2088
1233 2189
1233 2655
1233 2666
1233 2709
1233 2714
1233 2718
1233 2732
1233 2757
1233 2776
1233 2814
1233 2820
1233 2864
1233 2875
1233 2888
1233 2935
1233 2958
1233 3053
1233 3120
1233 3875
1233 4226
1233 4380
1233 4431
1233 4584
1233 4714
1233 4871
1233 4896
1233 4909
1233 4938
1233 6056
1233 6181
1233 7063
1233 7669
1233 8970
1233 9185
1233 10507
1233 11289
1233 11861
1233 11896
1233 12152
1233 13442
1233 14382
1257 79
1257 178
1257 208
1257 337
1257 338
1257 501
1257 567
1257 693
1257 695
1257 836
1257 923
1257 955
1257 1048
1257 1333
1257 1871
1257 1922
1257 1953
1257 2002
1257 2716
1257 2734
1257 2762
1257 2822
1257 2910
1257 2913
1257 2938
1257 4183
1257 4184
1257 4275
1257 4559
1257 4871
1257 4909
1257 5171
1257 5525
1257 5965
1257 6050
1257 6065
1257 6181
1257 6225
1257 6867
1257 7669
1257 7904
1257 7936
1257 8551
1257 8552
1257 8970
1257 9185
1257 10493
1257 12152
1257 12440
1257 12470
1257 12827
1257 13105
1257 14010
1257 14024
1257 14382
2068 45
2068 228
2068 303
2068 450
2068 690
2068 1333
2068 1494
2068 1713
2068 1869
2068 1889
2068 1922
2068 1982
2068 1985
2068 2046
2068 2054
2068 2339
2068 2490
2068 2751
2068 2756
2068 2820
2068 2916
2068 3053
2068 3120
2068 3485
2068 3686
2068 3888
2068 3903
2068 4203
2068 4275
2068 4297
2068 4380
2068 4871
2068 4892
2068 4909
2068 5420
2068 5563
2068 6262
2068 7324
2068 8468
2068 9185
2068 9547
2068 9757
2068 9931
2068 10493
2068 11526
2068 12431
2068 12827
2068 14006
2069 79
2069 178
2069 210
2069 340
2069 418
2069 467
2069 659
2069 864
2069 1601
2069 1784
2069 1838
2069 1904
2069 1964
2069 2111
2069 2322
2069 2736
2069 2759
2069 2786
2069 2814
2069 2892
2069 2916
2069 2938
2069 3990
2069 4182
2069 4183
2069 4265
2069 4275
2069 4559
2069 4892
2069 4896
2069 4939
2069 5228
2069 5442
2069 5563
2069 5961
2069 6224
2069 6855
2069 7063
2069 8970
2069 10346
2069 10768
2069 11541
2069 12083
2069 12165
2069 12424
2069 12440
2069 12827
2069 12972
2069 13006
2069 14382
2486 113
2486 188
2486 205
2486 228
2486 316
2486 450
2486 501
2486 567
2486 601
2486 621
2486 696
2486 955
2486 1009
2486 1343
2486 1438
2486 1662
2486 1713
2486 1748
2486 1784
2486 2002
2486 2043
2486 2339
2486 2477
2486 2620
2486 2716
2486 2718
2486 2732
2486 2740
2486 2820
2486 2826
2486 2918
2486 2938
2486 3047
2486 3676
2486 4226
2486 4275
2486 4655
2486 4783
2486 4800
2486 4909
2486 5031
2486 6182
2486 6225
2486 6867
2486 7669
2486 8188
2486 8205
2486 8468
2486 8970
2486 9185
2486 10061
2486 11252
2486 11856
2486 12111
2486 12152
2486 12827
2486 13407
2486 13442
2486 13506
2486 14382
2486 14508
2997 79
2997 110
2997 450
2997 458
2997 532
2997 987
2997 1333
2997 1686
2997 1713
2997 1748
2997 1838
2997 1871
2997 1881
2997 1917
2997 2501
2997 2732
2997 2751
2997 2845
2997 2916
2997 2917
2997 3120
2997 3485
2997 4264
2997 4265
2997 4275
2997 4739
2997 4909
2997 5777
2997 5961
2997 5965
2997 6182
2997 7967
2997 9083
2997 10314
2997 11063
2997 11861
2997 12083
2997 13006
2997 13460
2997 14382
3645 461
3645 489
3645 848
3645 1415
3645 1822
3645 4872
3645 5105
3645 5187
3645 6724
3645 8215
3645 8658
3645 10213
3645 10347
3645 10938
3645 11355
3645 11544
3645 12696
3645 12707
3645 13055
3645 13214
3645 14083
3646 319
3646 656
3646 2743
3646 2887
3646 3134
3646 3990
3646 4435
3646 5840
3646 6061
3646 8043
3646 10856
3646 11074
3646 11993
3646 13419
3726 285
3726 619
3726 990
3726 1148
3726 1515
3726 1566
3726 1579
3726 1692
3726 1787
3726 2078
3726 3255
3726 3277
3726 3433
3726 3471
3726 3833
3726 4163
3726 4525
3726 5345
3726 5376
3726 5680
3726 6431
3726 6918
3726 6940
3726 6973
3726 7002
3726 7537
3726 7806
3726 8088
3726 8435
3726 8495
3726 8633
3726 8823
3726 8945
3726 9207
3726 9918
3726 10058
3726 10190
3726 10253
3726 10310
3726 10447
3726 10455
3726 10640
3726 11074
3726 11138
3726 11358
3726 11715
3726 11857
3726 12362
3726 12598
3726 12668
3726 12696
3726 12748
3726 12886
3726 13167
3776 285
3776 486
3776 727
3776 990
3776 1148
3776 1149
3776 1692
3776 3471
3776 4525
3776 5088
3776 5345
3776 5680
3776 7557
3776 7716
3776 8435
3776 8640
3776 8710
3776 8823
3776 8945
3776 9385
3776 9761
3776 10008
3776 10168
3776 10190
3776 10253
3776 10310
3776 10447
3776 11040
3776 11042
3776 11354
3776 11380
3776 11401
3776 11408
3776 11409
3776 11410
3776 12003
3776 12215
3776 12534
3776 12738
3776 13167
3776 13265
3800 519
3800 3565
3800 3622
3800 3624
3800 3669
3800 3727
3800 5958
3800 5973
3800 5974
3800 6514
3800 6659
3800 7173
3800 7716
3800 7793
3800 7864
3800 8762
3800 8781
3800 9024
3800 9344
3800 10168
3800 10879
3800 11040
3800 11235
3800 11350
3800 11351
3800 11352
3800 11417
3800 12738
4149 76
4149 79
4149 113
4149 166
4149 189
4149 340
4149 345
4149 448
4149 550
4149 638
4149 672
4149 685
4149 695
4149 954
4149 988
4149 1357
4149 1662
4149 1686
4149 1713
4149 1869
4149 1905
4149 1982
4149 2002
4149 2339
4149 2358
4149 2579
4149 2705
4149 2718
4149 2724
4149 2732
4149 2759
4149 2762
4149 3089
4149 3245
4149 3890
4149 4183
4149 4275
4149 4892
4149 4938
4149 5563
4149 5920
4149 5945
4149 5961
4149 6181
4149 6595
4149 7224
4149 7564
4149 7669
4149 7759
4149 8676
4149 8970
4149 10640
4149 10990
4149 12152
4149 12431
4149 12827
4149 12917
4149 13301
4149 13442
4149 13580
4149 13997
4149 14100
4334 1135
4334 1838
4334 1969
4334 2173
4334 2579
4334 4089
4334 4358
4334 7508
4334 8120
4334 8150
4334 13112
4334 14284
4402 268
4402 588
4402 1294
4402 2718
4402 3277
4402 5029
4402 6372
4402 7946
4402 7956
4402 8207
4402 8896
4402 9644
4402 13131
4459 425
4459 619
4459 891
4459 1345
4459 3345
4459 4184
4459 5873
4459 7236
4459 7308
4459 7508
4459 10287
4459 10455
4459 10804
4459 11194
4459 11246
4459 11489
4459 11897
4748 725
4748 757
4748 4227
4748 4532
4748 4533
4748 5180
4748 7378
4748 9699
4748 10990
4748 11114
4748 12249
4824 461
4824 519
4824 1162
4824 1163
4824 1692
4824 1713
4824 1752
4824 1787
4824 1822
4824 2159
4824 3471
4824 3697
4824 3730
4824 3731
4824 3734
4824 3735
4824 4098
4824 4164
4824 4713
4824 5278
4824 5318
4824 5624
4824 5822
4824 5943
4824 5958
4824 6962
4824 6973
4824 7363
4824 7557
4824 7610
4824 7793
4824 8153
4824 8157
4824 9024
4824 9098
4824 9139
4824 9917
4824 10276
4824 10586
4824 10759
4824 10998
4824 11235
4824 11417
4824 12917
4824 13969
4824 14059
4981 166
4981 230
4981 672
4981 836
4981 1033
4981 1222
4981 2002
4981 2040
4981 2275
4981 2655
4981 2708
4981 2716
4981 2732
4981 2755
4981 2759
4981 2762
4981 2773
4981 2825
4981 2845
4981 2891
4981 4183
4981 4203
4981 4275
4981 4489
4981 4554
4981 4645
4981 4871
4981 4896
4981 4909
4981 4938
4981 5563
4981 5945
4981 6072
4981 6147
4981 6181
4981 7011
4981 7063
4981 7540
4981 7593
4981 8071
4981 8186
4981 9099
4981 9209
4981 9795
4981 10005
4981 10111
4981 10493
4981 10710
4981 10796
4981 12390
4981 12431
4981 12917
4981 13211
4981 13446
4981 13621
4981 14010
5258 441
5258 519
5258 522
5258 725
5258 757
5258 2184
5258 2866
5258 2895
5258 4189
5258 4532
5258 4533
5258 6627
5258 7173
5258 7471
5258 7894
5258 8120
5258 8157
5258 8473
5258 9138
5258 9699
5258 10617
5258 10757
5258 10953
5258 11179
5258 11417
5258 13005
5258 14059
5364 2368
5364 2666
5364 2703
5364 3290
5364 7092
5364 8956
5364 9225
5364 11489
5364 12710
5366 696
5366 2184
5366 2579
5366 3277
5366 4358
5366 5944
5366 6285
5366 7508
5366 7786
5366 8406
5366 8951
5366 10975
5366 12068
5366 12333
5366 14017
5370 316
5370 588
5370 1734
5370 6365
5370 6736
5370 6937
5370 7161
5370 8063
5370 11971
5370 12545
5370 13740
5371 198
5371 2619
5371 4182
5371 4662
5371 6489
5371 7362
5371 7806
5371 8313
5371 9138
5371 9624
5371 10804
5371 10988
5371 11246
5371 13486
5374 142
5374 396
5374 749
5374 798
5374 1486
5374 1963
5374 2215
5374 4389
5374 4532
5374 4533
5374 4596
5374 4831
5374 10194
5374 10623
5374 11113
5374 11489
5374 11587
5374 12012
5374 12035
6149 3548
6149 3552
6149 3587
6149 3730
6149 3731
6149 3736
6149 3737
6149 3860
6149 4532
6149 4533
6149 5167
6149 7390
6149 7396
6149 8262
6149 8293
6149 10879
6149 10990
6149 11040
6149 11235
6149 11417
6149 11450
6149 14059
6155 764
6155 2153
6155 2282
6155 2976
6155 3432
6155 3483
6155 3729
6155 4189
6155 4532
6155 4533
6155 4536
6155 5125
6155 5549
6155 5795
6155 6354
6155 7207
6155 7557
6155 7665
6155 8435
6155 9192
6155 9575
6155 9699
6155 10975
6155 11074
6155 12362
6155 12598
6155 13145
6155 14055
6158 522
6158 725
6158 751
6158 757
6158 990
6158 1419
6158 1572
6158 1924
6158 1941
6158 2396
6158 2866
6158 3114
6158 3242
6158 4568
6158 4570
6158 4571
6158 4576
6158 4577
6158 4578
6158 4735
6158 5110
6158 5417
6158 6414
6158 7654
6158 7716
6158 7848
6158 7924
6158 8090
6158 8640
6158 8710
6158 9385
6158 10008
6158 10168
6158 10243
6158 11040
6158 11042
6158 11354
6158 11401
6158 11408
6158 11409
6158 11410
6158 11963
6158 12738
6158 14059
6430 298
6430 460
6430 764
6430 990
6430 1162
6430 1163
6430 1752
6430 2342
6430 2562
6430 2859
6430 2976
6430 3131
6430 3190
6430 3697
6430 3730
6430 3731
6430 3732
6430 3734
6430 3735
6430 4164
6430 4713
6430 4909
6430 5288
6430 5318
6430 5478
6430 6465
6430 6555
6430 7085
6430 7276
6430 7390
6430 7396
6430 7610
6430 8153
6430 8157
6430 8181
6430 8254
6430 9924
6430 10813
6430 11117
6430 11179
6430 11417
6430 11957
6430 13969
6430 14059
6430 14525
6614 337
6614 428
6614 1281
6614 1320
6614 2580
6614 8130
6614 8158
6614 9972
6614 10579
6614 12731
6853 1582
6853 3344
6853 7918
6853 8120
6853 11856
6853 14105
6853 14284
6869 764
6869 990
6869 1582
6869 1742
6869 2235
6869 2924
6869 3190
6869 3344
6869 3731
6869 3732
6869 3734
6869 3735
6869 4624
6869 6862
6869 8120
6869 8714
6869 10714
6869 11098
6869 11417
6869 11856
6869 12431
6869 13969
6869 14059
6869 14105
6869 14525
7070 45
7070 221
7070 337
7070 405
7070 418
7070 460
7070 601
7070 664
7070 694
7070 987
7070 1904
7070 1922
7070 2002
7070 2040
7070 2096
7070 2223
7070 2478
7070 2724
7070 2759
7070 2762
7070 2798
7070 2820
7070 2836
7070 2850
7070 2902
7070 2939
7070 2958
7070 3365
7070 3411
7070 3453
7070 3686
7070 3707
7070 4183
7070 4275
7070 4476
7070 4525
7070 4554
7070 4685
7070 5396
7070 5992
7070 6128
7070 6147
7070 6704
7070 6717
7070 6857
7070 7669
7070 8071
7070 8468
7070 9209
7070 9718
7070 10007
7070 10507
7070 10640
7070 10852
7070 11139
7070 12083
7070 12152
7070 12390
7070 12431
7070 12471
7070 12581
7070 13301
7070 13580
7070 13621
7070 14010
7587 297
7587 519
7587 1582
7587 1782
7587 2235
7587 2724
7587 3483
7587 7818
7587 8201
7587 8202
7587 8254
7587 8633
7587 9066
7587 11361
7587 11489
7587 11971
7587 12362
7587 12390
7587 12556
7587 12748
7587 13145
7587 13273
7587 13486
7587 14105
7587 14525
7884 441
7884 2890
7884 4656
7884 4662
7884 4786
7884 7378
7884 7997
7884 8107
7884 8400
7884 9182
7884 10163
7884 10871
7884 11074
7884 11114
7884 13740
8016 448
8016 476
8016 550
8016 575
8016 695
8016 867
8016 955
8016 1033
8016 1222
8016 1417
8016 1748
8016 1752
8016 1838
8016 2002
8016 2040
8016 2478
8016 2579
8016 2610
8016 2724
8016 2755
8016 2762
8016 2764
8016 2770
8016 2910
8016 2912
8016 3399
8016 3875
8016 4001
8016 4089
8016 4182
8016 4489
8016 4554
8016 4584
8016 4739
8016 5738
8016 7011
8016 7012
8016 7478
8016 8468
8016 9775
8016 9931
8016 10493
8016 10909
8016 11289
8016 11858
8016 11861
8016 12390
8016 12431
8016 12470
8016 13269
8016 13355
8016 13508
8016 13948
8016 14102
8067 285
8067 990
8067 1822
8067 2363
8067 3190
8067 3344
8067 3598
8067 3801
8067 4759
8067 6229
8067 6347
8067 6625
8067 7507
8067 7730
8067 8384
8067 8884
8067 9246
8067 9790
8067 10052
8067 10207
8067 10405
8067 10617
8067 10868
8067 11611
8067 11856
8067 11993
8067 12426
8067 12438
8067 12510
8067 12696
8067 12727
8067 14059
8067 14284
8067 14525
8109 418
8109 798
8109 1455
8109 2078
8109 2709
8109 3789
8109 5288
8109 6162
8109 7492
8109 8863
8109 10669
8109 10696
8109 11098
8109 11489
8109 12408
8109 12869
8166 337
8166 621
8166 990
8166 1046
8166 1149
8166 1162
8166 1163
8166 1752
8166 2562
8166 2785
8166 3697
8166 3730
8166 3731
8166 3732
8166 3734
8166 3735
8166 3736
8166 3860
8166 4319
8166 4738
8166 5318
8166 7102
8166 7300
8166 7390
8166 7396
8166 7610
8166 7964
8166 8153
8166 8155
8166 8254
8166 8291
8166 8477
8166 10060
8166 10075
8166 11116
8166 11117
8166 11179
8166 11417
8166 11983
8166 12525
8166 12869
8166 12907
8166 12917
8166 13969
8166 14059
8317 1795
8317 2270
8317 2654
8317 5059
8317 6567
8317 8982
8317 9390
8317 9451
8317 9975
8317 10857
8317 11167
8317 12126
8317 12277
8317 12319
8317 12690
8467 79
8467 189
8467 209
8467 290
8467 677
8467 695
8467 867
8467 1222
8467 1417
8467 1582
8467 1955
8467 2029
8467 2040
8467 2344
8467 2350
8467 2708
8467 2718
8467 2750
8467 2754
8467 2757
8467 2762
8467 2890
8467 2976
8467 3466
8467 3676
8467 3901
8467 4183
8467 4431
8467 4554
8467 4871
8467 5017
8467 5198
8467 5251
8467 5318
8467 6128
8467 6516
8467 6712
8467 6857
8467 6861
8467 7097
8467 7540
8467 8071
8467 8186
8467 8422
8467 8487
8467 8607
8467 8838
8467 8970
8467 9099
8467 9133
8467 9931
8467 10005
8467 10019
8467 10346
8467 10710
8467 11369
8467 11745
8467 11858
8467 12152
8467 12431
8467 12907
8467 13446
8467 13535
8467 13970
8467 14004
8484 204
8484 451
8484 2252
8484 2748
8484 2772
8484 4182
8484 4265
8484 5459
8484 7161
8484 11160
8490 1464
8490 3681
8490 3977
8490 4662
8490 7540
8490 7852
8490 8334
8490 9493
8490 12115
8490 13580
8678 732
8678 990
8678 1149
8678 3070
8678 3125
8678 3617
8678 3681
8678 5795
8678 5873
8678 7182
8678 7540
8678 7705
8678 7852
8678 9493
8678 9606
8678 10668
8678 11139
8678 11417
8678 12115
8678 12696
8678 13580
9406 204
9406 337
9406 1902
9406 1924
9406 2235
9406 3821
9406 4944
9406 5017
9406 6489
9406 6533
9406 9138
9406 9192
9406 9789
9406 10804
9406 11098
9406 11246
9406 12408
9406 12431
9407 451
9407 798
9407 1546
9407 2613
9407 3821
9407 4265
9407 4374
9407 5827
9407 5999
9407 6162
9407 10813
9407 10913
9407 11074
9408 4264
9408 4265
9408 5092
9408 5192
9408 6533
9408 6954
9408 9182
9408 9192
9408 10287
9408 10804
9408 10975
9408 11246
9408 11348
9408 14517
9409 111
9409 204
9409 727
9409 1281
9409 2255
9409 3824
9409 4536
9409 6662
9409 7128
9409 8133
9409 9469
9409 12023
9410 725
9410 4264
9410 4265
9410 6627
9410 7780
9410 8361
9410 8737
9410 9192
9410 13454
9410 14017
9412 882
9412 1525
9412 1572
9412 2656
9412 3739
9412 3833
9412 5023
9412 6162
9412 7471
9412 7665
9412 9204
9412 10938
9412 11348
9412 11587
9412 12408
9412 14087
9414 2740
9414 3167
9414 5871
9414 7192
9414 9035
9414 9095
9414 10435
9414 11489
9414 11655
9414 13271
9414 13358
9903 1200
9903 1671
9903 1752
9903 2416
9903 2993
9903 3376
9903 3591
9903 4434
9903 5318
9903 6785
9903 6973
9903 8866
9903 9098
9903 9924
9903 10209
9903 10382
9903 10488
9903 10489
9903 10815
9903 11597
9903 12746
9903 12751
9906 1368
9906 1419
9906 1671
9906 1680
9906 1752
9906 2416
9906 2740
9906 3114
9906 3358
9906 3591
9906 4203
9906 4979
9906 5486
9906 5949
9906 6661
9906 6919
9906 8613
9906 9098
9906 9600
9906 10815
9927 1122
9927 1752
9927 3190
9927 4101
9927 4173
9927 4575
9927 5318
9927 6973
9927 7295
9927 7610
9927 7786
9927 7793
9927 8083
9927 8905
9927 9098
9927 10030
9927 10759
9927 11050
9927 11235
9927 11417
9927 11477
9927 12333
9927 12867
10203 79
10203 188
10203 2156
10203 2352
10203 2928
10203 4871
10203 5017
10203 5945
10203 8970
10203 10640
10203 11896
10278 2846
10278 2910
10278 3202
10278 5017
10278 5945
10278 6704
10278 8970
10278 10640
10278 11289
10278 11896
10279 700
10279 1419
10279 1941
10279 2396
10279 2965
10279 3114
10279 3242
10279 3894
10279 4101
10279 4173
10279 4568
10279 4570
10279 4571
10279 4572
10279 5029
10279 5035
10279 5105
10279 5445
10279 6285
10279 6808
10279 6849
10279 6956
10279 7161
10279 7295
10279 11175
10279 11333
10279 11971
10279 12545
10279 12907
10281 441
10281 460
10281 534
10281 535
10281 723
10281 743
10281 888
10281 1921
10281 1969
10281 2173
10281 2216
10281 2232
10281 2282
10281 2424
10281 2471
10281 2662
10281 3035
10281 3389
10281 3426
10281 3591
10281 3916
10281 4158
10281 4262
10281 4351
10281 4442
10281 4700
10281 5355
10281 5605
10281 5795
10281 5880
10281 6763
10281 8455
10281 8720
10281 8995
10281 9082
10281 10008
10281 10683
10281 10913
10281 12696
10281 13005
10281 13556
10281 14260
10285 460
10285 488
10285 531
10285 646
10285 660
10285 1584
10285 1692
10285 1787
10285 1910
10285 2216
10285 2232
10285 2531
10285 4101
10285 4491
10285 4548
10285 4549
10285 4653
10285 5105
10285 5110
10285 5585
10285 5604
10285 5605
10285 6285
10285 6630
10285 6763
10285 6843
10285 7263
10285 7264
10285 7912
10285 8181
10285 8804
10285 8956
10285 9016
10285 9222
10285 9432
10285 10462
10285 12698
10285 12886
10285 13414
10285 13556
10288 663
10288 710
10288 1281
10288 1375
10288 1744
10288 3948
10288 4542
10288 6162
10288 10256
10288 11628
10411 636
10411 841
10411 1439
10411 1642
10411 1744
10411 2240
10411 2477
10411 2772
10411 2890
10411 3277
10411 3483
10411 3750
10411 3894
10411 4163
10411 4487
10411 4723
10411 4783
10411 5288
10411 5518
10411 5574
10411 5624
10411 6007
10411 6918
10411 8386
10411 11160
10411 12598
10411 13273
10411 13740
10468 990
10468 2313
10468 3125
10468 3320
10468 3492
10468 3617
10468 3681
10468 3801
10468 4610
10468 4906
10468 5586
10468 5795
10468 6001
10468 6168
10468 6625
10468 7016
10468 7163
10468 7182
10468 7852
10468 8066
10468 8144
10468 8693
10468 8789
10468 8884
10468 9246
10468 9471
10468 9473
10468 9493
10468 9665
10468 9706
10468 9707
10468 9780
10468 9790
10468 9799
10468 9800
10468 9947
10468 9955
10468 10207
10468 10214
10468 10405
10468 10617
10468 10868
10468 11225
10468 11611
10468 12115
10468 12131
10468 12133
10468 12438
10468 13971
10468 14059
10476 436
10476 725
10476 1464
10476 1545
10476 2235
10476 2358
10476 2540
10476 3070
10476 3433
10476 3483
10476 3617
10476 3681
10476 4319
10476 4598
10476 4906
10476 6260
10476 7102
10476 7332
10476 7582
10476 7583
10476 7656
10476 7818
10476 7852
10476 7964
10476 8207
10476 8254
10476 8623
10476 8633
10476 8727
10476 8810
10476 8888
10476 9064
10476 9249
10476 9473
10476 9699
10476 9706
10476 9785
10476 9838
10476 10223
10476 10305
10476 10824
10476 10951
10476 11179
10476 11358
10476 12362
10476 12696
10476 13303
10476 13486
10476 13580
10519 1464
10519 2313
10519 3681
10519 5586
10519 7182
10519 7540
10519 7852
10519 8066
10519 8863
10519 9493
10519 9707
10519 10214
10519 11139
10519 11225
10519 12115
10519 12696
10519 13580
10519 13971
10553 13
10553 166
10553 178
10553 575
10553 601
10553 621
10553 672
10553 923
10553 954
10553 1268
10553 1417
10553 1697
10553 1713
10553 1904
10553 1929
10553 2081
10553 2372
10553 2731
10553 2762
10553 2820
10553 2850
10553 2875
10553 2888
10553 2913
10553 2928
10553 3202
10553 3486
10553 3875
10553 4001
10553 4275
10553 4475
10553 4489
10553 4554
10553 4559
10553 4584
10553 4645
10553 4939
10553 5017
10553 5298
10553 5525
10553 6078
10553 6086
10553 6178
10553 7128
10553 7275
10553 7651
10553 7705
10553 7808
10553 7934
10553 8186
10553 8205
10553 8648
10553 9795
10553 11185
10553 11784
10553 11858
10553 11861
10553 12431
10553 12827
10553 14382
10568 749
10568 1414
10568 1744
10568 1926
10568 2579
10568 2890
10568 3894
10568 4786
10568 5416
10568 5574
10568 6292
10568 6630
10568 7623
10568 7819
10568 8400
10568 9606
10568 10030
10568 10530
10568 11074
10568 11179
10568 11857
10568 11897
10568 13740
10569 322
10569 1419
10569 2216
10569 3591
10569 4786
10569 5029
10569 5401
10569 5827
10569 7636
10569 7705
10569 8207
10569 8313
10569 8400
10569 9161
10569 9644
10569 10455
10569 10708
10569 10856
10569 11861
10569 12696
10569 13272
10569 14089
10569 14491
10572 297
10572 1778
10572 1787
10572 2184
10572 2265
10572 2471
10572 4098
10572 4442
10572 5827
10572 6365
10572 7786
10572 8152
10572 8207
10572 8648
10572 8951
10572 8956
10572 9138
10572 9342
10572 11098
10572 11138
10572 11145
10572 12068
10572 12709
10572 13442
10572 13556
10578 285
10578 337
10578 401
10578 406
10578 907
10578 1148
10578 1525
10578 2309
10578 2788
10578 2993
10578 4852
10578 5465
10578 6800
10578 7084
10578 7623
10578 7716
10578 8866
10578 10209
10578 10488
10578 11597
10578 12710
10578 12751
10578 13814
10578 14382
10578 14517
10583 316
10583 753
10583 1419
10583 1734
10583 3114
10583 5062
10583 5106
10583 6061
10583 6091
10583 6285
10583 6365
10583 6808
10583 6849
10583 7793
10583 8063
10583 8927
10583 9342
10583 9758
10583 10759
10583 11971
10583 12907
10583 13499
10583 13556
10583 13740
10583 14017
10593 441
10593 758
10593 1333
10593 1481
10593 2097
10593 4069
10593 4098
10593 4723
10593 5448
10593 5449
10593 7362
10593 7786
10593 8779
10593 9138
10593 9161
10593 9624
10593 10455
10593 10988
10593 11098
10593 11971
10593 12333
10593 12545
10593 12894
10593 12907
10593 13218
10593 13499
10596 425
10596 619
10596 753
10596 896
10596 1333
10596 1345
10596 1603
10596 2097
10596 2794
10596 3221
10596 3371
10596 3779
10596 4184
10596 4822
10596 5459
10596 5486
10596 5577
10596 5873
10596 6746
10596 7049
10596 10455
10596 11194
10596 11971
10596 12907
10596 13419
10596 13486
10608 401
10608 1148
10608 1414
10608 1910
10608 1921
10608 2471
10608 2522
10608 2764
10608 2842
10608 3300
10608 3680
10608 4167
10608 4487
10608 4723
10608 4852
10608 5453
10608 5486
10608 5528
10608 5587
10608 5604
10608 5620
10608 5702
10608 5808
10608 5891
10608 5893
10608 5894
10608 5895
10608 6029
10608 6329
10608 6335
10608 6684
10608 6800
10608 7002
10608 7018
10608 7019
10608 7020
10608 7021
10608 7022
10608 7023
10608 7084
10608 7632
10608 8015
10608 8220
10608 8382
10608 8383
10608 8384
10608 8888
10608 8979
10608 9224
10608 9493
10608 9585
10608 11597
10608 13814
10608 14525
10657 3607
10657 3727
10657 3730
10657 3731
10657 3736
10657 3737
10657 3860
10657 4196
10657 4255
10657 5231
10657 7390
10657 7396
10657 10248
10657 11139
10657 11417
10657 11453
10657 14059
10876 995
10876 1103
10876 4374
10876 5288
10876 6533
10876 8361
10876 9709
10876 9972
10876 10493
10876 11597
10876 12545
10993 2309
10993 2993
10993 6659
10993 8386
10993 8866
10993 9026
10993 9296
10993 10092
10993 10239
10993 10382
10993 10488
10993 10489
10993 10990
10993 11014
10993 11606
10993 12746
10993 12747
10993 14089
11056 204
11056 401
11056 406
11056 2309
11056 4358
11056 4852
11056 6372
11056 6841
11056 7508
11056 8150
11056 8386
11056 10640
11056 12710
11056 13814
11058 296
11058 486
11058 1692
11058 3277
11058 3833
11058 4525
11058 4766
11058 4770
11058 5345
11058 7705
11058 10163
11058 10640
11058 13460
11081 529
11081 1368
11081 3114
11081 3734
11081 4101
11081 5167
11081 5604
11081 5949
11081 6555
11081 6661
11081 8293
11081 8613
11081 9012
11081 9304
11081 12907
11081 13969
11081 14263
11096 1368
11096 1671
11096 2416
11096 3278
11096 3557
11096 4101
11096 4194
11096 4545
11096 4653
11096 4979
11096 5949
11096 6468
11096 6661
11096 7778
11096 8123
11096 8613
11096 9342
11096 10764
11096 11098
11096 12750
11118 588
11118 923
11118 2217
11118 2311
11118 3447
11118 6970
11118 9452
11118 10047
11118 11148
11118 11493
11118 12175
11118 13414
11119 319
11119 503
11119 887
11119 2704
11119 2722
11119 5187
11119 5920
11119 6226
11119 9131
11119 13419
11123 722
11123 2580
11123 3203
11123 3336
11123 6061
11123 6506
11123 7719
11123 9496
11123 9986
11123 10047
11123 12894
11123 13369
11124 337
11124 1643
11124 2570
11124 4196
11124 4770
11124 5839
11124 6324
11124 7492
11124 10455
11124 13264
11124 13271
11125 87
11125 527
11125 1046
11125 3484
11125 5187
11125 5614
11125 7954
11125 8658
11125 8925
11125 10081
11125 10886
11125 11309
11125 12892
11125 13234
11126 503
11126 1949
11126 2725
11126 2854
11126 4831
11126 5418
11126 6849
11126 8213
11126 11715
11127 1981
11127 2212
11127 5086
11127 5187
11127 7237
11127 9171
11127 12344
11127 12999
11127 13234
11128 140
11128 337
11128 577
11128 3305
11128 3895
11128 4545
11128 5827
11128 5989
11128 8367
11128 9750
11128 9907
11128 12707
11129 140
11129 487
11129 508
11129 1281
11129 2854
11129 5418
11129 6061
11129 6506
11129 7936
11129 8367
11129 8981
11129 9088
11129 9975
11129 10618
11129 11067
11130 636
11130 1103
11130 4550
11130 4596
11130 6663
11130 7089
11130 7934
11130 8361
11130 10623
11130 12707
11130 13414
11131 642
11131 923
11131 1864
11131 4770
11131 5125
11131 5840
11131 5871
11131 6489
11131 7780
11131 8130
11131 9934
11131 10579
11131 11067
11131 11355
11131 11489
11131 12680
11132 140
11132 461
11132 1103
11132 1970
11132 2404
11132 2636
11132 2794
11132 2854
11132 5418
11132 6572
11132 6724
11132 8213
11132 10455
11132 10623
11132 10871
11133 337
11133 660
11133 2228
11133 2311
11133 2743
11133 4573
11133 5094
11133 7780
11133 9192
11133 11587
11133 12696
11133 12869
11133 13299
11134 178
11134 661
11134 1822
11134 2755
11134 3198
11134 4831
11134 5982
11134 8131
11134 8215
11134 9192
11134 9709
11134 10623
11195 1940
11195 4573
11195 5059
11195 5241
11195 9041
11195 9712
11195 11067
11195 12533
11195 12867
11196 522
11196 1066
11196 3198
11196 3450
11196 3474
11196 4394
11196 5666
11196 5777
11196 7600
11196 8042
11196 8367
11196 9131
11196 12868
11196 13941
11197 644
11197 1241
11197 1535
11197 5922
11197 6404
11197 6405
11197 9579
11197 10249
11197 11148
11197 11224
11197 13265
11197 13552
11197 13963
11204 765
11204 1795
11204 2403
11204 2749
11204 4170
11204 5921
11204 7237
11204 7668
11204 7913
11204 7920
11204 9251
11204 9935
11204 9975
11204 10077
11204 11024
11205 163
11205 3474
11205 3654
11205 3990
11205 4170
11205 5059
11205 7962
11205 8035
11205 8495
11205 8588
11205 9056
11205 9390
11205 9451
11205 9452
11205 9975
11205 10618
11205 11796
11205 12126
11205 13942
11226 1066
11226 2749
11226 4616
11226 7395
11226 7962
11226 8588
11226 8627
11226 9452
11226 11346
11226 11742
11226 12126
11226 12624
11383 297
11383 488
11383 531
11383 646
11383 660
11383 889
11383 1692
11383 1787
11383 1910
11383 2531
11383 2579
11383 2751
11383 4491
11383 4548
11383 4549
11383 5110
11383 6226
11383 6630
11383 7912
11383 8152
11383 8181
11383 8804
11383 8956
11383 9016
11383 9222
11383 9432
11383 10462
11383 12068
11383 12227
11383 12333
11383 12698
11383 12709
11383 13414
11642 165
11642 171
11642 656
11642 1053
11642 1651
11642 3035
11642 4170
11642 5216
11642 6411
11642 7763
11642 7920
11642 8495
11642 8627
11642 9390
11642 9451
11642 9975
11642 10618
11642 11148
11642 12519
11642 12690
11820 285
11820 727
11820 990
11820 1692
11820 2755
11820 3565
11820 3759
11820 4163
11820 4525
11820 4861
11820 5345
11820 6897
11820 7557
11820 7705
11820 8088
11820 9277
11820 9296
11820 10284
11820 11247
11820 11455
11820 11591
11820 12003
11820 12680
11820 12696
11820 12748
11830 1162
11830 1163
11830 2215
11830 5387
11830 7303
11830 7733
11830 12249
11848 1281
11848 6662
11848 9198
11848 9452
11848 9496
11848 10966
11848 11148
11848 12519
11848 12681
11848 13941
11848 13942
11849 656
11849 1376
11849 2743
11849 3198
11849 3804
11849 4993
11849 8367
11849 9131
11849 9601
11849 10315
11849 11715
11849 13015
11849 13218
11902 702
11902 3826
11902 4155
11902 4170
11902 5216
11902 8014
11902 8038
11902 8982
11902 9366
11902 9628
11902 9935
11902 9975
11902 11224
11902 11670
11902 11701
11902 11742
12095 489
12095 634
12095 1410
12095 2749
12095 4616
12095 5986
12095 8035
12095 8038
12095 9044
12095 9452
12095 10855
12095 11333
12095 11802
12095 12175
12095 12519
12178 418
12178 704
12178 856
12178 990
12178 1368
12178 1607
12178 2740
12178 2925
12178 3190
12178 3840
12178 3863
12178 5160
12178 5420
12178 5509
12178 6058
12178 6162
12178 6260
12178 6372
12178 6477
12178 7668
12178 8254
12178 10913
12178 14055
12231 473
12231 656
12231 2358
12231 2743
12231 2942
12231 5986
12231 7844
12231 10618
12231 12519
12231 12868
12233 644
12233 1549
12233 2595
12233 4170
12233 6012
12233 8737
12233 9601
12233 10356
12233 10966
12233 11245
12233 12051
12233 12551
12246 470
12246 3474
12246 5059
12246 6849
12246 8404
12246 9044
12246 9628
12246 9637
12246 9935
12246 9975
12246 11701
12246 12277
12291 1053
12291 2270
12291 3381
12291 4234
12291 5059
12291 7029
12291 8115
12291 9390
12291 10058
12291 10821
12291 12690
12291 12765
12293 165
12293 3654
12293 3717
12293 5059
12293 5203
12293 5609
12293 6740
12293 8035
12293 8588
12293 9390
12293 9451
12293 9452
12293 9891
12293 10820
12293 10857
12293 10886
12293 12175
12293 12519
12293 12568
12296 382
12296 542
12296 702
12296 1807
12296 2270
12296 4856
12296 5913
12296 7920
12296 8362
12296 8472
12296 9390
12296 9451
12296 9975
12296 11167
12296 11272
12296 12001
12296 12319
12297 1785
12297 5059
12297 6508
12297 7917
12297 9601
12297 10058
12297 10315
12297 11272
12297 12020
12297 12690
12297 13570
12299 171
12299 395
12299 1016
12299 1651
12299 1795
12299 3482
12299 7395
12299 8072
12299 9891
12299 9975
12299 11937
12304 1013
12304 9011
12304 9975
12304 10618
12304 11106
12304 11154
12304 11224
12304 12690
12305 1210
12305 2749
12305 2781
12305 4616
12305 8032
12305 8404
12305 8627
12305 9052
12305 12577
12305 13015
12353 470
12353 531
12353 646
12353 749
12353 890
12353 990
12353 1607
12353 2844
12353 2925
12353 3125
12353 3492
12353 3692
12353 4551
12353 5046
12353 5110
12353 5489
12353 5835
12353 6058
12353 6652
12353 6758
12353 6759
12353 6813
12353 6824
12353 7787
12353 8372
12353 9785
12353 10240
12353 10331
12353 10530
12353 10913
12353 11361
12353 11890
12353 13310
12359 107
12359 1368
12359 1607
12359 2844
12359 2925
12359 3190
12359 3840
12359 3894
12359 4307
12359 5420
12359 6058
12359 7641
12359 7787
12359 8925
12359 9606
12359 9665
12359 9706
12359 10530
12359 10668
12359 10913
12359 11235
12359 12249
12359 14525
12509 1570
12509 3063
12509 3525
12509 4121
12509 4782
12509 4894
12509 5119
12509 5907
12509 6057
12509 6314
12509 7128
12509 7193
12509 8236
12509 8546
12509 8651
12509 8762
12509 9030
12509 9031
12509 9110
12538 3051
12538 3768
12538 4786
12538 9182
12538 9972
12538 10196
12538 10321
12538 10915
12538 11114
12538 12696
12553 113
12553 178
12553 290
12553 337
12553 695
12553 696
12553 801
12553 907
12553 955
12553 959
12553 960
12553 1009
12553 1417
12553 1713
12553 1922
12553 2002
12553 2156
12553 2478
12553 2620
12553 2679
12553 2703
12553 2716
12553 2751
12553 2759
12553 2764
12553 2850
12553 2859
12553 2883
12553 2918
12553 2939
12553 2949
12553 3047
12553 3365
12553 4001
12553 4275
12553 4714
12553 5563
12553 6014
12553 6072
12553 6928
12553 7011
12553 7531
12553 7564
12553 7654
12553 8071
12553 8205
12553 8468
12553 8607
12553 9083
12553 9276
12553 12152
12553 12413
12553 12431
12553 12471
12553 12917
12553 13421
12553 13574
12553 13580
12630 890
12630 1752
12630 2387
12630 2562
12630 3125
12630 3569
12630 3607
12630 4738
12630 5083
12630 5106
12630 5231
12630 5240
12630 5303
12630 5997
12630 6123
12630 6175
12630 6291
12630 7083
12630 7300
12630 7390
12630 7396
12630 7471
12630 7546
12630 7610
12630 7628
12630 7685
12630 7705
12630 8000
12630 8153
12630 8155
12630 8216
12630 8406
12630 8477
12630 8873
12630 8927
12630 10075
12630 10331
12630 10699
12630 10988
12630 11116
12630 11417
12630 11453
12630 11856
12630 12917
12630 13414
12640 1556
12640 2785
12640 6879
12640 8120
12640 8334
12640 8339
12647 1162
12647 1163
12647 1484
12647 1713
12647 1922
12647 2275
12647 2344
12647 2540
12647 2708
12647 2732
12647 2762
12647 2817
12647 2928
12647 3365
12647 3492
12647 4183
12647 4265
12647 4554
12647 4938
12647 5396
12647 5933
12647 6226
12647 7206
12647 7588
12647 8422
12647 9099
12647 9276
12647 9807
12647 10549
12647 10796
12647 11455
12647 11745
12647 12152
12647 12249
12652 222
12652 519
12652 727
12652 1200
12652 1692
12652 1752
12652 2471
12652 3591
12652 3759
12652 4194
12652 4545
12652 5110
12652 5318
12652 5605
12652 6141
12652 7173
12652 7295
12652 7610
12652 7786
12652 8093
12652 8157
12652 9024
12652 9098
12652 9700
12652 10145
12652 10382
12652 10879
12652 11040
12652 11235
12652 14056
12779 5425
12779 8929
12779 10649
12786 856
12786 1283
12786 3633
12786 4265
12786 6179
12786 6286
12786 6364
12786 7303
12786 10819
12786 11660
12786 12249
12786 12867
12787 546
12787 3051
12787 3768
12787 4815
12787 7705
12787 10321
12787 10757
12787 11114
12787 12696
12813 1570
12813 2718
12813 3568
12813 4489
12813 4554
12813 4906
12813 5045
12813 5217
12813 5639
12813 5740
12813 6179
12813 6744
12813 7097
12813 7997
12813 9099
12813 10706
12813 11017
12813 11745
12813 13005
12813 14060
12842 111
12842 1607
12842 1752
12842 1873
12842 2562
12842 3131
12842 3260
12842 3607
12842 4290
12842 5231
12842 5489
12842 5997
12842 6862
12842 7206
12842 8153
12842 8401
12842 9700
12842 11098
12842 11453
12842 13414
12842 14056
12843 406
12843 1607
12843 2445
12843 2716
12843 3051
12843 3569
12843 4786
12843 4833
12843 6390
12843 6974
12843 7295
12843 7705
12843 7741
12843 7997
12843 8400
12843 8406
12843 9138
12843 9700
12843 9972
12843 10714
12843 11453
12843 11856
12843 12696
12843 12869
12843 13112
12861 363
12861 990
12861 1638
12861 2844
12861 3051
12861 3492
12861 3764
12861 3768
12861 4101
12861 4551
12861 4572
12861 5046
12861 5110
12861 5489
12861 5835
12861 6276
12861 6652
12861 6758
12861 6813
12861 6824
12861 6974
12861 8043
12861 9785
12861 10240
12861 10331
12861 10706
12861 11080
12861 11361
12861 11856
12861 11890
12861 12005
12861 12278
12861 12497
12861 12709
12861 12869
12861 14525
12864 406
12864 1368
12864 3051
12864 3768
12864 9157
12864 9789
12864 9972
12864 10772
12864 11114
12864 12497
12864 14284
13118 1034
13118 1570
13118 1857
13118 3063
13118 3197
13118 3548
13118 3549
13118 3622
13118 4782
13118 4894
13118 5119
13118 5907
13118 6057
13118 6314
13118 7193
13118 7405
13118 7864
13118 8236
13118 8546
13118 8651
13118 9030
13118 9031
13118 9110
13118 10580
13118 10581
13118 12275
13148 166
13148 208
13148 328
13148 364
13148 405
13148 693
13148 798
13148 1396
13148 1713
13148 1748
13148 1784
13148 1917
13148 2095
13148 2096
13148 2322
13148 2742
13148 2753
13148 2757
13148 2814
13148 2820
13148 2853
13148 2916
13148 2917
13148 3202
13148 3485
13148 3686
13148 4203
13148 4265
13148 4275
13148 4380
13148 4559
13148 4892
13148 5023
13148 5295
13148 5965
13148 7967
13148 9775
13148 10061
13148 11796
13148 11861
13148 12083
13148 12424
13148 12827
13148 13211
13148 13442
13483 1752
13483 4536
13483 5240
13483 5303
13483 5318
13483 5907
13483 6053
13483 7300
13483 7452
13483 7705
13483 8153
13483 8477
13483 9487
13483 10998
13483 11116
13483 13594
13824 406
13824 425
13824 725
13824 2050
13824 3681
13824 5160
13824 5263
13824 5396
13824 6881
13824 8863
13824 10549
13824 11028
13824 12710
