14541 14541 113
126 126
172 6552
307 5635
387 1096
394 9808
411 12280
635 635
743 7021
1436 1436
1687 1687
1724 6352
1766 9808
2139 2139
2157 11303
2413 13491
2467 2467
2467 12677
2729 6174
3106 6760
3106 8454
3240 8534
3246 6352
3281 3281
3308 3308
3847 9791
4157 1795
4282 1019
4297 2731
4366 9754
4408 6084
4409 4409
4471 9808
4478 4478
4488 4488
4590 8049
5183 11244
5208 4471
5208 12057
5335 4635
5414 5414
5500 5500
5625 3909
5642 5642
5650 394
5838 5625
5874 6890
5925 5925
6137 6137
6458 7385
6515 9115
6520 6520
7374 7376
7409 1337
7470 7470
7550 7550
7708 7708
7815 2622
7889 7889
8056 13363
8175 1337
8534 2943
8534 3240
8624 4263
8809 8809
8836 7282
8976 1092
8976 10009
9160 6498
9200 3689
9231 9231
9442 2943
9469 2247
9514 9514
9661 9680
9779 9779
9845 9845
9846 9846
9847 9847
9849 9849
9876 7598
9895 12280
9950 8883
9991 9991
10255 10255
10389 11933
10416 10416
10448 10448
10533 3689
10533 4403
10533 10533
10701 10701
10703 3284
11048 7619
11094 2475
11154 11154
11458 11458
11523 9263
11599 9193
11791 11791
11869 13363
12141 7889
12203 8624
12348 12348
12371 6136
12421 979
12540 12540
12581 12165
12998 12998
13153 13153
13302 13302
13349 13349
13742 10373
13877 13877
