14541 14541 1013
38 5747
55 1554
55 8976
127 5747
134 1554
134 1966
144 1092
144 10100
147 1554
147 1966
169 10475
169 12979
192 1092
192 1554
231 1966
231 10475
236 1092
236 10009
280 10009
335 1092
335 8844
402 1554
402 8976
410 1791
478 1966
478 10591
479 5809
479 10009
521 1554
521 1791
547 1966
547 10475
552 8976
552 10009
681 1554
681 6644
681 10009
681 10475
692 1554
692 5809
692 8976
692 10009
692 12979
711 1554
711 12979
715 1092
715 7314
768 9049
777 4996
777 10009
793 1092
793 1966
815 1554
815 1966
837 10009
837 10475
859 1966
859 5809
859 6644
860 1554
860 10009
869 1092
869 8844
876 8976
876 10009
893 1092
893 1966
946 5747
946 8976
973 1092
973 1966
1039 1554
1039 1966
1042 10009
1042 10475
1045 1554
1045 8844
1081 1554
1081 10009
1086 7559
1086 10009
1093 10009
1093 10475
1100 1554
1100 7559
1144 1966
1144 4996
1154 7559
1154 10009
1156 1554
1156 10009
1169 1554
1169 8976
1169 10009
1171 7559
1194 1092
1194 1554
1203 5809
1203 7559
1213 10009
1218 6673
1218 10009
1231 1554
1236 1092
1236 5809
1236 8976
1237 1554
1237 1791
1237 5747
1243 1092
1243 10009
1287 1554
1287 10009
1305 1554
1332 1554
1332 8844
1332 9049
1352 8976
1352 10009
1398 1092
1399 1554
1404 1554
1404 1966
1404 8976
1425 7559
1425 10009
1440 1554
1440 8976
1449 1966
1449 9049
1514 4996
1514 9049
1514 10009
1537 1554
1537 10009
1551 8976
1551 10009
1558 1554
1558 5747
1559 10009
1559 10100
1646 5809
1646 10009
1669 1791
1669 5747
1670 1966
1670 8976
1673 1791
1673 1966
1687 1966
1689 1554
1689 5747
1689 10009
1700 1554
1700 10009
1725 1092
1725 12979
1761 1554
1761 10009
1762 1554
1762 10009
1763 1092
1763 8844
1764 5809
1764 10009
1796 5747
1796 7314
1797 1554
1797 6644
1798 1966
1799 1092
1799 1966
1799 8976
1799 10009
1800 1092
1800 8844
1810 1966
1810 7559
1811 1554
1811 10009
1812 1554
1812 1966
1814 1092
1814 6644
1814 10009
1815 10009
1821 5809
1821 10009
1833 8976
1833 10009
1839 1092
1839 6673
1844 1966
1844 5809
1918 1554
1918 1966
1930 7559
1930 10009
1968 5747
1968 7314
1989 5809
1989 10009
1994 5747
1994 7559
2004 1092
2004 10100
2116 9049
2116 10009
2120 5809
2120 10100
2132 1092
2132 7314
2147 10009
2149 10009
2160 1554
2160 10100
2161 5809
2167 1554
2207 7314
2207 10009
2211 10591
2211 12979
2214 1966
2214 7559
2218 1092
2218 5809
2218 10009
2233 1092
2233 10009
2242 1092
2242 1966
2263 1966
2263 10475
2274 1092
2274 8844
2286 1554
2286 10009
2299 1092
2299 1966
2299 7314
2306 5747
2306 6673
2310 1554
2310 12979
2316 1966
2316 5809
2318 7559
2318 10009
2336 1092
2336 1966
2336 6644
2338 1554
2338 8976
2343 10009
2343 12979
2360 5747
2364 1791
2375 1791
2375 8844
2394 1554
2394 8847
2395 8976
2395 10009
2397 8976
2397 10009
2415 6673
2415 10009
2421 1092
2421 1966
2422 1554
2422 10009
2442 5809
2442 10009
2455 5809
2455 10009
2473 1966
2473 5809
2488 5809
2488 10009
2491 1554
2491 6644
2491 10009
2491 12979
2535 6644
2544 1554
2544 1966
2553 1092
2553 8976
2559 1092
2559 1966
2569 9049
2569 10009
2603 1554
2603 8976
2603 10009
2627 1966
2627 5809
2634 8976
2644 10100
2644 10475
2644 12979
2646 1554
2646 8976
2646 10100
2647 1554
2647 5809
2647 10009
2675 1554
2675 1966
2676 1966
2676 5747
2676 7559
2713 1791
2806 10009
2818 9740
2818 10009
2840 8976
2840 10475
2857 4996
2858 1791
2858 10009
2909 1554
2909 10009
2954 5809
2954 10009
2983 5747
3002 1092
3002 8976
3008 10475
3013 5809
3013 10100
3020 8976
3021 1554
3021 12979
3038 5747
3038 7559
3041 1554
3041 1966
3042 1092
3042 1966
3042 8976
3044 6644
3075 8976
3075 10009
3075 10100
3082 8976
3082 10009
3136 1966
3136 8976
3176 1966
3176 5809
3195 1554
3195 10009
3223 1554
3223 8976
3226 7559
3233 1554
3233 8976
3234 1092
3234 8976
3238 1554
3238 1966
3238 10009
3254 9049
3254 10009
3266 5809
3266 10475
3273 1092
3273 1966
3282 10009
3282 10475
3292 1092
3292 8976
3293 1092
3293 5747
3293 8976
3311 1554
3311 1966
3314 1966
3314 10009
3316 6673
3316 10009
3329 10009
3332 1092
3339 9049
3339 10009
3339 12979
3385 1966
3395 6644
3395 10009
3409 1092
3409 1554
3409 8976
3409 10009
3446 5809
3446 10009
3499 10009
3499 10475
3547 1966
3547 7559
3561 1554
3561 1966
3561 10009
3606 5747
3606 7559
3655 1554
3655 10100
3695 1554
3695 12979
3751 1092
3751 5809
3751 10009
3790 1554
3790 7559
3790 10009
3798 1966
3798 5809
3832 8976
3832 10009
3835 1966
3835 5809
3836 7559
3836 10009
3855 1554
3855 1966
3876 4996
3876 10009
3876 10100
3878 1966
3878 6673
3936 1554
3936 1966
3954 4996
3989 4996
3989 8844
4096 1791
4096 5747
4099 8976
4099 9740
4109 4996
4109 8976
4109 10009
4119 5809
4119 8976
4119 10009
4175 1554
4175 10009
4178 1966
4178 7559
4200 1554
4201 1966
4208 1092
4208 1966
4213 1966
4213 10475
4230 10009
4231 7559
4231 10009
4261 1554
4261 8976
4268 9740
4268 10009
4284 1966
4284 7559
4291 5809
4291 10009
4313 5747
4313 8976
4330 1554
4330 10009
4336 1966
4336 6673
4338 1966
4338 5809
4341 1092
4341 1966
4344 7314
4344 10009
4346 1966
4346 7559
4362 6673
4362 10009
4370 1966
4370 9049
4375 1092
4375 1966
4390 1554
4390 12979
4401 1554
4401 5747
4401 10100
4404 7314
4404 10009
4405 1554
4405 10009
4430 1554
4430 1966
4433 1554
4433 10009
4472 1092
4472 8976
4472 10009
4480 1966
4480 5809
4480 10009
4481 1791
4481 10009
4501 1554
4515 10009
4515 10475
4517 1966
4518 7559
4518 10009
4524 1092
4524 1966
4524 5809
4524 6644
4524 9049
4544 10009
4544 10591
4546 4996
4546 10009
4563 1966
4590 1092
4590 8976
4603 1554
4603 1966
4608 9740
4608 10009
4618 5747
4618 7559
4638 8976
4638 10009
4639 12979
4642 7314
4642 9049
4648 1966
4648 10591
4660 1092
4660 1966
4660 4996
4660 5747
4666 1791
4666 1966
4690 5747
4690 7559
4693 1092
4693 8976
4693 10009
4699 10009
4699 10475
4725 10009
4725 10475
4745 1092
4745 8976
4765 1554
4765 6673
4809 10009
4823 7314
4823 10591
4902 5809
4902 12979
4907 5809
4907 10009
4907 12979
4910 1092
4910 1966
4973 7559
4973 10009
4984 1554
4988 4996
4988 9740
4988 10009
5012 1554
5012 10009
5012 12979
5043 1554
5043 8976
5061 10009
5061 12979
5078 8976
5078 10009
5116 1554
5116 1966
5117 1554
5117 10009
5158 1092
5158 1966
5158 8976
5158 10009
5195 1966
5195 7559
5296 6644
5296 7559
5297 1554
5297 1966
5316 1554
5325 1554
5325 5809
5342 1554
5342 5747
5361 1554
5361 10009
5362 1966
5375 1092
5375 6673
5399 6673
5409 9049
5409 10009
5410 10009
5411 1966
5411 5809
5412 10009
5412 10475
5413 1966
5413 10475
5423 1554
5423 5747
5424 1554
5424 1966
5431 5747
5431 7559
5437 7559
5437 10009
5480 1092
5480 8844
5508 10009
5515 7559
5515 10009
5533 1966
5533 10591
5539 1092
5539 6644
5539 6673
5567 1554
5567 10009
5611 4996
5611 9740
5622 1092
5622 12979
5634 5747
5634 8976
5634 10009
5684 1092
5684 12979
5704 5809
5704 10009
5704 10100
5707 6644
5725 1554
5725 10009
5741 1966
5741 10009
5770 1966
5770 4996
5783 1554
5783 10009
5785 1554
5785 8976
5785 10009
5788 1092
5788 8976
5793 1092
5793 5747
5793 8976
5807 1791
5807 10009
5833 1966
5833 5809
5909 1092
5909 1554
5909 1791
5909 5747
5917 1092
5919 1554
5919 10009
6004 1966
6004 10475
6093 1092
6093 7314
6100 1554
6100 12979
6187 1966
6187 7559
6209 1554
6209 8976
6214 1092
6214 8976
6272 8976
6272 10009
6289 1791
6304 1554
6304 1966
6306 1554
6306 8976
6433 1554
6433 10009
6433 12979
6446 7559
6502 1966
6502 10475
6620 1092
6633 1966
6633 6673
6676 1092
6676 12979
6682 1092
6682 1966
6682 8844
6685 1092
6685 1966
6688 1966
6688 9740
6742 1966
6742 10591
6795 1554
6795 1966
6807 1966
6953 1966
6953 10009
6961 1966
6961 10475
7261 1791
7270 1966
7270 4996
7297 1092
7297 8976
7297 10009
7353 10009
7380 1554
7380 10009
7428 10009
7618 5747
7618 6673
7683 5747
7683 6673
7693 6673
7693 8976
7693 10009
7776 1554
7776 10009
7857 1966
7857 5809
7857 10009
7938 8976
7938 10009
7996 10009
7996 10475
8048 1554
8048 10009
8206 1092
8206 8976
8289 5809
8289 10100
8370 5747
8370 7314
8419 6673
8478 1092
8478 12979
8631 1092
8631 8844
8675 5809
8675 10009
8679 1092
8679 12979
8807 1092
8807 5747
8807 10009
8809 1966
8809 6673
8890 1554
8890 1966
8890 8976
8973 1554
8973 5747
9020 1966
9020 7559
9054 5809
9054 10009
9150 6673
9150 10009
9189 1554
9189 4996
9189 10009
9228 8976
9228 10100
9228 12979
9359 1554
9359 8976
9464 7314
9464 10009
9481 12979
9562 7559
9562 10009
9701 1092
9701 1554
9701 5747
9701 10009
9811 1554
9819 1966
9819 10475
9823 1554
9823 8976
9829 7559
9829 10009
9833 1554
9833 10009
9842 1554
9842 10100
9846 1554
9846 1966
9847 1554
9847 1966
9849 1966
9849 4996
9850 1554
9850 1966
9850 8976
9855 4996
9855 6673
9857 10009
9859 1791
9859 8844
9859 9049
9861 10009
9874 1554
9874 10009
9875 1092
9875 8976
9876 1791
9876 10009
9877 1554
9877 1966
9877 8976
9878 1966
9878 10591
9881 7559
9881 10009
9886 1092
9886 1966
9886 5747
9890 7559
10065 1966
10065 10475
10093 8976
10093 10009
10169 8976
10169 10100
10169 12979
10183 1554
10183 1966
10211 1791
10448 1966
10515 1554
10515 1966
10515 8847
10520 7559
10520 10009
10527 1092
10527 8844
10527 9740
10632 1966
10632 5809
10679 1092
10679 1966
10766 1092
10766 1966
10766 7559
10916 1966
11004 1554
11004 1966
11034 1092
11034 1966
11034 7559
11034 10009
11046 10009
11046 10591
11070 10009
11082 10009
11217 1554
11217 1966
11299 1092
11299 1966
11494 5747
11494 6673
11586 1554
11586 5809
11586 10009
11659 1554
11659 8976
11659 10591
11904 10009
11918 6644
11919 1092
11919 8976
11927 1966
11927 8844
11927 10009
12140 8976
12140 10009
12332 5809
12332 8976
12394 1966
12394 4996
12396 4996
12396 12979
12443 10009
12443 10475
12445 1554
12445 1966
12482 1966
12482 10475
12496 1554
12496 8976
12496 10009
12516 7314
12516 10009
12517 1092
12517 1554
12517 10009
12518 1092
12518 1554
12518 10009
12518 10100
12666 8976
12762 1554
12762 5809
12762 10009
12797 1791
12851 1092
12851 1554
12851 5747
12866 1092
12866 1966
12866 10475
12966 1554
12966 12979
13028 8976
13028 10009
13029 10009
13029 10475
13087 1092
13087 1966
13087 10009
13089 5747
13089 7314
13165 1092
13165 10100
13221 1554
13221 6644
13224 1092
13224 8976
13224 10009
13304 7314
13338 1554
13338 8976
13352 10009
13357 10591
13357 12979
13441 1554
13441 1966
13441 10475
13455 1554
13455 10591
13494 1554
13494 10009
13498 12979
13504 5809
13504 10009
13504 12979
13569 8844
13596 1092
13596 1966
13596 8976
13918 1554
13951 10009
14016 1966
14016 8976
14039 1554
14039 5747
14058 1554
14058 8976
14058 10009
14066 1092
14066 10009
14116 1554
14116 12979
14275 1554
14275 12979
14314 1966
14314 7559
14347 1966
14347 5747
14424 1554
14461 1554
14461 10009
14461 10100
14463 1092
14463 10100
14464 1554
14464 6673
14464 10009
14464 10591
14465 1554
14465 7559
14467 7559
14467 8976
14467 10009
14469 1554
14473 1092
14473 10009
14480 1092
14480 10100
