14541 14541 287
1360 3558
1360 3559
1360 3630
1360 3799
1360 3808
1360 3867
1360 4376
1360 5946
1360 5947
1360 5950
1360 6852
1360 8360
1360 11875
1363 3558
1363 3559
1363 3630
1363 3799
1363 3808
1363 3867
1363 5947
1363 6852
1363 8360
1363 11875
2523 3558
2523 3559
2523 3630
2523 3799
2523 3808
2523 3867
2523 4376
2523 5946
2523 5947
2523 5950
2523 6852
2523 8360
2523 11875
3066 3558
3066 3559
3066 3630
3066 3799
3066 3808
3066 3867
3066 4376
3066 5947
3066 6852
3066 8360
3066 11875
3069 3558
3069 3559
3069 3630
3069 3799
3069 3808
3069 3867
3069 4376
3069 5946
3069 5947
3069 5950
3069 6852
3069 8360
3069 11875
3076 3558
3076 3559
3076 3630
3076 3799
3076 3867
3076 5947
3076 11875
3080 3558
3080 3559
3080 3630
3080 3799
3080 3808
3080 3867
3080 4376
3080 5946
3080 5947
3080 5950
3080 8360
3080 11875
3987 3558
3987 3559
3987 3630
3987 3799
3987 3867
3987 5947
3987 11875
4187 3558
4187 3559
4187 3630
4187 3799
4187 3808
4187 3867
4187 4376
4187 5946
4187 5947
4187 5950
4187 6852
4187 8360
4187 11875
6328 3799
6328 3867
6328 5947
6328 7590
6328 11875
6344 3558
6344 3559
6344 3630
6344 3799
6344 3808
6344 3867
6344 5947
6344 8360
6344 11875
7221 3558
7221 3559
7221 3630
7221 3799
7221 3808
7221 3867
7221 5947
7221 11875
7558 3558
7558 3559
7558 3630
7558 3799
7558 3808
7558 3867
7558 5947
7558 8360
7558 11875
7777 3799
7777 3867
7777 5947
7777 11875
7887 3558
7887 3559
7887 3630
7887 3799
7887 3808
7887 3867
7887 5947
7887 8360
7887 11875
7910 3558
7910 3559
7910 3630
7910 3799
7910 3808
7910 3867
7910 5947
7910 11875
7911 3558
7911 3559
7911 3630
7911 3808
8271 3558
8271 3559
8271 3630
8271 3799
8271 3808
8271 3867
8271 5947
8271 8360
8271 11875
8402 3558
8402 3559
8402 3630
8402 3799
8402 3808
8402 3867
8402 5947
8402 11875
8643 3558
8643 3559
8643 3630
8643 3799
8643 3808
8643 3867
8643 4376
8643 5946
8643 5947
8643 5950
8643 6852
8643 8360
8643 11875
8732 3558
8732 3559
8732 3630
8732 3799
8732 3808
8732 3867
8732 4376
8732 5946
8732 5947
8732 5950
8732 6852
8732 7590
8732 8360
8732 11875
9266 3558
9266 3559
9266 3630
9266 3799
9266 3808
9266 3867
9266 5947
9266 11875
9278 3558
9278 3559
9278 3630
9278 3799
9278 3808
9278 3867
9278 4376
9278 5946
9278 5947
9278 5950
9278 6852
9278 8360
9278 11875
9355 3558
9355 3559
9355 3630
9355 3799
9355 3808
9355 3867
9355 5947
9355 7590
9355 8360
9355 11875
9356 3558
9356 3559
9356 3630
9356 3799
9356 3808
9356 3867
9356 5947
9356 11875
9684 3558
9684 3559
9684 3630
9684 3799
9684 3808
9684 3867
9684 5947
9684 11875
9690 3558
9690 3559
9690 3630
9690 3799
9690 3867
9690 5947
9690 11875
9691 3558
9691 3559
9691 3630
9691 3799
9691 3808
9691 3867
9691 5947
9691 11875
11440 3558
11440 3559
11440 3630
11440 3799
11440 3808
11440 3867
11440 4376
11440 5947
11440 6852
11440 8360
11440 11875
14371 3558
14371 3559
14371 3630
14371 3799
14371 3867
14371 5947
14371 11875
14379 3558
14379 3559
14379 3630
14379 3799
14379 3808
14379 3867
14379 5947
14379 11875
