14541 14541 1269
440 689
440 944
440 9214
440 10946
440 10947
440 12994
440 13020
440 13030
440 13244
440 13411
440 13412
440 13413
440 13416
440 13426
440 13427
440 13440
440 13453
440 13462
440 13493
440 13838
440 14265
440 14281
477 9214
477 12994
477 13020
477 13030
477 13241
477 13244
477 13411
477 13412
477 13413
477 13416
477 13426
477 13427
477 13440
477 13453
477 13462
477 14281
523 9214
523 10552
523 12994
523 13020
523 13030
523 13241
523 13242
523 13244
523 13412
523 13416
523 13426
523 13427
523 13439
523 13440
523 13453
523 13462
523 14270
561 9214
561 12994
561 13241
561 13244
561 13411
562 9214
562 13244
571 12994
579 903
579 9214
579 10552
579 12994
579 13020
579 13241
579 13242
579 13244
579 14265
579 14266
590 13030
599 9214
620 13020
716 10947
716 12994
716 13020
716 13411
716 13412
716 13413
1019 13439
1083 9214
1083 12994
1083 13020
1083 13241
1083 13244
1083 13411
1083 13416
1083 13426
1083 13427
1083 13439
1083 13440
1089 9214
1089 12994
1089 13020
1089 13241
1089 13244
1089 13411
1089 13412
1089 13413
1089 13426
1089 13427
1089 13439
1315 9214
1315 12994
1315 13244
1315 13462
1366 689
1366 944
1366 963
2012 9214
2012 12994
2012 13241
2012 13244
2012 13411
2012 13412
2012 13413
2012 13426
2070 903
2070 9214
2070 10552
2070 12994
2070 13020
2070 13241
2070 13242
2070 13244
2070 13411
2070 14265
2070 14269
2071 496
2071 515
2071 1080
2071 1431
2071 10689
2071 10947
2071 13030
2071 13412
2071 13416
2071 13427
2071 13439
2071 13440
2071 13453
2071 13462
2071 13472
2071 13493
2071 13838
2071 14271
2158 13241
2158 13244
2158 13413
2158 13427
2197 944
2197 13241
2197 13412
2197 13453
2197 13493
2220 12994
2220 13020
2220 13412
2256 903
2256 9214
2256 10552
2256 12994
2256 13241
2256 13244
2256 13411
2273 9214
3095 9214
3095 12994
3152 10689
3152 10947
3152 12994
3152 13020
3152 13241
3152 13244
3152 13411
3152 13412
3152 13413
3152 13426
3152 13427
3152 13439
3152 13440
3152 13453
3152 13462
3785 13412
3818 9214
3818 13241
3818 13244
3818 13413
4471 10689
4483 13020
4488 9214
4488 10689
4488 10947
4488 11265
4488 12994
4488 13241
4488 13244
4488 13413
4488 13440
4488 13462
4488 13493
4514 13241
5190 98
5190 496
5190 515
5190 903
5190 944
5190 963
5190 1080
5190 1430
5190 1431
5190 1432
5190 9214
5190 10552
5190 10689
5190 10946
5190 10947
5190 12994
5190 13020
5190 13030
5190 13241
5190 13411
5190 13412
5190 13413
5190 13416
5190 13426
5190 13427
5190 13439
5190 13440
5190 13453
5190 13462
5190 13472
5190 13493
5190 13838
5190 14266
5190 14269
5190 14271
5190 14281
5633 9214
5635 98
5635 515
5635 903
5635 963
5635 1430
5635 9214
5635 10689
5635 13020
5635 13030
5635 13241
5635 13242
5635 13244
5635 13411
5635 13462
5635 13472
5635 13493
5635 14265
5635 14266
5635 14269
5650 9214
5662 13416
5677 12994
5701 13411
5701 13426
5701 13439
5701 13440
5714 944
5714 963
5714 985
5714 13020
5714 13241
5714 13244
5714 13411
5714 13412
5714 13413
5714 13416
5714 13426
5714 13427
5714 13453
5728 9214
5851 903
5851 1080
5851 1431
5851 9214
5851 10552
5851 10689
5851 12994
5851 13020
5851 13030
5851 13241
5851 13244
5851 13412
5851 13413
5851 13426
5851 13427
5851 13439
5851 13440
5851 13453
5851 13462
5851 13472
5851 13493
5851 13838
5851 14265
5851 14266
5851 14269
5851 14270
5851 14271
5851 14281
5887 9214
5887 10947
5887 12994
5887 13020
5887 13030
5887 13241
5887 13244
5887 13411
5887 13412
5887 13413
5887 13416
5887 13426
5887 13427
5887 13462
6063 496
6063 1080
6063 1431
6063 1432
6063 13412
6063 13426
6063 13427
6063 14270
6063 14271
6136 689
6136 944
6136 963
6136 985
6136 9214
6136 10947
6136 11265
6136 12994
6136 13020
6136 13030
6136 13241
6136 13244
6136 13411
6136 13412
6136 13416
6136 13426
6136 13427
6136 13439
6136 13440
6136 13453
6136 13462
6136 13472
6136 13493
6136 13838
6157 13493
6176 9214
6176 12994
6176 13020
6543 12994
6543 13413
6543 13453
6544 98
6544 496
6544 515
6544 689
6544 903
6544 944
6544 963
6544 1080
6544 1431
6544 1432
6544 9214
6544 10552
6544 10689
6544 10946
6544 10947
6544 12994
6544 13020
6544 13030
6544 13241
6544 13242
6544 13244
6544 13411
6544 13412
6544 13416
6544 13427
6544 13439
6544 13453
6544 13462
6544 13472
6544 13493
6544 13838
6544 14266
6544 14269
6544 14270
6544 14271
6544 14281
6545 689
6545 9214
6545 12994
6545 13020
6545 13241
6545 13244
6545 13462
6552 9214
6552 12994
6552 13020
6552 13241
6552 13244
6552 13411
6552 13413
6552 13416
6552 13439
6552 13453
6552 13462
6552 13472
6552 13493
6559 9214
6559 12994
6559 13020
6559 13241
6559 13244
6559 13411
6579 9214
6579 10947
6579 12994
6579 13020
6579 13030
6579 13241
6579 13244
6579 13411
6579 13412
6579 13426
6579 13427
6579 13439
6579 13440
6579 13453
6579 13462
6581 13020
6581 13241
6581 13244
6581 13411
7120 903
7120 9214
7120 13241
7120 13244
7120 14265
7120 14266
7143 9214
7143 12994
7366 903
7366 9214
7366 10689
7366 12994
7366 13020
7366 13241
7366 13411
7366 13472
7367 13241
7367 13462
7367 14269
7367 14281
7413 9214
7413 12994
7413 13241
7413 13244
7413 13411
7433 13416
7433 13426
7433 13462
7447 1080
7447 1432
7447 14270
7447 14271
7760 13244
7766 9214
7766 12994
7766 13020
7766 13241
7766 13244
7769 9214
7769 13020
7769 13030
7769 13241
7769 13244
7769 13411
7769 13412
7769 13416
7769 13426
7769 13427
7774 9214
7774 12994
7774 13020
7774 13241
7774 13244
7774 13411
7774 13412
7774 13413
7774 13440
7775 12994
7775 13020
8023 9214
8092 98
8092 496
8092 515
8092 689
8092 903
8092 1080
8092 1430
8092 1431
8092 1432
8092 9214
8092 10552
8092 10689
8092 10947
8092 12994
8092 13020
8092 13030
8092 13241
8092 13242
8092 13411
8092 13412
8092 13413
8092 13416
8092 13426
8092 13427
8092 13439
8092 13440
8092 13472
8092 13493
8092 13838
8092 14265
8092 14266
8092 14269
8092 14270
8092 14281
8136 496
8136 515
8136 689
8136 903
8136 944
8136 963
8136 1080
8136 1430
8136 1431
8136 1432
8136 9214
8136 10552
8136 10689
8136 10946
8136 10947
8136 13020
8136 13241
8136 13242
8136 13244
8136 13411
8136 13412
8136 13413
8136 13426
8136 13453
8136 13462
8136 13493
8136 13838
8136 14265
8136 14266
8136 14271
8136 14281
8142 1430
8142 9214
8142 12994
8142 13020
8142 13030
8142 13241
8142 13244
8142 13411
8142 13416
8142 13426
8142 14269
8151 12994
8151 13020
8151 13411
8176 13426
8178 12994
8178 13020
8178 13241
8178 13244
8178 13411
8178 13413
8178 13426
8178 13439
8502 515
8502 903
8502 1431
8502 9214
8502 10552
8502 10689
8502 10947
8502 12994
8502 13020
8502 13030
8502 13241
8502 13242
8502 13244
8502 13412
8502 13416
8502 13426
8502 13427
8502 13439
8502 13440
8502 13453
8502 13462
8502 13472
8502 13493
8502 13838
8514 10947
8514 13244
8518 9214
8518 12994
8518 13020
8518 13030
8518 13241
8518 13244
8518 13411
8518 13412
8518 13413
8523 9214
8523 10947
8523 13020
8523 13030
8523 13241
8523 13411
8523 13413
8542 9214
8542 13412
8542 13440
8542 13462
8591 10689
8591 13020
8591 13411
8591 13412
8591 13439
8591 13472
8591 13493
8605 496
8605 515
8605 1080
8605 1430
8605 1431
8605 1432
8605 13030
8605 13412
8605 13416
8605 13426
8605 13427
8605 13439
8605 13440
8605 13453
8605 13462
8605 14269
8605 14270
8605 14271
8867 12994
8867 13411
8901 903
8901 944
8901 963
8901 9214
8901 10552
8901 12994
8901 13020
8901 13241
8901 13242
8901 13244
8915 9214
8915 10689
8915 12994
8915 13020
8915 13030
8915 13241
8915 13244
8915 13411
8915 13412
8915 13413
8915 13416
8915 13426
8915 13427
8915 13439
8915 13440
8915 13453
8915 13462
8918 13440
8960 9214
8960 12994
8960 13020
8960 13241
8960 13244
8960 13413
8960 13427
8960 13440
9079 10947
9079 12994
9084 1431
9084 9214
9084 12994
9084 13020
9084 13241
9084 13411
9084 13412
9084 13413
9084 13416
9084 13426
9084 13462
9084 13472
9084 14269
9107 496
9107 515
9107 689
9107 903
9107 985
9107 1080
9107 1431
9107 1432
9107 9214
9107 10552
9107 10689
9107 10946
9107 10947
9107 11265
9107 12994
9107 13020
9107 13030
9107 13241
9107 13242
9107 13244
9107 13411
9107 13412
9107 13413
9107 13416
9107 13426
9107 13427
9107 13439
9107 13440
9107 13462
9107 13472
9107 13493
9107 13838
9107 14265
9107 14266
9107 14269
9107 14270
9107 14271
9107 14281
9120 13411
9120 13412
9122 9214
9122 12994
9122 13241
9122 13244
9164 903
9164 9214
9164 10552
9164 12994
9164 13020
9164 13030
9164 13241
9164 13244
9164 13411
9164 13412
9164 13413
9164 13426
9164 13427
9164 13439
9164 13453
9164 13462
9164 14265
9164 14266
9164 14269
9216 13412
9220 9214
9220 13440
9226 903
9226 9214
9226 10552
9226 12994
9226 13020
9226 13244
9226 14266
9231 13244
9239 13020
9239 13241
9239 13413
9468 9214
9468 13244
9581 9214
9581 13244
9582 13416
9584 9214
9584 12994
9584 13020
9584 13030
9584 13241
9584 13244
9584 13411
9584 13412
9584 13413
9586 13244
9591 13020
9594 9214
9594 13020
9594 13241
9594 13244
9594 13412
9594 13426
9594 13427
9594 13439
9808 689
9808 903
9808 944
9808 963
9808 985
9808 1432
9808 9214
9808 10552
9808 10689
9808 10946
9808 10947
9808 12994
9808 13020
9808 13241
9808 13242
9808 13244
9808 13411
9808 13412
9808 13413
9808 13416
9808 13426
9808 13427
9808 13439
9808 13440
9808 13453
9808 13462
9808 13472
9808 13493
9808 13838
9808 14270
9808 14271
9808 14281
9812 9214
9812 13020
9812 13241
9812 13242
9812 13244
9812 14265
9812 14266
9821 12994
9821 13020
9821 13241
9821 13244
9821 14266
9834 9214
9834 13020
9834 13416
9834 13426
9834 13427
9837 10947
9837 12994
9837 13439
9837 13462
9837 13472
9913 9214
9913 13030
9913 13241
9913 13244
9913 13413
9913 13416
9913 13427
9913 13440
9990 496
9990 1080
9990 1431
9990 1432
9990 13412
9990 13413
9990 13426
9990 13427
9990 14270
9990 14271
10079 1080
10079 10689
10079 10947
10079 13020
10079 13030
10079 13411
10079 13412
10079 13413
10079 13416
10079 13426
10079 13427
10079 13439
10079 13440
10079 13453
10079 13493
10079 13838
10079 14271
10105 13241
10105 13244
10108 13020
10108 13413
10416 98
10416 496
10416 515
10416 689
10416 903
10416 963
10416 985
10416 1080
10416 1430
10416 1431
10416 1432
10416 9214
10416 10552
10416 10946
10416 10947
10416 12994
10416 13020
10416 13030
10416 13241
10416 13242
10416 13244
10416 13411
10416 13413
10416 13427
10416 13439
10416 13440
10416 13453
10416 13462
10416 13472
10416 13493
10416 13838
10416 14265
10416 14266
10543 10947
10543 12994
10543 13020
10543 13030
10543 13241
10543 13244
10543 13439
10582 9214
10582 13020
10823 9214
10823 10689
10823 12994
10823 13020
10823 13030
10823 13241
10823 13244
10823 13411
10823 13412
10823 13413
10823 13426
10823 13427
10823 13439
10823 13440
10823 13462
10823 13472
10918 12994
11338 689
11338 903
11338 9214
11338 10552
11338 10689
11338 10947
11338 12994
11338 13020
11338 13030
11338 13242
11338 13244
11338 13411
11338 13412
11338 13413
11338 13416
11338 13426
11338 13427
11338 13439
11338 13440
11338 13453
11338 13462
11338 13472
11338 13493
11338 13838
11338 14265
11338 14281
11465 9214
11465 10689
11465 12994
11465 13020
11465 13030
11465 13241
11465 13244
11465 13411
11465 13412
11465 13413
11465 13426
11465 13427
11465 13439
11465 13440
11465 13453
11465 13462
11465 13493
11465 13838
11465 14269
11465 14281
11520 689
11520 985
11520 9214
11520 12994
11520 13020
11520 13030
11520 13241
11520 13244
11520 13411
11520 13416
11520 13426
11520 13427
11520 13439
11522 13440
11523 903
11523 9214
11523 10552
11523 12994
11523 13020
11523 13241
11523 13242
11523 13244
11523 13411
11523 13412
11523 13413
11523 14266
11523 14269
11524 98
11524 496
11524 515
11524 689
11524 903
11524 944
11524 963
11524 985
11524 1080
11524 1430
11524 1431
11524 1432
11524 10552
11524 10689
11524 10946
11524 10947
11524 12994
11524 13030
11524 13241
11524 13242
11524 13244
11524 13411
11524 13412
11524 13413
11524 13426
11524 13427
11524 13439
11524 13453
11524 13462
11524 13472
11524 13493
11524 13838
11524 14265
11524 14269
11524 14271
11533 9214
11533 12994
11533 13020
11533 13241
11537 98
11537 496
11537 515
11537 903
11537 944
11537 963
11537 1080
11537 1430
11537 1431
11537 1432
11537 10552
11537 10947
11537 12994
11537 13020
11537 13030
11537 13241
11537 13242
11537 13244
11537 13411
11537 13412
11537 13413
11537 13416
11537 13427
11537 13439
11537 13440
11537 13453
11537 13462
11537 13472
11537 13493
11537 13838
11537 14265
11537 14266
11537 14269
11537 14270
11537 14271
12011 98
12011 496
12011 515
12011 903
12011 944
12011 963
12011 1080
12011 1430
12011 1431
12011 1432
12011 9214
12011 10689
12011 10946
12011 10947
12011 11265
12011 12994
12011 13020
12011 13030
12011 13241
12011 13242
12011 13411
12011 13412
12011 13413
12011 13416
12011 13426
12011 13427
12011 13439
12011 13440
12011 13453
12011 13462
12011 13472
12011 13493
12011 13838
12011 14265
12011 14266
12011 14269
12011 14270
12011 14271
12011 14281
12244 13413
12742 9214
12742 12994
12742 13020
12742 13244
12742 13411
12742 13413
12742 13416
12770 98
12770 496
12770 515
12770 689
12770 903
12770 944
12770 963
12770 985
12770 1080
12770 1430
12770 1431
12770 1432
12770 9214
12770 10552
12770 10689
12770 10947
12770 11265
12770 12994
12770 13030
12770 13241
12770 13242
12770 13412
12770 13413
12770 13416
12770 13426
12770 13427
12770 13440
12770 13462
12770 13472
12770 13493
12770 13838
12770 14265
12770 14266
12770 14269
12770 14270
12770 14271
12910 944
12910 963
12910 9214
12910 10689
12910 10947
12910 12994
12910 13020
12910 13241
12910 13244
12910 13411
12910 13440
12910 13453
12910 13462
12910 13472
12910 13493
12910 13838
12910 14281
12918 13241
12930 13244
12990 13244
13007 10689
13007 10947
13007 12994
13007 13020
13007 13241
13007 13244
13007 13412
13007 13426
13007 13427
13007 13439
13007 13440
13007 13453
13007 13462
13007 13472
13007 13493
13007 13838
13016 12994
13016 13020
13016 13244
13018 9214
13018 13020
13018 13241
13018 13244
13119 12994
13119 13244
13209 944
13209 963
13209 10689
13209 10947
13209 11265
13209 12994
13209 13020
13209 13030
13209 13241
13209 13244
13209 13411
13209 13412
13209 13413
13209 13416
13209 13426
13209 13427
13209 13439
13209 13440
13209 13453
13209 13462
13209 13472
13209 13493
13209 13838
13209 14281
