14541 14541 296
0 13680
5 13679
10 13803
11 12977
19 13642
21 13639
259 13851
265 13759
282 13630
310 11538
310 13922
320 3304
398 13916
600 9037
705 12790
782 1972
806 4612
1185 11363
1185 12767
1188 12337
1329 595
1337 13183
1365 11922
1435 6451
1447 89
1490 1488
1756 13627
2061 11663
2065 12159
2324 11733
2526 13769
2616 6835
2963 8087
2963 13807
3145 2601
3342 8082
3350 2024
3827 3911
3934 12288
4009 13903
4161 2115
4195 13897
4219 13861
4372 861
4408 6084
4408 6135
4432 6565
4432 13898
4630 3898
4637 13727
4858 5746
5474 13286
5527 9676
5660 13673
5746 8104
5819 12784
6283 9564
6300 13682
6455 7613
6636 12156
7211 11500
7232 1521
7280 7880
7410 8246
7647 2335
7752 1240
8033 10494
8061 13340
8296 598
8333 9629
8333 13691
8378 13120
8744 10027
8918 7644
8918 10352
9051 13816
9360 12044
9534 2122
9534 11095
9688 13760
9711 7933
9711 8853
9919 493
9953 13601
9973 10882
10115 1893
10299 7932
10299 11137
10327 499
10378 6569
10392 11496
10392 13615
10395 9354
10413 7213
10414 14501
10498 13337
10587 9258
10637 13638
10719 13710
10721 13709
10722 13707
10723 12287
10725 13704
10736 13698
10740 13696
10742 13694
10744 13692
10762 12078
10779 7829
10779 13857
10854 13376
10919 9508
10979 10525
11155 8907
11155 13697
11198 13885
11221 11220
11242 9557
11316 13883
11341 11339
11387 11388
11416 13345
11473 11554
11482 10055
11487 11486
11555 1606
11558 8363
11558 13725
11569 866
11570 1260
11572 13522
11572 14352
11601 2370
11620 10538
11622 11621
11630 13649
11634 11633
11665 13287
11720 11284
11732 13783
11762 11759
11786 11668
11801 930
11889 13631
11905 9925
11905 13663
11910 13390
11930 2960
11934 8248
11934 13781
11938 13531
11940 12981
11941 13685
11942 13678
11947 13688
12016 13888
12076 155
12079 12770
12081 11233
12092 2144
12142 8530
12144 13943
12163 13858
12188 13525
12212 3503
12238 12673
12239 14338
12240 5317
12241 6623
12242 6626
12242 13901
12247 9307
12254 7186
12255 7544
12256 7676
12256 11773
12257 7823
12258 7874
12259 8247
12260 8249
12260 13776
12261 8250
12262 8414
12262 13733
12263 13714
12264 9979
12266 9974
12266 13636
12267 9983
12267 13634
12268 10026
12269 8523
12273 9492
12317 96
12341 934
12370 11815
12468 13022
12503 13695
12549 12285
12563 4569
12564 961
12693 12185
12705 13856
12764 13708
12766 8369
12850 13799
12959 8330
12974 11271
13084 1229
13091 13497
13257 13777
13261 13637
13308 12565
13356 13391
13399 12984
13400 13443
13404 1586
13406 13403
13434 12815
13485 13255
13487 12043
13573 1259
13573 12657
13575 13583
13582 12820
13586 13532
13669 13668
13672 13675
13744 13178
13746 13293
13845 13928
13877 12962
13982 13488
13983 13385
13986 13184
14020 8864
14021 9124
14061 13802
14062 13690
14079 13339
14090 13321
14135 13527
14158 13373
14160 13379
14169 13383
14171 13335
14176 13387
14177 13388
14184 13392
14186 13395
14188 13396
14190 13398
14195 13536
14197 13008
14202 13013
14205 13104
14211 13106
14213 13110
14214 13135
14221 13919
14222 13923
14231 13915
14236 13913
14238 13402
14241 13911
14245 13907
14248 13905
14285 13896
14297 13889
14315 11469
14317 11470
14320 13174
14323 13175
14326 13176
14331 13179
14337 13868
14349 13865
14356 9530
14356 13677
14362 13862
14411 13794
14417 13790
14430 12040
14437 11990
14449 11509
14451 13779
14482 13774
14486 13771
14504 13764
14513 13757
14514 13756
14515 13738
14526 13731
14527 13729
14531 13721
14538 13715
