14541 14541 218
902 440
902 2070
902 3152
902 5635
902 5714
902 5851
902 6136
902 6544
902 6552
902 7367
902 8092
902 8136
902 9084
902 9107
902 9122
902 9164
902 9808
902 10416
902 11338
902 11465
902 11524
902 11537
902 12770
902 13209
4474 440
4474 523
4474 2070
4474 2273
4474 5190
4474 5635
4474 5714
4474 6136
4474 6544
4474 6552
4474 7366
4474 7413
4474 7738
4474 8092
4474 8502
4474 8518
4474 8915
4474 9084
4474 9122
4474 9226
4474 9808
4474 11537
4474 12770
4474 13209
8086 440
8086 523
8086 2070
8086 3152
8086 5714
8086 6136
8086 6543
8086 6544
8086 7366
8086 7367
8086 7413
8086 8092
8086 8136
8086 8502
8086 8518
8086 8915
8086 9084
8086 9122
8086 9226
8086 9808
8086 10416
8086 11524
8086 12011
8086 13209
10044 440
10044 477
10044 523
10044 562
10044 568
10044 571
10044 583
10044 587
10044 591
10044 599
10044 607
10044 618
10044 620
10044 716
10044 745
10044 1089
10044 1315
10044 2012
10044 2070
10044 2128
10044 2158
10044 2188
10044 2196
10044 2197
10044 2220
10044 2256
10044 2273
10044 2465
10044 2966
10044 3095
10044 3152
10044 3802
10044 3818
10044 4474
10044 4483
10044 4488
10044 4495
10044 5190
10044 5243
10044 5633
10044 5635
10044 5662
10044 5687
10044 5701
10044 5714
10044 5728
10044 5734
10044 5736
10044 5851
10044 5864
10044 5887
10044 6136
10044 6157
10044 6163
10044 6176
10044 6543
10044 6544
10044 6545
10044 6552
10044 6559
10044 6581
10044 7143
10044 7366
10044 7367
10044 7413
10044 7436
10044 7447
10044 7699
10044 7732
10044 7734
10044 7737
10044 7738
10044 7750
10044 7760
10044 7766
10044 7769
10044 7774
10044 7775
10044 7807
10044 8092
10044 8136
10044 8151
10044 8174
10044 8176
10044 8178
10044 8381
10044 8502
10044 8505
10044 8514
10044 8518
10044 8542
10044 8587
10044 8591
10044 8867
10044 8915
10044 8949
10044 8960
10044 9079
10044 9084
10044 9107
10044 9120
10044 9122
10044 9164
10044 9201
10044 9203
10044 9208
10044 9216
10044 9220
10044 9226
10044 9232
10044 9582
10044 9584
10044 9586
10044 9594
10044 9808
10044 9834
10044 9837
10044 9913
10044 10105
10044 10108
10044 10110
10044 10416
10044 10543
10044 10582
10044 10823
10044 10918
10044 11338
10044 11465
10044 11520
10044 11523
10044 11524
10044 11533
10044 11537
10044 12011
10044 12244
10044 12770
10044 12799
10044 12910
10044 12918
10044 12930
10044 12998
10044 13007
10044 13016
10044 13119
10044 13209
10044 13401
