14541 14541 184
1820 4017
1863 4017
1863 5053
1863 5689
1863 5690
1863 11463
3625 5689
3698 4017
3698 5690
3837 4017
3837 11463
4754 5689
4754 11463
4758 2287
4758 4017
4758 5053
4769 2287
4769 4017
4769 5690
4769 11463
4785 4017
4785 5690
4785 11463
4794 4017
4794 5689
4798 2287
4798 5690
4798 8725
4803 5053
4803 5690
4817 4017
4817 5053
4864 4017
4864 5689
4934 4017
4934 5690
4934 8725
4934 11463
5935 5689
6018 4017
6019 4017
6019 5690
6019 11463
6747 4017
6747 5053
6747 5689
7307 2287
7307 4017
7307 5053
7307 5689
7307 11463
10274 5053
11076 2287
11076 4017
11076 5053
11076 5689
11076 5690
12271 4017
12271 5053
12271 5689
12271 5690
13033 2287
13033 4017
13033 5053
13033 5689
13033 8725
13033 11463
13034 2287
13034 4017
13034 5053
13035 2287
13035 4017
13035 5053
13035 5689
13035 11463
13036 2287
13036 4017
13036 5689
13036 5690
13036 11463
13037 5053
13037 5689
13037 5690
13038 2287
13038 4017
13038 5053
13038 5690
13039 2287
13039 4017
13039 5053
13039 5689
13039 11463
13040 2287
13040 4017
13040 5053
13040 5689
13040 5690
13040 11463
13041 2287
13041 4017
13041 5053
13041 5689
13041 5690
13042 2287
13042 4017
13042 5053
13042 5689
13042 5690
13042 11463
13043 2287
13043 4017
13043 5053
13043 5689
13043 5690
13044 2287
13044 4017
13044 5053
13044 5689
13044 5690
13046 2287
13046 4017
13046 5053
13046 5690
13047 4017
13047 5053
13047 5689
13047 5690
13047 11463
13048 2287
13048 4017
13048 5053
13049 2287
13049 5053
13049 5689
13049 5690
13050 2287
13050 4017
13050 5053
13050 5689
13050 5690
13051 2287
13051 4017
13051 5053
13051 5689
13051 5690
13052 2287
13052 4017
13052 5689
13052 5690
13053 2287
13053 4017
13053 5053
13053 5689
13053 11463
13054 2287
13054 5053
13054 5689
13054 5690
13056 2287
13056 5053
13056 5689
13056 5690
13056 11463
13057 2287
13057 4017
13057 5689
13057 5690
13058 2287
13058 4017
13058 5053
13058 11463
13059 2287
13059 5053
13059 5689
13059 5690
13060 2287
13060 4017
13060 5053
13060 5689
13061 2287
13061 4017
13061 5053
13061 5689
13061 5690
