14541 14541 194
78 10344
78 12708
78 12720
334 197
334 1676
334 6952
334 12096
399 1676
399 11208
399 11793
604 5688
857 1676
857 8686
1151 1676
1151 8686
1151 11208
1151 13088
1151 14386
1193 11208
1193 11230
1193 12114
1199 4177
1199 8686
1199 10354
1199 13088
1381 1676
1381 13088
1593 1193
1593 3232
1593 9386
1593 11208
1593 11542
1866 1676
1866 8686
1866 13088
1866 14386
1945 138
1945 11208
1945 12403
1945 13216
2085 13088
2109 8686
2109 10344
2109 11208
2109 13088
2244 4490
2361 1676
2361 8686
2361 12114
2453 4177
2453 6448
3478 1676
3478 5434
4088 857
4088 5173
4088 5331
4088 8408
4088 11208
4088 11542
4088 11676
4088 12309
4088 12499
4088 12803
4088 13452
4088 14097
4490 138
4490 1676
4490 8686
4490 11208
4490 12114
4490 13088
4490 13216
4780 138
4780 604
4780 10344
5173 1676
5173 5331
5173 8686
5173 10430
5173 13216
5331 1676
5331 8686
5331 11208
5331 12114
5331 13088
5331 13216
5688 11208
7615 13088
7631 3232
8408 138
8408 1676
8408 4177
8408 5434
8408 6952
8408 11911
8408 13088
8769 13452
8984 1676
8984 5434
8984 13088
9386 3232
9386 3527
9386 11208
9386 11542
9386 11673
9425 8686
9659 362
9659 2025
9659 11208
9659 11542
9884 5434
9884 11208
10344 138
10344 5434
10344 11673
10362 1676
10362 4177
10430 138
10430 1676
10430 3232
10430 6448
10430 11506
10430 11542
10430 12313
10430 14097
10506 138
11208 197
11208 1676
11208 6952
11208 12096
11208 13088
11230 5543
11230 12773
11230 14386
11506 1676
11674 4177
11674 5434
11674 10354
11675 9425
11675 10430
11676 1676
11676 5434
11676 11208
11676 13216
11793 138
11793 1676
11793 8084
12114 1676
12309 1676
12309 8686
12499 1676
12499 8686
12499 11208
12499 12114
12499 13088
12643 8686
12708 4177
12708 8342
12708 13088
12720 138
12720 2283
12720 11673
12720 13088
12733 1676
12780 8686
12782 1676
12782 4177
12803 5434
12803 12114
12804 1676
12804 11208
12804 12114
12804 13088
12804 13216
12808 1151
12808 7969
12808 10506
12808 12720
12957 4177
12957 12114
12957 13088
13216 138
13216 11208
13216 13088
13448 1676
13448 3232
13448 9513
13448 10354
13448 14097
13543 1676
13543 8686
13543 12114
13543 14386
14097 13088
