14541 14541 246
139 1162
139 3144
139 5661
139 6174
139 10391
139 13131
287 578
1220 11215
1293 7268
1805 7083
2828 7083
3651 7083
3857 113
3857 448
3857 1926
3857 2093
3857 2724
3857 4892
3857 7705
3857 9714
4749 1155
4749 7808
4827 2113
4827 11993
4885 54
4885 10455
4885 11327
4885 12543
4885 12853
4885 14110
5129 397
5129 425
5129 476
5129 10391
5129 13131
5144 11106
5223 11215
5350 4554
5389 11201
5786 1109
5786 2820
5786 6817
5786 9139
6199 6928
6199 8913
6333 2725
6333 5787
6384 1964
6384 2845
6384 2912
6384 3740
6384 6141
6384 14418
6437 3125
6437 4229
6437 4252
6437 6957
6437 8536
6437 9034
6437 10714
6437 10988
6437 12707
6437 13594
6568 1713
6670 4460
6821 6471
6859 327
6859 4645
6859 7069
6976 10391
7185 2178
7185 3201
7289 4620
7289 6177
7289 6316
7289 9140
7325 448
7325 1656
7325 2113
7325 8921
7325 10391
7325 11526
7325 13131
7466 328
7708 4377
7799 13970
7960 1109
7960 2113
7960 4274
7960 5380
7960 6471
7960 12611
8026 2540
8065 751
8065 1519
8065 1745
8065 1905
8065 2686
8065 2849
8065 4252
8065 5464
8065 10314
8065 11588
8065 11901
8065 13431
8065 13605
8065 13958
8065 13973
8116 113
8116 2705
8116 3197
8116 3201
8116 5201
8116 6744
8116 7564
8118 462
8118 3906
8118 8913
8118 8921
8118 9009
8118 12000
8169 3144
8169 4993
8169 7896
8492 9500
8517 7083
8570 448
8570 3906
8570 5377
8570 6928
8570 8913
8570 8921
8570 10391
8570 11262
8570 11576
8570 12000
8791 448
8791 3906
8791 5473
8791 8906
8791 9495
8791 10391
8791 11109
8791 11536
8791 12611
8862 448
8862 4935
8862 10391
8862 11536
10067 8921
10067 11576
10078 1542
10078 11086
10544 11326
10629 3204
10629 4620
10629 6177
10629 6402
10904 4645
10910 2447
10910 5661
10910 8913
10910 10391
10910 11521
11025 13228
11085 914
11085 1926
11085 2189
11085 2704
11085 2722
11085 4909
11085 5920
11085 6226
11085 13211
11085 14003
11336 10913
11512 8921
11649 6492
11692 5380
11831 12023
11831 12593
11851 104
11851 298
11851 405
11851 621
11851 1163
11851 1752
11851 1965
11851 2113
11851 2602
11851 2793
11851 2949
11851 3019
11851 3090
11851 4021
11851 4567
11851 5332
11851 5432
11851 7200
11851 7276
11851 11897
11851 12023
11851 14087
11851 14263
11852 2710
11852 2727
11852 2728
11852 2885
11852 11861
11852 13446
11900 9500
11958 10998
11959 2474
11959 4176
11959 6675
11959 11984
11987 9519
12354 2078
12354 2609
12354 3885
12402 448
12402 1782
12402 2709
12402 8207
12402 8273
12402 9138
12402 9758
12402 11098
12407 4645
12407 11526
12490 1033
12490 5706
12677 5111
12704 4906
12704 6168
12704 8789
12704 9665
12704 9780
12704 9799
12704 9800
12704 9955
12704 12133
12906 290
12906 10926
13243 31
13325 12581
