14541 14541 2157
84 12820
108 11388
108 13124
155 12078
172 12924
201 12079
216 11665
217 916
236 9830
236 13165
252 7630
262 13674
269 10721
271 11941
272 11941
350 13848
352 13027
386 3147
386 12414
398 14094
440 5635
440 7367
440 12011
445 866
445 11569
477 591
477 716
477 2012
477 5662
477 8587
477 9120
477 9913
477 13007
493 6569
493 7874
493 8105
493 9979
493 10076
493 12815
493 12962
499 2144
499 8853
499 9676
499 11137
523 3152
523 5714
523 8915
523 9468
523 10918
557 9849
562 3095
568 6545
579 6466
579 7413
579 8502
579 9812
583 5633
583 10823
587 618
587 8176
587 8178
587 9586
591 477
591 716
591 2197
591 8587
591 13007
596 8023
596 9468
599 10105
599 10108
599 12910
616 9883
618 587
618 7737
618 8176
618 9586
618 12244
620 8949
620 9582
620 10110
716 477
716 591
716 2012
716 2197
716 4483
745 6545
745 11523
838 2697
840 4439
840 8098
840 12924
861 9354
861 9722
861 10525
866 445
866 7613
866 9354
866 10494
866 10499
886 9530
916 217
1007 13027
1083 1089
1083 3785
1083 4514
1083 9227
1083 9231
1089 8537
1089 9231
1089 9582
1089 9834
1132 11563
1133 7488
1133 14042
1133 14233
1248 9821
1248 12990
1259 1260
1259 4439
1260 1259
1260 4439
1262 2370
1262 13456
1315 2966
1315 7429
1315 11523
1337 2346
1349 2697
1349 9954
1378 7939
1488 12820
1488 13124
1580 7704
1599 3498
1605 12078
1606 12078
1684 9437
1706 9037
1803 11665
1812 11494
2012 477
2012 716
2012 9913
2022 12904
2023 2024
2024 2023
2024 4499
2024 12924
2070 5635
2070 8502
2070 9122
2070 9354
2071 6466
2115 7148
2115 8246
2115 8248
2115 9806
2115 10026
2115 14352
2122 8082
2122 8363
2122 8529
2122 14352
2128 5498
2128 8505
2128 9932
2128 11338
2144 499
2158 2188
2158 2465
2158 4507
2188 2158
2188 2196
2188 2465
2188 10110
2196 2188
2196 7401
2196 8176
2196 8178
2196 9231
2197 591
2197 716
2197 13007
2220 8174
2220 8514
2256 596
2256 6136
2256 8023
2256 9226
2256 9468
2335 2370
2346 1337
2370 1262
2370 2335
2465 2188
2465 5687
2465 10110
2465 12930
2466 13280
2528 14489
2589 2590
2590 2589
2590 6562
2590 12924
2697 838
2960 8099
2960 8357
2960 8907
2966 1315
2966 7429
2966 9584
3041 4349
3068 6562
3095 562
3095 5864
3095 7143
3095 8381
3095 8867
3095 12918
3117 3095
3117 8381
3147 386
3152 523
3152 5714
3152 6579
3152 9239
3152 11522
3152 11533
3152 13018
3157 11909
3342 13816
3428 3496
3496 3428
3498 1599
3564 10823
3564 13401
3661 7676
3661 8247
3661 8572
3785 1083
3785 4514
3785 9227
3943 12987
3973 8247
3973 8572
4020 11621
4020 12181
4020 12182
4219 8369
4219 10024
4219 11524
4219 14355
4283 11373
4349 3041
4349 8366
4349 8369
4349 11524
4427 9847
4439 840
4439 1259
4439 4471
4439 8098
4439 11616
4439 12011
4439 12520
4439 12924
4439 13930
4443 7710
4443 11702
4443 12912
4443 12924
4471 4439
4471 12936
4483 716
4483 2012
4488 6581
4488 7401
4488 9231
4495 5633
4495 6163
4499 2024
4507 2158
4514 1083
4514 9231
4609 11338
4621 432
4621 11286
4621 11442
5190 8136
5190 8901
5190 11537
5243 9932
5317 11538
5317 12673
5498 2128
5633 583
5633 4495
5633 6163
5633 10823
5635 2070
5635 7367
5635 8092
5635 8502
5635 9107
5635 12011
5635 12078
5635 12770
5635 13209
5662 477
5662 9120
5662 9913
5662 12924
5687 2465
5687 4507
5701 618
5701 9586
5701 12244
5705 9084
5710 8529
5714 523
5714 3152
5714 10918
5714 12998
5734 5736
5734 7441
5734 7737
5734 9211
5734 12244
5736 5734
5736 9216
5851 11523
5864 3095
5864 6581
5864 9239
6136 2256
6136 8915
6136 9122
6136 9226
6136 9468
6136 9812
6136 12770
6163 4495
6163 5633
6176 5819
6212 7613
6212 9183
6282 11229
6451 9037
6466 579
6466 2071
6466 2418
6466 7366
6466 7413
6466 8114
6466 10031
6466 12902
6544 9107
6544 9226
6544 12011
6545 568
6545 745
6545 7807
6545 8542
6545 9079
6545 9437
6545 9542
6545 11523
6545 12990
6552 8146
6559 11338
6565 6623
6565 7823
6565 7829
6565 8246
6565 9106
6565 9983
6569 493
6569 8082
6569 8363
6569 9806
6569 9979
6569 10026
6579 3152
6579 8542
6579 11522
6579 12990
6581 4488
6581 9239
6611 7933
6623 6565
6623 6626
6623 7823
6623 9983
6626 1133
6626 6623
6626 8366
6996 13869
7120 8901
7120 9821
7120 11523
7120 13119
7143 3095
7143 11522
7148 7823
7148 8246
7148 8414
7186 6623
7186 6626
7186 7823
7186 9925
7235 11524
7346 8023
7346 9468
7346 10918
7366 579
7366 6466
7366 7413
7366 8901
7367 5635
7367 12011
7401 2196
7401 4488
7401 8176
7401 9231
7401 9594
7401 12742
7413 579
7413 6466
7413 7366
7413 8502
7413 8901
7413 12902
7429 1315
7429 2966
7433 6581
7436 12910
7441 5734
7441 9211
7441 12244
7487 4349
7487 7677
7487 8366
7487 13861
7488 1133
7488 7677
7490 7677
7490 9983
7544 7727
7544 9530
7544 14338
7591 3973
7613 866
7613 9183
7613 9722
7613 10494
7613 10499
7613 10525
7613 10526
7640 12183
7644 9676
7644 13280
7676 9925
7676 14196
7677 6626
7677 7487
7677 7490
7677 9983
7677 11524
7691 7829
7691 9124
7699 6562
7699 7775
7704 1580
7710 3152
7710 4443
7710 7767
7710 9756
7710 12011
7727 7544
7727 9629
7727 14338
7732 9582
7732 10108
7737 618
7737 7750
7737 8176
7737 9216
7737 12244
7737 12742
7750 9216
7750 12742
7766 8915
7766 9812
7767 7710
7767 12011
7769 8901
7774 12742
7775 7699
7775 7732
7775 9232
7775 9582
7775 12910
7807 6545
7807 9584
7807 11523
7823 6623
7823 7148
7823 8246
7823 8414
7823 9629
7823 14338
7829 6565
7829 8250
7829 8369
7829 9106
7829 9983
7829 14022
7873 8087
7873 8101
7873 8864
7874 493
7874 6569
7874 8250
7874 9106
7874 9124
7874 10026
7874 12962
7903 14107
7933 6611
7933 12011
8003 11922
8023 596
8023 2256
8023 7346
8023 9468
8023 12998
8082 2122
8082 6569
8082 8363
8082 9806
8082 14352
8087 7873
8087 8357
8087 8864
8087 9508
8087 11524
8087 12924
8089 9108
8092 440
8092 5635
8092 8098
8098 8092
8099 8247
8099 8357
8099 8369
8099 8572
8099 8864
8099 9508
8101 7873
8101 8104
8101 8864
8102 8864
8104 8101
8104 8864
8105 10076
8105 12962
8114 6466
8136 5190
8136 8901
8142 8901
8142 11523
8146 6552
8149 1342
8151 599
8151 10108
8151 12930
8165 9932
8165 11338
8174 2220
8174 6163
8174 8529
8174 12924
8176 587
8176 618
8176 2196
8176 7737
8176 8178
8176 12742
8178 587
8178 2158
8178 8176
8241 9100
8241 10027
8241 12337
8246 2115
8246 7823
8246 9106
8246 10026
8247 3661
8247 3973
8247 8099
8247 8572
8247 11672
8248 886
8248 8414
8248 9530
8248 14352
8249 9925
8249 11538
8250 7691
8250 7829
8250 7874
8250 9106
8250 14022
8251 9100
8251 11339
8251 12337
8251 14343
8357 2960
8357 8087
8357 8099
8357 9508
8363 2122
8363 6569
8363 8082
8363 8529
8363 9979
8366 4349
8366 7186
8366 7487
8366 7677
8366 8369
8366 8572
8369 4219
8369 7677
8369 7691
8369 8099
8369 8366
8369 8572
8369 8864
8369 13861
8369 14022
8381 3117
8381 12918
8414 2115
8414 7148
8414 7823
8414 8248
8414 9530
8414 14338
8502 579
8502 2070
8502 5635
8502 7413
8502 8901
8502 9122
8502 9354
8502 9812
8505 11338
8514 2012
8514 2220
8518 9084
8529 5710
8529 8174
8529 8363
8529 9979
8529 10416
8529 10776
8529 10823
8529 11524
8530 8101
8530 8864
8537 2188
8537 10110
8542 6545
8542 6579
8542 9037
8542 11523
8542 11922
8542 12990
8572 3661
8572 3973
8572 7676
8572 8099
8572 8247
8572 8366
8572 9974
8587 477
8587 591
8587 13007
8815 9437
8853 11137
8853 12011
8853 13003
8864 7873
8864 8087
8864 8099
8864 8102
8864 8104
8864 8369
8864 8530
8864 9508
8867 3095
8901 579
8901 7120
8901 7366
8901 7413
8901 7769
8901 8136
8901 8142
8901 8502
8901 9812
8901 11523
8901 11533
8901 13018
8907 2960
8907 8357
8915 6136
8915 9468
8915 9812
8949 9834
8949 10110
8960 11523
9028 10525
9028 10526
9037 6451
9037 8542
9037 9433
9037 11486
9037 11922
9079 6545
9084 5705
9084 7774
9084 8518
9084 12011
9084 12805
9100 8241
9100 8251
9100 10027
9100 11339
9106 6565
9106 7829
9106 7874
9106 8246
9106 8250
9107 6544
9107 7447
9107 12770
9107 13616
9108 8089
9120 477
9120 5662
9122 2070
9122 8502
9122 9812
9122 12770
9124 7691
9124 7874
9124 8105
9124 8250
9124 12962
9155 4471
9183 6212
9183 7613
9183 10499
9211 5734
9211 7441
9211 12924
9216 5734
9216 5736
9216 7750
9216 12799
9226 2256
9226 6136
9226 6544
9226 12770
9227 1083
9227 1089
9227 3785
9231 1083
9231 2188
9231 2196
9231 4488
9231 7401
9231 8537
9231 9834
9231 10110
9232 7775
9239 3152
9239 5864
9239 6581
9239 7433
9239 11522
9271 13905
9307 8249
9307 11538
9307 12013
9354 861
9354 866
9354 2070
9354 8502
9354 9722
9354 10494
9398 11799
9398 12046
9398 12183
9398 12185
9433 9037
9437 1684
9437 6545
9437 8815
9468 523
9468 2256
9468 6136
9468 8023
9468 8915
9468 10918
9468 12998
9486 9594
9486 11915
9508 8087
9508 8099
9508 8357
9508 8864
9530 886
9530 7544
9530 8414
9530 14338
9542 6545
9542 11523
9581 9821
9581 11523
9581 12990
9581 13119
9582 620
9582 1089
9582 7732
9582 7775
9582 8949
9582 9834
9582 10110
9584 2966
9584 7429
9584 7807
9584 10582
9586 618
9586 5701
9594 7401
9594 9486
9594 12742
9629 7186
9629 7727
9629 7823
9629 8249
9629 9925
9629 11538
9629 12013
9629 12673
9629 14338
9676 499
9676 7644
9722 861
9722 9354
9722 10494
9722 10525
9756 7710
9806 2115
9806 6569
9806 8082
9806 8248
9806 10026
9806 14352
9808 6552
9808 12011
9812 579
9812 6136
9812 8502
9812 8901
9812 9122
9821 1248
9821 9581
9821 12990
9834 8949
9834 9582
9834 10110
9837 477
9847 4427
9849 557
9883 616
9913 477
9913 2012
9913 5662
9925 7186
9925 8249
9925 9629
9925 9974
9925 12013
9925 14196
9932 2128
9932 5243
9932 8165
9932 11338
9932 11465
9954 802
9954 1349
9974 7186
9974 7676
9974 8366
9974 8572
9974 9925
9979 493
9979 6569
9979 8363
9983 6623
9983 7488
9983 7490
9983 7829
9994 6581
10024 4219
10026 2115
10026 6569
10026 7874
10026 8246
10026 9106
10027 8241
10027 9100
10031 6466
10076 8105
10084 14362
10105 599
10105 7775
10105 10108
10105 12910
10108 599
10108 8151
10108 9582
10108 10105
10108 10110
10108 12930
10110 620
10110 2188
10110 2465
10110 8537
10110 8949
10110 9231
10110 9582
10110 9834
10110 10108
10110 12930
10416 8529
10416 11524
10416 12924
10439 13698
10439 13711
10439 13714
10494 7613
10494 9354
10494 9722
10499 866
10499 7613
10499 9183
10525 861
10525 7613
10525 9722
10525 10526
10526 7613
10526 9028
10526 10525
10582 9584
10730 11941
10776 8529
10823 583
10823 2122
10823 7235
10823 8529
10823 10416
10918 523
10918 7346
10918 9468
10918 12998
11077 12582
11083 11284
11083 11471
11083 13661
11089 11617
11095 13290
11095 13292
11095 13381
11095 13385
11095 13394
11137 499
11137 8853
11229 6282
11238 12767
11284 11083
11284 11470
11284 13661
11284 13711
11285 11471
11285 11773
11285 12191
11286 4621
11303 4621
11303 11442
11338 2128
11338 6559
11338 8165
11338 8505
11338 9932
11338 11465
11339 8251
11339 9100
11345 12480
11373 4283
11387 13124
11387 13581
11388 108
11388 13124
11388 13581
11388 13943
11392 13995
11442 4621
11442 11303
11465 9932
11465 11338
11468 11471
11468 11773
11468 13698
11469 11470
11469 13702
11470 11284
11470 11469
11470 13661
11470 13711
11471 11083
11471 11284
11471 11285
11471 11773
11486 9037
11486 11922
11509 11992
11509 13528
11509 13803
11510 11644
11517 12483
11522 3095
11522 3152
11522 5864
11522 6579
11522 7143
11522 9239
11523 745
11523 1315
11523 6545
11523 7120
11523 7429
11523 7769
11523 7807
11523 8142
11523 8542
11523 8901
11523 9542
11523 9581
11523 12990
11523 13119
11524 4219
11524 4349
11524 7235
11524 7677
11524 8087
11524 8529
11524 10416
11524 12924
11524 13861
11533 8901
11533 13016
11533 13018
11537 5190
11537 8136
11538 5317
11538 9629
11552 13683
11552 13684
11553 13724
11554 13320
11554 13335
11554 13523
11554 13817
11556 13722
11556 13723
11556 13724
11556 13732
11563 1132
11563 11960
11563 13875
11563 13876
11569 445
11572 14133
11599 5710
11599 13287
11599 13373
11599 13388
11616 440
11617 11089
11621 4020
11621 12181
11633 9398
11633 12183
11633 12185
11644 11510
11663 11992
11663 12100
11663 12159
11663 13174
11663 13528
11663 13530
11665 216
11665 1803
11665 11599
11668 11975
11668 11988
11668 12125
11672 8247
11672 12287
11672 13719
11693 1007
11693 13027
11702 4443
11727 12027
11750 11985
11750 11990
11750 12125
11773 11468
11773 11471
11799 440
11799 9398
11799 12046
11814 11816
11814 12039
11814 12058
11815 11976
11816 11814
11816 11817
11817 11816
11817 11978
11818 12101
11818 12156
11909 3157
11909 14098
11909 14181
11910 13613
11910 14180
11910 14182
11910 14183
11915 9486
11922 8003
11922 8542
11922 9037
11922 11486
11941 271
11941 272
11941 10730
11975 11663
11975 11668
11975 11988
11975 11990
11975 13174
11975 13530
11976 11672
11976 11815
11976 11988
11976 12102
11976 12157
11978 11816
11985 11750
11985 11986
11985 11998
11986 11985
11988 11975
11988 11976
11988 11990
11988 12159
11990 11668
11990 11750
11990 11975
11990 11988
11990 13174
11992 11509
11992 11663
11992 12124
11992 13528
11998 11750
11998 12125
12011 440
12011 5635
12011 6544
12011 7367
12011 7710
12011 7767
12011 7933
12011 9084
12011 9107
12011 9808
12011 12805
12011 12924
12013 9307
12013 9629
12013 9925
12027 11727
12027 12043
12027 12102
12027 13811
12037 12101
12038 12043
12038 12044
12038 12101
12038 12102
12039 11814
12039 12041
12039 12058
12040 12039
12040 12041
12040 13861
12041 12039
12041 12040
12041 12058
12043 12027
12043 12101
12043 12102
12044 11818
12044 12038
12044 12101
12046 9398
12046 11799
12046 12183
12049 11978
12058 12039
12058 12041
12078 155
12078 1605
12078 5635
12079 201
12100 11663
12100 11992
12100 12124
12100 12157
12100 12159
12100 13786
12100 13790
12101 12037
12101 12038
12101 12043
12101 12044
12102 11727
12102 11976
12102 12027
12102 12038
12108 13925
12108 13929
12124 11509
12124 11992
12124 13803
12125 11668
12125 11727
12125 11750
12125 11990
12125 11998
12156 11818
12157 11976
12157 12100
12157 12159
12159 11975
12159 11976
12159 11988
12159 12100
12181 4020
12181 11621
12181 12182
12182 4020
12182 12181
12182 12183
12183 9398
12183 12182
12185 9398
12189 13536
12189 13715
12191 11285
12191 13656
12191 13668
12197 13707
12197 13716
12244 618
12244 5701
12244 5734
12244 7737
12282 12963
12282 13008
12282 13012
12282 13103
12287 11672
12287 13709
12287 13713
12287 13715
12287 13719
12288 13735
12288 13771
12337 8251
12337 9100
12480 11345
12483 11517
12520 4439
12673 5317
12673 7727
12673 9629
12673 11538
12742 7401
12742 7737
12742 7774
12742 8176
12742 9594
12754 8105
12766 439
12770 2070
12770 5635
12770 6136
12770 6544
12770 7447
12770 9122
12770 9226
12805 9084
12805 12011
12815 493
12820 84
12820 108
12820 1488
12820 13124
12902 6466
12902 7413
12904 2022
12910 599
12910 7775
12910 8151
12910 9232
12910 10105
12912 4443
12918 3095
12918 8381
12924 840
12924 2024
12924 2590
12924 3068
12924 3564
12924 7873
12924 8087
12924 8098
12924 9211
12924 12930
12924 13401
12924 13775
12924 14019
12930 2465
12930 8151
12930 10108
12930 10110
12936 4471
12962 493
12962 7874
12962 8105
12962 9124
12963 13009
12963 13103
12977 12986
12981 12983
12981 12984
12982 13518
12982 13524
12983 12981
12983 12984
12983 12986
12983 13818
12984 12981
12984 12983
12985 13523
12986 12977
12986 12983
12990 1248
12990 6545
12990 6579
12990 9821
12990 11523
12998 5714
12998 7346
12998 8023
12998 9468
12998 13980
13003 499
13003 8853
13007 477
13007 591
13007 2197
13007 8587
13008 12282
13009 12963
13009 13024
13009 13108
13011 13013
13011 13110
13012 12282
13013 13104
13013 13106
13016 3152
13016 11533
13016 13018
13018 3152
13018 6579
13018 11533
13018 13016
13024 13009
13027 352
13027 1007
13027 11693
13027 13354
13027 14092
13086 13591
13103 12282
13103 12963
13103 13108
13103 13136
13103 13395
13104 13013
13106 13013
13108 12963
13108 13009
13108 13103
13108 13136
13110 13011
13111 13135
13111 13136
13119 7120
13119 9581
13119 9821
13119 11523
13124 108
13124 1488
13124 12820
13135 13111
13136 13103
13136 13108
13136 13111
13165 236
13173 13182
13174 11663
13174 11975
13174 13177
13174 13178
13174 13179
13174 13530
13175 13181
13175 13182
13175 13697
13176 13180
13176 13183
13177 13174
13177 13179
13177 13184
13177 13788
13178 13179
13178 13184
13178 13530
13179 13174
13179 13177
13179 13184
13180 13176
13180 13181
13180 13183
13180 13184
13180 13808
13181 13175
13181 13180
13181 13182
13181 13183
13181 13184
13181 13697
13182 13173
13182 13181
13182 13183
13183 13176
13183 13180
13183 13181
13183 13182
13184 13177
13184 13178
13184 13179
13184 13181
13184 13697
13184 13788
13184 13808
13207 13340
13209 5635
13254 13339
13280 7644
13286 13335
13286 13398
13287 11599
13287 13290
13287 13385
13287 13388
13287 13390
13288 13382
13289 13385
13289 13397
13290 11095
13290 13373
13290 13385
13290 13394
13292 11095
13292 13381
13293 13320
13293 13376
13293 13377
13293 13379
13293 13396
13318 13393
13319 13383
13319 13384
13320 11554
13320 13293
13320 13335
13320 13377
13320 13396
13320 13817
13335 11554
13335 13286
13335 13320
13335 13383
13335 13523
13339 13254
13345 7767
13354 13027
13373 11599
13373 13395
13374 13376
13374 13397
13375 13395
13376 13293
13376 13374
13377 13397
13378 13395
13379 13293
13379 13387
13379 13391
13380 13381
13380 13816
13381 11095
13381 13292
13381 13380
13381 13816
13382 13288
13383 13335
13383 13384
13384 13319
13384 13383
13385 11095
13385 13287
13385 13289
13385 13290
13387 13379
13387 13389
13388 13287
13388 13390
13388 13391
13389 13398
13390 13287
13390 13376
13390 13388
13390 13391
13391 13379
13391 13388
13392 13382
13392 13393
13393 13392
13393 13729
13394 11095
13394 13290
13395 13103
13395 13373
13395 13375
13395 13378
13396 13293
13396 13320
13397 13289
13397 13374
13397 13377
13398 13286
13398 13389
13401 3564
13401 12924
13402 13902
13402 13912
13402 13913
13403 13698
13403 13714
13403 13715
13403 13721
13451 14352
13456 1262
13466 13754
13518 12982
13518 13524
13519 12982
13519 13521
13519 13524
13519 13527
13520 13525
13521 13519
13521 13522
13521 13524
13521 13526
13522 13521
13522 13525
13522 13526
13522 13527
13523 11554
13523 12985
13523 13335
13523 13519
13523 13527
13524 12982
13524 13518
13524 13521
13525 13520
13525 13522
13526 13521
13526 13522
13526 13525
13527 13521
13528 11509
13528 11663
13528 11992
13528 13531
13529 13178
13529 13530
13529 13531
13529 13532
13530 11975
13530 13174
13530 13178
13530 13528
13530 13529
13530 13531
13531 13528
13531 13530
13532 13529
13534 13537
13536 12189
13536 13534
13536 13713
13537 13534
13562 13563
13562 13700
13562 13701
13562 13718
13563 13562
13563 13699
13563 13718
13575 13576
13576 13575
13581 11387
13581 11388
13591 13086
13613 11910
13615 13616
13616 9107
13616 13615
13622 13623
13622 13624
13623 13622
13624 13622
13624 13623
13627 13631
13635 13638
13635 13641
13635 13651
13637 13642
13637 13651
13638 13635
13638 13641
13640 13641
13640 13649
13641 13638
13641 13640
13642 13643
13642 13648
13642 13649
13643 13637
13643 13642
13648 13642
13648 13649
13649 13640
13649 13642
13649 13648
13650 13643
13651 13635
13651 13637
13656 12191
13656 13661
13656 13666
13661 11284
13661 11470
13661 13656
13661 13666
13666 13656
13666 13661
13668 12191
13668 13661
13673 13675
13674 262
13674 13668
13674 14196
13675 13673
13676 13809
13678 13680
13678 13685
13680 13678
13680 13685
13680 13686
13683 11552
13684 11552
13685 13686
13686 13680
13686 13685
13687 13681
13692 13694
13694 13692
13697 13175
13697 13181
13697 13184
13698 10439
13698 13403
13698 13714
13699 13562
13699 13563
13699 13700
13699 13702
13699 13712
13699 13717
13699 13718
13700 13699
13701 13700
13701 13718
13702 11469
13702 13699
13702 13712
13702 13717
13703 13708
13703 13709
13703 13721
13704 13705
13704 13709
13704 13719
13705 13704
13705 13708
13705 13710
13705 13784
13705 13786
13706 13738
13707 12197
13708 13703
13708 13705
13708 13710
13709 13704
13709 13719
13710 13705
13710 13708
13711 10439
13711 11284
13711 11470
13712 13699
13712 13700
13712 13702
13713 12287
13713 13536
13713 13715
13713 13798
13714 10439
13714 13703
13715 12189
13715 12287
13715 13403
13715 13713
13715 13721
13716 12197
13716 13717
13716 13720
13717 13699
13717 13702
13717 13720
13718 13563
13718 13706
13719 11672
13719 12287
13719 13704
13719 13709
13719 13784
13719 13795
13719 13796
13719 13804
13720 13716
13720 13717
13721 12287
13721 13709
13721 13715
13722 11556
13722 13723
13722 13725
13722 13732
13723 11556
13723 13722
13724 11553
13724 11556
13724 13732
13725 13722
13725 13726
13725 13732
13726 13725
13726 13727
13727 13726
13727 13728
13727 13730
13728 13393
13728 13727
13728 13729
13728 13730
13728 13731
13729 13393
13729 13728
13729 13730
13730 13727
13730 13728
13730 13729
13731 13726
13731 13727
13731 13728
13732 13725
13734 13760
13735 12288
13735 13767
13735 13768
13735 13771
13737 13757
13738 13706
13738 13758
13738 13759
13738 13772
13754 13466
13754 14214
13756 13757
13756 13758
13756 13770
13757 13737
13757 13756
13757 13758
13757 13759
13758 13756
13758 13757
13758 13759
13758 13770
13759 13706
13759 13738
13760 13734
13761 13769
13763 13770
13763 13772
13767 13771
13768 12288
13768 13735
13769 13761
13770 13756
13770 13758
13770 13763
13771 12288
13771 13735
13771 13767
13772 13738
13772 13763
13775 12924
13781 13782
13781 13783
13782 13781
13782 13783
13783 13781
13784 13704
13784 13705
13784 13719
13784 13792
13784 13796
13785 13794
13785 13797
13785 13799
13786 12100
13786 13705
13786 13784
13786 13790
13786 13792
13787 13785
13787 13792
13787 13794
13787 13795
13787 13796
13788 13177
13788 13184
13788 13808
13789 13809
13789 13879
13789 13882
13790 12124
13790 13786
13790 13792
13790 13799
13790 13803
13791 13793
13791 13804
13791 13805
13792 13784
13792 13785
13792 13787
13792 13790
13792 13796
13793 13791
13793 13794
13793 13795
13793 13804
13794 13787
13794 13795
13795 13719
13795 13787
13795 13793
13795 13796
13795 13804
13796 13719
13796 13787
13796 13792
13796 13795
13797 13785
13797 13799
13798 13536
13798 13713
13798 13800
13798 13802
13798 13805
13799 13785
13799 13790
13799 13792
13799 13803
13800 13534
13800 13798
13800 13801
13800 13805
13801 13800
13801 13805
13802 13798
13802 13805
13803 11509
13803 12124
13803 13790
13803 13799
13804 13719
13804 13791
13804 13793
13804 13795
13804 13802
13804 13805
13805 13791
13805 13798
13805 13800
13805 13801
13806 13176
13806 13807
13806 13808
13806 13879
13807 13806
13807 13808
13807 13809
13808 13184
13808 13788
13808 13806
13808 13807
13809 13676
13809 13789
13809 13807
13811 11986
13811 12027
13816 13380
13817 11554
13834 13924
13834 13928
13848 350
13848 9271
13851 13891
13854 13857
13854 13860
13857 13854
13857 13858
13857 13859
13858 13859
13859 13854
13859 13857
13859 13858
13860 13854
13861 8369
13861 13862
13861 13865
13861 13867
13862 6996
13862 13865
13862 13869
13863 13864
13863 13870
13864 13870
13865 13861
13865 13862
13865 13867
13867 13865
13869 6996
13869 13862
13870 13865
13875 11563
13876 11563
13876 13829
13879 13789
13879 13806
13879 13882
13879 13885
13880 13881
13880 13884
13880 13886
13881 13880
13881 13884
13881 13886
13882 13789
13882 13879
13882 13885
13884 13880
13884 13881
13885 13879
13885 13882
13886 13880
13886 13881
13891 13851
13896 13899
13899 13896
13900 13902
13902 13402
13902 13900
13902 13914
13904 13907
13904 13908
13905 13848
13905 13910
13909 13911
13909 13912
13909 13914
13910 13905
13911 13909
13911 13914
13912 13402
13912 13909
13912 13913
13912 13914
13913 13402
13913 13912
13913 13914
13914 13402
13914 13902
13914 13909
13914 13911
13914 13912
13914 13913
13915 13908
13920 13922
13920 13923
13922 13919
13922 13920
13922 13923
13923 13920
13924 13834
13924 13928
13925 12108
13925 13928
13925 13929
13927 12108
13928 13834
13928 13924
13929 12108
13929 13925
13943 11388
13980 12998
14022 8250
14022 9124
14042 1133
14092 13027
14094 398
14098 11909
14098 14177
14107 7903
14133 11572
14134 14133
14177 14098
14180 11910
14180 14182
14180 14183
14181 14183
14182 11910
14182 14180
14182 14183
14183 14180
14183 14181
14196 7676
14196 9925
14196 13674
14199 14201
14214 13754
14230 14231
14231 14230
14233 1133
14338 7544
14338 7727
14338 7823
14338 8414
14338 9530
14338 9629
14343 8251
14351 4219
14352 2115
14352 2122
14352 8082
14352 8248
14352 9806
14352 13451
14355 4219
14362 10084
14405 14438
14406 11483
14407 14405
14407 14406
14412 14438
14419 14438
14438 11442
14438 14405
14438 14412
14438 14419
14465 14464
14465 14468
14468 14465
14489 2528
14536 2370
