14541 14541 2711
29 929
29 979
29 1012
29 1394
29 2926
29 2998
29 5196
29 5625
29 5925
29 6352
29 6486
29 7684
29 7889
29 8368
29 8519
29 9200
29 9516
29 9536
29 9905
29 11871
29 12335
29 13361
29 13363
29 13365
29 13736
37 592
37 979
37 4403
37 5821
37 5925
37 6352
37 7889
37 9536
37 11868
37 11870
237 308
237 979
237 1724
237 4403
237 5625
237 6419
237 13363
308 29
308 237
308 929
308 979
308 1394
308 1724
308 2475
308 2640
308 2683
308 2926
308 2998
308 3246
308 3909
308 4403
308 4862
308 5057
308 5625
308 5925
308 6071
308 6154
308 6352
308 6419
308 6486
308 6507
308 6513
308 6938
308 7684
308 7889
308 8368
308 8390
308 9255
308 9516
308 9536
308 9619
308 9905
308 10972
308 11317
308 11791
308 11870
308 11871
308 12329
308 12335
308 13361
308 13363
308 13364
308 13365
308 13628
308 13736
411 929
411 1012
411 2810
411 4493
411 5057
411 5625
411 6352
411 7684
411 9115
411 9672
411 9905
411 12469
411 13125
411 13364
411 13628
411 13736
423 5625
423 5889
423 6513
423 6515
423 6938
423 7889
423 9115
423 13363
592 37
592 3635
592 4403
592 7889
592 8519
592 11868
592 11869
592 11870
592 12329
592 13363
602 979
602 13367
602 14427
929 29
929 308
929 979
929 1394
929 1875
929 2385
929 2683
929 2810
929 2998
929 3246
929 3689
929 4285
929 4318
929 4403
929 4493
929 4494
929 5057
929 5066
929 5196
929 5500
929 5625
929 5925
929 6071
929 6352
929 6419
929 6486
929 6507
929 6938
929 7684
929 8368
929 8390
929 8519
929 9115
929 9200
929 9255
929 9516
929 9555
929 9619
929 9672
929 9895
929 9905
929 10046
929 10972
929 11094
929 11791
929 11871
929 12335
929 12469
929 13125
929 13361
929 13363
929 13365
929 13628
929 13736
979 37
979 237
979 308
979 423
979 602
979 1244
979 1394
979 1724
979 1875
979 2222
979 2475
979 2658
979 2671
979 2683
979 2809
979 2926
979 2998
979 3246
979 3348
979 3689
979 4123
979 4211
979 4285
979 4318
979 4403
979 4493
979 4494
979 4764
979 4862
979 5057
979 5066
979 5196
979 5197
979 5500
979 5766
979 5889
979 6071
979 6154
979 6419
979 6486
979 6507
979 7889
979 7900
979 8368
979 8390
979 8519
979 9115
979 9200
979 9255
979 9619
979 9672
979 9703
979 9895
979 9905
979 10954
979 11317
979 11618
979 11868
979 11870
979 11871
979 12329
979 12335
979 12501
979 12951
979 12953
979 13125
979 13363
979 13364
979 13365
979 13366
979 13736
979 14427
1012 29
1012 411
1012 1394
1012 4403
1012 5057
1012 5196
1012 5925
1012 6938
1012 7684
1012 8519
1012 9905
1012 10972
1012 12330
1012 13361
1012 13628
1244 2926
1244 4403
1244 5625
1244 5925
1244 13363
1394 29
1394 308
1394 979
1394 2385
1394 2809
1394 2810
1394 2998
1394 3246
1394 4494
1394 5057
1394 5066
1394 5196
1394 5625
1394 5925
1394 6352
1394 6486
1394 6938
1394 7642
1394 7684
1394 7889
1394 8368
1394 9516
1394 9619
1394 9895
1394 10040
1394 11871
1394 12330
1394 12335
1394 13361
1394 13363
1394 13628
1394 13736
1724 308
1724 979
1724 2998
1724 4403
1724 5196
1724 5625
1724 5925
1724 6507
1724 7684
1724 7889
1724 8519
1724 9115
1724 9905
1724 11869
1724 12329
1724 13125
1724 13361
1724 13364
1724 13628
1875 929
1875 979
1875 3635
1875 7684
1875 7889
1875 8519
1875 9115
1875 10040
1875 10046
1875 13363
1875 13628
2222 2809
2222 2810
2222 9536
2222 9905
2222 13363
2332 2640
2332 3909
2332 4403
2332 4493
2332 8519
2385 929
2385 979
2385 1394
2385 4403
2385 4493
2385 4494
2385 5057
2385 5625
2385 5889
2385 5925
2385 6507
2385 7889
2385 8519
2385 9255
2385 9895
2385 9905
2385 13628
2425 979
2425 2385
2425 5625
2425 7889
2425 9895
2425 10972
2475 308
2475 929
2475 979
2475 2683
2475 4403
2475 5057
2475 5625
2475 5925
2475 6938
2475 7889
2475 8390
2475 9516
2475 9619
2475 11094
2475 11317
2475 11791
2475 11870
2475 11871
2475 12329
2475 13361
2475 13363
2475 13364
2475 13366
2475 13628
2640 308
2640 979
2640 2332
2640 2683
2640 3909
2640 4403
2640 4862
2640 5066
2640 5500
2640 5625
2640 5766
2640 5889
2640 5925
2640 6419
2640 6588
2640 7889
2640 7900
2640 8519
2640 11094
2640 11317
2640 11871
2640 12329
2640 13125
2640 13361
2640 13363
2640 13364
2658 979
2658 5925
2658 12951
2671 979
2671 3909
2671 5625
2671 5925
2671 6938
2671 8519
2671 13363
2683 308
2683 979
2683 2475
2683 2671
2683 2998
2683 3348
2683 3909
2683 4285
2683 4318
2683 4403
2683 4410
2683 4493
2683 5057
2683 5066
2683 5196
2683 5197
2683 5625
2683 5889
2683 6071
2683 6154
2683 6507
2683 6515
2683 6938
2683 7684
2683 7889
2683 8390
2683 8519
2683 8848
2683 9115
2683 9516
2683 9555
2683 9619
2683 9703
2683 9895
2683 9905
2683 10046
2683 11094
2683 11317
2683 11791
2683 11870
2683 11871
2683 12469
2683 12501
2683 13125
2683 13361
2683 13363
2683 13364
2683 13366
2683 13628
2692 979
2692 3635
2692 4211
2692 4403
2692 13363
2809 979
2809 2222
2809 2810
2809 4403
2809 5625
2809 5925
2809 6507
2809 6938
2809 7889
2809 8519
2809 9536
2809 9895
2809 11871
2810 411
2810 929
2810 1394
2810 2222
2810 4403
2810 5625
2810 5925
2810 6507
2810 7684
2810 9895
2810 13125
2810 13363
2810 13736
2926 29
2926 2998
2926 3909
2926 4285
2926 4403
2926 4764
2926 5057
2926 5500
2926 5625
2926 6419
2926 6486
2926 6513
2926 6515
2926 6938
2926 7889
2926 8368
2926 9115
2926 9895
2926 9905
2926 11871
2926 12329
2926 12951
2926 12953
2926 13363
2926 13628
2998 29
2998 308
2998 929
2998 979
2998 1244
2998 2683
2998 2926
2998 3246
2998 3909
2998 4285
2998 4318
2998 4403
2998 4494
2998 5196
2998 5625
2998 5889
2998 5925
2998 6352
2998 6507
2998 6938
2998 7684
2998 8368
2998 9516
2998 9536
2998 11870
2998 12329
2998 12335
2998 13125
2998 13361
2998 13363
2998 13628
2998 13736
3214 5625
3214 7684
3214 9619
3214 9672
3214 13363
3214 13628
3246 29
3246 929
3246 979
3246 1394
3246 2998
3246 4318
3246 5196
3246 5625
3246 6154
3246 6352
3246 6486
3246 6507
3246 6938
3246 7684
3246 7889
3246 8368
3246 8519
3246 9115
3246 9516
3246 9905
3246 11872
3246 12335
3246 13361
3246 13365
3246 13736
3348 929
3348 3635
3348 4318
3348 4403
3348 4494
3348 5625
3348 6507
3348 7889
3348 10954
3348 13367
3369 6513
3369 6515
3369 9115
3369 13361
3635 592
3635 1875
3635 2683
3635 2692
3635 3348
3635 4211
3635 4403
3635 5625
3635 5925
3635 13363
3689 5057
3689 5625
3689 6938
3689 7889
3689 7900
3689 8519
3689 11094
3689 11870
3689 13363
3689 13364
3689 13628
3909 308
3909 929
3909 979
3909 1724
3909 2332
3909 2385
3909 2640
3909 2671
3909 2683
3909 2926
3909 2998
3909 3635
3909 4211
3909 4403
3909 4493
3909 5057
3909 5066
3909 5196
3909 5625
3909 5889
3909 5925
3909 6419
3909 6486
3909 6507
3909 6938
3909 8056
3909 8368
3909 8519
3909 9115
3909 9255
3909 9257
3909 9516
3909 9536
3909 9555
3909 9619
3909 9672
3909 9905
3909 11871
3909 12469
3909 12501
3909 12951
3909 12953
3909 13125
3909 13361
3909 13364
4123 929
4123 979
4123 2640
4123 4403
4123 5625
4123 6507
4123 7684
4123 10040
4123 13363
4211 308
4211 2692
4211 3909
4211 4764
4211 5925
4211 6507
4211 6513
4211 8519
4211 9619
4211 11317
4211 13361
4211 13363
4211 14427
4285 929
4285 979
4285 2683
4285 2926
4285 2998
4285 4403
4285 5066
4285 5500
4285 5625
4285 6507
4285 6938
4285 7889
4285 8519
4285 9115
4285 9255
4285 9516
4285 9555
4285 9703
4285 9895
4285 9905
4285 13361
4285 13364
4285 13628
4318 929
4318 979
4318 1724
4318 2683
4318 2998
4318 3246
4318 4403
4318 4494
4318 5196
4318 5625
4318 6507
4318 7684
4318 7889
4318 9115
4318 9895
4318 11869
4318 13125
4318 13628
4403 37
4403 237
4403 423
4403 592
4403 929
4403 979
4403 1012
4403 1244
4403 1394
4403 1724
4403 2222
4403 2332
4403 2475
4403 2640
4403 2692
4403 2809
4403 2810
4403 2926
4403 2998
4403 3348
4403 3635
4403 3909
4403 4123
4403 4285
4403 4318
4403 4493
4403 4494
4403 5057
4403 5066
4403 5500
4403 5625
4403 5821
4403 5889
4403 5925
4403 6154
4403 6419
4403 6486
4403 6507
4403 6513
4403 6515
4403 6588
4403 6938
4403 7877
4403 7889
4403 7900
4403 8056
4403 8390
4403 9536
4403 9555
4403 9619
4403 9672
4403 9905
4403 10972
4403 11791
4403 11868
4403 11869
4403 11870
4403 11871
4403 12501
4403 12951
4403 12953
4403 13125
4403 13361
4403 13363
4403 13364
4403 13366
4403 13367
4403 13628
4403 14427
4410 2683
4493 929
4493 979
4493 2332
4493 2385
4493 2683
4493 3909
4493 4403
4493 4494
4493 5057
4493 6507
4493 6938
4493 7684
4493 7877
4493 7889
4493 9115
4493 9255
4493 9672
4493 9905
4493 12469
4493 13363
4493 13628
4494 929
4494 979
4494 1394
4494 2385
4494 2683
4494 2998
4494 3348
4494 4318
4494 4403
4494 4493
4494 5057
4494 5196
4494 5925
4494 6071
4494 6507
4494 7889
4494 8519
4494 9115
4494 9255
4494 9257
4494 9905
4494 12469
4494 13363
4494 13364
4494 13628
4764 979
4764 2683
4764 4211
4764 5197
4764 7889
4764 9555
4764 10972
4764 12329
4764 12951
4764 13361
4764 13368
4862 308
4862 979
4862 2640
4862 5066
4862 5625
4862 7889
4862 13363
4862 13364
4862 13628
5057 308
5057 929
5057 979
5057 1394
5057 2385
5057 2475
5057 2683
5057 2926
5057 3909
5057 4403
5057 4493
5057 4494
5057 5066
5057 5196
5057 5625
5057 5889
5057 5925
5057 6071
5057 6507
5057 6938
5057 7684
5057 7889
5057 8519
5057 9115
5057 9255
5057 9257
5057 9619
5057 9672
5057 9895
5057 9905
5057 11094
5057 11791
5057 11871
5057 12329
5057 12501
5057 12953
5057 13361
5057 13363
5057 13364
5057 13366
5066 308
5066 929
5066 979
5066 1394
5066 2475
5066 2640
5066 2683
5066 3909
5066 4285
5066 4862
5066 5057
5066 5625
5066 5925
5066 6071
5066 6938
5066 7642
5066 7684
5066 7889
5066 7900
5066 8390
5066 8519
5066 9115
5066 9516
5066 9555
5066 9672
5066 11094
5066 11317
5066 11870
5066 11871
5066 13125
5066 13363
5066 13364
5066 13366
5066 13628
5196 29
5196 929
5196 979
5196 1724
5196 2998
5196 3246
5196 3909
5196 4285
5196 4318
5196 4403
5196 4493
5196 4494
5196 5057
5196 5500
5196 5625
5196 5925
5196 6507
5196 6938
5196 7889
5196 8368
5196 8519
5196 9115
5196 9257
5196 9516
5196 9536
5196 9555
5196 9905
5196 10972
5196 12330
5196 12335
5196 12469
5196 12951
5196 13363
5196 13628
5197 979
5197 2683
5197 4764
5197 5625
5197 7684
5197 9555
5197 9619
5197 9895
5197 13363
5197 13365
5197 13628
5500 929
5500 979
5500 2640
5500 2683
5500 2926
5500 4285
5500 4403
5500 5196
5500 5625
5500 6352
5500 6507
5500 7889
5500 8519
5500 9115
5500 9555
5500 9619
5500 9703
5500 11870
5500 11871
5500 12329
5500 13361
5500 13363
5500 13364
5500 13628
5625 29
5625 37
5625 308
5625 411
5625 929
5625 979
5625 1012
5625 1244
5625 1394
5625 1724
5625 2385
5625 2425
5625 2475
5625 2640
5625 2683
5625 2809
5625 2810
5625 2926
5625 2998
5625 3214
5625 3246
5625 3348
5625 3635
5625 3689
5625 3909
5625 4123
5625 4285
5625 4318
5625 4403
5625 4494
5625 4764
5625 4862
5625 5057
5625 5066
5625 5196
5625 5197
5625 5500
5625 5766
5625 5889
5625 5925
5625 6071
5625 6486
5625 6507
5625 6513
5625 6515
5625 7642
5625 7684
5625 7877
5625 8368
5625 8390
5625 8519
5625 8848
5625 9115
5625 9255
5625 9516
5625 9555
5625 9619
5625 9672
5625 9895
5625 9905
5625 10046
5625 10954
5625 11618
5625 11791
5625 11868
5625 11869
5625 11870
5625 12329
5625 12330
5625 12335
5625 12501
5625 12919
5625 12951
5625 12953
5625 13125
5625 13361
5625 13363
5625 13364
5625 13365
5625 13366
5625 13367
5625 13590
5625 13628
5625 13736
5625 14427
5766 2640
5766 5625
5766 9555
5766 9895
5766 13364
5821 37
5821 592
5821 979
5821 3909
5821 5066
5821 11868
5821 11869
5821 11870
5821 13363
5821 13364
5889 423
5889 979
5889 2385
5889 2640
5889 2683
5889 2998
5889 3909
5889 4403
5889 5057
5889 5625
5889 5925
5889 6507
5889 6938
5889 7889
5889 8519
5889 13363
5925 29
5925 308
5925 411
5925 929
5925 979
5925 1012
5925 1244
5925 1394
5925 1724
5925 2222
5925 2425
5925 2475
5925 2640
5925 2658
5925 2683
5925 2692
5925 2809
5925 2810
5925 2926
5925 2998
5925 3689
5925 3909
5925 4211
5925 4285
5925 4403
5925 4494
5925 5066
5925 5625
5925 5889
5925 6071
5925 6154
5925 6352
5925 6419
5925 6486
5925 6507
5925 6513
5925 6938
5925 7684
5925 7889
5925 8368
5925 8519
5925 9115
5925 9255
5925 9516
5925 9536
5925 9555
5925 9619
5925 9895
5925 9905
5925 10040
5925 10972
5925 11618
5925 11870
5925 11871
5925 12329
5925 12335
5925 12469
5925 12501
5925 12951
5925 12953
5925 13125
5925 13361
5925 13363
5925 13364
5925 13628
6071 308
6071 979
6071 2683
6071 4494
6071 5057
6071 5066
6071 5625
6071 5925
6071 6507
6071 6938
6071 7684
6071 7889
6071 8519
6071 9619
6071 9672
6071 9905
6071 12329
6071 13363
6071 13364
6071 13628
6154 308
6154 979
6154 2475
6154 2683
6154 3246
6154 4403
6154 5057
6154 5925
6154 6507
6154 6938
6154 7889
6154 8519
6154 11094
6154 11872
6154 12329
6154 12501
6154 13363
6154 13364
6352 29
6352 37
6352 308
6352 411
6352 929
6352 979
6352 1394
6352 4211
6352 5500
6352 5625
6352 5925
6352 6419
6352 6507
6352 7684
6352 7889
6352 8368
6352 9536
6352 9619
6352 9905
6352 12329
6352 12335
6352 13361
6352 13363
6352 13365
6352 13628
6419 237
6419 308
6419 411
6419 979
6419 1724
6419 2640
6419 2926
6419 3909
6419 4403
6419 5625
6419 5925
6419 6352
6419 6486
6419 6507
6419 7684
6419 7889
6419 8519
6419 9905
6419 11870
6419 12335
6419 13125
6419 13361
6419 13363
6419 13364
6419 13628
6486 29
6486 929
6486 979
6486 1394
6486 2926
6486 2998
6486 3246
6486 3909
6486 4403
6486 5625
6486 5925
6486 6352
6486 6419
6486 6507
6486 7684
6486 7889
6486 8368
6486 8519
6486 9905
6486 11870
6486 11871
6486 12501
6486 13125
6486 13361
6486 13363
6486 13365
6486 13628
6486 14427
6507 29
6507 979
6507 1394
6507 1724
6507 2385
6507 2475
6507 2809
6507 2810
6507 2926
6507 2998
6507 3246
6507 3348
6507 3909
6507 4123
6507 4285
6507 4318
6507 5196
6507 5500
6507 5625
6507 5889
6507 5925
6507 6071
6507 6154
6507 6352
6507 6486
6507 6513
6507 6515
6507 6938
6507 7642
6507 7684
6507 7889
6507 9115
6507 9200
6507 9257
6507 9516
6507 9536
6507 9619
6507 9895
6507 10972
6507 11094
6507 11317
6507 11791
6507 11869
6507 11871
6507 12329
6507 12335
6507 12469
6507 12951
6507 13363
6507 13364
6507 13628
6507 14427
6513 308
6513 2640
6513 2926
6513 3369
6513 4211
6513 4403
6513 4764
6513 5625
6513 5925
6513 6507
6513 6515
6513 7889
6513 8519
6513 9115
6513 9672
6513 11871
6513 12953
6513 13361
6513 13363
6515 423
6515 2683
6515 3369
6515 4403
6515 4764
6515 5625
6515 6507
6515 6513
6515 6588
6515 7684
6515 9115
6515 9895
6515 11871
6515 12919
6588 308
6588 2926
6588 4403
6588 6513
6588 7889
6588 8519
6588 9115
6588 9555
6588 9619
6588 13363
6938 308
6938 423
6938 929
6938 979
6938 1394
6938 2385
6938 2475
6938 2671
6938 2683
6938 2809
6938 2926
6938 2998
6938 3246
6938 3689
6938 3909
6938 4285
6938 4493
6938 4494
6938 5196
6938 5625
6938 5925
6938 6071
6938 6154
6938 6507
6938 7684
6938 7877
6938 7889
6938 8519
6938 9115
6938 9255
6938 9257
6938 9516
6938 9536
6938 9619
6938 9672
6938 9895
6938 10972
6938 11094
6938 11791
6938 11869
6938 11871
6938 11872
6938 12329
6938 12335
6938 12469
6938 12501
6938 12951
6938 13361
6938 13363
6938 13364
6938 13628
7642 1394
7642 5625
7642 7684
7642 8519
7642 9516
7642 13361
7642 13363
7642 13628
7684 308
7684 411
7684 929
7684 979
7684 1012
7684 1394
7684 1724
7684 1875
7684 2810
7684 3246
7684 3909
7684 4285
7684 4318
7684 4403
7684 4493
7684 4494
7684 5057
7684 5066
7684 5196
7684 5197
7684 5625
7684 5925
7684 6071
7684 6352
7684 6419
7684 6486
7684 6507
7684 6515
7684 6938
7684 7642
7684 7877
7684 8848
7684 9115
7684 9255
7684 9555
7684 9619
7684 9672
7684 9895
7684 9905
7684 10972
7684 11094
7684 11869
7684 11871
7684 12329
7684 12330
7684 12335
7684 12469
7684 13125
7684 13363
7684 13364
7684 13365
7684 13628
7684 13736
7684 14427
7877 4403
7877 4493
7877 5625
7877 6938
7877 7684
7877 7889
7877 9905
7877 13363
7877 13364
7889 37
7889 308
7889 423
7889 929
7889 979
7889 1394
7889 1724
7889 1875
7889 2385
7889 2425
7889 2475
7889 2683
7889 2809
7889 2926
7889 2998
7889 3214
7889 3246
7889 3348
7889 3909
7889 4285
7889 4318
7889 4403
7889 4493
7889 4494
7889 4764
7889 4862
7889 5057
7889 5066
7889 5196
7889 5625
7889 5889
7889 5925
7889 6071
7889 6154
7889 6352
7889 6419
7889 6486
7889 6507
7889 6513
7889 6588
7889 6938
7889 7877
7889 7900
7889 8056
7889 8390
7889 8519
7889 8848
7889 9115
7889 9516
7889 9619
7889 9672
7889 9703
7889 9895
7889 9905
7889 10046
7889 10972
7889 11094
7889 11317
7889 11869
7889 11870
7889 11871
7889 12329
7889 12501
7889 12953
7889 13361
7889 13363
7889 13364
7889 13367
7889 13628
7900 979
7900 2640
7900 4403
7900 5066
7900 7889
7900 11871
7900 13363
7900 13364
8056 3909
8056 4403
8056 7889
8368 29
8368 308
8368 929
8368 979
8368 1244
8368 1394
8368 2926
8368 3246
8368 3909
8368 4403
8368 5196
8368 5625
8368 5925
8368 6352
8368 7684
8368 7889
8368 9115
8368 9905
8368 10972
8368 12335
8368 13363
8368 13364
8368 13365
8368 13736
8390 308
8390 929
8390 979
8390 2683
8390 4403
8390 5066
8390 5625
8390 7889
8390 8519
8390 9895
8390 11868
8390 11871
8390 13363
8390 13364
8390 13366
8519 29
8519 308
8519 411
8519 592
8519 979
8519 1012
8519 1724
8519 1875
8519 2332
8519 2385
8519 2475
8519 2683
8519 2809
8519 2926
8519 2998
8519 3246
8519 3689
8519 3909
8519 4211
8519 4403
8519 4493
8519 4862
8519 5057
8519 5196
8519 5500
8519 5625
8519 5889
8519 5925
8519 6071
8519 6154
8519 6352
8519 6419
8519 6507
8519 7684
8519 7889
8519 8368
8519 8390
8519 9115
8519 9255
8519 9536
8519 9555
8519 9672
8519 9703
8519 9895
8519 9905
8519 10046
8519 10972
8519 11094
8519 11317
8519 11618
8519 11791
8519 11868
8519 11869
8519 11871
8519 12329
8519 12330
8519 12469
8519 12501
8519 12951
8519 12953
8519 13125
8519 13361
8519 13363
8519 13364
8519 13366
8519 13628
8519 13736
8519 14427
8848 2683
8848 7684
8848 7889
8848 13363
9115 411
9115 423
9115 929
9115 979
9115 1875
9115 2683
9115 2926
9115 2998
9115 3369
9115 3909
9115 4285
9115 4493
9115 5196
9115 5500
9115 5625
9115 5889
9115 5925
9115 6507
9115 6513
9115 6515
9115 6588
9115 6938
9115 7684
9115 7889
9115 8368
9115 9255
9115 9672
9115 9703
9115 9895
9115 9905
9115 10046
9115 10972
9115 11094
9115 11869
9115 11870
9115 12469
9115 12953
9115 13125
9115 13590
9115 13628
9200 29
9200 929
9200 979
9200 6507
9255 308
9255 929
9255 2385
9255 2683
9255 3909
9255 4403
9255 4493
9255 5625
9255 5925
9255 6071
9255 7889
9255 8519
9255 9555
9255 9895
9255 9905
9255 11094
9255 11869
9255 12469
9255 13361
9255 13363
9257 3909
9257 4494
9257 5057
9257 5196
9257 6507
9257 6938
9257 7889
9257 12469
9257 12951
9257 13364
9516 29
9516 308
9516 929
9516 979
9516 1394
9516 2475
9516 2683
9516 2998
9516 3246
9516 3909
9516 4285
9516 5196
9516 5925
9516 6352
9516 6486
9516 6507
9516 6938
9516 7642
9516 7889
9516 8368
9516 8519
9516 9536
9516 9905
9516 12335
9516 13361
9516 13364
9516 13365
9516 13628
9516 13736
9536 29
9536 37
9536 308
9536 979
9536 2222
9536 2809
9536 2998
9536 3348
9536 3909
9536 4403
9536 5196
9536 5625
9536 5925
9536 6352
9536 6507
9536 6515
9536 6938
9536 7889
9536 8519
9536 9115
9536 9619
9536 10972
9536 11094
9536 11869
9536 12919
9536 13363
9536 13364
9536 13367
9555 929
9555 2683
9555 3909
9555 4403
9555 5057
9555 5066
9555 5196
9555 5197
9555 5500
9555 5766
9555 5925
9555 6588
9555 7889
9555 9255
9555 9619
9555 9703
9555 11871
9555 13125
9555 13361
9555 13363
9555 13364
9555 13628
9619 37
9619 308
9619 929
9619 979
9619 1394
9619 2926
9619 3214
9619 3909
9619 4211
9619 4403
9619 4764
9619 5057
9619 5196
9619 5197
9619 5925
9619 6071
9619 6507
9619 6938
9619 7684
9619 7889
9619 8519
9619 9115
9619 9536
9619 9555
9619 9672
9619 9895
9619 10972
9619 11094
9619 11791
9619 11870
9619 11871
9619 12329
9619 12951
9619 12953
9619 13361
9619 13364
9619 13365
9619 13628
9672 411
9672 929
9672 979
9672 1394
9672 3214
9672 3909
9672 4403
9672 5057
9672 5625
9672 6071
9672 6938
9672 7684
9672 9619
9672 9905
9672 11871
9672 13363
9672 13364
9672 13628
9703 979
9703 2683
9703 4285
9703 5500
9703 7889
9703 8519
9703 9115
9703 11871
9895 929
9895 1394
9895 1724
9895 2385
9895 2683
9895 2809
9895 2810
9895 2926
9895 3689
9895 4285
9895 4318
9895 4403
9895 5057
9895 5197
9895 5625
9895 5766
9895 5925
9895 6071
9895 6507
9895 6938
9895 7684
9895 7889
9895 8390
9895 8519
9895 9115
9895 9255
9895 9619
9895 11868
9895 11871
9895 12329
9895 12469
9895 13361
9895 13363
9895 13364
9895 13365
9895 13628
9905 29
9905 308
9905 411
9905 979
9905 1012
9905 1724
9905 2222
9905 2385
9905 2475
9905 2683
9905 2926
9905 2998
9905 3246
9905 3909
9905 4285
9905 4403
9905 4494
9905 5057
9905 5066
9905 5196
9905 5500
9905 5625
9905 5925
9905 6071
9905 6419
9905 6486
9905 6938
9905 7684
9905 7877
9905 7889
9905 8368
9905 8519
9905 9115
9905 9255
9905 9516
9905 9672
9905 10046
9905 10972
9905 11870
9905 12329
9905 12335
9905 12501
9905 13125
9905 13361
9905 13363
9905 13364
9905 13365
9905 13366
9905 13628
9905 13736
10040 1394
10040 1875
10040 2810
10040 4123
10040 5925
10040 13361
10046 929
10046 1875
10046 2683
10046 5196
10046 7889
10046 9115
10046 9905
10046 13363
10046 13628
10954 979
10954 3348
10954 5625
10972 308
10972 929
10972 1012
10972 2425
10972 4403
10972 4764
10972 5196
10972 5625
10972 6938
10972 7684
10972 7889
10972 8368
10972 8519
10972 9115
10972 9536
10972 9619
10972 12469
10972 13363
10972 13364
11094 308
11094 929
11094 979
11094 2640
11094 2683
11094 3689
11094 3909
11094 4403
11094 5057
11094 5066
11094 5625
11094 6154
11094 6507
11094 6938
11094 7684
11094 7889
11094 8519
11094 9115
11094 9255
11094 9536
11094 9619
11094 12329
11094 13125
11094 13363
11094 13364
11094 13628
11317 308
11317 979
11317 2475
11317 2640
11317 2683
11317 2926
11317 4211
11317 4403
11317 5066
11317 5625
11317 6507
11317 7889
11317 8390
11317 8519
11317 9905
11317 13363
11317 13364
11317 13366
11618 979
11618 5925
11618 8519
11618 13363
11791 308
11791 929
11791 4403
11791 5057
11791 5625
11791 6507
11791 6938
11791 8519
11791 9619
11791 13363
11791 13364
11868 37
11868 592
11868 979
11868 4403
11868 5625
11868 5821
11868 8390
11868 8519
11868 9895
11868 11869
11868 13364
11869 37
11869 308
11869 592
11869 979
11869 1724
11869 2998
11869 4318
11869 4403
11869 5625
11869 5821
11869 6507
11869 6938
11869 7684
11869 7889
11869 8519
11869 9115
11869 9255
11869 11868
11869 11870
11869 12953
11869 13125
11869 13363
11870 37
11870 308
11870 592
11870 979
11870 2475
11870 2683
11870 2926
11870 2998
11870 3689
11870 4403
11870 5066
11870 5500
11870 5625
11870 5821
11870 5925
11870 6419
11870 6486
11870 6507
11870 7684
11870 7889
11870 8519
11870 9115
11870 9619
11870 9905
11870 11868
11870 11869
11870 11871
11870 12335
11870 12501
11870 12953
11870 13125
11870 13361
11870 13363
11870 13364
11870 13628
11871 29
11871 308
11871 602
11871 979
11871 1394
11871 2640
11871 2809
11871 2926
11871 3909
11871 4403
11871 5066
11871 5500
11871 5625
11871 5925
11871 6486
11871 6507
11871 6513
11871 6515
11871 6938
11871 7684
11871 7900
11871 8519
11871 9536
11871 9555
11871 9619
11871 9672
11871 9895
11871 11791
11871 11869
11871 11870
11871 12329
11871 13363
11871 13364
11871 13628
11872 3246
11872 6154
11872 6938
11872 13363
12329 308
12329 929
12329 979
12329 2475
12329 2640
12329 2926
12329 3909
12329 4403
12329 4764
12329 5500
12329 5625
12329 5925
12329 6071
12329 6352
12329 6507
12329 6515
12329 6938
12329 7684
12329 7889
12329 8519
12329 9115
12329 9619
12329 9895
12329 11094
12329 11317
12329 11871
12329 13361
12329 13363
12329 13364
12329 13628
12330 1012
12330 1394
12330 5196
12330 5625
12330 7684
12330 8519
12330 10972
12330 13361
12335 29
12335 308
12335 929
12335 979
12335 1394
12335 2998
12335 3246
12335 4493
12335 5196
12335 5625
12335 5925
12335 6352
12335 6419
12335 6486
12335 6507
12335 6938
12335 7684
12335 8368
12335 8519
12335 9516
12335 9905
12335 11870
12335 13125
12335 13361
12335 13363
12335 13365
12335 13628
12335 13736
12469 929
12469 979
12469 2683
12469 3909
12469 4493
12469 4494
12469 5196
12469 5625
12469 5925
12469 6507
12469 6938
12469 8519
12469 9115
12469 9255
12469 9672
12469 9895
12469 9905
12469 10972
12469 13361
12469 13363
12469 13364
12469 13628
12501 308
12501 2475
12501 2683
12501 2926
12501 4403
12501 5057
12501 5625
12501 5925
12501 6154
12501 6507
12501 7684
12501 7889
12501 8519
12501 9115
12501 9516
12501 9905
12501 11870
12501 13361
12501 13363
12501 13628
12501 14427
12919 5625
12919 6515
12919 9536
12919 12951
12951 2658
12951 2683
12951 2926
12951 3909
12951 4403
12951 4764
12951 5196
12951 5625
12951 5925
12951 6507
12951 6515
12951 7684
12951 7889
12951 9619
12951 12919
12951 13361
12951 13363
12953 979
12953 2926
12953 3909
12953 4403
12953 5057
12953 5625
12953 5925
12953 6513
12953 7889
12953 8519
12953 9115
12953 9619
12953 11869
12953 11870
12953 13363
12953 13628
13125 308
13125 411
13125 929
13125 979
13125 1724
13125 2640
13125 2683
13125 2810
13125 2998
13125 3909
13125 4403
13125 5066
13125 5925
13125 6419
13125 6486
13125 6507
13125 7684
13125 8519
13125 9555
13125 9905
13125 11094
13125 11869
13125 11870
13125 12335
13125 13361
13125 13363
13125 13364
13125 13736
13361 308
13361 979
13361 1012
13361 1724
13361 2475
13361 2640
13361 2683
13361 2810
13361 2998
13361 3246
13361 3909
13361 4285
13361 4764
13361 5057
13361 5066
13361 5500
13361 5625
13361 5925
13361 6352
13361 6419
13361 6486
13361 6507
13361 6515
13361 6588
13361 6938
13361 7642
13361 7684
13361 7889
13361 8368
13361 8519
13361 9115
13361 9255
13361 9516
13361 9619
13361 9895
13361 9905
13361 10972
13361 11870
13361 11871
13361 12329
13361 12330
13361 12469
13361 12951
13361 13125
13361 13364
13361 13365
13361 13366
13361 13628
13361 13736
13363 37
13363 237
13363 308
13363 411
13363 423
13363 592
13363 929
13363 979
13363 1244
13363 1394
13363 1724
13363 1875
13363 2475
13363 2671
13363 2692
13363 2809
13363 2810
13363 2926
13363 2998
13363 3214
13363 3689
13363 3909
13363 4123
13363 4211
13363 4285
13363 4403
13363 4493
13363 4494
13363 4862
13363 5057
13363 5066
13363 5197
13363 5500
13363 5625
13363 5821
13363 5889
13363 5925
13363 6071
13363 6154
13363 6352
13363 6419
13363 6486
13363 6507
13363 6513
13363 6515
13363 6588
13363 6938
13363 7642
13363 7877
13363 7889
13363 7900
13363 8390
13363 8519
13363 8848
13363 9255
13363 9516
13363 9536
13363 9619
13363 9895
13363 9905
13363 10040
13363 10046
13363 11094
13363 11317
13363 11618
13363 11868
13363 11869
13363 11871
13363 11872
13363 12329
13363 12501
13363 12951
13363 12953
13363 13125
13363 13364
13363 13365
13363 13367
13363 13628
13363 13736
13363 14427
13364 308
13364 411
13364 929
13364 1724
13364 2475
13364 2640
13364 2683
13364 2926
13364 3689
13364 3909
13364 4285
13364 4403
13364 4493
13364 4494
13364 4862
13364 5057
13364 5066
13364 5197
13364 5500
13364 5925
13364 6071
13364 6154
13364 6419
13364 6486
13364 6507
13364 6938
13364 7684
13364 7877
13364 7889
13364 7900
13364 8368
13364 8390
13364 8519
13364 9115
13364 9255
13364 9257
13364 9516
13364 9619
13364 9672
13364 9895
13364 9905
13364 10972
13364 11094
13364 11317
13364 11870
13364 11871
13364 12329
13364 12469
13364 12501
13364 13125
13364 13361
13364 13363
13364 13366
13364 13628
13364 14427
13365 29
13365 308
13365 929
13365 1394
13365 2998
13365 3246
13365 5625
13365 6352
13365 6486
13365 8368
13365 8519
13365 9516
13365 9619
13365 9895
13365 12335
13365 13363
13365 13628
13365 13736
13366 308
13366 979
13366 2475
13366 2683
13366 4403
13366 5066
13366 5625
13366 5925
13366 6938
13366 8390
13366 8519
13366 9115
13366 9905
13366 11317
13366 13361
13367 3348
13367 4403
13367 5625
13367 7889
13367 9536
13367 11317
13367 13363
13367 13364
13590 5625
13628 308
13628 411
13628 929
13628 1012
13628 1394
13628 1875
13628 2385
13628 2475
13628 2671
13628 2683
13628 2926
13628 3214
13628 3689
13628 3909
13628 4318
13628 4493
13628 4494
13628 4862
13628 5057
13628 5066
13628 5196
13628 5625
13628 6154
13628 6352
13628 6419
13628 6486
13628 6507
13628 6938
13628 7642
13628 7684
13628 7889
13628 8519
13628 9115
13628 9255
13628 9516
13628 9536
13628 9619
13628 9672
13628 9895
13628 9905
13628 10046
13628 11869
13628 11870
13628 11871
13628 12330
13628 12335
13628 12469
13628 12501
13628 13125
13628 13361
13628 13363
13628 13364
13628 13365
13736 29
13736 308
13736 411
13736 929
13736 1394
13736 2810
13736 2998
13736 3246
13736 5625
13736 6352
13736 6486
13736 7684
13736 8368
13736 8519
13736 9516
13736 12335
13736 13363
13736 13365
14427 308
14427 979
14427 4211
14427 4403
14427 6486
14427 6507
14427 7684
14427 7889
14427 12501
14427 13363
14427 13364
14427 13367
