14541 14541 282
56 491
69 904
69 14034
613 491
613 9460
873 904
873 9940
1011 491
1011 904
1459 6664
1462 904
1804 904
1804 1028
1825 3973
1825 9973
1892 14034
1908 14034
2066 904
2066 14034
2355 904
2498 491
2498 3973
2498 7467
2498 14034
2504 3973
2504 5474
2684 4294
3283 9460
3378 13262
3422 13262
3602 3973
3672 904
3672 9460
3672 14034
3797 491
3797 904
3850 13262
3880 9940
3880 14034
4212 14034
4286 14034
4437 13262
4884 14034
4920 491
4928 7244
4991 904
5139 7704
5189 904
5189 9940
5358 13262
5534 9940
5553 14034
5686 904
5686 14034
5729 491
5904 904
5979 10628
5994 14034
5995 491
6432 904
6437 14034
6518 14034
6773 9940
6842 904
6842 14034
6900 904
6985 904
6985 3973
6985 12766
6985 14034
7122 6429
7125 7244
7125 13262
7126 9460
7126 14034
7134 13262
7185 9460
7298 13262
7459 7244
7607 904
7624 491
7843 491
7843 9460
7960 491
7960 9460
8167 14034
8217 13262
8257 904
8257 9460
8667 904
8667 14034
8697 11397
8780 491
8786 14034
8811 9940
8834 904
9223 9460
9387 9460
9467 14034
9603 491
9653 491
9653 904
9656 904
9662 904
9662 14034
9687 7244
9956 491
9956 9460
10066 14034
10078 9271
10120 904
10229 904
10229 14034
10473 904
10477 12155
10477 12356
10481 904
10518 10970
10663 904
10663 9460
10663 12766
10663 14034
10670 14034
10676 491
10785 904
10785 3973
10785 5474
10809 904
10811 11397
10822 9940
10884 9940
10905 491
10905 904
10906 2023
10949 3973
10949 5474
10962 904
10962 9940
10968 904
10985 3973
10985 7467
11025 491
11026 904
11027 12461
11049 2023
11049 3973
11049 7467
11079 8085
11103 904
11146 904
11182 904
11186 491
11243 13262
11280 3973
11292 12356
11297 14034
11396 12461
11398 904
11411 491
11411 9460
11411 12766
11411 14034
11413 491
11413 904
11415 904
11415 14034
11447 1133
11447 3973
11447 4161
11447 5474
11447 11572
11447 11630
11447 12155
11447 12356
11495 491
11595 10628
11653 904
11653 14034
11671 904
11671 14034
11680 904
11687 10970
11687 12155
11705 9460
11705 14034
11710 3973
11710 9460
11728 904
11728 14034
11805 14034
11808 12865
11809 7467
11828 13262
11832 904
11832 9460
11847 491
11962 14034
12154 12461
12158 12155
12166 904
12166 9460
12166 9940
12168 904
12168 9460
12168 14034
12350 12461
12355 904
12357 12942
12357 13262
12358 904
12367 904
12367 8864
12367 14034
12368 491
12368 904
12405 491
12410 12356
12410 12461
12447 2023
12447 5474
12447 7467
12447 8018
12447 8512
12447 12084
12448 14034
12460 12461
12464 9940
12466 904
12476 12942
12477 12461
12478 904
12478 9940
12488 904
12513 12461
12536 12461
12537 13262
12617 14034
12618 904
12628 491
12631 12942
12634 12942
12660 12942
12664 13262
12669 904
12671 12942
12672 12860
12672 12942
12672 13262
12674 12942
12676 491
12684 12942
12691 12942
12691 13262
12728 904
12728 12942
12769 14034
12775 12942
12832 3973
12884 1447
12884 3973
12884 8018
12885 491
12906 491
12925 12942
12943 491
12943 904
12956 12860
12956 13262
12996 14034
13098 9940
13098 14034
13139 7467
13192 9940
13212 904
13589 491
13750 9940
13751 491
13751 9940
13751 14034
13991 491
14123 12942
14277 14034
