14541 14541 109
37 3689
37 13363
237 308
308 7889
411 11618
423 13363
592 13363
602 8519
929 12280
979 2683
979 5625
979 11618
979 12280
1221 12280
1244 10046
1394 12280
1875 10040
2222 3689
2222 13363
2332 13363
2385 2425
2385 12280
2425 12280
2640 4862
2658 5625
2658 12280
2671 7889
2692 3689
2809 3689
2810 3689
2998 2683
2998 11618
2998 13359
3214 1875
3348 5821
3369 2683
3369 2926
3635 3689
3635 13363
4123 1875
4211 3689
4211 13363
4285 2683
4285 11618
4285 13359
4318 1221
4403 3689
4403 13363
4493 5057
4494 5625
4764 9115
5057 5625
5066 4862
5197 1875
5500 1875
5625 12280
5821 13363
6352 11618
6352 12280
6486 12280
6513 9115
6515 9115
6588 9115
6938 5625
6938 12280
7642 12280
7684 12280
8368 10046
8390 4862
8519 7889
9115 10046
9200 3689
9516 11618
9516 13359
9536 13363
9555 1875
9619 1875
9619 10040
9672 2671
9672 4862
9703 1875
9703 2683
9895 12280
9905 11618
9905 13359
10046 10040
10954 13363
10972 13361
11094 2475
11868 13363
11869 13363
11871 5821
11872 7889
12280 11618
12329 10046
12330 13628
13125 12280
13359 11618
13361 10046
13364 4862
13364 7889
13366 4862
13368 10046
13368 13361
13590 13363
13590 13590
13628 7889
13736 12280
14427 13363
