14541 14541 2283
44 3997
44 4706
44 5050
44 11709
88 3997
88 4706
88 11709
213 3997
213 4706
213 5050
235 3997
235 4706
235 5050
235 11709
306 3997
306 4706
306 5050
306 11709
330 3997
330 4706
330 5050
330 11709
390 3997
390 4706
390 5050
390 11709
455 4706
455 5050
455 11709
475 3997
475 4706
475 5050
475 11709
573 4706
573 11709
645 4706
645 11709
783 3997
783 4706
783 5050
783 11709
784 3997
784 4706
784 4898
784 5050
784 11709
791 4706
791 5050
791 11709
804 3997
804 4706
804 11709
875 3997
875 5050
875 11709
885 3997
885 4706
885 5050
885 11709
1030 3997
1030 5050
1030 11709
1036 3997
1036 4706
1036 5050
1036 11709
1068 3997
1068 4706
1068 5050
1068 11709
1069 3997
1069 4706
1069 5050
1069 11709
1070 3997
1070 4706
1070 5050
1070 11709
1071 3997
1071 4706
1071 5050
1071 11709
1072 4706
1072 5050
1072 11709
1073 3997
1073 4706
1073 5050
1073 11709
1074 5050
1074 11709
1075 3997
1075 4706
1075 5050
1075 11709
1076 3997
1076 4706
1076 5050
1076 11709
1077 3997
1077 4706
1077 5050
1077 11709
1112 3997
1112 11709
1123 11709
1137 3997
1137 4706
1137 5050
1137 11709
1140 4706
1140 5050
1140 11709
1146 3997
1146 4706
1146 5050
1146 11709
1187 3997
1187 4706
1187 11709
1204 3997
1204 4706
1204 5050
1204 11709
1326 3997
1326 4706
1326 5050
1326 11709
1327 4706
1327 5050
1335 3997
1335 4706
1335 5050
1335 11709
1336 3997
1336 4706
1336 5050
1405 4706
1405 5050
1418 4706
1418 5050
1418 11709
1479 3997
1479 4706
1491 3997
1491 4706
1491 5050
1491 11709
1527 3997
1527 4706
1527 11709
1589 3997
1589 4706
1589 5050
1589 11709
1649 3997
1649 4706
1649 5050
1649 11709
1653 3997
1653 4706
1653 11709
1722 3997
1722 5050
1722 11709
1729 3997
1729 4706
1729 5050
1729 11709
1735 3997
1735 4706
1735 5050
1760 3997
1760 4706
1760 5050
1760 11709
1765 4706
1765 5050
1765 11709
1775 3997
1775 4706
1775 5050
1775 11709
1840 3997
1840 4706
1840 5050
1840 11709
1841 3997
1841 4706
1841 5050
1841 11709
1865 3997
1865 4706
1865 5050
1865 11709
1874 3997
1874 11709
1876 3997
1876 4706
1876 5050
1876 11709
1891 3997
1891 4706
1891 5050
1894 3997
1894 4706
1894 5050
1894 11709
1895 4706
1895 5050
1895 11709
1896 3997
1896 4706
1896 5050
1897 3997
1897 4706
1897 5050
1897 11709
1920 3997
1920 11709
1936 3997
1936 4706
1936 5050
1936 11709
1951 3997
1951 4706
1951 5050
1951 11709
1952 3997
1952 4706
1952 11709
2131 3997
2131 4706
2131 5050
2131 11709
2136 3997
2136 4706
2136 5050
2136 11709
2152 4706
2152 11709
2193 4706
2193 5050
2193 11709
2226 4706
2226 5050
2402 3997
2402 4706
2428 4706
2428 5050
2428 11709
2430 3997
2430 4706
2430 5050
2430 11709
2431 3997
2431 4706
2431 5050
2431 11709
2432 3997
2432 4706
2432 5050
2432 11709
2476 3997
2476 4706
2476 5050
2476 11709
2499 4706
2499 5050
2499 11709
2524 3997
2524 4706
2524 5050
2524 11709
2608 3997
2608 4706
2608 5050
2669 3997
2669 4706
2669 5050
2669 11709
2696 3997
2696 4706
2696 5050
2696 11709
2839 3997
2839 4706
2839 11709
2873 3997
2873 5050
2873 11709
2922 5050
2922 11709
2951 3997
2951 4706
2951 5050
2951 11709
2968 4706
2968 5050
2969 3997
2969 4706
2969 5050
2987 3997
2987 4706
2987 5050
2987 11709
2988 4706
2988 5050
2989 3997
2989 4706
2989 5050
2989 11709
2990 3997
2990 4706
2990 5050
2991 3997
2991 4706
2991 5050
2991 11709
3086 3997
3086 5050
3094 3997
3094 4706
3094 5050
3094 11709
3138 3997
3138 4706
3138 5050
3138 11709
3171 3997
3171 4706
3171 5050
3177 3997
3177 4706
3177 5050
3224 3997
3224 4706
3224 11709
3257 3997
3257 5050
3257 11709
3261 3997
3261 4706
3261 5050
3261 11709
3287 3997
3287 4706
3287 5050
3287 11709
3299 4706
3299 5050
3299 11709
3310 4706
3333 4706
3333 5050
3333 11709
3352 3997
3352 4706
3352 5050
3352 11709
3383 4706
3383 11709
3403 4706
3403 11709
3410 3997
3410 4706
3410 5050
3410 11709
3442 3997
3442 4706
3442 5050
3475 3997
3475 4706
3475 5050
3475 11709
3501 3997
3501 4706
3501 11709
3544 3997
3544 4706
3544 5050
3544 11709
3567 3997
3567 4706
3567 5050
3567 11709
3584 4706
3584 5050
3584 11709
3597 5050
3597 11709
3600 3997
3600 5050
3601 3997
3601 4706
3601 5050
3601 11709
3666 3997
3666 5050
3666 11709
3712 3997
3712 4706
3712 5050
3718 3997
3718 4706
3718 5050
3718 11709
3769 3997
3769 4706
3769 5050
3769 11709
3807 3997
3807 4706
3807 5050
3807 11709
3859 3997
3859 4706
3859 5050
3859 11709
3861 3997
3861 4706
3861 5050
3861 11709
3873 3997
3873 4706
3873 5050
3873 11709
3949 3997
3949 5050
3951 3997
3951 5050
3951 11709
3988 3997
3988 4706
3988 5050
4006 3997
4006 11709
4019 3997
4019 4706
4019 11709
4024 3997
4024 5050
4025 3997
4025 4706
4025 5050
4025 6051
4025 11709
4026 3997
4026 4706
4026 11709
4027 3997
4027 4706
4027 5050
4027 6051
4027 11709
4028 4706
4028 5050
4028 11709
4029 3997
4029 4706
4029 5050
4029 11709
4030 3997
4030 4706
4030 5050
4031 5050
4031 11709
4032 3997
4032 4706
4032 5050
4032 11709
4033 4706
4033 5050
4034 4706
4034 5050
4035 3997
4035 4706
4035 5050
4035 11709
4036 3997
4036 4706
4036 5050
4036 11709
4037 4706
4037 5050
4037 11709
4038 3997
4038 4706
4038 5050
4038 11709
4039 3997
4039 4706
4039 5050
4040 3997
4040 4706
4040 11709
4041 4706
4041 5050
4041 11709
4042 3997
4042 4706
4042 5050
4043 3997
4043 4706
4043 5050
4043 11709
4044 3997
4044 4706
4044 5050
4045 3997
4045 4706
4045 5050
4046 3997
4046 4706
4046 5050
4047 3997
4047 4706
4047 11709
4048 4706
4048 5050
4048 11709
4049 3997
4049 4706
4049 11709
4050 3997
4050 4706
4050 5050
4050 11709
4051 3997
4051 4706
4051 11709
4052 4706
4052 5050
4052 11709
4053 3997
4053 4706
4053 11709
4054 3997
4054 4706
4054 5050
4054 11709
4055 3997
4055 5050
4056 4706
4056 5050
4056 11709
4057 4706
4058 4706
4058 5050
4059 3997
4059 4706
4059 5050
4059 11709
4060 3997
4061 3997
4061 4706
4061 5050
4063 3997
4063 4706
4063 5050
4064 4706
4064 5050
4065 3997
4065 4706
4065 11709
4066 3997
4067 3997
4071 3997
4071 4706
4071 5050
4071 11709
4095 3997
4095 4706
4095 5050
4095 11709
4329 3997
4329 4706
4329 5050
4329 11709
4356 3997
4356 4706
4356 5050
4428 3997
4428 4706
4428 11709
4449 3997
4449 4706
4449 5050
4496 4706
4602 3997
4602 4706
4602 5050
4602 11709
4650 3997
4650 4706
4650 5050
4650 11709
4659 4706
4659 5050
4659 11709
4696 3997
4696 4706
4696 5050
4696 11709
4731 4706
4731 5050
4731 11709
4760 3997
4760 4706
4760 11709
4778 3997
4778 4706
4778 5050
4778 11709
4807 3997
4807 4706
4807 5050
4807 11709
4812 3997
4812 4706
4812 5050
4844 3997
4844 4706
4844 5050
4844 11709
4850 3997
4850 5050
4854 4706
4854 11709
4859 4706
4859 5050
4859 11709
4972 4706
4972 5050
4972 11709
4978 3997
4978 4706
4978 11709
4983 3997
4983 4706
4983 5050
4983 11709
4985 4706
4985 5050
5002 3997
5002 4706
5002 5050
5002 11709
5020 4706
5020 11709
5022 3997
5022 4706
5022 5050
5022 11709
5024 4706
5024 5050
5024 11709
5030 3997
5030 4706
5030 5050
5030 11709
5033 3997
5033 4706
5033 5050
5033 11709
5040 3997
5040 5050
5044 3997
5044 5050
5044 11709
5128 3997
5128 4706
5128 11709
5164 3997
5164 4706
5164 5050
5164 11709
5169 3997
5169 4706
5169 5050
5169 11709
5200 3997
5200 4706
5200 5050
5202 3997
5202 4706
5202 5050
5202 11709
5249 4706
5249 5050
5249 11709
5446 3997
5446 4706
5446 5050
5451 3997
5451 4706
5530 3997
5530 4706
5530 5050
5530 11709
5531 3997
5531 11709
5538 3997
5538 4706
5538 5050
5538 11709
5541 4706
5541 11709
5544 3997
5544 4706
5544 5050
5544 11709
5545 4706
5545 11709
5546 3997
5546 5050
5546 11709
5547 3997
5547 4706
5547 5050
5547 11709
5548 3997
5548 4706
5548 5050
5548 11709
5551 3997
5551 4706
5551 5050
5551 11709
5552 3997
5552 4706
5552 11709
5559 3997
5559 4706
5559 5050
5598 4706
5598 5050
5600 3997
5600 4706
5600 11709
5606 3997
5606 5050
5608 3997
5608 11709
5638 3997
5638 4706
5638 11709
5644 3997
5644 5050
5645 4706
5645 5050
5693 3997
5693 5050
5693 11709
5708 3997
5708 4706
5708 5050
5708 11709
5711 3997
5711 4706
5711 11709
5712 3997
5712 4706
5712 5050
5712 11709
5716 3997
5716 4706
5716 5050
5716 11709
5719 3997
5719 4706
5719 5050
5748 3997
5755 3997
5755 4706
5755 5050
5755 11709
5768 3997
5768 4706
5768 5050
5779 3997
5779 4706
5779 5050
5779 11709
5780 3997
5780 4706
5780 5050
5780 11709
5789 3997
5789 4706
5824 3997
5824 4706
5824 5050
5852 3997
5852 4706
5852 5050
5853 3997
5853 4706
5853 5050
5853 11709
5860 3997
5860 4706
5860 5050
5860 11709
5862 3997
5862 4706
5862 5050
5863 3997
5863 4706
5863 5050
5863 11709
5882 3997
5882 4706
5882 5050
5882 11709
5885 3997
5885 4706
5885 5050
5885 11709
5886 4706
5886 5050
5886 11709
5888 3997
5888 4706
5888 5050
5888 11709
5898 3997
5898 4706
5898 5050
5900 3997
5900 4706
5900 11709
5906 4706
5906 5050
5906 11709
5939 4706
5939 5050
5939 11709
5940 3997
5940 4706
5940 5050
5940 11709
5996 3997
5996 11709
6009 3997
6009 4706
6009 5050
6009 11709
6025 3997
6025 4706
6025 5050
6025 11709
6037 3997
6037 5050
6037 11709
6038 3997
6038 5050
6038 11709
6088 3997
6088 4706
6088 5050
6088 11709
6089 5050
6089 11709
6094 3997
6094 4706
6095 3997
6095 5050
6096 3997
6096 4706
6096 5050
6096 11709
6097 11709
6101 3997
6101 4706
6101 5050
6102 3997
6102 4706
6102 5050
6103 3997
6103 4706
6103 5050
6104 4706
6104 5050
6104 11709
6105 3997
6105 4706
6105 5050
6105 11709
6106 3997
6106 4706
6106 5050
6106 11709
6107 3997
6107 4706
6107 5050
6107 11709
6108 3997
6108 4706
6108 5050
6108 11709
6109 3997
6109 4706
6109 5050
6109 11709
6110 3997
6110 5050
6110 11709
6111 3997
6111 4706
6111 5050
6111 11709
6126 3997
6126 4706
6126 5050
6126 11709
6132 4706
6146 4706
6146 5050
6146 11709
6161 3997
6161 11709
6223 3997
6223 4706
6223 5050
6223 11709
6233 3997
6233 11709
6235 3997
6235 4706
6235 5050
6235 11709
6236 3997
6236 4706
6236 5050
6236 11709
6237 3997
6237 4706
6237 5050
6238 3997
6238 11709
6239 3997
6239 4706
6239 5050
6239 11709
6240 5050
6240 11709
6241 4706
6241 11709
6246 3997
6246 4706
6246 5050
6308 3997
6308 4706
6308 5050
6309 5050
6309 11709
6310 3997
6310 5050
6310 11709
6311 4706
6311 5050
6312 3997
6341 3997
6341 5050
6341 11709
6343 3997
6343 4706
6343 5050
6343 11709
6358 4706
6358 5050
6368 3997
6368 4706
6368 5050
6368 11709
6374 3997
6374 4706
6374 5050
6375 5050
6375 11709
6376 3997
6376 4706
6376 5050
6377 3997
6377 4706
6378 3997
6378 4706
6378 5050
6385 3997
6385 5050
6385 11709
6386 3997
6386 4706
6386 11709
6387 3997
6387 4706
6388 3997
6388 4706
6388 11709
6391 4706
6391 5050
6391 11709
6392 3997
6409 3997
6409 4706
6409 5050
6526 3997
6526 4706
6526 5050
6526 11709
6550 3997
6550 4706
6550 5050
6550 11709
6601 4706
6601 5050
6601 11709
6602 3997
6602 4706
6602 5050
6602 11709
6604 3997
6604 4706
6604 5050
6604 11709
6606 3997
6606 4706
6606 5050
6606 11709
6635 4706
6635 5050
6635 11709
6656 4706
6656 11709
6695 3997
6695 4706
6695 5050
6695 11709
6696 3997
6696 4706
6696 5050
6697 3997
6697 4706
6697 5050
6698 3997
6698 4706
6698 5050
6698 11709
6699 3997
6699 4706
6699 5050
6699 11709
6700 3997
6700 4706
6700 5050
6701 3997
6701 4706
6701 11709
6702 3997
6702 4706
6702 5050
6702 11709
6713 3997
6713 4706
6713 5050
6713 11709
6734 3997
6734 4706
6734 5050
6734 11709
6749 3997
6749 4706
6749 5050
6756 4706
6756 5050
6756 11709
6757 3997
6757 11709
6761 3997
6761 4706
6761 5050
6761 11709
6762 3997
6762 4706
6762 5050
6762 11709
6764 3997
6764 4706
6764 5050
6764 11709
6768 3997
6768 4706
6768 5050
6768 11709
6771 3997
6771 4706
6771 5050
6771 11709
6772 5050
6772 11709
6774 3997
6774 4706
6774 5050
6774 11709
6775 4706
6775 5050
6775 11709
6778 3997
6778 4706
6778 11709
6782 3997
6782 4706
6782 5050
6782 11709
6784 3997
6784 5050
6787 4706
6787 5050
6787 11709
6791 3997
6791 4706
6791 5050
6791 11709
6792 3997
6792 4706
6792 5050
6793 4706
6793 5050
6796 3997
6796 5050
6796 11709
6797 3997
6797 5050
6797 11709
6798 3997
6798 4706
6799 3997
6799 4706
6799 5050
6801 3997
6801 4706
6801 5050
6801 11709
6802 3997
6802 4706
6802 5050
6802 11709
6814 3997
6814 4706
6814 5050
6825 4706
6825 5050
6825 11709
6839 3997
6839 4706
6839 5050
6839 11709
6848 3997
6848 5050
6848 11709
6854 3997
6854 4706
6854 11709
6863 3997
6863 5050
6863 11709
6880 3997
6880 4706
6880 5050
6880 11709
6884 3997
6884 5050
6895 3997
6895 4706
6895 5050
6895 11709
6898 3997
6898 4706
6898 5050
6898 11709
6907 3997
6907 4706
6907 5050
6908 3997
6908 4706
6908 5050
6910 3997
6910 4706
6910 5050
6910 11709
6911 3997
6911 11709
6912 3997
6912 5050
6912 11709
6913 3997
6913 4706
6913 5050
6914 3997
6914 4706
6914 5050
6914 11709
6915 3997
6915 4706
6915 5050
6916 3997
6916 5050
6930 3997
6930 4706
6930 5050
6930 11709
6933 5050
6986 4706
6986 11709
6994 3997
6994 4706
6994 11709
7005 4706
7005 5050
7005 11709
7008 5050
7008 11709
7014 3997
7014 4706
7014 5050
7015 4706
7015 11709
7025 5050
7025 11709
7036 5050
7036 11709
7062 5050
7062 11709
7068 3997
7068 4706
7068 5050
7077 3997
7077 4706
7077 5050
7077 11709
7079 4706
7079 5050
7079 11709
7081 3997
7081 4706
7081 11709
7082 4706
7082 5050
7086 3997
7086 4706
7086 5050
7086 11709
7091 3997
7091 4706
7091 5050
7091 11709
7096 3997
7096 4706
7096 5050
7110 3997
7110 4706
7110 5050
7110 11709
7112 3997
7112 4706
7112 5050
7114 3997
7114 4706
7114 5050
7114 11709
7119 3997
7119 4706
7150 3997
7150 4706
7150 5050
7154 3997
7154 4706
7154 5050
7154 11709
7157 3997
7157 4706
7157 5050
7157 11709
7174 4706
7174 11709
7187 3997
7187 5050
7187 11709
7188 3997
7188 11709
7189 4706
7189 5050
7189 11709
7190 3997
7190 4706
7190 11709
7191 4706
7191 5050
7191 11709
7194 3997
7194 4706
7194 5050
7194 11709
7195 4706
7195 5050
7195 11709
7198 4706
7198 5050
7198 11709
7201 4706
7201 5050
7201 11709
7202 3997
7202 4706
7202 5050
7202 11709
7203 3997
7203 4706
7204 3997
7204 4706
7204 5050
7204 11709
7205 3997
7205 4706
7205 5050
7205 11709
7215 4706
7215 5050
7215 11709
7218 3997
7218 4706
7218 5050
7218 11709
7219 3997
7219 4706
7219 5050
7219 11709
7220 3997
7220 4706
7220 5050
7220 11709
7238 4706
7238 5050
7240 3997
7240 4706
7240 5050
7240 11709
7252 3997
7252 4706
7252 5050
7252 11709
7254 3997
7254 4706
7254 5050
7254 11709
7257 3997
7257 4706
7257 11709
7272 3997
7272 4706
7272 5050
7278 3997
7278 4706
7278 5050
7278 11709
7294 3997
7294 4706
7294 11709
7310 3997
7310 4706
7310 11709
7317 3997
7317 4706
7317 5050
7317 11709
7329 4706
7329 5050
7364 3997
7364 4706
7364 5050
7387 3997
7387 4706
7387 5050
7387 11709
7389 3997
7389 4706
7389 5050
7389 11709
7418 3997
7418 4706
7418 5050
7418 11709
7419 3997
7419 5050
7420 4706
7420 5050
7421 3997
7421 4706
7421 5050
7421 11709
7440 3997
7440 5050
7445 3997
7445 4706
7445 5050
7445 11709
7450 3997
7450 11709
7451 3997
7455 3997
7455 4706
7464 3997
7464 4706
7464 5050
7464 11709
7481 3997
7481 4706
7481 5050
7481 11709
7482 3997
7482 4706
7482 5050
7489 4706
7489 5050
7498 3997
7498 5050
7499 5050
7500 3997
7500 4706
7500 5050
7500 11709
7501 3997
7501 4706
7501 5050
7501 11709
7502 3997
7502 4706
7502 5050
7502 11709
7504 5050
7504 11709
7505 3997
7505 4706
7534 3997
7534 4706
7534 5050
7542 3997
7542 5050
7565 3997
7565 4706
7565 5050
7566 3997
7566 4706
7566 5050
7567 3997
7567 4706
7567 5050
7567 11709
7568 3997
7568 4706
7568 5050
7568 11709
7569 3997
7569 4706
7569 5050
7569 11709
7570 3997
7570 4706
7570 5050
7570 11709
7572 3997
7572 4706
7572 5050
7572 11709
7573 3997
7573 4706
7573 5050
7574 3997
7574 4706
7574 11709
7575 3997
7575 4706
7576 3997
7576 5050
7576 11709
7585 3997
7585 5050
7585 11709
7599 3997
7599 4706
7599 5050
7599 11709
7603 3997
7603 4706
7603 11709
7609 3997
7609 4706
7609 5050
7609 11709
7620 4706
7620 5050
7664 4706
7664 5050
7664 11709
7745 3997
7745 4706
7745 5050
7755 3997
7755 4706
7782 3997
7782 11709
7796 3997
7796 4706
7796 5050
7796 11709
7856 3997
7856 4706
7856 5050
7856 11709
7862 3997
7862 4706
7862 5050
7862 11709
7869 4706
7869 5050
7869 11709
7890 3997
7890 4706
7890 5050
7890 11709
7891 3997
7891 5050
7891 11709
7892 4706
7892 11709
7897 5050
7897 11709
7898 3997
7898 4706
7898 5050
7898 11709
7899 3997
7899 4706
7899 5050
7905 4706
7905 5050
7905 11709
7909 3997
7909 4706
7909 5050
7909 11709
7921 5050
7921 11709
7943 3997
7943 4706
7970 3997
7970 4706
7970 5050
7970 11709
7990 4706
8017 5050
8020 4706
8020 11709
8027 4706
8027 11709
8028 4706
8028 5050
8028 11709
8029 3997
8029 4706
8029 5050
8029 11709
8045 3997
8045 4706
8045 5050
8045 11709
8047 3997
8047 5050
8047 11709
8059 3997
8059 5050
8059 11709
8062 3997
8062 4706
8062 11709
8097 4706
8097 5050
8161 4706
8161 5050
8195 5050
8196 3997
8196 4706
8204 4706
8204 5050
8210 3997
8210 4706
8210 5050
8210 11709
8226 3997
8226 4706
8226 5050
8233 3997
8233 4706
8233 5050
8238 3997
8238 5050
8238 11709
8260 4706
8260 5050
8272 4706
8272 5050
8286 3997
8286 4706
8286 11709
8287 3997
8287 4706
8287 5050
8297 3997
8297 4706
8297 5050
8297 11709
8306 3997
8306 4706
8306 11709
8323 3997
8323 4706
8323 5050
8323 11709
8324 3997
8324 5050
8325 4706
8325 5050
8325 11709
8326 3997
8326 4706
8326 5050
8326 11709
8345 3997
8345 4706
8345 11709
8346 3997
8346 4706
8346 5050
8347 3997
8347 5050
8347 11709
8364 3997
8364 4706
8364 5050
8431 3997
8431 4706
8431 5050
8431 11709
8440 3997
8440 4706
8440 5050
8440 11709
8441 5050
8444 4706
8444 5050
8444 11709
8459 3997
8459 5050
8459 11709
8526 3997
8526 4706
8526 5050
8526 11709
8575 3997
8575 4706
8575 11709
8596 3997
8596 5050
8644 4706
8644 5050
8644 11709
8659 3997
8659 4706
8659 5050
8659 11709
8665 3997
8665 4706
8665 5050
8665 11709
8673 3997
8673 4706
8813 3997
8813 4706
8813 5050
8813 6051
8813 11709
8846 3997
8846 4706
8846 11709
8856 4706
8856 5050
8859 4706
8859 5050
8859 11709
8860 4706
8860 5050
8860 11709
8920 4706
8920 5050
8931 5050
8998 3997
8998 4706
8998 5050
8998 11709
9001 3997
9001 4706
9001 5050
9001 11709
9018 5050
9018 11709
9032 4706
9032 11709
9039 4706
9039 5050
9043 3997
9043 4706
9043 11709
9053 3997
9053 5050
9053 11709
9057 3997
9057 4706
9057 5050
9057 11709
9062 3997
9062 5050
9062 11709
9063 4706
9063 11709
9069 3997
9069 5050
9072 3997
9072 4706
9072 5050
9072 11709
9141 3997
9141 5050
9144 3997
9144 4706
9153 3997
9153 4706
9153 5050
9188 3997
9188 4706
9199 3997
9199 5050
9242 3997
9242 4706
9242 5050
9242 11709
9247 3997
9247 4706
9247 5050
9247 11709
9283 4706
9283 5050
9284 3997
9284 4706
9284 5050
9284 11709
9285 3997
9285 4706
9285 11709
9287 3997
9287 4706
9287 5050
9287 11709
9301 4706
9301 5050
9303 3997
9303 4706
9303 11709
9306 3997
9306 4706
9306 5050
9317 3997
9317 4706
9317 5050
9318 5050
9318 11709
9321 4706
9329 3997
9329 11709
9349 3997
9349 5050
9349 11709
9369 3997
9369 4706
9369 11709
9381 4706
9381 5050
9381 11709
9411 3997
9411 4706
9411 11709
9413 3997
9413 4706
9413 5050
9422 3997
9422 4706
9422 5050
9441 3997
9441 4706
9441 5050
9441 11709
9466 5050
9466 11709
9477 3997
9477 4706
9477 11709
9517 3997
9517 5050
9522 3997
9524 3997
9524 4706
9524 11709
9529 3997
9529 4706
9529 5050
9529 11709
9549 3997
9549 4706
9549 5050
9549 11709
9550 3997
9550 4706
9550 5050
9550 11709
9552 4706
9552 5050
9749 3997
9749 5050
9760 3997
9760 4706
9760 11709
9778 3997
9778 5050
9778 11709
9786 3997
9786 4706
9786 5050
9786 11709
9802 3997
9802 4706
9802 5050
9802 11709
9803 3997
9803 4706
9803 11709
9804 4706
9804 11709
9805 3997
9805 4706
9805 5050
9805 11709
9851 4706
9851 11709
9941 4706
9941 5050
9945 3997
9945 5050
9949 3997
9949 4706
9949 5050
9962 3997
9962 4706
9962 5050
9982 3997
9982 4706
9982 5050
9982 11709
9997 4706
9997 5050
9997 11709
10010 3997
10010 4706
10010 11709
10049 3997
10049 5050
10049 11709
10053 3997
10053 4706
10053 11709
10071 3997
10071 4706
10071 11709
10088 3997
10088 4706
10088 11709
10089 3997
10089 5050
10089 11709
10097 3997
10097 4706
10097 5050
10098 3997
10098 4706
10098 5050
10102 3997
10102 4706
10102 5050
10102 11709
10177 3997
10177 4706
10177 5050
10185 3997
10186 5050
10187 4706
10187 5050
10187 11709
10204 3997
10204 4706
10204 5050
10217 3997
10217 4706
10217 5050
10217 11709
10220 4706
10232 3997
10232 4706
10232 5050
10232 11709
10235 3997
10235 4706
10235 5050
10235 11709
10262 4706
10262 5050
10262 11709
10266 4706
10266 5050
10267 3997
10267 4706
10268 3997
10268 4706
10268 11709
10289 3997
10289 4706
10289 5050
10292 5050
10292 11709
10295 4706
10295 5050
10296 3997
10296 4706
10296 5050
10325 3997
10325 4706
10325 5050
10325 11709
10353 3997
10353 4706
10353 11709
10400 3997
10400 5050
10400 11709
10412 3997
10412 5050
10417 3997
10417 4706
10417 5050
10420 3997
10420 4706
10420 11709
10427 3997
10427 4706
10427 5050
10427 11709
10479 4706
10491 3997
10491 5050
10496 3997
10496 4706
10496 11709
10517 3997
10517 4706
10517 5050
10517 11709
10528 3997
10528 4706
10528 5050
10528 11709
10564 3997
10564 4706
10564 11709
10577 3997
10577 4706
10577 11709
10594 5050
10622 4706
10622 5050
10625 3997
10625 4706
10625 5050
10639 4706
10639 5050
10639 11709
10641 3997
10641 5050
10644 3997
10644 4706
10645 3997
10645 5050
10692 3997
10692 4706
10705 3997
10705 4706
10705 11709
10755 3997
10755 4706
10755 5050
10755 11709
10771 3997
10771 5050
10793 3997
10793 4706
10793 5050
10859 3997
10859 4706
10859 5050
10896 3997
10896 4706
10896 11709
10897 3997
10897 4706
10897 5050
10920 3997
10920 4706
10920 5050
10942 5050
10942 11709
10997 4706
10997 5050
10997 11709
11007 3997
11007 4706
11007 5050
11007 11709
11019 3997
11092 3997
11092 5050
11092 11709
11111 3997
11111 4706
11111 5050
11111 11709
11112 3997
11112 4706
11112 5050
11112 11709
11121 3997
11121 4706
11121 5050
11142 4706
11142 5050
11216 3997
11216 4706
11216 11709
11248 5050
11248 11709
11323 3997
11323 4706
11323 5050
11332 4706
11332 5050
11356 4706
11356 5050
11356 11709
11371 3997
11371 4706
11371 5050
11371 11709
11407 5050
11407 11709
11423 3997
11423 4706
11423 5050
11464 3997
11464 5050
11464 11709
11466 3997
11466 11709
11499 4706
11499 5050
11499 11709
11532 11709
11565 4706
11565 5050
11565 11709
11574 3997
11574 4706
11574 5050
11574 11709
11613 4706
11613 5050
11613 11709
11632 3997
11632 5050
11645 3997
11645 4706
11645 5050
11740 3997
11740 4706
11740 5050
11740 11709
11835 3997
11835 4706
11835 5050
11845 3997
11845 4706
11845 5050
11845 11709
11874 5050
11874 11709
11882 3997
11882 4706
11882 11709
11884 3997
11884 4706
11884 5050
11884 11709
11885 3997
11885 4706
11885 5050
11924 3997
11924 4706
11924 5050
11925 3997
11925 4706
11925 5050
11980 3997
11980 4706
11980 5050
11980 11709
11981 3997
11981 4706
11981 5050
11995 3997
11995 4706
11995 5050
11995 11709
12006 3997
12006 4706
12006 5050
12006 11709
12090 3997
12090 4706
12090 11709
12122 5050
12122 11709
12250 3997
12250 4706
12250 11709
12306 3997
12306 4706
12306 5050
12379 3997
12379 5050
12379 11709
12387 3997
12387 4706
12387 5050
12387 11709
12435 3997
12435 5050
12435 11709
12451 3997
12451 5050
12451 11709
12452 3997
12452 4706
12452 5050
12452 11709
12455 3997
12455 11709
12479 3997
12479 5050
12479 11709
12638 3997
12638 4706
12638 5050
12656 3997
12656 5050
12656 11709
12670 3997
12670 11709
12734 3997
12734 4706
12734 11709
12793 3997
12793 5050
12793 11709
12858 3997
12858 4706
12858 5050
12858 11709
12888 3997
12888 4706
12888 11709
12889 3997
12889 4706
12889 11709
12915 3997
12915 4706
12915 5050
12915 11709
12921 3997
12921 4706
12921 11709
12922 3997
12922 4706
12922 5050
12922 11709
12928 3997
12928 4706
12928 5050
12928 11709
12929 3997
12929 4706
12929 5050
13126 3997
13126 4706
13126 5050
13126 11709
13226 3997
13226 4706
13226 5050
13226 11709
13294 3997
13294 4706
13294 5050
13295 3997
13295 4706
13295 5050
13295 11709
13297 3997
13297 4706
13297 5050
13309 3997
13309 5050
13309 11709
13341 3997
13341 11709
13353 3997
13353 4706
13353 5050
13353 11709
13465 3997
13465 5050
13465 11709
13467 3997
13467 5050
13467 11709
13480 3997
13480 4706
13480 5050
13502 3997
13502 4706
13502 5050
13502 11709
13646 4706
13646 5050
13646 11709
14388 3997
14388 4706
14388 5050
14436 3997
14436 4706
14436 5050
14436 11709
14439 3997
14439 4706
14439 11709
14487 3997
14487 4706
14487 5050
14487 11709
