14541 14541 266
104 11370
204 11370
285 11370
360 11370
405 11370
406 11370
407 11370
519 11370
569 11370
621 11370
820 11370
896 11370
924 11370
1084 11370
1162 11370
1163 11370
1241 11370
1368 11370
1415 11370
1570 11370
1603 11370
1671 11370
1752 11370
1754 11370
1769 11370
1782 11370
1939 11370
2097 11370
2099 11370
2113 11370
2234 11370
2238 11370
2245 11370
2249 11370
2331 11370
2387 11370
2429 11370
2538 11370
2562 11370
2740 11370
2929 11370
2949 11370
2974 11370
2976 11370
2993 11370
3010 11370
3019 11370
3079 11370
3092 11370
3114 11370
3144 11370
3197 11370
3278 11370
3286 11370
3356 11370
3368 11370
3525 11370
3557 11370
3565 11370
3607 11370
3623 11370
3697 11370
3730 11370
3731 11370
3734 11370
3735 11370
3739 11370
3759 11370
3779 11370
3782 11370
3830 11370
3929 11370
3948 11370
3977 11370
3999 11370
4021 11370
4077 11370
4120 11370
4121 11370
4127 11370
4440 11370
4519 11370
4554 11370
4633 11370
4682 11370
4713 11370
4761 11370
4816 11370
4822 11370
4825 11370
4872 11370
4979 11370
5088 11370
5106 11370
5122 11370
5231 11370
5238 11370
5262 11370
5315 11370
5318 11370
5345 11370
5394 11370
5401 11370
5629 11370
5795 11370
5804 11370
5927 11370
5949 11370
5984 11370
5985 11370
6053 11370
6091 11370
6116 11370
6123 11370
6226 11370
6290 11370
6365 11370
6396 11370
6659 11370
6661 11370
6666 11370
6667 11370
6724 11370
6725 11370
6726 11370
6746 11370
6862 11370
6962 11370
7009 11370
7085 11370
7097 11370
7149 11370
7173 11370
7295 11370
7343 11370
7362 11370
7390 11370
7396 11370
7452 11370
7513 11370
7597 11370
7610 11370
7623 11370
7636 11370
7685 11370
7705 11370
7786 11370
7793 11370
7819 11370
7828 11370
8000 11370
8010 11370
8024 11370
8041 11370
8093 11370
8153 11370
8155 11370
8187 11370
8293 11370
8313 11370
8401 11370
8406 11370
8520 11370
8554 11370
8646 11370
8671 11370
8676 11370
8702 11370
8739 11370
8784 11370
8825 11370
8840 11370
8866 11370
8905 11370
8925 11370
8927 11370
8928 11370
9012 11370
9024 11370
9098 11370
9138 11370
9161 11370
9225 11370
9277 11370
9290 11370
9296 11370
9342 11370
9380 11370
9485 11370
9528 11370
9587 11370
9606 11370
9658 11370
9700 11370
9733 11370
9781 11370
9916 11370
10092 11370
10152 11370
10196 11370
10201 11370
10209 11370
10210 11370
10213 11370
10248 11370
10249 11370
10347 11370
10387 11370
10474 11370
10488 11370
10580 11370
10581 11370
10668 11370
10759 11370
10764 11370
10789 11370
10815 11370
10879 11370
10898 11370
10899 11370
10915 11370
10927 11370
10953 11370
11040 11370
11057 11370
11098 11370
11158 11370
11185 11370
11235 11370
11247 11370
11417 11370
11453 11370
11544 11370
11606 11370
11628 11370
11656 11370
11661 11370
11826 11370
11923 11370
12007 11370
12283 11370
12298 11370
12333 11370
12376 11370
12437 11370
12528 11370
12587 11370
12668 11370
12683 11370
12746 11370
12747 11370
12751 11370
12856 11370
12867 11370
12907 11370
13122 11370
13506 11370
13556 11370
13969 11370
14017 11370
14055 11370
14059 11370
14060 11370
14072 11370
14089 11370
14268 11370
