14541 14541 200
69 10416
383 10416
526 9084
554 5635
554 9084
1113 5635
1113 10416
1308 3152
1462 6176
1463 10416
1834 9808
2003 9808
2250 10416
2328 10416
2330 5635
2330 9164
2330 13007
2340 3152
2467 5851
2767 3152
2767 5635
2978 3152
3105 11524
3192 9164
3192 11524
3337 6176
3354 6544
3354 11338
3539 9808
3539 10416
3816 2256
3829 9084
3928 5190
3928 5635
3928 8136
3928 10416
4091 5190
4091 10416
4091 13007
4114 5635
4130 10416
4323 11537
4342 9084
4359 5635
4777 5635
4777 8518
4777 10416
5025 10416
5209 10416
5302 10416
5383 5635
5383 10416
5569 10416
5599 8518
5599 8591
5953 10416
5953 13007
6002 10416
6002 11524
6130 10416
6437 10416
6437 12011
6484 10416
6665 8089
6665 9808
6780 3152
6780 5635
6780 9084
6780 13007
6922 10416
6949 5635
6971 5635
6971 9084
6971 10416
6971 13007
7053 5851
7053 8518
7053 9164
7106 10416
7126 5635
7126 10416
7171 5635
7171 10416
7292 3152
7462 5635
7462 10416
7547 6544
7608 5190
7608 10416
7637 5635
7639 12011
7731 10416
7735 5190
7735 13007
7744 9808
7744 11537
7821 10416
7882 10416
7882 13007
8167 10416
8169 10416
8169 11524
8240 9808
8240 10416
8331 11524
8453 5190
8479 10416
8479 13007
8480 10416
8664 5635
8664 10416
8685 11524
8697 12011
8700 10416
8700 13007
8786 9084
8886 11524
8914 5635
8972 8591
9328 10416
9444 10416
9454 10416
9509 10416
9662 9164
9674 10416
9685 10416
9784 10416
10041 5190
10041 10416
10224 10416
10224 11524
10286 11524
10456 5635
10456 10416
10471 10416
10472 10416
10477 5635
10585 5635
10638 10416
10732 11338
10788 9084
10822 9084
10878 11524
10968 10416
11021 10416
11022 10416
11022 11524
11026 10416
11079 10416
11108 9990
11210 5635
11296 10416
11495 5635
11495 11537
11495 13007
11512 10416
11694 6176
11694 10416
11694 13007
11741 9164
11741 9220
11741 9808
11741 11523
11810 10416
11962 10416
11965 5635
11965 6581
11965 13007
12072 8591
12147 10416
12158 10416
12166 9808
12364 11537
12367 12011
12368 10416
12423 5190
12466 10416
12492 10416
12513 6176
12616 10416
12716 10416
13098 10416
13133 10416
13139 10416
13144 10416
13187 8518
13199 13007
13202 10416
13212 8518
13314 8369
13317 8591
13317 10416
13317 13007
13545 10416
13751 10416
13984 10416
14051 10416
14123 9990
14123 12011
14123 13007
