14541 14541 619
15 7767
32 6545
41 9155
82 9155
84 6552
89 3164
200 12980
202 12770
240 7613
352 11523
353 11523
376 83
386 10823
413 9239
440 4438
445 5635
446 3373
463 11474
477 4438
493 11524
523 4438
561 4438
562 4438
565 10424
568 4438
571 4438
579 4438
583 4438
587 4438
591 4438
594 11523
595 11523
596 4438
597 11523
598 11523
599 4438
607 4438
618 4438
620 4438
641 9028
680 10494
705 12790
716 4438
745 4438
767 11523
778 12872
861 5635
866 5635
886 10823
897 9722
930 5851
931 5851
932 5851
933 5851
934 5851
961 5851
964 5851
966 5851
968 5851
976 5851
1007 11523
1052 6545
1054 10494
1083 4438
1089 4438
1120 12936
1132 5753
1206 9354
1208 12910
1229 10823
1239 6545
1240 6545
1248 4438
1258 12011
1260 12011
1315 4438
1329 595
1367 4612
1385 10424
1434 5851
1435 6545
1521 5851
1578 13018
1580 10823
1586 477
1605 12770
1606 12770
1684 8542
1706 6545
1718 11657
1771 10582
1792 10582
1893 9107
1947 352
1961 6545
1972 477
2012 4438
2023 13007
2024 13007
2070 4438
2115 10416
2119 4438
2122 10416
2128 4438
2144 6544
2158 4438
2172 4438
2188 4438
2196 4438
2197 4438
2220 4438
2256 4438
2273 4438
2335 9107
2367 6552
2370 9107
2457 12772
2465 4438
2466 6544
2480 12936
2589 12910
2590 12910
2601 6559
2657 10526
2674 6559
2717 9164
2719 9164
2792 4471
2802 3373
2966 4438
2967 101
2980 9578
3001 12936
3015 5714
3072 8502
3095 4438
3099 6395
3108 83
3117 4438
3142 9155
3145 2601
3147 10823
3152 4438
3160 10105
3164 9084
3194 207
3455 3304
3498 12980
3661 10416
3664 6545
3785 4438
3802 4438
3818 4438
3911 6545
3961 9398
3973 8099
4083 6559
4288 9155
4327 9239
4372 861
4418 6330
4471 9808
4483 4438
4488 4438
4495 4438
4499 13007
4507 4438
4514 4438
4558 9722
4569 5851
4609 4438
4625 9155
5065 9812
5190 4438
5243 4438
5317 10416
5384 10525
5498 4438
5633 4438
5635 4438
5662 4438
5687 4438
5699 9722
5701 4438
5714 4438
5728 4438
5734 4438
5736 4438
5753 4471
5851 4438
5864 4438
5887 4438
6136 4438
6157 4438
6163 4438
6176 11523
6212 5635
6280 12185
6395 4471
6451 6545
6453 6545
6455 7613
6543 4438
6544 4438
6545 4438
6552 4438
6559 4438
6579 4438
6581 4438
6611 8853
6623 10416
6626 10416
6678 11137
6835 11137
7030 6559
7059 12046
7120 4438
7136 4438
7143 4438
7148 10416
7186 10416
7213 6545
7222 4438
7247 13895
7248 11233
7273 8960
7305 8502
7366 4438
7367 4438
7401 4438
7413 4438
7429 4438
7433 4438
7436 4438
7441 4438
7447 4438
7472 11907
7532 284
7544 10416
7613 5635
7614 207
7644 6544
7676 10416
7677 10416
7699 4438
7704 10823
7727 10416
7728 11523
7732 4438
7734 4438
7737 4438
7738 4438
7750 4438
7760 4438
7766 4438
7767 4438
7769 4438
7774 4438
7775 4438
7807 4438
7823 10416
7829 10416
7873 10416
7874 10416
7880 6545
7903 7640
7931 13296
7932 11137
7933 8853
7944 9486
7947 9258
7998 8502
8003 6545
8023 4438
8033 10494
8092 7222
8099 10416
8101 11524
8104 11524
8105 11524
8136 4438
8142 4438
8151 4438
8159 4438
8174 4438
8176 4438
8178 4438
8247 10416
8248 10416
8251 11338
8264 12183
8296 598
8321 8542
8363 10416
8366 10416
8369 11524
8378 13120
8379 8136
8381 4438
8411 5851
8414 10416
8445 9155
8502 4438
8505 4438
8514 4438
8518 4438
8530 11524
8537 4438
8542 4438
8572 10416
8583 4438
8587 4438
8591 4438
8602 3898
8628 861
8657 2070
8672 2792
8724 6330
8815 8542
8853 6544
8867 4438
8901 4438
8915 4438
8949 4438
8960 4438
9000 9398
9037 6545
9079 4438
9084 4438
9100 11338
9106 10416
9107 4438
9120 4438
9122 4438
9124 11524
9155 9808
9164 4438
9183 5635
9201 4438
9203 4438
9208 4438
9210 4438
9211 4438
9212 4438
9216 4438
9217 4438
9220 4438
9226 4438
9227 4438
9231 4438
9232 4438
9239 4438
9258 6544
9263 11523
9307 10416
9354 5635
9395 10582
9398 8092
9437 8542
9468 4438
9486 6544
9492 12011
9508 10416
9542 4438
9557 6545
9578 5851
9581 4438
9582 4438
9584 4438
9586 4438
9591 4438
9594 4438
9598 4438
9602 9398
9610 9028
9629 10416
9676 6544
9722 5635
9736 7401
9806 10416
9812 4438
9821 4438
9834 4438
9837 4438
9913 4438
9920 4438
9925 10416
9932 4438
9974 10416
9979 10416
9983 10416
10026 10416
10027 11338
10055 6545
10076 11524
10099 101
10105 4438
10108 4438
10110 4438
10115 1893
10328 8915
10352 7644
10395 9354
10446 6545
10454 861
10494 5635
10499 5635
10526 5635
10536 11616
10543 4438
10582 4438
10652 12878
10770 9557
10823 4438
10861 12772
10881 8502
10882 8502
10918 4438
10935 10525
10979 10525
11107 6545
11122 6544
11137 6544
11209 11888
11218 6544
11233 6544
11238 11363
11249 12772
11286 3973
11312 10110
11338 4438
11363 12011
11421 9722
11443 9812
11448 11657
11472 6545
11486 6545
11488 8142
11496 12011
11503 10525
11520 4438
11522 4438
11523 4438
11524 4438
11533 4438
11537 4438
11538 10416
11569 866
11571 861
11621 8092
11633 8092
11634 11633
11693 11523
11719 10582
11724 4471
11727 8099
11733 6545
11750 8099
11758 10446
11759 6544
11760 2966
11768 4471
11801 930
11804 10525
11814 8099
11818 8099
11842 12936
11888 4471
11922 6545
11976 8099
11985 8099
11986 8099
11988 8099
11998 8099
12011 4438
12027 8099
12038 8099
12046 8092
12058 8099
12078 12770
12079 12770
12102 8099
12113 12183
12136 1315
12137 10105
12144 6552
12156 8099
12157 8099
12185 8092
12206 10543
12230 8960
12244 4438
12269 8523
12337 11338
12341 934
12378 10582
12385 9183
12414 10823
12419 12815
12520 12011
12523 4471
12549 12285
12563 4569
12564 961
12565 5851
12582 6330
12589 11465
12657 1259
12693 12185
12742 4438
12754 11524
12767 11363
12770 4438
12790 11523
12792 11474
12799 4438
12805 4438
12815 10416
12840 1315
12871 9164
12883 9164
12910 4438
12914 7222
12918 4438
12930 4438
12936 9808
12989 9398
12990 4438
12998 4438
13003 6544
13007 4438
13012 5317
13016 4438
13018 4438
13027 11523
13106 5317
13119 4438
13177 8357
13207 12673
13254 12673
13255 12673
13258 8146
13280 6544
13287 2122
13308 12565
13339 12673
13340 12673
13354 11523
13370 13930
13371 9155
13401 4438
13430 13930
13433 12815
13434 12815
13435 12815
13437 12815
13438 13497
13443 11523
13451 10823
13456 9107
13488 12011
13518 14352
13519 14352
13520 14352
13521 14352
13522 14352
13523 14352
13524 14352
13526 14352
13527 14352
13553 11523
13559 13749
13575 6552
13581 6552
13582 6552
13609 12011
13612 1259
13615 11496
13622 10026
13623 10026
13624 10026
13666 9925
13673 9925
13674 9925
13675 9925
13722 8363
13741 8502
13748 6552
13781 8248
13782 8248
13788 8087
13809 8087
13829 5753
13830 5753
13844 5753
13863 7677
13875 5753
13876 5753
13878 7874
13880 7873
13882 7873
13884 7873
13895 6544
13930 12011
13934 14338
13953 866
13996 9298
14038 12185
14069 10426
14092 11523
14094 11523
14107 10526
14118 10499
14196 10416
14209 9155
14338 10416
14343 11338
14352 10416
14536 9107
