14541 14541 193
195 3123
195 3882
195 4614
195 5242
1360 3123
1360 3882
1360 4614
1360 5242
1363 821
1363 3123
1363 3882
1363 4614
1363 5041
1363 5055
1363 5242
2523 3123
2523 3882
2523 4223
2523 4224
2523 4614
2523 5242
2651 3123
2651 3882
2651 5242
3066 3123
3066 3882
3066 4614
3069 3123
3069 3882
3069 4614
3069 5242
3076 3882
3076 4614
3076 5242
3080 821
3080 3123
3080 3882
3080 4223
3080 4224
3080 5007
3080 5242
3080 7210
3248 3123
3248 3882
3248 4614
3248 5242
3987 3123
3987 3882
3987 4614
3987 5242
4187 3123
4187 3882
4187 5242
4350 3123
4350 3882
4350 4614
4350 5242
4378 3123
4378 4614
4387 3123
4387 3882
4387 4614
4387 5242
6328 3123
6328 3882
6328 4614
6328 5049
6328 5242
6344 4614
6344 5242
6522 3123
6522 3882
6522 4614
6522 5242
7179 3123
7179 3882
7179 4614
7179 5242
7221 821
7221 2506
7221 3084
7221 3123
7221 3882
7221 4614
7221 5041
7221 5049
7221 5055
7221 5242
7253 3882
7253 4614
7253 5242
7283 3123
7283 3882
7283 5242
7558 3123
7558 3882
7558 4614
7558 5242
7777 3123
7777 3882
7777 4224
7777 4614
7887 3123
7887 3882
7887 4224
7887 4614
7887 5242
7910 3123
7910 3882
7910 4614
7910 5242
8271 2506
8271 3123
8271 3882
8271 4223
8271 4614
8271 5007
8271 5041
8271 5242
8402 3123
8402 3882
8402 4223
8402 4224
8402 4614
8402 5007
8402 5041
8402 7210
8643 821
8643 3123
8643 3882
8643 4614
8643 5041
8643 5242
8643 7210
8732 3123
8732 3882
8732 4614
8732 5242
9266 3882
9266 4223
9266 4614
9266 5242
9278 3123
9278 3882
9278 4614
9278 5242
9355 821
9355 3123
9355 3882
9355 4223
9355 4224
9355 4614
9355 5007
9355 5041
9355 5049
9355 5242
9356 3123
9356 5242
9684 3084
9684 3123
9684 3882
9684 4614
9684 5055
9684 5242
9690 3084
9690 3123
9690 3882
9690 4614
9690 7210
9691 2506
9691 3123
9691 3882
9691 4223
9691 4614
9691 5007
9691 5055
9691 5242
9691 7210
11440 3084
11440 3123
11440 3882
11440 4614
11440 5242
14371 3123
14371 4614
14371 5242
14379 3882
14379 4223
14379 4224
14379 4614
14379 5041
14379 5242
14379 7210
