14541 14541 324
42 5751
1831 5605
1831 10988
1990 3967
1990 5771
1990 8216
1990 14268
1991 6227
1991 13279
1992 7208
1992 11585
1992 13279
2073 2117
2389 6583
2578 5126
2700 5489
2946 2100
2946 11588
3129 2077
3129 2664
3129 6815
3129 7512
3129 7705
3129 8152
3129 8290
3129 9658
3129 13306
3129 13972
3847 177
3847 1466
3847 1677
3847 1778
3847 2100
3847 2262
3847 2772
3847 3405
3847 4008
3847 4252
3847 4411
3847 4545
3847 4722
3847 4992
3847 5006
3847 5194
3847 5360
3847 5387
3847 5529
3847 5817
3847 6251
3847 6271
3847 6276
3847 7628
3847 7655
3847 8873
3847 9353
3847 9770
3847 10190
3847 10369
3847 10898
3847 11179
3847 11519
3847 11983
3847 12696
3847 13274
3847 14059
3847 14491
3938 7193
4100 9262
4172 9073
4366 2262
4366 2837
4366 2974
4366 3197
4366 4207
4366 4411
4366 6829
4366 8377
4366 9770
4366 10617
4366 13122
4436 441
4436 1836
4436 3135
4436 5743
4436 5752
4436 7837
4436 8913
4436 9375
4436 11262
4447 6059
4447 8398
4447 11534
4538 2133
4538 5253
4538 13205
4538 14491
4595 11738
5181 177
5181 4923
5181 6302
5181 7705
5181 9073
5181 9139
5181 10898
5181 11971
5664 8190
5742 2080
5742 3174
5742 6279
5742 9294
5778 1412
5778 4532
5778 5522
5778 7477
5778 10365
5861 1163
6125 133
6125 510
6125 611
6125 3070
6125 4860
6125 5387
6125 5787
6125 6077
6125 6140
6125 7090
6125 7414
6125 7550
6125 10013
6125 10391
6125 11247
6125 13279
6125 13307
6125 14089
6420 1155
6420 6156
6420 7029
6420 7844
6420 8242
6420 8367
6523 177
6523 584
6523 701
6523 1155
6523 1650
6523 2215
6523 2450
6523 2563
6523 2940
6523 3371
6523 4468
6523 4576
6523 5564
6523 6194
6523 6681
6523 6951
6523 7628
6523 8328
6523 8841
6523 9385
6523 9706
6523 10202
6523 12131
6523 12894
6523 14072
6534 8152
6840 870
6840 4935
6840 11050
6896 5058
6896 5827
6896 6314
6896 9110
6896 10151
6896 11225
6896 11770
6896 13131
6896 14017
7365 647
7365 3070
7365 6815
7365 11274
7369 10812
7374 4069
7374 4207
7374 5812
7374 6049
7374 6932
7374 7801
7374 8765
7374 10398
7374 10513
7374 11526
7672 6227
7672 7837
7672 11877
7672 13279
7672 13747
7674 1163
7674 2645
7674 4995
7674 5880
7674 6147
7674 7097
7674 12944
7696 6045
7696 13346
7798 9148
7994 7102
7994 12557
8392 5880
8392 7102
8496 4944
8496 8377
8496 9073
8496 12590
8496 13116
8497 664
8497 1752
8497 2077
8497 2562
8497 2955
8497 9002
8497 10530
8497 11008
8499 8152
8503 7102
8504 2581
8504 3165
8504 6928
8504 8112
8504 10928
8504 12988
8522 13279
8619 2077
8619 4485
8619 6397
8746 133
8746 161
8746 397
8746 4462
8746 4645
8746 9297
8746 10013
8746 11262
8746 11526
8746 11536
8782 6939
8782 9262
9096 2262
9096 6057
9096 6302
9096 7896
9096 8913
9096 9715
9096 11008
9096 11588
9109 4227
9109 5111
9119 6583
9553 177
9553 9139
9905 130
10106 8980
10631 14089
11667 3165
12057 177
12057 286
12057 647
12057 3349
12057 3851
12057 4935
12057 5096
12057 5605
12057 6117
12057 7037
12057 7610
12057 7842
12057 8329
12057 8710
12057 8994
12057 9262
12057 10168
12057 12698
12057 13814
12324 10151
12324 10391
12324 14299
12348 5896
12348 7200
12752 2080
12752 4944
12752 7208
12752 9715
12752 11179
12794 812
12794 3278
13025 3178
13025 14306
13362 11228
13606 441
13606 8412
13606 11050
13606 14033
13606 14104
14359 167
14359 244
14359 990
14359 1419
14359 2957
14359 3239
14359 4958
14359 5948
14359 6583
14359 7051
14359 7537
14359 8328
14359 8851
14359 9224
14359 9438
14359 10714
14359 11597
14359 12036
14359 12557
