14541 14541 219
69 6506
377 12277
379 6736
383 9250
409 5192
485 4170
572 11113
585 6736
829 4358
830 4358
839 4358
1098 4662
1273 4770
1308 6372
1350 3653
1461 5980
1462 5980
1531 5150
1639 11224
1802 4170
1805 11113
1823 3653
1853 11113
1858 11701
2168 6736
2382 4770
2407 5192
2437 4770
2481 6372
2641 6736
2986 5192
3423 6148
3716 11113
3721 6506
3770 12223
3806 6372
3819 8627
3869 12519
3912 11224
3915 6736
3944 11670
4002 6736
4130 11113
4154 4662
4188 6372
4279 6736
4611 6372
4651 11113
4726 4662
4818 10691
4821 5192
4826 6148
4827 11113
4829 11113
4832 11224
4835 5150
4838 6148
4959 4170
5000 6148
5034 4662
5097 11283
5135 4770
5248 6372
5286 3653
5383 4662
5494 6736
5595 6372
5668 11113
5681 10820
5930 6372
5966 4662
5979 4662
5993 11113
5995 11113
6118 5192
6195 11224
6531 6736
6580 5192
6789 6372
6865 11113
6871 4770
6892 6736
6987 4770
7127 11283
7141 6372
7165 7763
7233 4662
7292 11113
7301 6148
7350 4770
7443 3653
7463 6736
7465 6372
7466 5150
7468 6372
7474 11283
7475 4662
7486 6372
7703 5192
7758 4662
7771 4170
7792 4770
7930 11283
8182 4170
8212 8627
8222 11114
8315 6148
8387 4770
8565 6736
8577 5192
8760 7763
8974 6372
9050 12519
9191 9250
9213 11113
9272 3653
9340 10162
9379 4170
9434 4170
9570 6372
9645 4662
9660 5192
9732 11113
9921 4770
10016 7763
10120 4662
10192 6372
10218 3653
10269 5150
10320 11113
10432 10820
10432 12519
10466 6372
10544 6372
10590 5192
10711 4662
10782 9250
10827 6506
10869 6372
10877 12519
10878 5192
10936 11224
10937 11113
10940 12519
10955 10820
10957 4170
10973 4170
10985 6736
11029 6372
11049 6736
11064 6148
11108 11670
11140 5192
11207 6372
11212 10820
11251 5150
11259 12223
11280 8627
11298 12519
11425 11224
11429 11670
11438 11224
11594 6736
11813 6372
11822 6372
11959 6675
11959 11283
11987 9250
12064 6372
12149 5192
12221 8627
12343 6372
12369 6372
12375 12223
12420 4770
12430 7763
12464 4770
12515 12519
12526 7763
12546 3468
12605 10691
12628 11113
12655 10691
12664 11113
12676 5980
12682 4662
12697 12519
12735 4170
12877 10820
13026 11113
13094 4170
13115 4170
13143 5192
13187 4170
13189 4170
13192 4170
13202 4170
13232 4170
13316 4770
13327 11113
13548 9250
13600 4770
13850 4358
13935 9250
13964 6506
13966 4170
13974 11113
13977 4770
13990 4170
14005 9250
14048 11113
14049 11113
14050 4662
14051 6372
14283 6148
14443 4770
14497 5150
14499 3653
14502 11113
