14541 14541 5834
0 8675
1 2491
4 2132
5 2627
11 2154
21 1169
23 1045
41 14524
83 376
83 3108
83 3118
89 1447
96 12317
101 2642
101 10099
108 13124
109 1332
109 2124
109 2145
109 3181
109 12948
145 1366
145 8657
145 9689
160 2254
172 55
172 2687
172 4147
172 5759
172 6552
172 8146
172 11302
172 11387
172 12144
172 13943
174 349
174 4076
174 13839
202 12077
207 234
207 294
207 295
207 3194
207 7614
207 11310
250 7199
252 1764
258 1086
264 3606
264 11904
266 3954
266 9859
269 11046
273 7996
284 1899
284 7532
310 1156
310 4433
310 5793
310 11004
310 11927
318 12117
352 1947
400 4408
400 6084
400 11697
400 12975
400 13479
417 13564
432 1441
432 3790
432 7353
440 794
440 2160
440 12295
440 13188
440 13208
443 2225
445 1238
445 2536
445 2612
447 571
447 3802
447 7747
447 9203
447 9208
447 10543
447 12914
477 782
477 3897
477 8993
477 10687
477 13404
493 802
493 815
493 1349
493 1567
493 2125
493 2697
493 2874
493 9877
493 9919
493 9954
493 11887
499 2105
499 8729
499 10394
499 11318
499 12637
523 992
523 12229
523 13500
551 6651
557 9849
561 8307
568 3252
568 9862
568 12134
579 11761
595 1329
596 3279
596 9111
598 2357
716 13484
745 7306
745 10164
840 394
840 6255
840 6587
858 930
858 10434
861 1342
861 1989
861 4372
861 8149
861 8628
861 10454
861 11571
861 11584
866 11569
866 13953
897 3169
905 8289
934 12341
1007 13019
1054 5730
1062 3234
1083 11850
1089 9980
1132 13550
1133 3020
1133 4086
1133 4642
1133 8807
1133 9881
1133 10791
1133 13089
1188 1201
1208 1160
1208 2591
1229 13084
1259 12657
1259 13573
1260 11570
1315 12136
1315 12840
1337 1428
1337 1610
1337 1810
1337 1971
1337 2896
1337 3293
1337 3385
1337 4313
1337 5042
1337 5513
1337 7824
1337 9701
1337 13298
1337 13455
1366 8657
1435 5667
1488 1490
1521 7232
1586 13404
1684 13822
1706 1150
1706 1757
1706 3166
1706 3211
1706 3326
1706 4144
1706 6488
1706 8235
1803 3186
1803 5414
1847 3743
1893 1421
1893 10115
1948 447
1960 2687
1972 782
1988 877
1999 547
2023 4253
2042 10935
2056 4116
2061 1994
2070 1366
2070 8657
2070 10490
2070 12211
2071 8657
2102 7709
2115 1144
2115 2336
2115 2721
2115 4161
2115 4201
2115 5520
2115 8718
2115 11547
2115 12108
2115 13221
2115 13834
2115 13924
2115 13925
2115 13926
2115 13927
2115 13928
2115 13929
2122 216
2122 231
2122 557
2122 1081
2122 1184
2122 1237
2122 1245
2122 1436
2122 1687
2122 1803
2122 2299
2122 2603
2122 3146
2122 3157
2122 3186
2122 3269
2122 3273
2122 3695
2122 3793
2122 3832
2122 3835
2122 3843
2122 3844
2122 3845
2122 3846
2122 3862
2122 3876
2122 4079
2122 4294
2122 4336
2122 4338
2122 4341
2122 4427
2122 4457
2122 4765
2122 4988
2122 5012
2122 5061
2122 5411
2122 5414
2122 5611
2122 5622
2122 5909
2122 6087
2122 6187
2122 7297
2122 7380
2122 7618
2122 8194
2122 8478
2122 8882
2122 8894
2122 9045
2122 9288
2122 9372
2122 9510
2122 9845
2122 9846
2122 9847
2122 9849
2122 10854
2122 11095
2122 11271
2122 11607
2122 11665
2122 11865
2122 11909
2122 12140
2122 12442
2122 12493
2122 12649
2122 12974
2122 13150
2122 13219
2122 13224
2122 13227
2122 13229
2122 13230
2122 13231
2122 13286
2122 13287
2122 13288
2122 13289
2122 13290
2122 13292
2122 13293
2122 13318
2122 13319
2122 13320
2122 13321
2122 13322
2122 13335
2122 13356
2122 13372
2122 13373
2122 13374
2122 13375
2122 13376
2122 13377
2122 13378
2122 13379
2122 13380
2122 13381
2122 13382
2122 13383
2122 13384
2122 13385
2122 13387
2122 13388
2122 13389
2122 13390
2122 13391
2122 13392
2122 13393
2122 13394
2122 13395
2122 13396
2122 13397
2122 13398
2122 13457
2122 13613
2122 13746
2122 13840
2122 13983
2122 14090
2122 14091
2122 14098
2122 14108
2122 14141
2122 14142
2122 14143
2122 14144
2122 14145
2122 14146
2122 14148
2122 14149
2122 14150
2122 14151
2122 14152
2122 14153
2122 14155
2122 14156
2122 14157
2122 14158
2122 14159
2122 14160
2122 14162
2122 14163
2122 14164
2122 14165
2122 14166
2122 14167
2122 14168
2122 14169
2122 14170
2122 14171
2122 14172
2122 14173
2122 14174
2122 14175
2122 14177
2122 14179
2122 14180
2122 14181
2122 14182
2122 14183
2122 14184
2122 14186
2122 14187
2122 14188
2122 14189
2122 14190
2122 14191
2157 2553
2158 11658
2197 11756
2210 1839
2256 1564
2256 12086
2273 12173
2284 2909
2335 7647
2346 410
2346 1860
2346 2075
2346 6289
2346 6980
2346 7683
2346 8154
2370 11601
2480 3002
2527 1833
2528 1689
2528 2149
2528 9102
2529 4546
2555 12014
2589 8959
2590 3068
2590 5508
2590 6446
2601 3145
2721 973
2721 13221
2792 280
2792 946
2792 1861
2792 2166
2792 3957
2792 4401
2792 8672
2792 9831
2792 9833
2792 10338
2792 11268
2823 1133
2960 223
2960 606
2960 1507
2960 1811
2960 1839
2960 2030
2960 2031
2960 2034
2960 2035
2960 2036
2960 2210
2960 2422
2960 2596
2960 3127
2960 3149
2960 3250
2960 4110
2960 4430
2960 6284
2960 10086
2960 10524
2960 11938
2960 13528
2960 13529
2960 13530
2960 13531
2960 13532
2960 13586
2960 14193
2960 14194
2966 11760
3068 5508
3093 893
3095 2260
3095 8076
3095 10306
3104 1099
3140 971
3152 5032
3152 10361
3152 13142
3157 3269
3157 4079
3161 11340
3161 11895
3164 1447
3211 8235
3225 5065
3275 3173
3275 12323
3275 13170
3279 9111
3304 2461
3304 3455
3373 446
3373 9882
3406 3223
3503 12212
3564 3566
3564 13775
3566 447
3566 571
3566 616
3566 1948
3566 7291
3566 8523
3566 9201
3566 9203
3566 13775
3661 2544
3661 13534
3661 13536
3661 13537
3818 12228
3820 11468
3820 11471
3820 11773
3820 12190
3898 128
3898 4630
3898 8602
3911 3827
3911 4144
3934 4099
3943 2960
3943 7873
3943 8087
3943 8357
3943 8907
3943 9508
3943 12904
3943 13808
3973 432
3973 874
3973 1833
3973 2129
3973 2214
3973 2527
3973 2553
3973 2676
3973 3266
3973 3332
3973 3384
3973 3687
3973 3790
3973 4603
3973 4608
3973 4681
3973 5051
3973 5872
3973 5917
3973 7258
3973 7353
3973 7712
3973 8148
3973 8428
3973 8722
3973 9228
3973 10520
3973 11286
3973 11303
3973 11442
3973 12014
3973 12851
3973 14438
4078 12206
4147 55
4147 10943
4219 2473
4219 5785
4283 1646
4283 3499
4283 8909
4288 3409
4349 13861
4349 13865
4349 13867
4349 14341
4349 14349
4349 14351
4349 14355
4372 1989
4372 3103
4408 4200
4418 11564
4439 5733
4439 5897
4439 6689
4443 145
4443 172
4443 355
4443 523
4443 547
4443 579
4443 596
4443 992
4443 1194
4443 1496
4443 1564
4443 1821
4443 2016
4443 2070
4443 2150
4443 2256
4443 2273
4443 2954
4443 3213
4443 3428
4443 3710
4443 3993
4443 4741
4443 5190
4443 5635
4443 5650
4443 5705
4443 5713
4443 5733
4443 5897
4443 5908
4443 6136
4443 6138
4443 6466
4443 6543
4443 6544
4443 6552
4443 6587
4443 6634
4443 7366
4443 7367
4443 7413
4443 7447
4443 7738
4443 7767
4443 8023
4443 8114
4443 8136
4443 8502
4443 8915
4443 8932
4443 9107
4443 9146
4443 9212
4443 9226
4443 9468
4443 9762
4443 9812
4443 9825
4443 9882
4443 9920
4443 9990
4443 10031
4443 10079
4443 10390
4443 10918
4443 11533
4443 11537
4443 12084
4443 12235
4443 12770
4443 12805
4443 12998
4443 13018
4443 13209
4443 13447
4443 13471
4443 13494
4471 83
4471 101
4471 103
4471 109
4471 128
4471 174
4471 192
4471 200
4471 207
4471 234
4471 236
4471 245
4471 280
4471 295
4471 304
4471 318
4471 320
4471 323
4471 329
4471 349
4471 355
4471 373
4471 376
4471 402
4471 446
4471 452
4471 463
4471 480
4471 498
4471 547
4471 565
4471 777
4471 778
4471 806
4471 835
4471 855
4471 927
4471 946
4471 1027
4471 1099
4471 1194
4471 1305
4471 1332
4471 1362
4471 1367
4471 1385
4471 1393
4471 1404
4471 1426
4471 1440
4471 1543
4471 1551
4471 1599
4471 1718
4471 1821
4471 1827
4471 1861
4471 1880
4471 1899
4471 2041
4471 2114
4471 2146
4471 2166
4471 2176
4471 2278
4471 2457
4471 2461
4471 2488
4471 2525
4471 2556
4471 2559
4471 2561
4471 2568
4471 2634
4471 2642
4471 2775
4471 2801
4471 2954
4471 3071
4471 3097
4471 3099
4471 3102
4471 3104
4471 3108
4471 3109
4471 3118
4471 3132
4471 3150
4471 3168
4471 3173
4471 3181
4471 3194
4471 3228
4471 3259
4471 3275
4471 3285
4471 3304
4471 3343
4471 3455
4471 3498
4471 3655
4471 3898
4471 3955
4471 3957
4471 3959
4471 3960
4471 4126
4471 4230
4471 4352
4471 4401
4471 4418
4471 4540
4471 4612
4471 4630
4471 4638
4471 4639
4471 4660
4471 4776
4471 5634
4471 5753
4471 6320
4471 6395
4471 6689
4471 7073
4471 7159
4471 7211
4471 7467
4471 7472
4471 7532
4471 7614
4471 7931
4471 7957
4471 8378
4471 8602
4471 8672
4471 8724
4471 9146
4471 9378
4471 9694
4471 9825
4471 9826
4471 9830
4471 9831
4471 9833
4471 9882
4471 10099
4471 10307
4471 10313
4471 10338
4471 10401
4471 10424
4471 10426
4471 10515
4471 10652
4471 10861
4471 10883
4471 11077
4471 11209
4471 11249
4471 11268
4471 11310
4471 11448
4471 11500
4471 11502
4471 11530
4471 11563
4471 11564
4471 11596
4471 11603
4471 11659
4471 11718
4471 11724
4471 11764
4471 11768
4471 11783
4471 11888
4471 11895
4471 11960
4471 12010
4471 12066
4471 12070
4471 12117
4471 12248
4471 12311
4471 12323
4471 12395
4471 12401
4471 12487
4471 12496
4471 12500
4471 12517
4471 12518
4471 12523
4471 12582
4471 12729
4471 12772
4471 12872
4471 12878
4471 12890
4471 12900
4471 12948
4471 13014
4471 13165
4471 13170
4471 13245
4471 13296
4471 13441
4471 13510
4471 13547
4471 13550
4471 13559
4471 13749
4471 13828
4471 13829
4471 13830
4471 13831
4471 13837
4471 13843
4471 13844
4471 13846
4471 13847
4471 13875
4471 13876
4471 13892
4471 13894
4471 13918
4471 13959
4471 13996
4471 14069
4471 14347
4471 14461
4471 14465
4471 14470
4471 14471
4471 14474
4471 14475
4471 14476
4471 14479
4471 14480
4471 14481
4483 1406
4488 257
4488 2803
4488 5204
4495 12226
4499 5095
4569 12563
4612 806
4612 2114
4612 3097
4612 13222
4625 5469
4625 12762
4637 2120
4868 440
4868 523
4868 562
4868 568
4868 579
4868 596
4868 607
4868 745
4868 1248
4868 1315
4868 2070
4868 2256
4868 2273
4868 2966
4868 3095
4868 3117
4868 3152
4868 4609
4868 5190
4868 5212
4868 5635
4868 5705
4868 5714
4868 5733
4868 5851
4868 5864
4868 5897
4868 6136
4868 6176
4868 6543
4868 6544
4868 6545
4868 6552
4868 6559
4868 6579
4868 6581
4868 6587
4868 7120
4868 7143
4868 7366
4868 7367
4868 7413
4868 7429
4868 7433
4868 7447
4868 7728
4868 7734
4868 7738
4868 7766
4868 7767
4868 7769
4868 7807
4868 8023
4868 8136
4868 8142
4868 8381
4868 8502
4868 8542
4868 8591
4868 8867
4868 8901
4868 8915
4868 8960
4868 9079
4868 9084
4868 9107
4868 9122
4868 9212
4868 9220
4868 9226
4868 9239
4868 9468
4868 9542
4868 9581
4868 9584
4868 9808
4868 9812
4868 9821
4868 9920
4868 10582
4868 10918
4868 11522
4868 11523
4868 11533
4868 11537
4868 12770
4868 12805
4868 12918
4868 12990
4868 12998
4868 13016
4868 13018
4868 13119
4868 13209
5010 13780
5124 350
5124 13848
5124 13905
5124 13910
5190 1558
5190 11229
5190 11269
5190 12909
5243 11033
5317 335
5317 692
5317 1798
5317 4370
5317 4902
5317 6306
5317 6529
5317 10632
5317 11214
5317 11946
5317 12240
5317 12282
5317 12468
5317 12963
5317 12966
5317 13008
5317 13009
5317 13011
5317 13012
5317 13013
5317 13022
5317 13023
5317 13024
5317 13103
5317 13104
5317 13108
5317 13110
5317 13111
5317 13135
5317 13136
5317 13466
5317 13504
5317 13754
5317 14013
5317 14197
5317 14198
5317 14199
5317 14200
5317 14201
5317 14202
5317 14203
5317 14205
5317 14206
5317 14207
5317 14208
5317 14210
5317 14211
5317 14212
5317 14213
5317 14214
5317 14215
5317 14216
5317 14217
5317 14218
5344 3855
5352 9890
5384 4629
5429 3561
5474 951
5474 1237
5474 1245
5474 3793
5474 3843
5474 3845
5474 3862
5474 4341
5474 5909
5474 8194
5474 8478
5474 8809
5474 8894
5474 9045
5474 9510
5474 11948
5474 13150
5474 13227
5474 13229
5474 13372
5474 14149
5474 14151
5520 4201
5633 5637
5635 217
5635 240
5635 417
5635 445
5635 641
5635 680
5635 831
5635 861
5635 865
5635 897
5635 1054
5635 1104
5635 1206
5635 1238
5635 1989
5635 2536
5635 2612
5635 2657
5635 3017
5635 3103
5635 3169
5635 4372
5635 4407
5635 4558
5635 4629
5635 4725
5635 5384
5635 5699
5635 5730
5635 6212
5635 6455
5635 7491
5635 7613
5635 7988
5635 8033
5635 8149
5635 8571
5635 8628
5635 8978
5635 9028
5635 9183
5635 9354
5635 9383
5635 9610
5635 9722
5635 10395
5635 10454
5635 10494
5635 10499
5635 10525
5635 10526
5635 10935
5635 10979
5635 11392
5635 11421
5635 11503
5635 11569
5635 11571
5635 11575
5635 11584
5635 11704
5635 11804
5635 12385
5635 13544
5635 13564
5635 13953
5635 13995
5635 14016
5635 14037
5635 14044
5635 14058
5635 14093
5635 14107
5650 3496
5662 12139
5701 3556
5701 8310
5701 12143
5714 3015
5714 10298
5714 10396
5714 10780
5714 13773
5746 4208
5746 4910
5753 1132
5753 4352
5753 11960
5753 12010
5753 13829
5753 13830
5753 13844
5753 13876
5781 2160
5815 3034
5826 13938
5851 849
5851 858
5851 930
5851 931
5851 932
5851 934
5851 961
5851 964
5851 966
5851 968
5851 976
5851 1018
5851 1087
5851 1434
5851 1521
5851 3223
5851 3226
5851 3406
5851 4569
5851 7232
5851 7234
5851 8295
5851 8411
5851 9578
5851 10434
5851 11801
5851 12285
5851 12339
5851 12340
5851 12341
5851 12549
5851 12563
5851 12564
5851 12565
5851 13308
5864 11237
5887 7291
5887 10393
6084 4408
6135 400
6135 4200
6135 4408
6135 6084
6135 11697
6135 12975
6135 13479
6135 14192
6136 10317
6157 12205
6176 2161
6212 8571
6297 1610
6297 1971
6297 5042
6300 4690
6300 8973
6330 3071
6330 3109
6330 4418
6330 12582
6395 2041
6395 2525
6395 3099
6395 9378
6472 3038
6544 499
6544 688
6544 1536
6544 1794
6544 1901
6544 1987
6544 2105
6544 2110
6544 2144
6544 2616
6544 3236
6544 4081
6544 4084
6544 5527
6544 6505
6544 6611
6544 6678
6544 6835
6544 7247
6544 7248
6544 7249
6544 7470
6544 7932
6544 7944
6544 7947
6544 7949
6544 8039
6544 8458
6544 8729
6544 8797
6544 8853
6544 8918
6544 9258
6544 9486
6544 9502
6544 9521
6544 9676
6544 10299
6544 10327
6544 10352
6544 10394
6544 10587
6544 11070
6544 11122
6544 11137
6544 11218
6544 11219
6544 11220
6544 11221
6544 11232
6544 11233
6544 11318
6544 11347
6544 11624
6544 11627
6544 11759
6544 11762
6544 12081
6544 12092
6544 12389
6544 12474
6544 12637
6544 12789
6544 12818
6544 13003
6544 13280
6544 13895
6544 14036
6545 32
6545 551
6545 600
6545 937
6545 1049
6545 1050
6545 1052
6545 1060
6545 1150
6545 1165
6545 1239
6545 1240
6545 1365
6545 1435
6545 1706
6545 1757
6545 1961
6545 2324
6545 2537
6545 3166
6545 3211
6545 3326
6545 3827
6545 3947
6545 4136
6545 4140
6545 4144
6545 4420
6545 4537
6545 5399
6545 5523
6545 5667
6545 6006
6545 6133
6545 6451
6545 6453
6545 6488
6545 6651
6545 7213
6545 7280
6545 7752
6545 7880
6545 7881
6545 8003
6545 8080
6545 8235
6545 9037
6545 9433
6545 9557
6545 10101
6545 10413
6545 10414
6545 11107
6545 11242
6545 11472
6545 11482
6545 11486
6545 11487
6545 11733
6545 11758
6545 11922
6545 12098
6545 12099
6545 12107
6545 14501
6552 55
6552 84
6552 153
6552 1488
6552 1490
6552 2367
6552 2436
6552 3397
6552 5759
6552 10002
6552 11302
6552 11387
6552 11388
6552 12820
6552 13124
6552 13576
6552 13581
6552 13582
6552 13583
6552 13584
6552 13748
6552 13852
6552 13943
6559 1214
6559 2601
6559 2674
6559 4083
6559 7030
6559 12916
6565 1763
6565 4195
6565 4432
6565 5361
6565 6093
6565 6633
6565 10028
6565 12480
6565 12481
6565 12482
6565 13887
6565 13896
6565 13897
6565 13898
6565 13899
6565 14259
6565 14285
6565 14286
6569 10378
6569 11917
6569 11918
6569 13498
6569 14228
6579 435
6579 1592
6579 3417
6579 3902
6579 10682
6579 12232
6581 468
6581 1678
6581 6946
6581 9756
6581 12065
6623 876
6623 1133
6623 2823
6623 3020
6623 3021
6623 3082
6623 4231
6623 4699
6623 5375
6623 5413
6623 5423
6623 6004
6623 8807
6623 9054
6623 10916
6623 13089
6623 13402
6623 13904
6623 13905
6623 13906
6623 13907
6623 13908
6623 13909
6623 13910
6623 13911
6623 13912
6623 13913
6623 13914
6623 13915
6623 14042
6623 14229
6623 14230
6623 14231
6623 14232
6623 14233
6623 14234
6623 14235
6623 14237
6623 14238
6623 14239
6623 14240
6623 14241
6623 14242
6623 14243
6623 14244
6623 14245
6623 14246
6623 14247
6623 14248
6623 14249
6623 14250
6626 147
6626 869
6626 2364
6626 3254
6626 3316
6626 4009
6626 5902
6626 5919
6626 6742
6626 8631
6626 13900
6626 13901
6626 13902
6626 13903
6626 13962
6626 14014
6626 14252
6626 14253
6626 14254
6626 14256
6626 14257
6626 14258
6634 3164
6634 3866
6634 5705
6634 7536
6634 8018
6634 8471
6636 2901
6636 6795
6678 12474
6835 2616
6874 11553
6874 11556
6874 13722
6874 13724
6874 13732
6946 1678
6996 6936
7143 12167
7148 250
7148 521
7148 2004
7148 7199
7148 12243
7148 13889
7148 13891
7148 14287
7148 14297
7148 14300
7153 2783
7153 8142
7153 9164
7153 12871
7159 1091
7159 3228
7159 11502
7159 11563
7159 12400
7159 13547
7186 2286
7186 3292
7186 3836
7186 5807
7186 6953
7186 11638
7186 12016
7186 12254
7186 13888
7186 14027
7186 14301
7186 14303
7186 14304
7186 14305
7211 192
7213 2537
7213 12941
7222 3961
7222 4020
7222 4529
7222 6280
7222 7059
7222 7640
7222 7903
7222 8092
7222 8264
7222 9398
7222 9602
7222 11381
7222 11621
7222 11622
7222 11633
7222 11634
7222 11799
7222 12046
7222 12113
7222 12181
7222 12182
7222 12183
7222 12185
7222 12693
7222 12914
7222 12989
7222 14038
7234 961
7234 1521
7234 7232
7234 8295
7234 12564
7235 2115
7235 2122
7235 2960
7235 3661
7235 5317
7235 6565
7235 6569
7235 6623
7235 6626
7235 7148
7235 7186
7235 7544
7235 7676
7235 7677
7235 7727
7235 7823
7235 7829
7235 7873
7235 7874
7235 8082
7235 8087
7235 8099
7235 8246
7235 8247
7235 8248
7235 8249
7235 8250
7235 8357
7235 8363
7235 8366
7235 8414
7235 8572
7235 8907
7235 9106
7235 9307
7235 9508
7235 9530
7235 9629
7235 9806
7235 9925
7235 9974
7235 9979
7235 9983
7235 10026
7235 11538
7235 12673
7235 14196
7235 14338
7235 14352
7248 12081
7293 8632
7366 8933
7367 12169
7401 9736
7413 762
7413 9515
7433 4206
7433 10399
7441 2297
7447 8978
7467 103
7467 192
7467 246
7467 349
7467 402
7467 480
7467 498
7467 547
7467 1099
7467 1132
7467 1189
7467 1426
7467 1543
7467 1999
7467 2176
7467 2434
7467 2556
7467 3168
7467 3655
7467 4076
7467 4126
7467 4317
7467 4352
7467 4540
7467 4638
7467 4639
7467 5634
7467 5679
7467 6255
7467 7211
7467 9726
7467 10401
7467 11563
7467 11783
7467 11960
7467 12010
7467 12248
7467 12496
7467 12518
7467 12866
7467 13550
7467 13826
7467 13827
7467 13828
7467 13829
7467 13830
7467 13831
7467 13837
7467 13839
7467 13842
7467 13844
7467 13846
7467 13847
7467 13892
7467 13894
7467 14347
7491 3017
7524 2254
7532 373
7544 251
7544 260
7544 560
7544 1093
7544 2263
7544 4284
7544 5151
7544 5707
7544 5826
7544 6685
7544 6688
7544 12255
7544 12666
7544 13938
7544 14307
7544 14309
7544 14310
7544 14311
7591 803
7591 5429
7591 14431
7613 240
7613 11704
7614 1236
7627 583
7627 591
7627 716
7627 2197
7627 2220
7627 3818
7627 4495
7627 5633
7627 6157
7627 6163
7627 8174
7627 8514
7627 8523
7627 8587
7627 9913
7627 10823
7627 11520
7640 7903
7644 8918
7644 10352
7676 1799
7676 3820
7676 4375
7676 5684
7676 10527
7676 11083
7676 11087
7676 11088
7676 11089
7676 11284
7676 11285
7676 11468
7676 11469
7676 11470
7676 11471
7676 11504
7676 11617
7676 11720
7676 11773
7676 12189
7676 12190
7676 12191
7676 12256
7676 13985
7676 14275
7676 14315
7676 14316
7676 14317
7676 14318
7677 252
7677 253
7677 478
7677 1508
7677 1764
7677 4219
7677 4346
7677 4349
7677 5195
7677 5785
7677 6936
7677 6996
7677 7411
7677 7630
7677 9811
7677 10084
7677 11989
7677 13538
7677 13861
7677 13862
7677 13864
7677 13865
7677 13866
7677 13867
7677 13868
7677 13869
7677 13870
7677 13871
7677 14334
7677 14337
7677 14339
7677 14341
7677 14349
7677 14350
7677 14351
7677 14353
7677 14354
7677 14355
7677 14362
7677 14390
7691 1927
7691 14022
7704 5830
7709 3213
7709 5627
7710 2273
7710 3015
7710 7738
7710 9258
7710 9486
7710 11915
7710 13168
7710 13980
7727 1425
7727 1514
7727 6995
7727 11299
7727 12797
7727 14111
7727 14363
7727 14364
7727 14365
7727 14366
7727 14367
7727 14368
7727 14393
7727 14494
7738 12235
7774 3307
7774 7987
7774 12207
7783 3095
7783 3117
7783 4488
7783 5864
7783 6579
7783 6581
7783 7143
7783 7433
7783 8381
7783 8703
7783 8867
7783 8932
7783 8975
7783 9239
7783 9994
7783 11522
7783 12918
7807 12208
7823 219
7823 258
7823 259
7823 261
7823 350
7823 1086
7823 3093
7823 5117
7823 9271
7823 12257
7823 13848
7823 13851
7829 255
7829 711
7829 1399
7829 2242
7829 3547
7829 12163
7829 12705
7829 13854
7829 13855
7829 13856
7829 13857
7829 13858
7829 13859
7829 13860
7829 14361
7829 14391
7873 768
7873 1243
7873 2668
7873 3195
7873 11198
7873 11316
7873 13879
7873 13880
7873 13881
7873 13882
7873 13883
7873 13885
7873 13886
7873 14312
7873 14313
7874 2039
7874 5296
7874 5297
7874 12258
7874 13878
7874 14373
7874 14374
7874 14385
7880 7280
7931 10515
7931 13441
7932 10299
7933 9711
7939 7938
7939 9463
7939 11034
7947 10587
8003 551
8003 4136
8003 4420
8003 7752
8018 1694
8018 9053
8082 1796
8082 3342
8082 9051
8082 11473
8082 11554
8082 13816
8082 13817
8082 13818
8082 14389
8087 2056
8087 2963
8087 4405
8087 11517
8087 12483
8087 13789
8087 13806
8087 13807
8087 13808
8087 13809
8087 14394
8087 14395
8089 583
8089 1507
8089 1576
8089 1813
8089 1839
8089 2075
8089 2220
8089 3044
8089 3193
8089 5633
8089 5721
8089 6163
8089 7235
8089 7487
8089 7490
8089 7826
8089 8087
8089 8174
8089 8514
8089 8919
8089 10823
8089 11524
8089 11652
8089 12022
8089 12904
8089 12914
8089 13185
8089 13478
8089 13808
8089 14021
8089 14321
8092 2016
8092 3961
8092 4693
8092 6280
8092 7059
8092 7640
8092 7903
8092 8264
8092 9000
8092 9398
8092 9602
8092 9863
8092 11381
8092 11621
8092 11622
8092 11633
8092 11634
8092 11799
8092 12046
8092 12181
8092 12182
8092 12183
8092 12989
8092 13494
8092 14038
8092 14066
8099 432
8099 803
8099 874
8099 1051
8099 1213
8099 1287
8099 1391
8099 1673
8099 1833
8099 1968
8099 1994
8099 2059
8099 2061
8099 2063
8099 2065
8099 2129
8099 2157
8099 2214
8099 2233
8099 2318
8099 2334
8099 2527
8099 2553
8099 2676
8099 2901
8099 3266
8099 3339
8099 3561
8099 3687
8099 3790
8099 3973
8099 4145
8099 4175
8099 4213
8099 4501
8099 4524
8099 4544
8099 4603
8099 4608
8099 4681
8099 4823
8099 4907
8099 5429
8099 5533
8099 5554
8099 5704
8099 5872
8099 5917
8099 6042
8099 6636
8099 6795
8099 7241
8099 7258
8099 7316
8099 7353
8099 7591
8099 7712
8099 8428
8099 8722
8099 9360
8099 9481
8099 9842
8099 9886
8099 10212
8099 10520
8099 11070
8099 11286
8099 11303
8099 11509
8099 11510
8099 11644
8099 11663
8099 11668
8099 11727
8099 11750
8099 11786
8099 11815
8099 11816
8099 11817
8099 11818
8099 11975
8099 11978
8099 11985
8099 11986
8099 11988
8099 11990
8099 11992
8099 11998
8099 12014
8099 12022
8099 12027
8099 12037
8099 12038
8099 12039
8099 12040
8099 12041
8099 12043
8099 12044
8099 12049
8099 12054
8099 12058
8099 12100
8099 12101
8099 12102
8099 12124
8099 12125
8099 12156
8099 12157
8099 12159
8099 12370
8099 12851
8099 13357
8099 13487
8099 13811
8099 13812
8099 14425
8099 14426
8099 14430
8099 14431
8099 14434
8099 14437
8099 14444
8099 14445
8099 14446
8099 14447
8099 14449
8101 5206
8101 7243
8101 9427
8102 3314
8102 12959
8104 4208
8104 4858
8104 5746
8104 14424
8136 789
8136 8379
8136 9827
8136 10404
8136 12123
8142 11488
8146 1960
8146 2687
8146 3179
8146 4393
8146 11394
8146 11864
8146 13258
8146 14458
8178 9527
8178 13482
8200 9980
8241 4105
8246 5783
8246 7410
8246 11345
8246 13819
8247 10
8247 1761
8247 2360
8247 2397
8247 6457
8247 6590
8247 11483
8247 12259
8247 12760
8247 12850
8247 13470
8247 13784
8247 13785
8247 13786
8247 13787
8247 13790
8247 13791
8247 13792
8247 13793
8247 13794
8247 13795
8247 13796
8247 13797
8247 13798
8247 13799
8247 13800
8247 13801
8247 13802
8247 13803
8247 13804
8247 13805
8247 14061
8247 14117
8247 14399
8247 14400
8247 14401
8247 14402
8247 14403
8247 14404
8247 14405
8247 14406
8247 14407
8247 14411
8247 14412
8247 14413
8247 14414
8247 14415
8247 14416
8247 14417
8247 14419
8247 14420
8248 3395
8248 4481
8248 11732
8248 11934
8248 13285
8248 13781
8248 13783
8248 14421
8249 263
8249 1800
8249 3503
8249 3606
8249 4563
8249 4564
8249 4745
8249 5010
8249 11082
8249 12212
8249 12260
8249 13002
8249 13028
8249 13257
8249 13776
8249 13777
8249 13778
8249 13779
8249 13780
8249 13952
8249 14453
8249 14454
8249 14455
8249 14457
8250 3013
8250 3751
8250 13774
8250 14482
8250 14483
8250 14484
8251 1730
8251 2141
8251 3096
8251 7857
8251 9292
8251 9850
8251 11781
8251 11855
8265 8932
8265 8975
8265 9231
8265 12822
8270 1259
8270 1260
8321 12814
8330 3314
8330 8102
8333 1039
8333 2274
8333 2338
8333 2569
8357 816
8357 860
8357 1337
8357 1610
8357 1711
8357 1810
8357 1860
8357 1930
8357 1971
8357 2038
8357 2053
8357 2055
8357 2075
8357 2207
8357 2346
8357 2896
8357 3293
8357 4137
8357 4313
8357 5042
8357 5513
8357 6289
8357 6297
8357 7824
8357 10065
8357 11604
8357 12443
8357 12622
8357 12904
8357 13173
8357 13174
8357 13175
8357 13176
8357 13177
8357 13178
8357 13179
8357 13180
8357 13181
8357 13182
8357 13183
8357 13184
8357 13298
8357 13455
8357 13744
8357 13951
8357 13968
8357 13986
8357 14109
8357 14289
8357 14291
8357 14292
8357 14293
8357 14294
8357 14295
8357 14296
8357 14319
8357 14320
8357 14321
8357 14322
8357 14323
8357 14324
8357 14325
8357 14326
8357 14327
8357 14328
8357 14329
8357 14330
8357 14331
8357 14332
8363 1646
8363 1725
8363 2120
8363 2125
8363 3878
8363 4283
8363 4637
8363 8909
8363 11556
8363 11557
8363 11558
8363 13722
8363 13723
8363 13724
8363 13725
8363 13726
8363 13727
8363 13728
8363 13729
8363 13730
8363 13731
8363 13732
8363 14526
8363 14527
8363 14528
8363 14529
8366 265
8366 1689
8366 2149
8366 2211
8366 2395
8366 2526
8366 2528
8366 2529
8366 3934
8366 4099
8366 4291
8366 4546
8366 4590
8366 5116
8366 5480
8366 6142
8366 6214
8366 6272
8366 7270
8366 8370
8366 8419
8366 9688
8366 12288
8366 13734
8366 13735
8366 13737
8366 13738
8366 13756
8366 13757
8366 13758
8366 13759
8366 13760
8366 13761
8366 13762
8366 13763
8366 13764
8366 13767
8366 13768
8366 13769
8366 13770
8366 13771
8366 13772
8366 14485
8366 14486
8366 14489
8366 14490
8366 14504
8366 14507
8366 14510
8366 14511
8366 14512
8366 14513
8366 14514
8366 14515
8369 38
8369 438
8369 439
8369 681
8369 908
8369 909
8369 910
8369 911
8369 912
8369 922
8369 940
8369 941
8369 942
8369 953
8369 1398
8369 1568
8369 1576
8369 1600
8369 1688
8369 2560
8369 2947
8369 3038
8369 3041
8369 3044
8369 3464
8369 6472
8369 8371
8369 8890
8369 10024
8369 10093
8369 10765
8369 12445
8369 12766
8369 13086
8369 13591
8369 14288
8371 1398
8378 9826
8378 11919
8378 14461
8378 14464
8378 14465
8378 14468
8378 14470
8378 14471
8378 14474
8378 14475
8378 14481
8414 266
8414 2713
8414 3954
8414 5725
8414 12262
8414 13285
8414 13733
8414 14516
8414 14518
8414 14519
8414 14521
8438 160
8438 1188
8438 2128
8438 2254
8438 3208
8438 3855
8438 4609
8438 5243
8438 5259
8438 5498
8438 5677
8438 6559
8438 7136
8438 8159
8438 8165
8438 8505
8438 8583
8438 8744
8438 9210
8438 9292
8438 9591
8438 9598
8438 9932
8438 11338
8438 11341
8438 11465
8438 12771
8438 13611
8502 3072
8502 3540
8502 7305
8502 7998
8502 9363
8502 9973
8502 10881
8502 10882
8502 10945
8502 13741
8512 1733
8512 4181
8512 6887
8512 7381
8512 12417
8512 13471
8514 12195
8518 7536
8518 14019
8523 13458
8529 5259
8529 5677
8529 6135
8529 7136
8529 8165
8529 8438
8529 12771
8542 1684
8542 3057
8542 3380
8542 6705
8542 7293
8542 8258
8542 8321
8542 8632
8542 8815
8542 9437
8542 11717
8542 13822
8542 14409
8572 127
8572 269
8572 552
8572 715
8572 868
8572 1559
8572 1762
8572 1812
8572 1816
8572 3936
8572 4096
8572 4390
8572 4415
8572 4973
8572 5043
8572 5362
8572 5788
8572 6100
8572 7261
8572 7428
8572 7797
8572 8857
8572 9189
8572 9823
8572 10246
8572 10439
8572 10719
8572 10721
8572 10722
8572 10723
8572 10725
8572 10733
8572 10736
8572 11046
8572 11494
8572 11903
8572 12197
8572 12263
8572 12287
8572 12312
8572 13259
8572 13403
8572 13406
8572 13562
8572 13563
8572 13698
8572 13699
8572 13700
8572 13701
8572 13702
8572 13703
8572 13704
8572 13705
8572 13706
8572 13707
8572 13708
8572 13709
8572 13710
8572 13711
8572 13712
8572 13713
8572 13714
8572 13715
8572 13716
8572 13717
8572 13718
8572 13719
8572 13720
8572 13721
8572 14116
8572 14531
8572 14532
8572 14534
8572 14537
8572 14538
8572 14539
8572 14540
8591 1028
8591 1203
8591 2019
8591 2225
8591 2284
8591 2442
8591 2909
8591 5741
8591 8442
8605 2102
8605 3225
8605 7709
8605 9996
8657 10490
8703 9994
8744 2411
8797 4081
8805 12805
8815 3057
8815 3380
8815 6705
8815 14409
8853 4084
8853 6611
8853 7933
8853 9711
8857 1812
8857 2306
8857 5043
8857 11494
8864 1378
8864 1480
8864 3136
8864 7938
8864 7939
8864 9463
8864 14018
8864 14020
8867 11949
8901 1314
8901 2639
8901 3205
8901 3213
8901 3993
8901 4000
8901 5065
8901 5627
8901 7709
8901 9145
8901 12819
8907 1218
8907 1814
8907 5038
8907 10734
8907 10737
8907 10738
8907 11155
8907 13090
8907 13697
8915 4741
8915 9689
8915 10328
8915 11331
8918 1536
8918 7470
8960 1317
8960 7273
8960 12230
9028 7988
9028 9610
9037 600
9051 1797
9079 2509
9079 10183
9079 12132
9084 89
9084 1447
9084 1694
9084 3164
9084 8018
9084 9747
9084 10449
9084 12739
9084 12753
9084 12876
9100 13611
9103 5190
9103 5212
9103 5721
9104 9187
9106 270
9106 2147
9106 10745
9107 1023
9107 1262
9107 1421
9107 1847
9107 1893
9107 2335
9107 2370
9107 2607
9107 3034
9107 3743
9107 7647
9107 8978
9107 10115
9107 11601
9107 13456
9107 14536
9108 477
9108 591
9108 716
9108 1406
9108 2012
9108 2023
9108 2197
9108 4483
9108 5237
9108 5662
9108 8587
9108 9120
9108 9837
9108 9913
9108 13007
9108 13933
9120 12196
9122 482
9124 905
9124 8289
9135 10428
9145 3993
9145 4000
9147 216
9147 1803
9147 3157
9147 5414
9147 11599
9147 11865
9147 11909
9147 12442
9147 12493
9147 13287
9147 13290
9147 13373
9147 13388
9147 13390
9147 13391
9147 13394
9147 13613
9147 14098
9147 14141
9147 14143
9147 14158
9147 14177
9147 14178
9147 14180
9147 14182
9147 14183
9147 14185
9155 41
9155 82
9155 96
9155 99
9155 123
9155 863
9155 971
9155 1170
9155 1449
9155 1604
9155 2667
9155 3121
9155 3140
9155 3142
9155 3158
9155 3409
9155 3831
9155 4288
9155 5469
9155 7035
9155 8445
9155 10679
9155 12317
9155 12541
9155 12901
9155 13371
9155 13955
9155 14209
9164 1231
9164 2717
9164 12871
9164 12883
9183 4725
9183 12385
9211 12135
9216 11163
9220 2310
9226 10971
9239 413
9239 4327
9258 7947
9258 10587
9258 11219
9258 12389
9271 5117
9292 9850
9298 1393
9298 13996
9307 169
9307 1700
9307 3329
9307 4984
9307 6620
9307 8048
9307 10739
9307 10740
9307 10741
9307 10742
9307 10743
9307 10744
9307 12247
9307 12503
9307 13692
9307 13693
9307 13694
9307 13695
9307 13696
9354 1206
9354 3017
9354 7491
9354 10395
9360 9481
9372 557
9372 2299
9372 9849
9398 3961
9398 9000
9398 9602
9398 11381
9398 12989
9415 607
9415 1019
9415 2966
9415 4609
9415 6559
9415 7429
9415 7807
9415 8591
9415 9220
9415 9584
9415 10582
9415 12393
9433 1435
9433 3947
9433 4134
9433 4140
9437 7293
9468 805
9468 12084
9486 7944
9492 47
9492 12273
9508 2316
9508 4330
9508 4617
9508 4618
9508 9020
9508 10919
9508 12852
9508 13676
9530 0
9530 1
9530 2
9530 3
9530 4
9530 5
9530 6
9530 7
9530 8
9530 9
9530 271
9530 272
9530 273
9530 274
9530 275
9530 276
9530 277
9530 278
9530 279
9530 2132
9530 2491
9530 2627
9530 2693
9530 3282
9530 4261
9530 4518
9530 4690
9530 6433
9530 7996
9530 8675
9530 8973
9530 9562
9530 9857
9530 10730
9530 10750
9530 10751
9530 11335
9530 11552
9530 11941
9530 11942
9530 11943
9530 11947
9530 12286
9530 13285
9530 13677
9530 13678
9530 13679
9530 13680
9530 13681
9530 13682
9530 13683
9530 13684
9530 13685
9530 13686
9530 13687
9530 13688
9530 13893
9534 5411
9554 477
9554 561
9554 571
9554 583
9554 590
9554 591
9554 616
9554 716
9554 2012
9554 2180
9554 2197
9554 2220
9554 3566
9554 3802
9554 3818
9554 4483
9554 4495
9554 5237
9554 5633
9554 5662
9554 5721
9554 5728
9554 5887
9554 6157
9554 6163
9554 7627
9554 7747
9554 8089
9554 8174
9554 8514
9554 8523
9554 8587
9554 9108
9554 9120
9554 9201
9554 9203
9554 9208
9554 9597
9554 9837
9554 9883
9554 9913
9554 10416
9554 10543
9554 10823
9554 11520
9554 11524
9554 12914
9554 13007
9554 13401
9554 13775
9557 1049
9557 1050
9557 10770
9557 11242
9564 2140
9578 3406
9594 2994
9594 12234
9629 1039
9629 2274
9629 2338
9629 2343
9629 2569
9629 3989
9629 5342
9629 5409
9629 8333
9629 10746
9629 10747
9629 10748
9629 10749
9629 11261
9629 13689
9629 13690
9629 13691
9629 14062
9676 1901
9676 5527
9676 8797
9676 9502
9676 11347
9688 4517
9711 4084
9722 3169
9722 4558
9722 5699
9722 11421
9756 468
9793 1537
9806 11
9806 12
9806 2154
9806 5412
9806 9876
9806 11940
9806 12977
9806 12978
9806 12981
9806 12982
9806 12983
9806 12984
9806 12985
9806 12986
9806 13386
9806 13399
9808 41
9808 82
9808 83
9808 96
9808 100
9808 101
9808 109
9808 123
9808 128
9808 174
9808 200
9808 207
9808 234
9808 236
9808 245
9808 284
9808 294
9808 295
9808 304
9808 318
9808 323
9808 355
9808 376
9808 446
9808 463
9808 565
9808 712
9808 777
9808 778
9808 807
9808 835
9808 863
9808 927
9808 946
9808 986
9808 1027
9808 1091
9808 1120
9808 1170
9808 1194
9808 1236
9808 1332
9808 1362
9808 1367
9808 1385
9808 1393
9808 1426
9808 1440
9808 1474
9808 1599
9808 1670
9808 1718
9808 1821
9808 1827
9808 1861
9808 1880
9808 1899
9808 1960
9808 2041
9808 2047
9808 2106
9808 2114
9808 2124
9808 2145
9808 2146
9808 2166
9808 2278
9808 2302
9808 2434
9808 2457
9808 2459
9808 2461
9808 2517
9808 2525
9808 2556
9808 2559
9808 2561
9808 2568
9808 2644
9808 2667
9808 2801
9808 2802
9808 2856
9808 2967
9808 3001
9808 3008
9808 3071
9808 3097
9808 3099
9808 3100
9808 3101
9808 3102
9808 3107
9808 3108
9808 3109
9808 3111
9808 3112
9808 3118
9808 3119
9808 3121
9808 3132
9808 3139
9808 3141
9808 3142
9808 3150
9808 3158
9808 3159
9808 3161
9808 3173
9808 3175
9808 3179
9808 3181
9808 3194
9808 3228
9808 3256
9808 3259
9808 3275
9808 3304
9808 3343
9808 3373
9808 3409
9808 3455
9808 3498
9808 3655
9808 3831
9808 3898
9808 3935
9808 4076
9808 4230
9808 4288
9808 4352
9808 4393
9808 4471
9808 4625
9808 4630
9808 4776
9808 5388
9808 5469
9808 5650
9808 5733
9808 5753
9808 6255
9808 6320
9808 6330
9808 6395
9808 6689
9808 6891
9808 7035
9808 7073
9808 7159
9808 7211
9808 7467
9808 7532
9808 7614
9808 7931
9808 8146
9808 8378
9808 8445
9808 8602
9808 8672
9808 8724
9808 8830
9808 9298
9808 9378
9808 9694
9808 9830
9808 9861
9808 10099
9808 10307
9808 10313
9808 10338
9808 10401
9808 10424
9808 10426
9808 10515
9808 10652
9808 10679
9808 10774
9808 10861
9808 10883
9808 11077
9808 11209
9808 11249
9808 11268
9808 11310
9808 11365
9808 11448
9808 11474
9808 11502
9808 11564
9808 11596
9808 11603
9808 11657
9808 11718
9808 11724
9808 11768
9808 11783
9808 11842
9808 11888
9808 11907
9808 11919
9808 11955
9808 11960
9808 12010
9808 12066
9808 12070
9808 12117
9808 12311
9808 12317
9808 12323
9808 12395
9808 12400
9808 12401
9808 12487
9808 12517
9808 12518
9808 12541
9808 12582
9808 12678
9808 12729
9808 12772
9808 12826
9808 12866
9808 12872
9808 12878
9808 12901
9808 12931
9808 12936
9808 12948
9808 12980
9808 13014
9808 13064
9808 13120
9808 13165
9808 13170
9808 13222
9808 13245
9808 13258
9808 13296
9808 13441
9808 13510
9808 13547
9808 13550
9808 13559
9808 13749
9808 13829
9808 13830
9808 13831
9808 13835
9808 13837
9808 13839
9808 13843
9808 13844
9808 13846
9808 13847
9808 13875
9808 13876
9808 13892
9808 13894
9808 13918
9808 13946
9808 13955
9808 13959
9808 13996
9808 14069
9808 14209
9808 14464
9808 14468
9808 14475
9808 14524
9812 6694
9812 8206
9812 9996
9812 10337
9812 11443
9812 11605
9821 12216
9826 14475
9834 9048
9837 10508
9913 12048
9919 9877
9925 14
9925 262
9925 793
9925 859
9925 1813
9925 2535
9925 3075
9925 4109
9925 5431
9925 5660
9925 5833
9925 6209
9925 6961
9925 7776
9925 8500
9925 11905
9925 12272
9925 12396
9925 13159
9925 13645
9925 13653
9925 13654
9925 13656
9925 13657
9925 13658
9925 13659
9925 13660
9925 13661
9925 13662
9925 13663
9925 13664
9925 13665
9925 13666
9925 13667
9925 13668
9925 13669
9925 13670
9925 13671
9925 13672
9925 13673
9925 13674
9925 13675
9973 3540
9974 23
9974 24
9974 281
9974 1045
9974 4809
9974 12266
9974 13636
9974 13810
9979 17
9979 18
9979 19
9979 20
9979 1169
9979 1669
9979 2125
9979 5754
9979 9464
9979 9819
9979 10637
9979 11373
9979 11553
9979 11630
9979 12264
9979 13261
9979 13635
9979 13637
9979 13638
9979 13639
9979 13640
9979 13641
9979 13642
9979 13643
9979 13648
9979 13649
9979 13650
9979 13651
9979 13652
9983 26
9983 27
9983 282
9983 283
9983 1513
9983 1756
9983 4379
9983 5770
9983 6304
9983 11889
9983 12267
9983 13625
9983 13626
9983 13627
9983 13629
9983 13630
9983 13631
9983 13632
9983 13634
9990 6212
9990 6455
10024 3041
10026 4648
10026 12268
10026 13622
10026 13624
10027 150
10027 1693
10027 2411
10027 5536
10027 8744
10038 9961
10055 1060
10055 4537
10055 11482
10079 1564
10079 9468
10079 9531
10079 12084
10079 12086
10084 479
10099 355
10105 3160
10105 12137
10110 11312
10115 2607
10246 13562
10246 13563
10246 13699
10246 13700
10246 13701
10246 13712
10246 13718
10299 8039
10299 8458
10303 4729
10303 5684
10303 10527
10303 14275
10303 14316
10307 304
10307 329
10307 2146
10307 3194
10307 3259
10307 13559
10328 4741
10338 280
10338 452
10338 946
10338 1440
10338 1861
10338 2166
10338 2488
10338 4401
10338 9825
10338 9830
10338 9831
10338 9833
10338 11530
10338 13165
10361 2300
10378 13498
10390 523
10390 2418
10390 2426
10390 6466
10390 7766
10390 8915
10390 9812
10390 11533
10392 5713
10399 4206
10401 13839
10416 1
10416 9
10416 11
10416 12
10416 19
10416 20
10416 21
10416 23
10416 24
10416 26
10416 147
10416 169
10416 216
10416 219
10416 223
10416 231
10416 249
10416 250
10416 251
10416 252
10416 253
10416 255
10416 258
10416 259
10416 260
10416 261
10416 262
10416 264
10416 265
10416 269
10416 272
10416 281
10416 283
10416 310
10416 335
10416 410
10416 478
10416 479
10416 521
10416 552
10416 558
10416 560
10416 692
10416 711
10416 715
10416 768
10416 793
10416 803
10416 816
10416 859
10416 868
10416 869
10416 874
10416 876
10416 893
10416 950
10416 973
10416 1039
10416 1042
10416 1045
10416 1051
10416 1062
10416 1081
10416 1086
10416 1093
10416 1144
10416 1154
10416 1156
10416 1169
10416 1184
10416 1213
10416 1218
10416 1237
10416 1243
10416 1287
10416 1399
10416 1425
10416 1428
10416 1436
10416 1507
10416 1508
10416 1514
10416 1559
10416 1610
10416 1646
10416 1669
10416 1673
10416 1687
10416 1689
10416 1700
10416 1711
10416 1725
10416 1761
10416 1762
10416 1763
10416 1764
10416 1796
10416 1797
10416 1798
10416 1799
10416 1800
10416 1803
10416 1810
10416 1811
10416 1812
10416 1813
10416 1814
10416 1816
10416 1833
10416 1860
10416 1915
10416 1918
10416 1930
10416 1931
10416 1968
10416 1971
10416 1994
10416 2004
10416 2031
10416 2034
10416 2035
10416 2036
10416 2038
10416 2039
10416 2055
10416 2056
10416 2059
10416 2075
10416 2116
10416 2120
10416 2122
10416 2129
10416 2132
10416 2147
10416 2149
10416 2154
10416 2157
10416 2207
10416 2210
10416 2211
10416 2214
10416 2233
10416 2242
10416 2263
10416 2274
10416 2286
10416 2299
10416 2306
10416 2316
10416 2318
10416 2334
10416 2336
10416 2338
10416 2343
10416 2346
10416 2360
10416 2364
10416 2375
10416 2395
10416 2397
10416 2415
10416 2421
10416 2422
10416 2455
10416 2473
10416 2489
10416 2491
10416 2526
10416 2529
10416 2535
10416 2544
10416 2553
10416 2569
10416 2603
10416 2627
10416 2668
10416 2676
10416 2713
10416 2721
10416 2857
10416 2858
10416 2896
10416 2901
10416 2960
10416 2963
10416 3013
10416 3020
10416 3021
10416 3075
10416 3082
10416 3093
10416 3146
10416 3149
10416 3186
10416 3195
10416 3233
10416 3234
10416 3238
10416 3250
10416 3254
10416 3266
10416 3269
10416 3273
10416 3282
10416 3292
10416 3293
10416 3316
10416 3329
10416 3332
10416 3339
10416 3342
10416 3384
10416 3385
10416 3395
10416 3499
10416 3503
10416 3520
10416 3606
10416 3661
10416 3687
10416 3695
10416 3751
10416 3790
10416 3832
10416 3835
10416 3836
10416 3843
10416 3844
10416 3846
10416 3862
10416 3876
10416 3878
10416 3934
10416 3943
10416 3954
10416 3973
10416 3974
10416 3989
10416 4009
10416 4079
10416 4086
10416 4096
10416 4099
10416 4109
10416 4110
10416 4116
10416 4137
10416 4145
10416 4152
10416 4159
10416 4161
10416 4175
10416 4178
10416 4195
10416 4201
10416 4213
10416 4219
10416 4231
10416 4261
10416 4268
10416 4283
10416 4284
10416 4291
10416 4294
10416 4313
10416 4330
10416 4336
10416 4338
10416 4341
10416 4346
10416 4349
10416 4362
10416 4375
10416 4379
10416 4390
10416 4404
10416 4405
10416 4408
10416 4415
10416 4430
10416 4432
10416 4433
10416 4457
10416 4480
10416 4481
10416 4501
10416 4517
10416 4518
10416 4524
10416 4544
10416 4546
10416 4563
10416 4564
10416 4590
10416 4603
10416 4608
10416 4617
10416 4618
10416 4648
10416 4666
10416 4690
10416 4699
10416 4729
10416 4765
10416 4809
10416 4823
10416 4902
10416 4907
10416 4970
10416 4973
10416 4984
10416 5012
10416 5042
10416 5043
10416 5061
10416 5078
10416 5116
10416 5117
10416 5151
10416 5158
10416 5195
10416 5296
10416 5297
10416 5316
10416 5317
10416 5342
10416 5361
10416 5362
10416 5375
10416 5409
10416 5410
10416 5411
10416 5412
10416 5413
10416 5414
10416 5423
10416 5424
10416 5429
10416 5431
10416 5437
10416 5474
10416 5480
10416 5512
10416 5513
10416 5520
10416 5533
10416 5539
10416 5554
10416 5567
10416 5611
10416 5660
10416 5684
10416 5704
10416 5707
10416 5725
10416 5735
10416 5770
10416 5785
10416 5793
10416 5807
10416 5833
10416 5902
10416 5909
10416 5917
10416 5919
10416 6004
10416 6042
10416 6087
10416 6093
10416 6100
10416 6135
10416 6142
10416 6187
10416 6209
10416 6214
10416 6284
10416 6300
10416 6304
10416 6306
10416 6433
10416 6457
10416 6502
10416 6565
10416 6590
10416 6620
10416 6623
10416 6626
10416 6633
10416 6676
10416 6682
10416 6685
10416 6688
10416 6742
10416 6795
10416 6807
10416 6874
10416 6936
10416 6953
10416 6961
10416 6980
10416 6995
10416 7148
10416 7186
10416 7199
10416 7235
10416 7241
10416 7258
10416 7261
10416 7270
10416 7297
10416 7316
10416 7340
10416 7353
10416 7380
10416 7410
10416 7411
10416 7428
10416 7488
10416 7525
10416 7544
10416 7591
10416 7618
10416 7630
10416 7676
10416 7677
10416 7683
10416 7712
10416 7727
10416 7776
10416 7797
10416 7823
10416 7824
10416 7826
10416 7873
10416 7874
10416 7996
10416 8048
10416 8061
10416 8082
10416 8087
10416 8099
10416 8194
10416 8246
10416 8247
10416 8248
10416 8249
10416 8357
10416 8363
10416 8366
10416 8370
10416 8396
10416 8414
10416 8419
10416 8428
10416 8478
10416 8500
10416 8572
10416 8631
10416 8675
10416 8679
10416 8718
10416 8722
10416 8752
10416 8807
10416 8809
10416 8857
10416 8882
10416 8894
10416 8907
10416 8909
10416 8973
10416 9020
10416 9045
10416 9054
10416 9102
10416 9106
10416 9189
10416 9228
10416 9271
10416 9288
10416 9307
10416 9360
10416 9372
10416 9464
10416 9481
10416 9508
10416 9534
10416 9562
10416 9629
10416 9688
10416 9701
10416 9806
10416 9811
10416 9819
10416 9823
10416 9842
10416 9845
10416 9846
10416 9847
10416 9849
10416 9855
10416 9857
10416 9859
10416 9876
10416 9886
10416 9925
10416 9974
10416 9979
10416 9983
10416 10026
10416 10028
10416 10065
10416 10084
10416 10086
10416 10169
10416 10212
10416 10303
10416 10312
10416 10378
10416 10520
10416 10524
10416 10527
10416 10632
10416 10719
10416 10722
10416 10723
10416 10737
10416 10742
10416 10749
10416 10776
10416 10779
10416 10791
10416 10854
10416 10916
10416 10919
10416 11004
10416 11082
10416 11087
10416 11088
10416 11089
10416 11198
10416 11214
10416 11261
10416 11271
10416 11303
10416 11316
10416 11335
10416 11345
10416 11373
10416 11442
10416 11473
10416 11504
10416 11547
10416 11572
10416 11599
10416 11604
10416 11607
10416 11617
10416 11630
10416 11638
10416 11639
10416 11652
10416 11672
10416 11697
10416 11720
10416 11732
10416 11786
10416 11865
10416 11889
10416 11904
10416 11905
10416 11909
10416 11917
10416 11918
10416 11927
10416 11930
10416 11934
10416 11939
10416 11941
10416 11942
10416 11946
10416 11947
10416 11948
10416 11989
10416 12014
10416 12016
10416 12022
10416 12054
10416 12140
10416 12163
10416 12188
10416 12212
10416 12238
10416 12239
10416 12240
10416 12241
10416 12242
10416 12243
10416 12247
10416 12255
10416 12256
10416 12257
10416 12258
10416 12259
10416 12260
10416 12261
10416 12262
10416 12266
10416 12267
10416 12268
10416 12272
10416 12394
10416 12396
10416 12419
10416 12442
10416 12443
10416 12468
10416 12480
10416 12481
10416 12482
10416 12493
10416 12649
10416 12666
10416 12673
10416 12705
10416 12736
10416 12760
10416 12764
10416 12797
10416 12815
10416 12850
10416 12904
10416 12966
10416 12974
10416 13002
10416 13013
10416 13028
10416 13089
10416 13090
10416 13106
10416 13110
10416 13150
10416 13159
10416 13172
10416 13207
10416 13219
10416 13221
10416 13224
10416 13227
10416 13229
10416 13255
10416 13259
10416 13286
10416 13298
10416 13321
10416 13335
10416 13338
10416 13339
10416 13340
10416 13356
10416 13357
10416 13372
10416 13378
10416 13379
10416 13383
10416 13384
10416 13398
10416 13406
10416 13433
10416 13434
10416 13435
10416 13436
10416 13437
10416 13455
10416 13457
10416 13464
10416 13466
10416 13485
10416 13498
10416 13504
10416 13518
10416 13519
10416 13520
10416 13521
10416 13522
10416 13523
10416 13525
10416 13526
10416 13527
10416 13538
10416 13569
10416 13586
10416 13613
10416 13623
10416 13631
10416 13666
10416 13673
10416 13674
10416 13678
10416 13682
10416 13698
10416 13730
10416 13744
10416 13745
10416 13746
10416 13754
10416 13799
10416 13803
10416 13810
10416 13812
10416 13840
10416 13845
10416 13887
10416 13917
10416 13932
10416 13951
10416 13952
10416 13962
10416 13968
10416 13983
10416 13985
10416 13986
10416 14012
10416 14014
10416 14027
10416 14039
10416 14062
10416 14070
10416 14074
10416 14075
10416 14076
10416 14077
10416 14078
10416 14079
10416 14090
10416 14091
10416 14096
10416 14106
10416 14108
10416 14109
10416 14116
10416 14130
10416 14131
10416 14132
10416 14133
10416 14134
10416 14135
10416 14136
10416 14137
10416 14138
10416 14139
10416 14140
10416 14141
10416 14142
10416 14143
10416 14144
10416 14145
10416 14146
10416 14147
10416 14148
10416 14149
10416 14150
10416 14152
10416 14153
10416 14154
10416 14155
10416 14156
10416 14157
10416 14158
10416 14160
10416 14161
10416 14162
10416 14164
10416 14165
10416 14166
10416 14168
10416 14169
10416 14170
10416 14171
10416 14172
10416 14173
10416 14174
10416 14175
10416 14176
10416 14177
10416 14178
10416 14179
10416 14180
10416 14181
10416 14182
10416 14183
10416 14184
10416 14185
10416 14186
10416 14187
10416 14188
10416 14189
10416 14190
10416 14192
10416 14193
10416 14194
10416 14195
10416 14196
10416 14197
10416 14198
10416 14199
10416 14200
10416 14201
10416 14202
10416 14203
10416 14205
10416 14207
10416 14210
10416 14211
10416 14212
10416 14213
10416 14214
10416 14215
10416 14216
10416 14217
10416 14218
10416 14219
10416 14221
10416 14222
10416 14223
10416 14224
10416 14225
10416 14226
10416 14227
10416 14228
10416 14229
10416 14231
10416 14232
10416 14233
10416 14234
10416 14235
10416 14236
10416 14237
10416 14238
10416 14239
10416 14240
10416 14241
10416 14242
10416 14243
10416 14244
10416 14245
10416 14246
10416 14248
10416 14249
10416 14250
10416 14251
10416 14252
10416 14253
10416 14254
10416 14255
10416 14257
10416 14258
10416 14259
10416 14275
10416 14286
10416 14287
10416 14289
10416 14291
10416 14292
10416 14293
10416 14294
10416 14295
10416 14296
10416 14297
10416 14300
10416 14301
10416 14303
10416 14304
10416 14305
10416 14307
10416 14308
10416 14309
10416 14310
10416 14311
10416 14312
10416 14313
10416 14315
10416 14316
10416 14317
10416 14318
10416 14319
10416 14320
10416 14321
10416 14323
10416 14324
10416 14325
10416 14326
10416 14327
10416 14328
10416 14329
10416 14330
10416 14331
10416 14332
10416 14334
10416 14337
10416 14338
10416 14339
10416 14349
10416 14350
10416 14351
10416 14352
10416 14353
10416 14354
10416 14355
10416 14361
10416 14363
10416 14364
10416 14365
10416 14366
10416 14367
10416 14368
10416 14385
10416 14390
10416 14391
10416 14393
10416 14394
10416 14395
10416 14399
10416 14400
10416 14402
10416 14404
10416 14405
10416 14406
10416 14407
10416 14411
10416 14414
10416 14415
10416 14416
10416 14420
10416 14421
10416 14425
10416 14430
10416 14431
10416 14438
10416 14445
10416 14446
10416 14451
10416 14457
10416 14482
10416 14486
10416 14488
10416 14490
10416 14494
10416 14504
10416 14507
10416 14512
10416 14513
10416 14514
10416 14534
10424 1385
10424 3955
10426 1194
10426 3104
10426 3959
10426 13959
10426 14069
10434 1087
10446 7881
10446 8080
10494 680
10494 1054
10494 5730
10525 4407
10525 4629
10525 5384
10525 10935
10525 10979
10525 11503
10525 11804
10526 217
10526 417
10526 2657
10526 11575
10526 14037
10538 11620
10543 4078
10543 12206
10582 520
10582 1771
10582 1792
10582 7197
10582 9395
10582 11719
10582 12378
10652 13918
10725 4973
10742 1700
10742 3329
10746 2343
10750 9562
10765 681
10770 1050
10776 6087
10779 711
10823 386
10823 886
10823 1229
10823 1580
10823 5830
10823 7704
10823 10777
10823 12414
10823 13084
10823 14041
10861 4230
10882 3540
10882 9973
11083 11087
11083 11089
11083 11617
11095 9534
11107 937
11107 12098
11107 12099
11107 12107
11122 2110
11122 6505
11122 9521
11122 11627
11122 14036
11137 1794
11137 1987
11137 2616
11137 6835
11137 8039
11137 10299
11137 11232
11137 11624
11137 12474
11137 12789
11155 1218
11155 5038
11209 12517
11214 6306
11220 11221
11233 7248
11233 7249
11233 12081
11242 5399
11261 5342
11271 11607
11271 12736
11271 12974
11271 13219
11271 14161
11271 14162
11271 14165
11284 11720
11285 11617
11285 13985
11286 4608
11286 6042
11286 6502
11286 7316
11286 12014
11303 2334
11303 2527
11308 5065
11308 11761
11338 144
11338 150
11338 1188
11338 1201
11338 1693
11338 1730
11338 1907
11338 1957
11338 2141
11338 2295
11338 2366
11338 2411
11338 2512
11338 3096
11338 4105
11338 4160
11338 6283
11338 7673
11338 7857
11338 8241
11338 8744
11338 9100
11338 9292
11338 9564
11338 9850
11338 10027
11338 11339
11338 11341
11338 11781
11338 11855
11338 12336
11338 12337
11338 12347
11338 12654
11338 13611
11339 1152
11339 1907
11339 12336
11339 12654
11340 11005
11345 5783
11363 11238
11363 12767
11365 2647
11387 5759
11388 11387
11392 14016
11442 3266
11442 5051
11442 5872
11442 5917
11465 160
11465 776
11465 2148
11465 2254
11465 2599
11465 2919
11465 3124
11465 3855
11465 5352
11465 7524
11465 9890
11465 10038
11465 12320
11465 12589
11465 12600
11465 12601
11465 13495
11468 10303
11468 14316
11469 14315
11470 14317
11471 11504
11473 1796
11474 463
11474 12792
11482 4537
11482 5523
11482 6133
11486 1165
11496 13615
11496 13616
11500 192
11500 835
11500 1426
11500 4352
11500 7211
11500 13245
11509 13812
11509 14446
11509 14447
11510 5429
11510 14431
11517 2057
11517 13789
11517 13841
11517 14394
11520 1737
11520 11598
11522 1289
11522 1509
11522 12220
11523 90
11523 352
11523 353
11523 398
11523 594
11523 595
11523 597
11523 598
11523 705
11523 1329
11523 1947
11523 1950
11523 2161
11523 2357
11523 5819
11523 6176
11523 7728
11523 8296
11523 9263
11523 12790
11523 13019
11523 13027
11523 13354
11523 13400
11523 13443
11523 13553
11523 13916
11523 14092
11523 14094
11524 38
11524 438
11524 439
11524 493
11524 681
11524 802
11524 815
11524 838
11524 905
11524 908
11524 909
11524 910
11524 911
11524 912
11524 922
11524 940
11524 942
11524 953
11524 1349
11524 1398
11524 1480
11524 1567
11524 1568
11524 1573
11524 1576
11524 1600
11524 1688
11524 1844
11524 1927
11524 2391
11524 2560
11524 2697
11524 2874
11524 3038
11524 3041
11524 3042
11524 3044
11524 3136
11524 3314
11524 3464
11524 4208
11524 4858
11524 4910
11524 5206
11524 5746
11524 6472
11524 7243
11524 7691
11524 7938
11524 8101
11524 8102
11524 8104
11524 8105
11524 8289
11524 8371
11524 8530
11524 8864
11524 8890
11524 8919
11524 9124
11524 9427
11524 9463
11524 9874
11524 9877
11524 9878
11524 9919
11524 9954
11524 10024
11524 10076
11524 10093
11524 10765
11524 11070
11524 11887
11524 12142
11524 12445
11524 12754
11524 12766
11524 12959
11524 12962
11524 12987
11524 13086
11524 13087
11524 13591
11524 13877
11524 14018
11524 14020
11524 14021
11524 14022
11524 14424
11533 10958
11533 14219
11537 5628
11537 6804
11537 6805
11537 7457
11537 9104
11537 9822
11538 310
11538 1062
11538 1154
11538 1156
11538 1915
11538 3234
11538 5793
11538 6676
11538 11927
11538 13464
11538 13832
11538 13919
11538 13920
11538 13922
11538 13923
11538 14219
11538 14221
11538 14222
11538 14223
11538 14224
11538 14225
11538 14226
11538 14227
11553 11373
11554 14389
11556 14529
11557 1725
11558 3878
11572 14133
11596 83
11596 3108
11596 6320
11596 11603
11596 12872
11599 231
11599 4457
11599 9845
11603 9861
11604 816
11604 1930
11604 12443
11616 10536
11616 10538
11621 2016
11621 11622
11630 9464
11630 9819
11633 11634
11638 2286
11638 5807
11644 803
11644 1968
11657 927
11657 1718
11657 2561
11657 2568
11657 2634
11657 2801
11657 3132
11657 7073
11657 7532
11663 2061
11665 3876
11672 868
11672 3936
11672 4096
11672 4415
11672 5362
11672 7797
11672 9823
11702 587
11702 599
11702 618
11702 620
11702 1083
11702 1089
11702 2119
11702 2158
11702 2172
11702 2188
11702 2196
11702 2297
11702 2465
11702 3785
11702 4488
11702 4507
11702 4514
11702 5687
11702 5701
11702 5734
11702 5736
11702 7401
11702 7441
11702 7699
11702 7732
11702 7737
11702 7750
11702 7760
11702 7774
11702 7775
11702 8151
11702 8176
11702 8178
11702 8265
11702 8537
11702 8949
11702 9217
11702 9227
11702 9231
11702 9232
11702 9582
11702 9586
11702 9594
11702 9736
11702 9834
11702 10105
11702 10108
11702 10110
11702 11163
11702 11658
11702 12135
11702 12143
11702 12234
11702 12244
11702 12742
11702 12799
11702 12930
11702 13482
11718 3150
11724 777
11724 12401
11724 13014
11732 3395
11733 2324
11758 7881
11758 10101
11764 3343
11768 1827
11768 3960
11768 10883
11773 12256
11781 2295
11786 10212
11816 4544
11817 14426
11818 14425
11888 2047
11888 2106
11888 11955
11888 13170
11903 4390
11905 793
11905 5431
11905 6209
11907 1958
11907 2278
11907 7472
11910 3238
11917 11918
11922 1365
11930 4430
11938 1507
11938 3127
11938 4110
11938 6284
11938 10524
11939 3292
11939 13888
11940 9876
11941 4261
11942 3282
11945 560
11945 4178
11945 5151
11945 5707
11946 13504
11947 4518
11948 9288
11960 480
11960 10401
11960 11061
11960 13837
11978 1051
11989 478
11990 14437
11998 14445
12011 47
12011 49
12011 1258
12011 1259
12011 1733
12011 4181
12011 5713
12011 6887
12011 7381
12011 7747
12011 8512
12011 9492
12011 9773
12011 9953
12011 10392
12011 10536
12011 10538
12011 10562
12011 11238
12011 11276
12011 11363
12011 11416
12011 11496
12011 11540
12011 11570
12011 11620
12011 11696
12011 11785
12011 11915
12011 12520
12011 12657
12011 12767
12011 12859
12011 12997
12011 13337
12011 13345
12011 13348
12011 13370
12011 13430
12011 13438
12011 13471
12011 13488
12011 13497
12011 13573
12011 13601
12011 13609
12011 13615
12011 13616
12011 13930
12016 3292
12022 11985
12043 13487
12046 4529
12046 7059
12049 14434
12070 1362
12079 11883
12100 2063
12117 4776
12124 5429
12132 10183
12138 9048
12143 8310
12156 6636
12159 2065
12163 3547
12163 7525
12183 12113
12185 12693
12185 13186
12185 14038
12217 5316
12230 1317
12232 435
12238 6682
12240 1798
12240 4902
12244 12129
12247 6620
12255 2263
12255 6688
12256 12394
12260 13028
12262 5725
12272 2535
12282 14207
12285 12549
12287 13259
12288 3934
12318 813
12318 1670
12325 2675
12337 1188
12337 1201
12337 1957
12337 2312
12337 2366
12337 2512
12337 4160
12337 12347
12340 858
12340 930
12340 931
12340 932
12340 934
12340 964
12340 966
12340 968
12340 976
12340 1018
12340 1434
12340 4569
12385 4725
12474 8039
12483 13788
12483 13809
12483 14395
12503 8048
12523 3008
12523 3150
12523 11718
12565 13308
12582 13946
12600 13495
12601 2148
12601 5352
12649 1237
12649 5474
12649 8194
12649 9849
12657 13573
12673 2857
12673 2858
12673 4480
12673 5539
12673 6682
12673 8061
12673 12238
12673 13207
12673 13254
12673 13340
12673 13485
12673 14012
12673 14070
12673 14074
12673 14075
12673 14076
12673 14077
12673 14078
12673 14079
12673 14096
12742 14220
12766 2560
12766 3044
12766 3464
12766 9874
12766 10093
12766 12445
12767 1185
12770 155
12770 201
12770 202
12770 1605
12770 1606
12770 8978
12770 10762
12770 11883
12770 12076
12770 12077
12770 12078
12770 12079
12772 2457
12772 3161
12772 4230
12772 10861
12784 5819
12790 705
12815 13433
12815 13434
12815 13435
12815 13436
12815 13437
12815 14106
12820 13582
12826 12729
12852 2316
12871 1231
12872 778
12872 6320
12872 11603
12872 12890
12878 10652
12900 9882
12901 1604
12901 3831
12901 10679
12910 945
12910 1160
12910 1208
12910 2589
12910 2590
12910 2591
12910 2675
12910 3068
12910 5508
12910 6446
12910 8845
12910 8959
12910 11192
12910 12325
12912 562
12912 568
12912 607
12912 745
12912 1203
12912 1248
12912 1315
12912 2161
12912 2273
12912 2284
12912 2310
12912 2442
12912 2909
12912 2966
12912 3095
12912 3117
12912 4420
12912 4609
12912 5741
12912 5864
12912 6176
12912 6545
12912 6559
12912 6579
12912 6581
12912 7143
12912 7153
12912 7429
12912 7433
12912 7728
12912 7734
12912 7769
12912 7807
12912 8142
12912 8381
12912 8542
12912 8583
12912 8591
12912 8703
12912 8867
12912 8960
12912 9079
12912 9164
12912 9220
12912 9239
12912 9415
12912 9581
12912 9584
12912 9821
12912 9862
12912 9994
12912 10480
12912 11522
12912 11523
12912 11533
12912 12216
12912 12918
12912 13016
12912 13018
12912 13119
12916 2601
12916 2674
12916 4083
12916 7030
12918 1429
12918 12918
12924 590
12924 840
12924 5237
12924 5736
12924 13775
12936 2480
12936 2644
12936 2646
12936 2647
12936 3001
12936 3002
12936 3101
12936 3119
12936 3141
12936 3175
12936 3179
12936 11365
12936 11842
12948 1332
12959 3314
12962 1844
12962 2391
12962 3777
12962 13877
12963 14218
12977 11
12980 200
12980 3498
12981 11940
12984 13399
12987 8101
12987 8102
12987 8330
12987 8530
12998 9708
13002 11082
13003 12818
13007 2024
13007 3350
13007 4253
13007 4499
13007 5095
13009 14198
13011 6728
13011 14199
13011 14200
13011 14201
13013 14202
13016 10095
13018 1578
13021 1028
13021 1413
13022 12468
13023 6529
13106 14211
13108 14013
13110 11214
13110 14201
13110 14212
13110 14213
13120 8378
13120 14461
13120 14464
13120 14465
13120 14468
13120 14470
13120 14471
13120 14474
13120 14481
13124 13748
13135 13466
13135 14214
13136 14215
13170 1404
13170 3173
13174 14320
13175 14321
13175 14323
13176 2053
13176 14324
13176 14326
13176 14328
13176 14329
13178 13744
13178 14330
13179 11604
13179 14331
13180 2022
13180 2038
13180 2346
13180 6980
13180 12904
13180 14109
13180 14289
13180 14292
13180 14294
13181 13968
13182 2055
13182 14296
13183 1337
13183 1610
13183 1971
13183 5042
13184 14332
13209 877
13209 1988
13209 8421
13209 13509
13219 4294
13230 949
13231 1245
13231 3793
13231 3844
13231 9510
13231 13227
13231 13335
13231 13383
13231 13398
13255 13485
13286 948
13286 1245
13286 3793
13286 3844
13286 3846
13286 3862
13286 5474
13286 9510
13286 11948
13286 12194
13286 13150
13286 13227
13286 13229
13286 13230
13286 13840
13286 14091
13286 14108
13286 14146
13286 14147
13286 14148
13286 14150
13286 14151
13286 14152
13286 14153
13286 14154
13286 14155
13286 14156
13287 216
13287 1803
13287 3186
13287 3876
13287 5414
13287 11865
13288 14142
13290 12442
13290 14143
13290 14144
13296 986
13296 2459
13296 3132
13296 5388
13296 12678
13318 14145
13335 13457
13335 14171
13339 14079
13340 8061
13345 11416
13345 13348
13371 971
13371 1170
13371 3159
13373 14158
13376 10854
13379 10776
13379 14159
13379 14160
13383 14166
13383 14167
13383 14168
13383 14169
13384 557
13384 9849
13384 14172
13384 14173
13384 14174
13384 14175
13385 13983
13387 14176
13388 14098
13388 14177
13388 14178
13390 3157
13390 13613
13390 14180
13390 14181
13390 14183
13391 13356
13394 12493
13395 14185
13396 14188
13398 14189
13398 14190
13398 14191
13399 13386
13402 14234
13402 14235
13402 14238
13403 13406
13443 13400
13447 12045
13470 6590
13470 8679
13478 4152
13479 12975
13485 4480
13510 2634
13519 13917
13522 14130
13522 14131
13522 14133
13522 14134
13525 12188
13527 13917
13527 14135
13528 223
13528 2030
13528 2034
13528 2596
13528 3149
13528 14193
13528 14194
13529 2031
13529 2035
13529 11930
13530 3250
13531 2036
13532 2037
13532 13586
13559 2559
13562 2306
13562 8857
13583 13575
13601 9953
13609 11540
13615 10392
13622 11291
13627 1756
13630 282
13632 26
13636 12266
13637 13261
13638 10637
13642 19
13648 18
13649 17
13649 11630
13660 4109
13662 2116
13662 3075
13664 7776
13668 14
13668 13669
13669 5833
13672 8500
13672 12396
13674 13444
13675 13662
13677 11335
13677 14356
13678 11942
13678 13893
13679 5
13680 0
13680 11942
13685 271
13685 10730
13686 271
13687 10751
13688 11947
13689 11261
13690 14062
13691 8333
13695 12503
13696 10740
13697 10734
13697 10738
13697 11155
13698 10736
13699 10733
13704 10725
13707 10722
13708 12764
13709 269
13709 10721
13710 10719
13713 14539
13714 12263
13715 14538
13716 14537
13717 14534
13721 14531
13725 11558
13727 4637
13729 14527
13738 14515
13745 1184
13745 4336
13745 5061
13746 4765
13749 712
13749 1474
13749 13559
13754 10632
13756 14514
13759 265
13760 9688
13764 14504
13767 2529
13770 2528
13770 14489
13774 14482
13776 264
13776 12260
13777 263
13777 13257
13779 14451
13781 11934
13783 11732
13785 12760
13785 14419
13785 14420
13790 14417
13792 14415
13793 14413
13793 14414
13794 14411
13794 14412
13795 1021
13795 12259
13795 13470
13797 14405
13797 14407
13799 12850
13799 14401
13799 14403
13799 14404
13802 14061
13803 10
13803 14398
13803 14399
13803 14400
13806 2057
13806 13841
13807 2963
13808 14394
13808 14395
13809 2056
13810 4809
13840 3273
13840 12140
13844 9146
13845 2336
13848 9271
13851 259
13855 255
13857 10779
13858 14391
13861 4219
13861 14355
13861 14390
13862 10084
13864 14353
13865 14349
13865 14351
13868 14337
13869 252
13869 7630
13876 9726
13876 13843
13877 1844
13881 14313
13883 11316
13885 11198
13887 6633
13889 14297
13893 6433
13895 7247
13896 14285
13897 4195
13898 4432
13899 14286
13901 12242
13902 5902
13902 14253
13903 4009
13905 14248
13905 14249
13906 12241
13910 14243
13911 14239
13911 14240
13912 14232
13912 14234
13913 14234
13913 14235
13913 14236
13914 2489
13914 14042
13914 14232
13915 14230
13919 14221
13922 310
13923 14222
13927 2721
13927 13221
13930 13370
13930 13430
13934 12239
13943 12144
13962 5437
13983 5622
13986 2207
13986 4137
14013 335
14014 3254
14020 3136
14022 9878
14042 2489
14042 4699
14077 2857
14092 1950
14096 2858
14132 14133
14140 2415
14147 6187
14147 7297
14149 947
14153 3695
14154 4338
14162 5012
14165 7618
14176 3835
14179 1436
14182 3832
14196 4159
14196 5158
14196 13338
14196 14039
14197 12966
14208 13504
14219 6676
14236 3021
14245 3082
14251 3316
14255 2364
14285 1763
14287 521
14288 8890
14301 6953
14305 5078
14308 5410
14309 1093
14310 4284
14312 2668
14316 4375
14331 1918
14337 4346
14338 2415
14338 11639
14338 12239
14338 13934
14338 14137
14338 14138
14338 14139
14338 14140
14343 2295
14352 9855
14352 11572
14352 12188
14352 12217
14352 13518
14352 13520
14352 13521
14352 13522
14352 13523
14352 13524
14352 13525
14352 13526
14352 13527
14352 14130
14352 14131
14352 14132
14352 14134
14352 14135
14352 14136
14356 9857
14356 11335
14362 7411
14362 9811
14374 5297
14381 5296
14402 2397
14409 6705
14409 8258
14421 4481
14437 1213
14444 2455
14454 1800
14454 4564
14457 13569
14458 3179
14482 3013
14483 3751
14494 11299
14501 10414
14514 5116
14537 7428
