14541 14541 3219
38 2073
38 2578
38 7672
55 1020
55 2073
55 4100
55 8782
55 12057
127 4366
127 4436
127 6125
127 7672
127 9096
127 12057
134 2400
134 2578
144 2400
144 4436
144 6125
144 7374
147 434
147 1020
147 1992
147 2578
147 3129
147 3982
147 4436
147 4595
147 6420
147 7246
147 7798
147 8497
147 8504
147 8746
147 9096
147 10735
147 12324
147 14360
169 1228
169 4595
169 10735
169 12348
192 2400
192 3129
192 3847
192 7798
227 2073
227 4447
227 10735
227 12324
227 13994
231 2073
231 3847
231 3982
231 4447
231 5778
231 6840
231 7246
231 7672
231 7674
231 8497
231 10735
231 12324
231 13025
231 14359
236 7672
280 4436
280 7672
323 2073
323 4447
335 11651
355 4366
355 7369
355 8510
355 12057
373 4538
373 6125
373 7798
402 4595
402 7798
402 8504
410 6125
410 7374
435 7374
452 7374
468 2073
468 4436
468 4595
468 5778
468 6125
468 7374
468 7672
468 7798
468 8504
468 10735
468 13994
478 2073
478 6125
478 6840
478 7246
478 8746
478 13606
479 4447
479 5071
480 6420
480 13025
505 13606
505 14359
521 434
521 1020
521 2073
521 3982
521 4366
521 5742
521 7798
521 8497
521 10631
521 12324
547 3847
547 6523
547 9096
552 3129
552 8746
552 12752
558 6523
558 12794
560 2073
560 2400
560 2578
560 7672
560 7696
560 8746
560 12324
681 4595
681 5778
681 7365
681 7374
681 12057
711 2073
711 4436
715 5742
715 8504
715 8908
768 1992
768 4436
793 3982
793 7246
793 10631
793 10735
815 2073
815 2578
815 3347
815 4366
815 4436
815 4595
815 5181
815 5778
815 6523
815 6840
815 7374
815 7469
815 8504
815 8746
815 12057
815 12348
816 3106
816 4447
816 8746
837 42
837 434
837 1020
837 1228
837 1831
837 1990
837 1992
837 2073
837 2578
837 3847
837 3982
837 4436
837 4447
837 4595
837 6125
837 6523
837 6896
837 7246
837 7672
837 7696
837 7798
837 8746
837 9096
837 9553
837 12057
837 12324
837 12348
837 12752
849 8504
849 12057
849 13408
855 7674
859 1992
859 3129
859 3847
859 4436
859 8497
859 8504
859 8908
859 12057
859 12752
860 1831
860 4366
860 4436
860 5778
860 7672
860 8746
860 12057
868 7374
869 4436
869 6125
869 7672
874 2998
874 3847
874 7674
874 14359
876 3847
876 6523
877 8504
893 1992
893 3982
893 4366
893 4436
893 6896
893 10631
893 12324
893 12348
946 4436
946 6125
946 7672
971 6945
971 7798
971 12057
971 13408
973 6125
973 8746
1042 6125
1045 4538
1045 7672
1045 10631
1081 5742
1081 6125
1081 7365
1081 7672
1081 8746
1081 9096
1086 10735
1134 314
1134 5071
1144 5071
1144 6896
1144 7674
1144 10695
1144 12057
1152 434
1152 2073
1152 4436
1152 6125
1152 7374
1152 8504
1152 8746
1152 9160
1152 13606
1154 3847
1154 7672
1154 8504
1154 9096
1156 9096
1171 4436
1194 4366
1201 2073
1201 5750
1201 5778
1201 7696
1201 8510
1201 9109
1203 4436
1213 1992
1213 2073
1213 2400
1213 2578
1213 3982
1213 4595
1213 7246
1213 7672
1213 7798
1213 8504
1218 434
1218 1020
1218 2073
1218 2700
1218 3129
1218 4366
1218 4436
1218 4538
1218 4595
1218 5313
1218 5778
1218 6125
1218 6523
1218 7369
1218 7672
1218 7696
1218 7798
1218 8139
1218 8504
1218 9096
1218 12057
1218 13408
1218 13994
1231 3741
1231 4595
1231 7798
1231 13408
1236 1992
1236 2400
1236 2578
1236 4436
1236 4538
1236 5742
1236 6125
1236 7672
1236 10341
1236 12057
1237 3982
1237 5181
1237 10735
1238 1992
1238 2073
1238 6420
1238 7246
1238 7672
1243 2073
1243 6125
1243 7672
1243 8504
1249 6896
1249 8510
1249 10631
1287 3129
1287 4366
1287 5778
1287 6125
1287 8497
1287 8746
1287 12057
1305 4436
1317 1020
1317 4595
1317 5742
1317 7798
1317 8504
1332 2400
1361 2073
1377 6125
1377 7425
1377 7672
1377 7696
1377 7798
1377 8504
1377 8510
1377 11305
1398 2946
1398 7798
1398 9096
1398 9160
1399 434
1399 7672
1399 7674
1399 8497
1404 3847
1404 4366
1404 7674
1404 8504
1404 12057
1421 2073
1421 2400
1421 6420
1421 7798
1421 12324
1425 2073
1425 2578
1425 3982
1425 6125
1425 8746
1436 434
1436 1831
1436 1992
1436 2073
1436 2578
1436 4366
1436 4436
1436 4447
1436 4595
1436 5181
1436 5664
1436 5742
1436 6125
1436 6523
1436 7672
1436 8504
1436 11651
1436 12057
1440 4538
1440 7374
1449 2073
1449 7696
1507 5778
1507 6125
1536 5778
1543 13361
1551 6770
1551 8503
1551 13025
1558 2073
1558 6125
1558 7696
1558 8746
1559 434
1559 4436
1559 5778
1559 6125
1559 8497
1559 8504
1604 2073
1646 2073
1646 3982
1646 4447
1646 6840
1669 2073
1669 4595
1669 8504
1669 8746
1669 9096
1669 12324
1669 12348
1669 14359
1670 4436
1673 8619
1678 2073
1678 4436
1678 5742
1678 5778
1678 7672
1678 8497
1678 8504
1687 5742
1687 5778
1687 8139
1689 4595
1689 7672
1689 11651
1693 1020
1693 4436
1693 5742
1693 7672
1693 8510
1711 3982
1711 4595
1711 7246
1711 10631
1725 434
1725 2073
1725 2578
1725 4595
1725 8746
1725 10631
1725 12324
1761 10735
1761 12324
1762 434
1762 2578
1762 4595
1762 10735
1763 2073
1763 2400
1763 3847
1763 3982
1763 4436
1763 4447
1763 6125
1763 6840
1763 6896
1763 7672
1763 7798
1763 8504
1763 12057
1763 12324
1763 13025
1764 42
1764 1020
1764 2073
1764 2578
1764 4366
1764 4436
1764 4595
1764 5778
1764 6896
1764 7246
1764 7672
1764 7674
1764 7696
1764 7798
1764 8497
1764 8746
1764 10631
1764 10735
1764 12348
1796 2400
1796 5778
1796 8497
1797 4538
1797 4595
1798 2946
1798 3614
1798 5071
1798 9109
1798 12348
1799 1831
1799 2073
1799 4595
1799 6125
1799 6770
1799 7672
1799 8504
1799 10631
1799 10735
1799 12348
1800 434
1800 1831
1800 1992
1810 434
1810 1992
1810 4436
1810 5742
1810 7246
1810 9096
1810 10735
1810 12324
1810 12348
1811 2400
1811 4436
1811 6896
1811 7246
1811 7798
1811 8746
1811 10735
1812 434
1812 1228
1812 2073
1812 2578
1812 3982
1812 4366
1812 4436
1812 4538
1812 4595
1812 7469
1812 7696
1812 7798
1812 10631
1812 12324
1813 434
1813 1228
1813 2073
1813 2578
1813 4538
1813 4595
1813 7798
1813 9091
1813 12324
1814 6125
1814 10735
1814 12057
1815 3982
1815 4436
1815 5181
1815 6125
1815 7374
1815 8497
1816 3982
1816 4436
1816 8504
1816 10735
1816 12324
1816 12348
1821 1665
1821 2578
1821 8510
1821 8782
1833 3982
1833 4436
1833 12348
1839 3129
1839 4366
1839 4436
1839 5181
1839 5778
1839 6125
1839 6523
1839 7672
1839 8497
1839 12057
1839 12752
1844 4436
1844 6125
1844 8746
1844 12057
1844 13606
1860 6125
1860 12752
1861 5664
1861 7696
1918 434
1918 1020
1918 1831
1918 3129
1918 3847
1918 4366
1918 4436
1918 6125
1918 8497
1918 8782
1918 12057
1930 1831
1930 2073
1930 2578
1930 4436
1930 4538
1930 4595
1930 5742
1930 6523
1930 11651
1930 12324
1930 12348
1968 1992
1968 2073
1968 5778
1968 6125
1968 7369
1968 8497
1968 8504
1968 9096
1989 434
1989 1831
1989 7246
1989 7369
1989 7374
1989 8504
1989 8746
1994 1831
1994 3847
1994 4436
1994 6125
1994 8497
1994 8746
2004 4595
2004 8392
2016 7696
2075 434
2075 1020
2075 1991
2075 1992
2075 2073
2075 4366
2075 4436
2075 5750
2075 5778
2075 6125
2075 7365
2075 7369
2075 7672
2075 8497
2075 8504
2075 12057
2075 13994
2105 4595
2116 6896
2116 7374
2120 1990
2120 2073
2120 4436
2120 6896
2120 8497
2120 8504
2120 8736
2120 10631
2120 10735
2129 7374
2132 1228
2132 3129
2132 3982
2132 4538
2132 4595
2132 7672
2132 7798
2132 8504
2147 1992
2147 8245
2149 2578
2149 12324
2154 434
2154 7672
2160 434
2160 2073
2160 7369
2160 7672
2166 7672
2167 2073
2167 3982
2167 4165
2167 4447
2167 4595
2167 6125
2167 7374
2167 8121
2167 8497
2167 8746
2167 9096
2167 9797
2167 12324
2167 12752
2167 13408
2176 5181
2176 6420
2207 2073
2207 7369
2207 8504
2211 3982
2211 5778
2211 8746
2211 9096
2211 10735
2214 4595
2218 2073
2218 8746
2218 10735
2233 3129
2233 7374
2242 4436
2242 6523
2254 2073
2254 6125
2254 6420
2254 8504
2254 8746
2254 12057
2263 2578
2263 3982
2263 4436
2263 5742
2263 6523
2263 6718
2263 7798
2263 9096
2263 12817
2274 2073
2274 2400
2274 2578
2274 7374
2274 7696
2274 7798
2274 12324
2286 2073
2286 4165
2286 6125
2286 7672
2286 7798
2295 1992
2295 4436
2295 13408
2299 3847
2299 5181
2299 6523
2299 7798
2299 8497
2299 8504
2299 8746
2299 9096
2299 10106
2299 12324
2306 1992
2306 3847
2306 4595
2310 2400
2310 4366
2310 4436
2310 4595
2310 7696
2310 8746
2310 9096
2310 9109
2316 434
2316 2073
2316 4595
2316 6523
2316 7672
2316 7674
2316 7696
2316 7798
2316 8746
2316 12057
2316 12324
2318 4366
2318 4436
2318 5778
2318 6125
2318 8746
2336 434
2336 1992
2336 2073
2336 2578
2336 4436
2336 5181
2336 5861
2336 6840
2336 7672
2336 7674
2336 7798
2336 8497
2336 9091
2336 12057
2336 12348
2336 12752
2336 14360
2338 7674
2343 1020
2343 1228
2343 2578
2343 4595
2343 7696
2343 7798
2343 8746
2343 10735
2343 12324
2360 2073
2360 2578
2360 4538
2360 4595
2360 7672
2360 7798
2360 8504
2364 1992
2364 3982
2364 6896
2364 10106
2364 10631
2375 9096
2394 4538
2394 4595
2394 8504
2394 10735
2395 1992
2395 4366
2395 4436
2395 4447
2395 6896
2395 8504
2395 8746
2395 10106
2395 10631
2395 10735
2397 2073
2415 1228
2415 7246
2415 7672
2415 8496
2415 12324
2415 12348
2421 10735
2421 12324
2422 4436
2422 5778
2422 7672
2422 8522
2422 8782
2422 12752
2442 6125
2442 8746
2455 3129
2455 4366
2455 6534
2455 8497
2455 8746
2473 434
2473 1228
2473 1992
2473 4538
2473 4595
2473 5071
2473 7696
2473 8497
2473 12324
2488 4436
2488 8782
2488 9119
2488 12057
2489 6896
2489 7365
2517 3129
2535 6840
2535 10735
2536 1831
2536 4436
2536 5778
2536 6125
2536 7374
2536 7696
2536 8497
2536 9109
2536 11667
2544 1990
2544 3982
2544 4366
2544 4595
2544 6125
2544 7672
2544 8746
2544 10735
2544 12324
2553 434
2553 4436
2553 4447
2553 6523
2553 8497
2553 8504
2553 8782
2553 9096
2559 1992
2559 2073
2569 7246
2603 1990
2603 7246
2603 10735
2603 12057
2607 8504
2612 2073
2612 8497
2612 8504
2612 12324
2627 10631
2627 10735
2627 12057
2627 12324
2634 6125
2634 7674
2634 9096
2644 3129
2644 3847
2647 3129
2647 8510
2668 1992
2668 4436
2668 5778
2668 7672
2668 8504
2668 8746
2668 9093
2675 2073
2675 4366
2675 4436
2675 4595
2675 7696
2675 8746
2675 9091
2676 4436
2676 7672
2676 7674
2676 10631
2676 10735
2687 7374
2687 10735
2713 3847
2713 4366
2713 4436
2713 4595
2713 6125
2713 6896
2713 7246
2713 7374
2806 434
2806 1020
2806 1992
2806 2073
2806 2400
2806 2578
2806 4366
2806 4436
2806 4538
2806 4595
2806 5742
2806 5778
2806 6125
2806 6420
2806 7365
2806 7369
2806 7672
2806 7798
2806 8497
2806 8504
2806 9096
2806 10631
2806 11667
2806 12057
2806 12324
2806 12752
2818 1020
2818 1228
2818 1831
2818 1992
2818 2073
2818 2400
2818 3129
2818 3347
2818 3982
2818 4165
2818 4366
2818 4436
2818 4538
2818 4595
2818 5181
2818 5313
2818 5750
2818 5778
2818 6125
2818 6420
2818 6523
2818 6840
2818 6896
2818 7369
2818 7374
2818 7696
2818 7798
2818 8139
2818 8497
2818 8504
2818 8522
2818 8746
2818 9096
2818 10106
2818 11651
2818 12057
2818 12324
2818 12752
2818 14359
2857 1228
2857 2578
2857 4538
2857 4595
2857 6896
2857 7798
2857 8504
2857 12348
2858 434
2858 12324
2896 7696
2901 7374
2909 4436
2909 5750
2909 7672
2909 8497
2909 8746
2909 9109
2909 10631
2909 12057
2909 13994
2954 8510
3002 4436
3002 6896
3002 10631
3008 434
3008 4436
3008 4538
3008 4595
3013 1228
3013 6420
3017 7369
3017 8504
3017 10735
3020 4595
3020 5778
3020 7246
3020 9160
3020 10735
3020 12324
3021 8746
3021 12057
3034 4436
3034 8746
3038 434
3038 8746
3042 1992
3042 13606
3075 434
3075 2400
3082 3129
3082 4447
3082 4595
3082 8504
3082 10735
3082 12324
3103 7798
3103 12308
3136 7374
3150 9091
3186 7374
3195 4366
3195 9096
3213 4436
3213 6896
3213 8497
3213 8504
3223 7374
3226 8746
3233 1992
3233 4436
3233 6125
3233 6420
3233 6523
3233 8746
3233 10106
3233 12348
3233 13606
3233 14360
3234 1228
3234 3129
3234 6896
3234 7672
3234 8337
3234 8497
3234 8746
3234 10735
3234 12324
3236 7374
3236 7696
3236 8504
3236 13994
3238 1992
3238 2073
3238 2400
3238 3982
3238 4436
3238 4595
3238 6896
3238 7696
3238 8496
3238 8497
3238 9096
3238 9160
3238 10735
3238 11651
3238 12324
3266 2400
3266 4595
3266 7246
3266 7798
3266 8504
3269 8746
3273 7674
3273 7798
3282 7672
3285 13606
3292 6523
3292 7374
3293 3982
3293 4595
3293 7246
3293 7798
3293 12324
3311 8746
3311 10735
3314 2400
3316 4436
3316 10735
3316 12324
3323 6896
3329 7672
3329 8497
3332 2578
3332 4595
3332 5742
3332 5778
3332 6125
3332 7672
3332 12057
3339 8503
3339 14359
3384 2578
3384 4366
3384 8504
3384 10631
3384 12324
3385 5181
3385 12348
3395 1831
3395 2073
3395 2578
3395 8619
3395 13994
3409 12057
3446 4595
3446 10735
3446 12324
3499 434
3540 2073
3540 7696
3547 434
3547 2073
3547 2578
3547 4436
3547 4441
3547 4595
3547 4640
3547 5742
3547 6125
3547 6420
3547 6840
3547 6896
3547 7696
3547 7798
3547 8497
3547 8504
3547 8522
3547 8746
3547 9109
3547 10631
3547 10735
3561 6534
3561 8746
3638 14359
3687 3982
3687 6770
3687 10735
3687 12324
3687 12348
3695 1990
3695 3938
3695 8746
3695 11651
3743 1020
3743 5778
3751 4436
3790 1831
3790 2073
3790 3982
3790 4366
3790 5778
3790 6896
3790 7365
3790 8497
3790 10735
3798 434
3798 2073
3798 3982
3798 4436
3798 8504
3798 8746
3831 4172
3831 5181
3831 8496
3832 2073
3832 3982
3832 4538
3832 4595
3832 5778
3832 8497
3832 8504
3832 8746
3832 11651
3832 12324
3832 12348
3835 1228
3835 4538
3835 4595
3835 7672
3835 14360
3836 4447
3836 6125
3876 3847
3876 8497
3876 13025
3878 4436
3878 7672
3878 8504
3936 2578
3936 3982
3936 4595
3936 7798
3936 12324
3989 3982
3989 6125
3989 8245
3989 8746
4000 7672
4079 3982
4079 4595
4079 7246
4079 10631
4079 12324
4079 12348
4081 7374
4081 8504
4096 4436
4096 10735
4099 2578
4099 3982
4099 4595
4099 10735
4099 12324
4109 12324
4110 7374
4116 434
4116 1020
4116 1831
4116 1992
4116 2073
4116 4366
4116 4436
4116 4595
4116 5750
4116 5778
4116 6125
4116 7672
4116 8504
4116 8510
4116 8746
4116 13994
4119 4436
4126 4172
4126 8496
4137 4447
4137 9096
4144 1992
4145 4436
4145 8504
4145 9096
4159 4436
4159 13408
4175 2389
4175 4595
4175 7369
4175 9119
4178 4436
4178 12324
4181 5625
4201 2400
4201 4595
4201 8497
4206 7672
4206 12324
4208 1992
4208 2578
4208 5071
4208 5742
4208 7469
4208 12348
4213 1990
4213 2073
4213 4447
4213 7672
4213 7696
4213 9096
4230 5778
4231 2073
4231 4436
4231 6896
4231 7674
4231 10735
4253 1992
4253 6420
4253 7374
4261 1992
4261 4436
4261 6523
4261 7374
4261 9091
4261 12752
4261 14359
4268 4436
4268 6896
4268 10735
4291 3938
4291 4436
4291 5778
4291 6523
4291 7798
4291 8496
4291 8782
4291 9119
4291 12057
4291 12324
4330 4366
4330 5861
4330 6523
4338 4595
4338 6523
4338 8746
4341 434
4341 1992
4341 8497
4341 8504
4341 12324
4344 434
4344 1228
4344 3847
4344 3982
4344 4595
4344 6896
4344 10735
4344 12057
4344 12348
4346 12057
4362 7672
4362 10735
4370 434
4370 8497
4370 8504
4375 6896
4390 12752
4401 6125
4401 8897
4405 2073
4405 6125
4405 6523
4405 7246
4405 7672
4405 10106
4405 12324
4407 8504
4420 1992
4420 4595
4420 6770
4420 7696
4430 4366
4430 4436
4430 8496
4433 5071
4433 12057
4457 7374
4481 7798
4481 12324
4501 314
4501 4436
4501 8746
4517 6125
4518 1020
4518 3847
4518 5742
4524 7674
4537 6125
4537 12057
4540 3982
4540 4436
4540 7246
4540 12324
4544 3982
4544 10735
4546 1991
4546 2073
4546 4436
4546 7672
4546 8497
4546 12324
4563 9096
4563 12324
4564 8503
4590 2400
4590 2578
4590 4595
4590 7696
4603 3982
4603 6523
4603 10735
4617 3847
4618 6840
4638 6896
4638 7798
4642 8746
4648 1990
4648 3982
4648 6840
4648 8746
4648 10631
4648 10735
4648 12752
4666 434
4666 5750
4666 7672
4666 8746
4666 9096
4666 9109
4666 12324
4666 12348
4690 5071
4693 434
4693 2073
4693 8497
4699 3982
4699 7246
4699 12324
4699 12348
4729 7696
4741 5664
4741 7672
4745 4436
4745 6125
4745 8746
4765 2400
4765 4436
4765 6896
4765 7798
4765 12324
4776 4436
4776 7374
4776 11307
4809 4538
4809 6896
4809 12324
4823 434
4823 4436
4823 8782
4902 6523
4907 1831
4907 12057
4907 13408
4970 7374
4973 434
4973 2073
4973 4595
4973 7374
4988 1020
5012 2073
5012 7246
5012 7374
5012 10631
5038 12794
5043 8497
5043 8504
5043 10735
5061 434
5061 1992
5061 2073
5061 2578
5061 4436
5061 4538
5061 4595
5061 5742
5061 7672
5061 8504
5061 11667
5061 13994
5116 2578
5116 8504
5117 1020
5117 1992
5117 4165
5117 4366
5117 12324
5137 6125
5137 8746
5158 3847
5158 8497
5195 4436
5195 12324
5195 12348
5195 13025
5204 4538
5204 8746
5204 11651
5296 6420
5296 8522
5296 12752
5297 1992
5297 4366
5297 8522
5342 2073
5342 3982
5342 8497
5342 12324
5361 42
5361 8504
5361 10735
5361 12348
5375 2073
5375 4436
5375 4447
5375 6523
5375 6896
5375 7246
5375 7672
5375 8497
5375 12348
5375 14359
5399 4595
5399 6125
5399 7365
5399 7798
5399 10106
5410 2073
5410 13025
5411 10735
5413 10631
5413 12324
5414 1020
5414 1228
5414 1831
5414 1992
5414 2073
5414 2400
5414 2578
5414 3847
5414 3982
5414 4165
5414 4366
5414 4436
5414 4447
5414 4538
5414 4595
5414 5742
5414 5778
5414 6125
5414 6420
5414 6896
5414 7365
5414 7369
5414 7374
5414 7469
5414 7672
5414 7674
5414 7798
5414 8497
5414 8504
5414 8510
5414 8746
5414 9091
5414 9096
5414 9109
5414 10631
5414 11667
5414 12057
5414 12324
5414 13994
5423 3982
5423 8746
5423 12324
5431 9096
5480 1992
5480 4436
5480 5778
5480 8746
5508 1991
5508 3982
5508 4436
5508 5181
5508 6420
5508 7246
5508 9091
5508 10735
5512 7674
5523 3129
5523 4436
5533 5778
5539 13408
5601 14359
5611 8497
5622 4436
5622 4595
5622 12324
5634 1992
5634 4436
5634 5778
5634 7374
5634 8497
5634 8510
5667 4436
5667 6523
5667 7365
5667 8746
5667 9565
5704 3847
5704 5742
5704 10631
5704 12752
5707 8504
5713 7374
5725 7994
5725 8392
5725 12324
5741 6420
5741 9096
5759 3129
5759 4595
5759 6125
5760 1355
5760 2073
5760 2578
5760 4436
5760 4447
5760 6125
5760 6420
5760 7672
5760 8510
5760 8782
5760 12057
5770 4595
5770 6523
5770 8746
5770 9119
5770 10631
5770 12324
5770 13408
5783 1992
5783 4436
5783 8504
5783 12324
5785 434
5785 2578
5785 3982
5785 4538
5785 4595
5785 6896
5785 10735
5785 12324
5788 8504
5793 8746
5807 7696
5833 314
5833 2073
5833 4595
5833 7246
5833 9160
5833 13408
5872 7374
5909 7374
5917 8496
5917 9097
5917 13025
5919 6523
5924 2073
6004 1991
6004 4436
6004 6125
6004 6523
6093 1992
6093 2073
6093 4436
6093 5778
6093 6125
6093 8746
6093 8908
6093 12057
6100 8746
6100 9096
6142 1992
6142 5742
6142 7674
6142 8504
6187 4436
6187 6125
6187 7365
6187 7672
6187 8504
6209 2073
6209 7672
6209 8746
6209 12324
6214 4436
6214 7672
6214 8504
6272 3847
6272 4436
6272 6125
6284 7696
6289 314
6289 434
6289 1020
6289 1831
6289 1991
6289 1992
6289 2073
6289 3129
6289 3982
6289 4165
6289 4366
6289 4436
6289 4447
6289 4538
6289 4595
6289 5071
6289 5181
6289 5742
6289 5750
6289 5778
6289 6125
6289 6332
6289 6420
6289 6896
6289 7365
6289 7369
6289 7672
6289 7696
6289 7798
6289 8139
6289 8497
6289 8504
6289 8746
6289 9096
6289 9548
6289 11667
6289 12057
6289 12324
6289 12752
6289 13025
6289 13606
6289 13994
6304 8504
6306 6523
6306 7798
6433 2073
6433 3847
6433 3982
6433 10735
6433 12324
6433 14360
6502 2073
6502 3847
6502 5181
6502 6125
6502 8746
6620 1992
6620 2073
6620 3982
6620 4436
6620 4447
6620 4595
6620 7246
6620 8245
6620 8746
6620 12324
6633 1228
6633 2073
6633 2578
6633 4436
6633 4538
6633 4595
6633 7798
6633 8497
6633 8746
6633 10735
6633 11651
6633 12324
6633 12817
6633 13408
6633 14360
6688 8746
6688 10735
6705 4366
6705 7374
6705 7672
6705 12057
6742 4447
6742 9093
6795 1992
6795 9096
6795 14359
6887 8746
6891 6420
6953 2073
6953 8746
6961 3982
7093 5181
7093 8496
7093 13606
7199 434
7199 1228
7199 2400
7199 3614
7199 4366
7199 7798
7199 12324
7199 12752
7258 3847
7258 5181
7258 6534
7258 7674
7258 9553
7258 14359
7261 2946
7261 8504
7291 2073
7291 7246
7291 12324
7297 314
7297 8510
7316 7696
7353 2578
7353 7798
7353 12324
7380 10631
7411 7374
7428 1228
7428 1992
7428 2073
7428 2578
7428 3129
7428 3982
7428 4447
7428 4538
7428 4595
7428 6125
7428 7672
7428 8746
7428 10735
7428 13606
7428 14360
7457 434
7457 2073
7457 4595
7457 7374
7457 7696
7457 11667
7618 12324
7673 8503
7673 14359
7683 434
7683 1992
7683 2073
7683 2578
7683 3982
7683 4436
7683 4538
7683 4595
7683 5778
7683 6420
7683 7246
7683 7365
7683 7369
7683 7672
7683 7798
7683 8504
7683 8746
7683 11651
7683 13633
7683 13994
7683 14360
7712 5868
7712 8392
7776 434
7776 8497
7857 7374
7881 4436
7881 4595
7881 7798
7881 8746
7881 12057
7881 12324
7938 1990
7938 4366
7938 4595
7938 5778
7938 6125
7938 6420
7938 7374
7938 7696
7938 8497
7938 8504
7938 8782
7938 9119
7938 12057
7938 12752
7996 10735
8039 2073
8080 1992
8080 4436
8080 6125
8154 6420
8206 13408
8235 6125
8235 8504
8235 8746
8310 4436
8310 6125
8370 2578
8370 3847
8370 4436
8370 4595
8370 6840
8370 6896
8370 7672
8370 7696
8370 7798
8370 8497
8370 8504
8370 9096
8370 12057
8370 12324
8419 434
8419 1831
8419 2073
8419 4436
8419 5750
8419 5778
8419 6125
8419 6945
8419 7672
8419 8497
8419 8504
8419 8746
8419 9096
8419 10106
8419 12057
8428 7374
8458 9905
8478 4436
8478 7672
8478 9096
8500 7374
8571 4436
8571 5778
8571 7696
8631 1020
8631 1228
8631 2073
8631 2400
8631 3982
8631 4436
8631 4538
8631 4595
8631 5742
8631 7246
8631 7798
8631 8504
8631 8746
8631 9119
8631 10735
8675 6125
8675 12324
8679 314
8679 434
8679 1020
8679 1991
8679 2073
8679 2578
8679 4366
8679 4436
8679 4447
8679 4538
8679 4595
8679 5778
8679 6125
8679 6420
8679 7672
8679 7798
8679 8497
8679 8504
8679 8510
8679 8746
8679 8908
8679 9096
8679 9119
8679 11651
8679 11667
8679 12057
8722 14359
8807 6896
8809 1992
8809 2073
8809 2578
8809 3741
8809 3847
8809 3982
8809 4366
8809 4436
8809 4538
8809 4595
8809 5071
8809 5181
8809 5742
8809 6420
8809 6523
8809 6840
8809 6896
8809 6945
8809 7369
8809 7672
8809 7696
8809 8746
8809 10735
8809 11651
8809 12324
8809 12348
8809 13408
8809 13606
8809 14360
8830 1991
8830 1992
8830 4366
8830 6125
8830 7672
8830 8522
8830 12752
8890 4436
8890 6125
8890 9096
8909 5778
8909 7672
8909 8497
8909 8504
8909 9096
8909 12752
8973 434
8973 2073
8973 4436
8973 4595
8973 7672
8973 7798
8973 8504
8973 8746
8973 11667
9020 434
9045 3847
9150 314
9150 434
9150 1020
9150 1228
9150 1831
9150 1990
9150 1992
9150 2073
9150 2400
9150 2578
9150 3129
9150 4436
9150 4447
9150 4538
9150 4595
9150 5742
9150 5778
9150 6125
9150 6840
9150 7246
9150 7369
9150 7374
9150 7672
9150 7674
9150 7696
9150 7798
9150 8139
9150 8497
9150 8504
9150 8615
9150 8746
9150 9091
9150 9096
9150 9109
9150 10631
9150 11651
9150 12057
9150 12324
9150 12752
9150 13025
9150 13408
9187 5778
9187 7374
9187 8497
9187 8746
9187 10631
9187 12324
9189 4436
9189 5742
9228 8746
9228 14359
9359 2946
9359 4538
9359 7369
9464 8746
9464 9160
9481 42
9481 1228
9481 1992
9481 2073
9481 2578
9481 4595
9481 6523
9481 6840
9481 6896
9481 7672
9481 7994
9481 8746
9481 9091
9481 10735
9481 12348
9481 14359
9562 434
9562 2073
9562 4436
9562 4595
9562 7798
9562 8504
9562 8746
9562 9091
9562 10631
9562 12817
9562 14360
9811 314
9811 434
9811 1228
9811 1992
9811 2073
9811 2400
9811 2578
9811 3129
9811 3982
9811 4366
9811 4436
9811 4447
9811 4538
9811 4595
9811 5778
9811 6125
9811 7672
9811 7798
9811 8497
9811 8504
9811 8619
9811 8746
9811 8897
9811 9096
9811 10735
9811 11651
9811 12057
9811 12324
9811 12752
9811 14360
9819 434
9819 1020
9819 1355
9819 1992
9819 2073
9819 2389
9819 2400
9819 2578
9819 3847
9819 4165
9819 4436
9819 4595
9819 6125
9819 6420
9819 7374
9819 7672
9819 7696
9819 7798
9819 8497
9819 8504
9819 8746
9819 9096
9819 11651
9819 11667
9819 12324
9819 12348
9823 434
9823 1990
9823 1992
9823 2073
9823 4436
9823 4538
9823 5452
9823 5778
9823 6125
9823 6420
9823 7246
9823 7369
9823 7672
9823 7798
9823 8497
9823 8504
9823 8746
9823 9096
9823 12057
9823 12752
9823 13408
9823 13994
9825 434
9825 1020
9825 1991
9825 1992
9825 2073
9825 2946
9825 4436
9825 6125
9825 7246
9825 7374
9825 7672
9825 8504
9825 9096
9825 11667
9825 12057
9825 13408
9826 434
9826 1020
9826 1991
9826 1992
9826 2073
9826 3129
9826 4436
9826 5071
9826 5778
9826 6125
9826 6332
9826 7365
9826 7374
9826 7672
9826 7696
9826 8504
9826 8510
9826 8746
9826 9119
9826 10106
9826 11305
9826 13408
9827 7672
9827 12752
9829 6125
9829 7374
9829 7696
9830 2073
9830 4436
9830 5778
9830 6125
9830 7374
9830 7672
9830 8139
9831 6125
9833 6125
9842 434
9842 2578
9842 3982
9842 4436
9842 4595
9842 5778
9842 6125
9842 7369
9842 7672
9842 8497
9842 8504
9842 8746
9845 1020
9845 4436
9845 7696
9845 8601
9846 434
9846 1992
9846 2073
9846 3927
9846 4595
9846 6125
9846 6896
9846 7365
9846 7672
9846 8497
9846 8504
9846 8619
9846 9096
9846 9160
9846 14359
9847 434
9847 2073
9847 2578
9847 4436
9847 4595
9847 8139
9847 9096
9847 12057
9849 434
9849 1990
9849 1992
9849 2073
9849 4436
9849 6125
9849 6534
9849 7674
9849 7696
9849 8497
9849 8504
9849 8746
9849 12752
9849 13994
9849 14359
9850 1991
9850 2578
9850 3741
9850 4165
9850 4436
9850 4447
9850 4538
9850 5750
9850 6125
9850 6420
9850 7672
9850 7798
9850 8245
9850 8504
9850 12752
9855 1228
9855 2073
9855 3982
9855 4595
9855 6523
9855 6896
9855 7672
9855 8497
9855 8746
9855 9093
9855 10631
9855 12324
9855 12348
9855 12752
9855 14360
9857 1992
9857 2073
9857 2400
9857 2578
9857 3982
9857 4366
9857 4436
9857 4447
9857 4595
9857 5742
9857 6125
9857 6896
9857 7672
9857 7674
9857 7798
9857 10106
9857 10735
9857 11651
9857 11667
9857 12324
9857 12348
9857 13025
9857 13633
9857 14360
9859 3982
9859 5778
9861 2073
9861 4436
9861 5778
9861 7374
9861 7672
9861 7674
9861 13408
9862 4436
9863 1831
9863 2073
9863 7374
9863 8504
9874 1020
9874 2073
9874 2578
9874 3847
9874 4436
9874 4538
9874 4595
9874 5778
9874 6125
9874 7374
9874 7672
9874 7696
9874 8504
9874 8746
9874 11667
9874 12057
9874 13408
9874 13994
9874 14359
9875 4538
9875 6125
9876 434
9876 2073
9876 2400
9876 4366
9876 4436
9876 4595
9876 5313
9876 6125
9876 7696
9876 7798
9876 8601
9876 12057
9877 2073
9877 6523
9877 8746
9878 1020
9878 4436
9878 7798
9878 9096
9878 12324
9881 1020
9881 1992
9881 2073
9881 3129
9881 3982
9881 4436
9881 5778
9881 6125
9881 7672
9881 8497
9881 8504
9881 8746
9881 9096
9881 9109
9881 10106
9881 11667
9881 12057
9881 12324
9881 12348
9881 12752
9881 13408
9882 5778
9882 7672
9882 8504
9886 2400
9886 4436
9886 4538
9886 13146
9886 13742
9890 2073
9890 2400
9890 4436
9890 6125
9890 7672
9890 9093
9890 13025
9961 2073
9961 3847
9961 4436
9961 5181
9961 7374
9961 12752
9980 7374
9980 10106
10065 1831
10065 1992
10065 2073
10065 4436
10065 5778
10065 6125
10065 6523
10065 8504
10065 8746
10065 12057
10086 434
10086 1991
10086 1992
10086 2073
10086 2400
10086 3129
10086 3847
10086 4366
10086 4436
10086 5778
10086 6125
10086 6420
10086 6523
10086 7369
10086 7374
10086 7672
10086 7674
10086 7696
10086 7798
10086 8496
10086 8497
10086 8504
10086 8746
10086 8782
10086 8908
10086 12057
10086 13408
10086 13606
10086 13994
10086 14359
10093 2073
10093 3847
10093 3927
10093 5778
10093 6125
10093 8497
10093 8504
10101 3847
10211 434
10211 2073
10211 3938
10211 3982
10211 4447
10211 5742
10211 6125
10211 6840
10211 7672
10211 7674
10211 8504
10211 8897
10211 12324
10312 3982
10312 4436
10312 12348
10396 7696
10396 8746
10448 42
10448 434
10448 1020
10448 1990
10448 1992
10448 2073
10448 2578
10448 3129
10448 3847
10448 3982
10448 4436
10448 4447
10448 4538
10448 4595
10448 5181
10448 5742
10448 5778
10448 6125
10448 6523
10448 6896
10448 7672
10448 7696
10448 8139
10448 8497
10448 8504
10448 8746
10448 9096
10448 10631
10448 10735
10448 11651
10448 11667
10448 12057
10448 12324
10448 12752
10448 12794
10448 13025
10448 13408
10490 4436
10490 7374
10520 7374
10527 434
10527 2073
10527 4436
10527 4595
10527 5778
10527 6125
10527 6840
10527 7696
10527 8746
10527 11307
10527 11651
10527 11667
10527 12752
10527 13408
10632 4538
10632 6896
10632 10735
10679 4436
10679 4450
10679 6125
10679 7374
10679 7696
10679 8504
10679 8746
10679 10106
10679 12057
10766 3982
10766 6523
10766 8504
10766 8746
10766 9096
10766 10631
10766 10735
10766 12057
10766 12324
10916 8619
11004 1992
11004 2073
11004 5778
11004 6125
11004 6945
11004 7672
11004 9096
11004 12324
11004 12752
11034 4595
11034 8497
11034 9160
11046 1228
11046 4538
11046 4595
11046 5742
11046 10735
11070 434
11070 1228
11070 1992
11070 2073
11070 2578
11070 3129
11070 3847
11070 3982
11070 4436
11070 4447
11070 4595
11070 5071
11070 5181
11070 5778
11070 6125
11070 6523
11070 6534
11070 6840
11070 6896
11070 7672
11070 7674
11070 7696
11070 7994
11070 8497
11070 8746
11070 9093
11070 10631
11070 12057
11070 12324
11070 13994
11070 14359
11082 1020
11082 2073
11082 3847
11082 3982
11082 4436
11082 6125
11082 6896
11082 7469
11082 7672
11082 8746
11082 9096
11082 12057
11082 12324
11217 434
11217 2073
11217 4538
11217 4595
11217 5778
11217 9096
11217 9109
11217 11651
11217 14359
11299 434
11299 3129
11299 6125
11494 314
11494 2073
11494 3847
11494 4436
11494 4595
11494 5778
11494 6770
11494 7369
11494 7672
11494 7798
11494 8497
11494 9091
11494 9160
11494 11651
11494 12057
11494 12324
11530 3129
11530 7672
11530 12057
11783 2073
11783 4100
11783 4436
11783 7369
11783 7374
11783 7696
11783 12057
11783 12752
11883 7672
11883 8139
11883 8504
11883 8746
11904 314
11904 2073
11904 4436
11904 4595
11904 6125
11904 6523
11904 7374
11904 7672
11904 7798
11904 8504
11904 8746
11904 9096
11904 12057
11904 12348
11904 14359
11918 1992
11918 2073
11918 6896
11918 6945
11918 7798
11918 8746
11918 10631
11918 10735
11919 1991
11927 314
11927 434
11927 1228
11927 1992
11927 2073
11927 2578
11927 4436
11927 4595
11927 7246
11927 8504
11927 11651
11927 14360
12140 1020
12140 2073
12140 3982
12140 4366
12140 4436
12140 10735
12140 12348
12248 6896
12332 2073
12332 2400
12332 2578
12332 4436
12332 4538
12332 4595
12332 7672
12332 8504
12332 8746
12332 11651
12332 12324
12394 2073
12394 4538
12394 4595
12394 6420
12394 8504
12394 14360
12396 1991
12396 1992
12396 3847
12396 3982
12396 4366
12396 4436
12396 4447
12396 5750
12396 6125
12396 7672
12396 7696
12396 7798
12396 8497
12396 8504
12396 8782
12396 10735
12396 11667
12396 12752
12396 13408
12443 434
12443 1991
12443 1992
12443 4436
12443 6125
12443 8497
12443 8746
12443 11667
12445 5181
12445 9096
12482 8497
12496 314
12496 1020
12496 1991
12496 4436
12496 4538
12496 5742
12496 5778
12496 6125
12496 7365
12496 7374
12496 7696
12496 8504
12496 8746
12500 2073
12500 3847
12500 4436
12500 5181
12500 6523
12500 7374
12500 7672
12500 7674
12500 9553
12500 10106
12500 10735
12505 7374
12516 434
12516 1990
12516 2073
12516 3982
12516 4436
12516 4595
12516 5664
12516 6125
12516 6523
12516 7798
12516 8497
12516 8746
12516 8908
12516 10631
12516 12324
12516 12348
12516 14360
12517 4436
12517 7374
12517 8503
12517 8504
12517 8746
12518 1992
12518 2073
12518 2400
12518 2578
12518 4595
12518 8504
12666 3982
12666 8746
12666 10735
12762 1992
12762 4538
12762 4640
12762 5664
12762 5742
12762 6125
12762 7672
12762 7696
12762 7798
12762 8504
12762 8510
12762 13633
12797 3982
12797 4447
12797 4595
12797 6125
12797 6523
12797 9553
12797 10735
12797 12324
12851 8746
12851 12057
12866 2946
12866 4436
12866 5778
12866 8746
12866 12752
12866 13408
12966 42
12966 1992
12966 2073
12966 2400
12966 2578
12966 3129
12966 3938
12966 4447
12966 4538
12966 4595
12966 5664
12966 6523
12966 6896
12966 7672
12966 7798
12966 8497
12966 8504
12966 8746
12966 10735
12966 12057
12966 12324
12966 14360
13019 1992
13019 2073
13019 5778
13028 1990
13028 1992
13028 2073
13028 2578
13028 4436
13028 7672
13028 8746
13028 9091
13028 11651
13029 1992
13029 2073
13029 4595
13029 7798
13087 4595
13087 7672
13087 7798
13087 8504
13087 9096
13087 11651
13089 2073
13089 4595
13089 11651
13165 2073
13165 7672
13221 2073
13221 4595
13221 7672
13221 8497
13221 8746
13224 1228
13224 3847
13224 3982
13224 4538
13224 5742
13224 7246
13224 7674
13224 9096
13224 10631
13224 10735
13224 12324
13224 12348
13298 3982
13298 7246
13298 10631
13298 12324
13304 1020
13304 1228
13304 1992
13304 2073
13304 3927
13304 4436
13304 4595
13304 6125
13304 6896
13304 7672
13304 8510
13304 9096
13304 12348
13304 14359
13338 2073
13338 3982
13338 6125
13338 8746
13338 12324
13338 13408
13352 1991
13352 2073
13352 4436
13352 5778
13352 6125
13352 6523
13352 8139
13352 8497
13352 8504
13352 8510
13352 8746
13352 9096
13352 13606
13357 6770
13357 7672
13386 2400
13386 2578
13386 3982
13386 4366
13386 4436
13386 4538
13386 6125
13386 7798
13386 8782
13386 10735
13386 12324
13386 13408
13441 3847
13441 4595
13441 6125
13441 6420
13441 7672
13455 434
13455 2073
13455 3847
13455 4366
13455 4436
13455 4595
13455 5778
13455 6125
13455 7696
13455 7798
13455 8497
13455 8746
13455 8782
13471 7672
13471 7696
13471 8504
13471 8746
13494 2073
13498 1990
13498 8497
13504 3982
13504 4595
13504 9553
13504 12324
13550 7674
13550 14359
13564 3741
13564 4436
13564 6125
13569 12324
13596 2073
13596 4436
13596 7696
13596 8746
13918 434
13918 5778
13918 7696
13918 7798
13918 8504
13946 2073
13946 4538
13946 8497
13946 12324
13951 7672
13951 12057
13951 13408
14016 6125
14016 7374
14016 8746
14039 434
14039 2073
14039 3982
14039 4366
14039 4436
14039 5750
14039 6125
14039 7369
14039 7672
14039 8522
14039 8746
14039 9093
14039 13408
14058 5778
14116 4366
14116 4436
14116 4595
14116 7798
14116 12057
14116 12324
14314 1020
14314 2073
14314 3982
14314 4436
14314 5742
14314 6896
14314 7672
14314 8497
14314 8504
14314 10735
14314 12324
14314 12348
14347 314
14347 4436
14347 8510
14347 13146
14424 1992
14456 6125
14456 6332
14459 4436
14459 6125
14459 7672
14459 13408
14462 1991
14462 7374
14462 10106
14463 12057
14464 1991
14464 6125
14464 6332
14464 7672
14464 8746
14464 12057
14466 1992
14466 6125
14466 7672
14468 1991
14468 4595
14468 6125
14468 11651
14468 12057
14469 6125
14470 5778
14470 6332
14472 7374
14473 4595
14473 6125
14474 6332
14475 5664
14475 5742
14477 8504
14478 6125
14478 6332
14479 6332
14479 8504
14480 1991
14480 4366
14480 6332
14480 7672
