14541 14541 154
447 7222
447 8092
493 13185
523 3710
591 13933
716 13933
745 10480
1262 12045
2012 13933
2122 11652
2122 13185
2197 13933
2256 3710
2960 13478
3943 13478
3973 4621
4443 3152
4443 7120
4443 7222
4443 8605
4443 11308
4443 12011
4443 13016
4483 13933
5635 3710
5635 13447
6136 3710
6544 13447
6562 12011
6565 7826
6565 7830
6623 5124
6623 7826
6623 7830
6623 8396
6626 8396
6626 11939
6634 8518
6634 9084
7148 7830
7186 7826
7186 8396
7186 11939
7186 13478
7447 13447
7544 7826
7627 3566
7676 4152
7710 6544
7710 9084
7710 12011
7727 7826
7766 3710
7766 11329
7807 10480
7823 5124
7823 7826
7823 7830
7829 7826
7873 13478
7874 7830
8082 11652
8087 13478
8089 10416
8089 12011
8099 13478
8101 13478
8104 13478
8246 7830
8247 13478
8249 4152
8249 13478
8250 7830
8265 4488
8265 7783
8265 9084
8330 13478
8357 13478
8363 13185
8366 8396
8366 13478
8529 4483
8529 10416
8529 12011
8530 13478
8542 10480
8572 4152
8572 8396
8572 13478
8853 12045
8864 13478
8915 3710
8915 11329
9084 8805
9106 7830
9107 13447
9108 4483
9108 12011
9122 3710
9226 13447
9307 4152
9307 13478
9468 3710
9508 13478
9542 10480
9629 4152
9629 7826
9629 13478
9812 3710
9812 11329
9913 13933
9925 4152
9925 13478
9974 4152
9974 8396
9974 13478
9979 13185
9983 7826
10390 7120
10390 9812
10416 8919
10416 13185
11523 10480
11524 8919
11524 13185
11533 4152
11538 13478
11750 12022
11985 12022
11986 12022
11998 12022
12011 8270
12011 8805
12011 13447
12027 12022
12125 12022
12673 13478
12770 3710
12770 13447
12912 3152
12912 8605
12912 8901
12912 11308
12912 13016
12924 8518
12924 9084
12990 10480
13007 13933
13680 272
13686 272
13693 12247
13769 2526
13811 12022
14338 7826
