14541 14541 421
50 9592
51 11349
56 11349
57 9592
67 9592
67 11349
72 9592
73 9592
74 11349
102 9592
287 9592
288 9592
378 11349
388 9592
456 9592
733 9592
761 9592
774 9592
817 9592
829 9592
830 9592
839 9592
873 11349
892 11349
935 9592
1197 9592
1293 11349
1341 9592
1379 9592
1423 9592
1454 9592
1459 11349
1462 11349
1585 9592
1647 9592
1655 11349
1770 11349
1788 9592
1835 9592
1837 9592
1943 11349
1973 9592
2066 9592
2066 11349
2257 9592
2305 9592
2329 9592
2374 9592
2462 11349
2467 9592
2534 11349
2684 9592
2767 9592
2828 9592
3040 9592
3043 9592
3192 9592
3196 9592
3218 9592
3337 11349
3420 9592
3421 9592
3672 11349
3716 11349
3796 9592
3797 11349
3814 11349
3819 1380
3841 11349
3857 11349
3880 11349
3918 11349
3919 11349
3926 9592
3991 11349
3991 12794
4141 11349
4142 9592
4215 9592
4267 11349
4583 11349
4651 11349
4657 11349
4774 9592
4777 11349
4791 11349
4819 9592
4827 9592
4834 11349
4865 11349
4869 9592
4920 11349
4928 11349
4960 11349
4963 11349
5025 11349
5087 9592
5129 11349
5166 826
5182 826
5189 11349
5209 11349
5224 9592
5244 11349
5379 11349
5383 11349
5492 9592
5493 9592
5494 9592
5495 826
5496 826
5507 826
5511 11349
5521 11349
5550 9592
5550 11349
5553 11349
5578 9592
5596 9592
5617 9592
5623 9592
5631 9592
5631 11349
5632 9592
5670 9592
5671 9592
5674 9592
5685 9592
5703 9592
5731 11349
5938 9592
5960 9592
5976 9592
5979 11349
5998 9592
6080 9592
6160 11349
6169 9592
6196 11349
6215 826
6273 9592
6293 11349
6331 9592
6403 9592
6407 9592
6412 9592
6490 11349
6531 9592
6539 11349
6561 11349
6570 9592
6621 9592
6672 9592
6735 9592
6751 11349
6773 9592
6830 9592
6842 11349
6864 9592
6871 9592
6949 11349
6991 11349
7064 11349
7065 9592
7072 11349
7100 11349
7104 826
7122 11349
7124 11349
7125 11349
7129 9592
7140 11349
7156 11349
7171 9592
7172 9592
7216 9592
7233 9592
7251 11349
7259 11349
7357 9592
7371 9592
7386 11349
7404 11349
7407 826
7430 9592
7459 11349
7465 826
7475 11349
7486 9592
7538 11349
7539 11349
7606 11349
7624 9592
7639 11349
7650 9592
7729 11349
7731 11349
7758 9592
7762 11349
7768 9592
7816 9592
7822 9592
7827 11349
7832 9592
7863 11349
7871 9592
7915 11349
7960 11349
7992 11349
8026 9592
8044 9592
8140 11349
8167 826
8169 11349
8175 9592
8180 11349
8192 9592
8222 9592
8228 11349
8277 9592
8277 11349
8350 9592
8429 9592
8446 9592
8474 11349
8479 11349
8491 11349
8492 11349
8549 9592
8562 9592
8565 11349
8570 9592
8603 9592
8667 11349
8680 826
8680 9592
8685 11349
8697 11349
8700 826
8721 9592
8748 826
8754 9592
8755 9592
8780 9592
8803 9592
8811 11349
8816 11349
8818 826
8849 11349
8880 11349
8886 11349
8898 9592
8899 9592
8983 11349
9152 11349
9162 11349
9186 9592
9213 9592
9230 9592
9308 9592
9316 9592
9327 11349
9332 826
9393 9592
9444 826
9489 9592
9541 9592
9546 11349
9571 9592
9589 9592
9590 9592
9611 9592
9617 9592
9660 9592
9686 11349
9687 11349
9727 9592
9731 826
9732 9592
9734 9592
9735 9592
9796 11349
9910 11349
9933 9592
9946 11349
9956 11349
10015 9592
10050 9592
10067 826
10080 826
10113 9592
10136 9592
10137 9592
10170 11349
10197 11349
10200 9592
10205 826
10216 9592
10273 9592
10286 9592
10320 11349
10432 1380
10473 11349
10566 9592
10592 9592
10600 9592
10616 9592
10627 11349
10656 826
10673 826
10728 9592
10767 9592
10778 9592
10788 11349
10822 11349
10877 1380
10903 11349
10955 11349
10985 826
10986 9592
10986 11349
10991 826
10992 11349
11022 11349
11026 11349
11029 9592
11045 826
11049 826
11049 11349
11064 9592
11071 826
11097 11349
11146 11349
11152 9592
11184 826
11207 9592
11281 9592
11287 826
11396 11349
11404 9592
11411 11349
11439 9592
11447 11349
11458 9592
11481 11349
11485 11349
11505 11349
11518 826
11594 9592
11623 11349
11653 11349
11671 11349
11687 11349
11710 11349
11735 11349
11741 11349
11766 11349
11778 11349
11780 9592
11797 9592
11809 9592
11810 11349
11825 9592
11851 11349
11906 11349
11961 11349
12009 9592
12026 9592
12071 9592
12071 11349
12074 9592
12093 9592
12154 11349
12158 11349
12180 826
12343 11349
12350 11349
12367 11349
12391 9592
12410 11349
12422 11349
12430 1380
12433 826
12454 9592
12460 11349
12476 826
12477 11349
12491 826
12511 826
12530 9592
12634 11349
12660 11349
12672 11349
12682 11349
12687 9592
12761 9592
12832 11349
12885 11349
12896 9592
12906 11349
13100 11349
13133 11349
13140 11349
13141 11349
13202 11349
13324 1380
13540 9592
13548 9592
13589 11349
13750 11349
13821 9592
13961 9592
13966 11349
13991 11349
14035 9592
14119 9592
14278 11349
14283 11349
14375 9592
14443 9592
14492 11349
