14541 14541 563
0 0
1 1
2 2
3 3
4 4
5 5
6 6
7 7
8 8
9 9
10 10
11 11
12 12
14 14
17 17
18 18
19 19
20 20
21 21
23 23
24 24
26 26
27 27
216 216
219 219
223 223
249 249
251 251
252 252
253 253
255 255
258 258
259 259
260 260
261 261
262 262
263 263
264 264
265 265
266 266
269 269
270 270
271 271
272 272
273 273
274 274
275 275
276 276
277 277
278 278
279 279
281 281
282 282
283 283
310 310
606 606
1051 1051
1133 1133
1337 1337
1391 1391
1508 1508
1513 1513
1756 1756
1803 1803
1915 1915
2031 2031
2034 2034
2036 2036
2037 2037
2056 2056
2057 2057
2061 2061
2210 2210
2346 2346
2526 2526
2528 2528
2529 2529
2596 2596
2721 2721
2963 2963
3093 3093
3146 3146
3157 3157
3250 3250
3934 3934
3973 3973
4009 4009
4161 4161
4195 4195
4219 4219
4283 4283
4379 4379
4408 4408
4427 4427
4432 4432
4637 4637
5429 5429
5474 5474
5520 5520
5902 5902
6300 6300
6636 6636
6936 6936
6995 6995
7340 7340
7410 7410
7630 7630
8061 8061
8718 8718
8857 8857
8882 8882
9051 9051
9271 9271
9360 9360
9372 9372
9534 9534
9688 9688
10028 10028
10084 10084
10303 10303
10378 10378
10637 10637
10719 10719
10721 10721
10722 10722
10723 10723
10725 10725
10730 10730
10733 10733
10734 10734
10736 10736
10737 10737
10738 10738
10739 10739
10740 10740
10741 10741
10742 10742
10743 10743
10744 10744
10745 10745
10746 10746
10747 10747
10748 10748
10749 10749
10750 10750
10751 10751
10776 10776
10854 10854
10919 10919
11087 11087
11088 11088
11089 11089
11155 11155
11198 11198
11214 11214
11261 11261
11316 11316
11345 11345
11373 11373
11473 11473
11504 11504
11547 11547
11557 11557
11558 11558
11572 11572
11607 11607
11617 11617
11630 11630
11638 11638
11639 11639
11665 11665
11672 11672
11720 11720
11732 11732
11786 11786
11865 11865
11889 11889
11903 11903
11905 11905
11909 11909
11910 11910
11917 11917
11930 11930
11934 11934
11938 11938
11940 11940
11941 11941
11942 11942
11943 11943
11945 11945
11946 11946
11947 11947
11989 11989
12016 12016
12054 12054
12163 12163
12188 12188
12212 12212
12217 12217
12238 12238
12239 12239
12240 12240
12241 12241
12242 12242
12243 12243
12247 12247
12254 12254
12255 12255
12256 12256
12257 12257
12258 12258
12259 12259
12260 12260
12261 12261
12262 12262
12263 12263
12264 12264
12266 12266
12267 12267
12268 12268
12370 12370
12419 12419
12442 12442
12468 12468
12480 12480
12481 12481
12493 12493
12503 12503
12705 12705
12736 12736
12760 12760
12764 12764
12850 12850
12852 12852
12904 12904
12974 12974
13002 13002
13090 13090
13150 13150
13159 13159
13172 13172
13219 13219
13230 13230
13257 13257
13261 13261
13356 13356
13399 13399
13406 13406
13434 13434
13457 13457
13464 13464
13466 13466
13470 13470
13485 13485
13487 13487
13538 13538
13586 13586
13613 13613
13645 13645
13653 13653
13654 13654
13658 13658
13659 13659
13660 13660
13662 13662
13664 13664
13665 13665
13667 13667
13669 13669
13670 13670
13671 13671
13744 13744
13745 13745
13746 13746
13754 13754
13810 13810
13812 13812
13840 13840
13841 13841
13845 13845
13887 13887
13893 13893
13952 13952
13962 13962
13983 13983
13985 13985
13986 13986
14012 14012
14013 14013
14014 14014
14027 14027
14042 14042
14061 14061
14062 14062
14070 14070
14074 14074
14075 14075
14076 14076
14077 14077
14078 14078
14079 14079
14090 14090
14091 14091
14096 14096
14098 14098
14106 14106
14109 14109
14111 14111
14117 14117
14130 14130
14131 14131
14132 14132
14133 14133
14134 14134
14135 14135
14136 14136
14137 14137
14138 14138
14139 14139
14140 14140
14141 14141
14142 14142
14143 14143
14144 14144
14145 14145
14146 14146
14147 14147
14148 14148
14149 14149
14150 14150
14151 14151
14152 14152
14153 14153
14154 14154
14155 14155
14156 14156
14157 14157
14158 14158
14159 14159
14160 14160
14161 14161
14162 14162
14163 14163
14164 14164
14165 14165
14166 14166
14167 14167
14168 14168
14169 14169
14170 14170
14171 14171
14172 14172
14173 14173
14174 14174
14175 14175
14176 14176
14177 14177
14178 14178
14179 14179
14180 14180
14181 14181
14182 14182
14183 14183
14184 14184
14185 14185
14186 14186
14187 14187
14188 14188
14189 14189
14190 14190
14191 14191
14195 14195
14196 14196
14197 14197
14198 14198
14199 14199
14200 14200
14201 14201
14202 14202
14203 14203
14205 14205
14206 14206
14207 14207
14208 14208
14210 14210
14211 14211
14212 14212
14213 14213
14214 14214
14215 14215
14216 14216
14217 14217
14218 14218
14219 14219
14221 14221
14222 14222
14223 14223
14224 14224
14225 14225
14226 14226
14228 14228
14229 14229
14230 14230
14231 14231
14232 14232
14233 14233
14234 14234
14235 14235
14236 14236
14237 14237
14238 14238
14239 14239
14240 14240
14241 14241
14242 14242
14243 14243
14244 14244
14245 14245
14246 14246
14247 14247
14248 14248
14249 14249
14250 14250
14251 14251
14252 14252
14253 14253
14254 14254
14255 14255
14256 14256
14257 14257
14258 14258
14259 14259
14285 14285
14286 14286
14287 14287
14291 14291
14292 14292
14293 14293
14294 14294
14295 14295
14296 14296
14297 14297
14300 14300
14301 14301
14303 14303
14304 14304
14305 14305
14307 14307
14309 14309
14310 14310
14311 14311
14312 14312
14313 14313
14315 14315
14316 14316
14317 14317
14318 14318
14319 14319
14320 14320
14321 14321
14322 14322
14323 14323
14324 14324
14325 14325
14326 14326
14327 14327
14328 14328
14329 14329
14330 14330
14331 14331
14334 14334
14337 14337
14339 14339
14341 14341
14349 14349
14350 14350
14351 14351
14353 14353
14354 14354
14355 14355
14356 14356
14361 14361
14362 14362
14363 14363
14364 14364
14365 14365
14366 14366
14367 14367
14368 14368
14373 14373
14374 14374
14381 14381
14385 14385
14389 14389
14390 14390
14391 14391
14393 14393
14394 14394
14395 14395
14398 14398
14399 14399
14401 14401
14405 14405
14406 14406
14407 14407
14411 14411
14412 14412
14413 14413
14414 14414
14415 14415
14416 14416
14417 14417
14419 14419
14420 14420
14421 14421
14425 14425
14426 14426
14430 14430
14431 14431
14434 14434
14437 14437
14444 14444
14445 14445
14446 14446
14447 14447
14449 14449
14451 14451
14453 14453
14454 14454
14455 14455
14457 14457
14482 14482
14483 14483
14484 14484
14485 14485
14486 14486
14488 14488
14489 14489
14490 14490
14494 14494
14504 14504
14507 14507
14510 14510
14511 14511
14512 14512
14513 14513
14514 14514
14515 14515
14516 14516
14518 14518
14519 14519
14521 14521
14526 14526
14527 14527
14528 14528
14529 14529
14531 14531
14532 14532
14534 14534
14537 14537
14538 14538
14539 14539
14540 14540
