14541 14541 316
978 117
978 6361
978 9239
978 10090
980 3174
980 5661
980 9495
980 11536
1116 1496
1116 2044
1116 3866
1116 4128
1116 12934
1311 9495
1311 10391
1311 14392
1477 145
1477 5908
1477 8373
1477 10987
1588 10416
1588 12399
1609 7633
1663 1660
1663 4779
1663 9107
1663 9237
1663 11093
1723 2044
1723 3866
1723 5878
1723 6157
1723 10416
1723 12934
1723 13279
2585 117
2585 978
2585 6361
2585 9239
2585 10090
3039 1119
3039 9237
3039 11260
3302 394
3302 8084
3418 4645
4166 191
4166 568
4166 10416
4166 11523
4361 3906
4361 4589
4361 4779
4361 9237
4361 10987
4534 790
4534 1925
4534 5881
4534 5928
4534 9237
4534 9519
4534 10588
4534 11093
4535 962
4535 1660
4535 1925
4535 3906
4535 4589
4535 9519
4535 10104
4535 11093
4535 11193
4535 11725
4671 4298
4671 8397
5015 2256
5113 1496
5113 1855
5113 2044
5113 2150
5113 11308
5113 12934
5524 9808
5524 13007
5941 814
5941 1315
5941 1818
5941 6579
6145 9655
6145 10127
6256 814
6256 1366
6256 2482
6256 3496
6256 3677
6256 3866
6256 6068
6256 6138
6256 6303
6256 8373
6256 9084
6256 11329
6256 11331
6256 12011
6259 1496
6259 1855
6259 2044
6259 9084
6259 9808
6259 11308
6259 12934
6655 962
6655 4589
6655 8114
6788 1766
6788 11062
7162 1842
7162 5881
7162 7812
7162 8092
7162 10104
7162 11193
7162 11260
7162 11338
7162 11524
7951 3193
7951 12097
8385 3428
8385 3496
8385 11405
8437 2418
8437 5190
8437 5881
8437 6303
8437 8114
8437 8605
8437 9519
8437 10588
9038 145
9038 1660
9038 3225
9038 5881
9038 6466
9038 7473
9038 8616
9384 2994
9384 5714
9384 8975
9384 10922
9436 1660
9436 4779
9436 8114
9475 117
9475 3095
9475 6581
9520 2049
9520 8142
9520 8921
9520 8960
9520 9584
9520 11338
9520 11520
9520 11523
9520 12000
9520 12393
9520 12399
9520 12893
9647 1522
9647 2482
9647 6136
9647 9920
9679 8563
10025 3866
10025 7633
10059 1702
10059 6683
10059 6905
10059 10004
10059 11662
10059 14204
10087 6581
10087 10416
10613 5675
10613 6683
10613 11662
10690 4645
10690 9873
10690 10391
10690 11602
10690 14336
11177 80
11177 1660
11177 2000
11177 5908
11222 3182
11222 8086
11222 9655
11222 10127
11282 1496
11282 2044
11282 4128
11282 12934
11282 13279
11342 962
11342 3906
11342 4589
11342 9237
11342 11093
11391 80
11391 1019
11391 1660
11391 1702
11391 2000
11391 8316
11391 10013
11391 13507
11395 1502
11395 11484
11492 80
11492 1660
11492 2000
11492 8316
11492 10013
11492 13507
11527 1311
11527 4645
11527 6077
11527 9495
11527 10127
11527 10300
11527 10391
11744 1660
11744 2000
11744 3811
11744 5908
11744 9808
11744 10987
11744 11338
11744 11524
11807 2044
11807 8471
11997 1119
11997 1842
11997 3237
11997 7228
11997 7812
11997 8960
12112 3428
12112 3496
12112 3866
12112 4720
12112 6068
12112 7367
12112 11363
12449 1309
12449 1836
12449 4645
12449 8709
12449 8712
12449 8716
12453 1019
12453 1267
12453 1660
12453 1702
12453 4779
12453 11308
12453 12453
12498 80
12498 3811
12498 5908
12940 1019
12940 1119
12940 1842
12940 7812
13001 117
13001 6355
13001 10090
13001 10633
13068 394
13068 1772
13068 5675
13068 10509
13068 11662
13197 2042
13197 2482
13197 6845
13197 11308
13197 14068
13240 3193
13240 8963
13240 9813
13240 12686
14053 1496
14053 3866
14053 4128
14053 8471
14053 12934
14113 814
14113 3428
14113 6138
14114 814
14114 861
14114 1366
14114 1606
14114 3428
14114 3677
14114 3866
14114 10562
14114 11149
14114 12932
14115 814
14115 3428
14115 3677
14115 6138
14115 6303
14115 11149
