14541 14541 134
242 11202
1040 11202
1233 11202
1257 11202
2068 11202
2069 11202
2486 11202
2997 11202
3418 9867
3838 9638
4149 11202
4334 12418
4402 12418
4459 12418
4748 12418
4824 12427
4981 11202
5018 9638
5364 12418
5366 12418
5370 12418
5371 12418
5374 12418
6430 12427
6614 12418
6664 14034
6853 12418
7070 11202
7244 904
7403 904
7884 12418
8016 11202
8109 12418
8166 12427
8232 14034
8280 4458
8317 12418
8467 11202
8484 12418
8490 12418
8653 491
8654 491
8655 491
9406 12418
9407 12418
9408 12418
9409 12418
9410 12418
9412 12418
9414 12418
9903 12427
9906 12427
9927 12427
10288 12418
10553 11202
10830 4458
10831 4458
10832 4458
10833 4458
10834 4458
10835 4458
10836 4458
10837 4458
10838 4458
10839 4458
10840 4458
10841 4458
10842 4458
10844 4458
10845 4458
10846 4458
10847 4458
10848 4458
10849 4458
10850 4458
10851 4458
10876 12418
11001 4458
11009 4458
11010 4458
11056 12418
11058 12418
11081 12427
11096 12427
11118 12418
11119 12418
11123 12418
11124 12418
11125 12418
11126 12418
11127 12418
11128 12418
11129 12418
11130 12418
11131 12418
11132 12418
11133 12418
11134 12418
11135 4458
11136 4458
11195 12418
11196 12418
11197 12418
11204 12418
11205 12418
11226 12418
11295 4458
11642 12418
11848 12418
11849 12418
11902 12418
12015 4458
12095 12418
12231 12418
12233 12418
12246 12418
12291 12418
12293 12418
12296 12418
12297 12418
12299 12418
12304 12418
12305 12418
12538 12418
12553 11202
12630 12427
12647 11202
12652 12427
12842 12427
12865 491
12942 904
13148 11202
13483 12427
13824 12418
