14541 14541 3536
50 4301
50 12080
51 4918
52 4303
56 4677
56 10431
57 4412
57 10371
57 10634
57 10635
57 13206
57 13965
58 4966
58 12578
59 4771
59 4895
59 4903
60 3756
60 4763
60 5386
60 6201
60 6837
60 7322
60 8301
60 10647
60 12579
61 3753
61 3754
61 3756
61 4771
61 5256
61 5282
61 5284
61 5285
61 5386
61 6203
61 10431
61 10609
61 12569
61 12580
62 3757
62 10371
62 10635
62 12571
63 3747
63 3752
63 4931
63 7510
63 10421
63 10605
63 11974
64 3752
64 3757
64 10367
64 10605
64 10609
64 11974
64 12569
65 6837
65 7510
65 10634
66 7322
66 10635
66 12571
66 12580
67 3754
67 3756
67 4895
67 4917
67 4931
67 4966
67 4967
67 5214
67 5268
67 6201
67 10366
67 10431
67 12572
67 12579
68 3753
68 3756
68 4903
68 4925
68 10304
68 10368
68 12570
69 7510
69 11974
69 12567
71 8301
72 3747
72 3757
72 5213
72 5287
72 10367
73 1047
73 4967
73 5382
73 6203
73 10377
73 10634
73 10647
73 12580
74 3720
74 3753
74 3765
74 4903
74 4931
74 5275
74 7982
74 12562
74 12595
75 3756
75 10423
75 10431
75 12576
94 10304
97 3773
97 10604
97 13565
102 4412
131 9535
131 9559
139 6203
139 6745
146 982
146 4301
146 12576
156 8465
287 8695
288 8052
288 12844
342 4808
351 4908
351 4919
351 12055
368 3773
368 10602
368 10603
368 10604
368 11362
368 13565
377 12576
377 12579
378 11974
379 8134
481 9926
481 13565
485 5386
485 12569
485 12571
485 12576
516 3773
516 10599
516 10602
516 10603
516 10604
516 11362
516 13565
517 10888
517 10891
517 11364
517 11435
517 12031
517 12033
517 12506
517 12507
517 13565
525 6837
525 10304
525 12571
525 12572
525 12579
526 3757
545 3757
545 12571
549 4925
572 10376
585 8134
604 11841
613 12562
613 12595
632 12570
640 4917
640 4918
640 5281
640 5293
640 10371
640 12571
640 12580
666 3747
666 3752
666 5213
666 5385
666 7510
666 10421
669 5282
670 3747
670 4299
670 4303
671 4917
679 4763
679 4895
679 7510
703 3773
703 10606
703 11362
703 13565
726 3756
726 4771
726 12595
728 3747
728 5213
728 11974
733 3723
733 12572
736 3752
736 7510
738 4925
738 5349
738 7510
738 12562
739 5382
752 1047
752 5269
752 7322
752 8301
754 3747
754 3757
754 5268
754 5282
754 6503
754 10367
754 12579
755 5213
755 10421
755 12571
759 5268
760 3747
760 8052
760 11974
823 11435
823 12031
823 12507
823 13565
829 3570
829 4301
829 4412
829 4771
829 4925
829 5270
829 8692
829 10635
829 12080
829 12570
829 12576
829 12578
829 13425
830 982
830 4305
830 4412
830 8688
830 8692
830 12578
839 1047
839 4301
839 4412
839 4677
839 5214
839 6837
839 7982
839 8692
839 10366
839 10377
839 10431
839 10634
839 12080
839 12560
839 12562
839 12578
839 12595
839 12597
839 13206
839 13425
839 13965
842 3765
852 3570
873 5281
873 5284
873 6503
873 8699
880 10891
880 10980
880 11364
880 11434
880 11435
880 12031
880 12506
880 12507
880 13565
1010 4966
1010 4967
1010 5214
1010 5285
1010 5287
1025 10304
1035 5256
1058 11294
1064 12573
1064 13425
1098 1047
1098 3747
1098 10367
1098 10421
1098 10605
1178 3812
1178 4733
1178 4734
1178 4799
1178 4802
1178 4804
1178 4808
1179 3812
1179 4733
1179 4734
1179 4799
1179 4802
1179 4804
1179 4808
1180 3812
1180 4733
1180 4734
1180 4796
1180 4799
1180 4802
1180 4804
1180 4808
1181 3812
1181 4733
1181 4734
1181 4796
1181 4799
1181 4804
1181 4808
1191 10599
1191 10602
1191 10604
1195 10887
1195 12507
1211 12580
1220 8129
1220 8134
1230 10599
1230 10602
1230 10603
1230 10604
1230 11362
1230 11436
1273 3756
1273 4771
1273 12576
1293 4677
1293 5268
1293 10371
1293 12571
1308 3663
1308 4931
1308 10366
1308 10376
1308 10377
1308 10609
1308 10634
1308 10647
1308 12560
1308 12562
1308 12572
1308 12595
1308 13965
1319 3753
1319 4677
1319 4771
1319 4903
1324 5304
1324 10887
1324 10891
1324 12031
1324 12033
1324 13565
1379 3752
1379 8052
1379 8692
1409 8699
1456 4412
1459 5385
1459 9675
1461 9675
1461 10665
1463 3570
1463 4301
1463 4412
1463 12578
1482 4888
1482 4890
1482 4891
1482 4908
1482 13425
1497 3765
1497 5287
1512 13565
1517 3773
1517 10599
1517 11362
1518 3773
1528 4763
1528 12571
1529 10887
1529 10888
1529 12033
1529 12506
1531 5386
1531 10423
1531 12569
1533 12571
1533 12576
1540 11364
1540 11434
1540 12507
1540 13565
1574 982
1574 1047
1574 4931
1574 6203
1574 12560
1574 12570
1574 12576
1574 12597
1597 5213
1639 12573
1639 13425
1640 4763
1640 6837
1640 10304
1640 12569
1655 3747
1655 7322
1655 10367
1657 13565
1666 3756
1666 4895
1666 5275
1708 3760
1708 8301
1709 8134
1715 3570
1715 3754
1715 4303
1715 4771
1715 4918
1747 10891
1747 12031
1747 13565
1750 12042
1750 13565
1770 3756
1770 5287
1770 6837
1770 10304
1770 12562
1770 12569
1770 12571
1770 12576
1770 12597
1770 13206
1770 13965
1804 10655
1804 12574
1805 10634
1823 5287
1832 3752
1832 3757
1832 5256
1832 5274
1834 8465
1837 8052
1837 8688
1851 5271
1858 12576
1884 982
1885 8129
1885 8229
1885 8449
1885 8485
1885 9535
1908 5232
1914 11364
1973 8134
1973 8450
2013 12580
2014 10602
2014 10603
2028 4895
2028 5232
2028 5349
2028 8696
2066 1047
2066 3570
2066 4771
2066 4903
2066 5284
2066 6503
2066 7981
2066 8694
2066 10658
2066 10664
2066 10665
2066 10675
2066 12562
2066 12567
2066 12576
2082 3765
2082 9559
2083 8129
2083 8481
2083 8485
2083 9535
2108 5287
2108 5293
2108 5311
2200 6535
2200 6536
2200 10801
2250 8052
2250 8692
2250 8694
2250 10423
2288 5270
2288 10655
2327 10599
2327 10602
2327 10603
2327 10604
2327 10606
2327 11362
2327 11436
2327 11437
2330 11431
2355 4966
2355 4967
2355 5281
2355 5282
2355 5293
2374 5952
2374 8129
2374 8229
2374 8449
2374 9535
2374 9559
2377 5213
2377 12570
2382 3765
2382 5271
2382 12560
2382 12580
2382 12595
2382 13425
2407 5952
2407 8229
2407 8449
2407 8485
2407 9535
2419 11434
2440 3773
2440 10607
2440 13565
2462 10371
2462 12172
2464 10421
2467 8694
2469 7982
2469 13425
2481 3570
2493 4412
2496 3773
2496 10599
2496 10603
2496 10604
2496 10606
2496 11362
2534 3753
2534 4888
2534 4890
2534 4908
2534 4919
2534 4967
2547 3765
2547 7510
2641 4299
2673 3753
2673 5232
2673 5256
2673 5385
2684 4305
2684 4925
2690 10602
2690 10604
2690 10607
2978 5270
2978 10655
2996 982
2996 4301
2996 4305
2996 12570
2996 12595
2999 10888
2999 13565
3007 4300
3032 3812
3032 4733
3032 4734
3032 4796
3032 4799
3032 4802
3032 4808
3040 8688
3040 12844
3043 5274
3043 12576
3105 3754
3105 5311
3105 8699
3133 8695
3133 12571
3153 3720
3187 1047
3187 3747
3187 3752
3187 3757
3187 4763
3187 4771
3187 7322
3187 7510
3187 10421
3187 10431
3187 11974
3187 12560
3187 12562
3187 12576
3187 12580
3187 12595
3187 12597
3187 13206
3188 3747
3188 3748
3188 5269
3188 5281
3188 5282
3188 5284
3188 7322
3188 10304
3188 10421
3188 12580
3192 3765
3196 982
3196 4931
3196 12576
3251 13565
3262 6535
3262 10799
3262 10801
3276 12171
3283 3723
3283 5232
3283 5284
3283 5385
3337 10666
3337 10674
3363 3773
3363 10603
3366 8301
3378 8694
3416 10888
3416 13565
3420 4412
3422 5284
3422 5287
3422 5293
3504 3756
3504 4903
3504 4931
3511 7535
3516 3757
3562 5274
3576 3753
3576 3754
3576 5287
3576 5386
3576 6203
3576 12580
3599 10606
3632 12579
3639 4903
3639 10304
3639 11431
3639 12579
3639 13425
3668 5952
3668 8129
3668 8229
3668 8449
3668 8450
3668 9535
3672 5250
3672 6750
3672 12171
3674 3754
3674 3756
3674 4412
3674 4925
3674 12562
3674 12570
3674 12578
3706 10894
3709 4763
3716 7535
3721 9559
3797 10665
3797 10675
3816 4918
3816 4931
3816 10376
3816 12580
3819 13965
3822 4921
3822 5270
3822 10655
3822 12574
3825 7133
3825 10671
3841 12172
3852 6837
3852 12576
3869 5386
3869 6837
3869 12562
3869 12569
3869 12572
3869 12576
3869 12595
3880 4895
3912 3570
3912 4301
3918 5285
3918 10368
3918 10609
3918 12569
3919 4903
3919 4967
3919 5256
3919 12576
3923 8695
3928 982
3928 4301
3944 12562
3944 12595
3945 8767
3964 10376
3966 5269
3966 5281
3966 6203
3966 6750
3966 10423
3968 3812
3968 4799
3968 4802
3968 4804
3969 4734
3970 3812
3970 4796
3970 4799
3970 4808
3971 3812
3971 4733
3971 4734
3971 4799
3971 4802
3971 4808
3983 12576
3992 4301
3992 8688
4002 4763
4002 4771
4002 6837
4016 8694
4073 12080
4074 5287
4074 5382
4074 8767
4091 10894
4115 12570
4129 3752
4129 3754
4129 3757
4129 5268
4129 7456
4129 10367
4129 10371
4129 10635
4132 10655
4142 4763
4142 4903
4142 10376
4142 10647
4142 12572
4154 12171
4174 10655
4185 10599
4185 10606
4185 10607
4185 11437
4185 13565
4188 11974
4190 5293
4192 3723
4192 3757
4215 982
4215 3753
4215 4301
4215 4412
4215 12578
4215 13965
4222 3570
4222 6837
4233 8688
4286 4918
4286 5382
4289 4925
4289 12595
4323 7981
4323 12562
4323 12576
4323 12595
4332 13565
4342 8688
4360 3773
4360 10599
4360 10606
4360 10607
4360 11362
4360 13565
4382 3773
4382 11362
4388 5349
4388 7074
4388 12567
4424 8695
4424 9559
4453 4966
4453 4967
4453 6201
4473 12571
4473 12576
4473 13965
4477 4925
4477 5275
4477 7982
4477 12570
4477 13425
4484 7510
4497 10888
4497 10891
4497 10980
4497 12031
4497 12033
4497 12507
4497 13565
4512 982
4522 8129
4522 8229
4522 8449
4522 9535
4522 9559
4586 3765
4586 4903
4586 4917
4586 5232
4586 7322
4586 7982
4586 12576
4611 3752
4611 5287
4611 10635
4611 12570
4611 12571
4634 5304
4634 10888
4634 12033
4634 13565
4651 3756
4651 3765
4651 12080
4657 4917
4657 4918
4657 6203
4657 12580
4674 4903
4680 3723
4680 5382
4680 10368
4680 10423
4680 12569
4687 11362
4687 13565
4726 4305
4726 8449
4726 8767
4730 1047
4730 7322
4730 12597
4747 8134
4751 4918
4762 10895
4774 5293
4777 5232
4777 12595
4784 12572
4791 3757
4791 4903
4792 9678
4792 9926
4792 10889
4792 10890
4792 10894
4792 10895
4792 11431
4792 11432
4818 12573
4818 13425
4819 3747
4819 10376
4821 3753
4826 3723
4826 3753
4826 4903
4826 4925
4826 10304
4826 12569
4826 12570
4827 10371
4827 10376
4827 10647
4828 8134
4832 13965
4834 1047
4834 3757
4834 12571
4834 12579
4839 10665
4839 10666
4839 10675
4867 5304
4867 12031
4867 12033
4867 12507
4867 13565
4875 982
4875 5270
4875 10655
4884 4763
4884 5281
4884 6503
4884 12121
4884 12572
4930 3773
4930 10603
4930 10671
4949 5275
4951 3760
4951 4908
4951 4919
4952 5250
4952 6750
4960 5232
4960 7981
4961 11819
4963 1047
4963 4677
4963 5256
4963 5274
4963 5284
4965 12033
4982 1047
4982 7322
4982 7982
4982 13425
4990 7360
4994 4903
4994 11819
4994 12080
4994 12574
4994 13425
4999 12176
4999 12179
5000 9535
5001 5281
5001 5282
5013 4918
5013 5269
5013 5311
5013 6197
5013 6203
5013 12580
5025 6197
5026 3978
5026 5304
5026 11364
5026 12031
5026 13565
5047 8129
5047 8485
5097 6536
5097 6537
5102 5287
5109 5349
5109 9625
5109 10423
5109 12920
5129 5232
5129 7535
5129 8134
5129 8449
5157 12569
5162 4891
5162 4908
5162 4919
5162 4925
5162 12570
5168 5268
5170 12559
5182 982
5182 4903
5182 6359
5188 8695
5211 12595
5224 4301
5224 12578
5230 3723
5230 4918
5230 5214
5230 5232
5230 5349
5230 10304
5279 7535
5286 8134
5321 8688
5350 8129
5350 9535
5350 9559
5358 5256
5365 3752
5365 5287
5365 5385
5365 10371
5365 10377
5365 10634
5365 10635
5365 12571
5372 8450
5379 12172
5383 4925
5383 12595
5405 7535
5422 4931
5422 13425
5441 5304
5441 10887
5441 12031
5447 7344
5460 10599
5460 10603
5460 10606
5460 10607
5460 11362
5460 11436
5460 11437
5468 10888
5468 10980
5468 12033
5468 13565
5470 10887
5470 10888
5470 10891
5470 10980
5470 11434
5470 12031
5470 12033
5485 6535
5485 6536
5485 6537
5485 10799
5494 12080
5534 5281
5534 5284
5534 9480
5550 5351
5550 6201
5578 12578
5580 3773
5580 10602
5580 10604
5580 10606
5580 10607
5580 11362
5580 11436
5580 13565
5582 3754
5597 8695
5631 3757
5631 4895
5631 5269
5631 5386
5631 10609
5631 12569
5652 4734
5652 4796
5681 13425
5696 4733
5696 4734
5696 4796
5696 4799
5696 4804
5696 4808
5697 4925
5697 12562
5697 12570
5729 1047
5729 7322
5729 12579
5729 13965
5756 8465
5786 12635
5829 10671
5829 12506
5829 13565
5831 10606
5831 10607
5831 12042
5831 12508
5831 13565
5834 5304
5834 10887
5834 10891
5834 12031
5834 12033
5834 13565
5858 5304
5858 10891
5858 10980
5858 12031
5858 13565
5875 5275
5875 12595
5903 3723
5903 4931
5903 5287
5903 5351
5903 5386
5903 6750
5903 10423
5904 3723
5904 5285
5904 5351
5904 5382
5912 12580
5912 13206
5912 13965
5956 3723
5956 5287
5956 5351
5956 10423
5960 5952
5960 8129
5960 8229
5960 9535
5964 7360
5966 4677
5977 5952
5977 8449
5988 10895
5990 9926
5990 10672
5990 10889
5990 10894
5990 11431
5990 11432
5990 13565
5993 3760
5993 10609
5994 8229
5995 3753
5995 8696
5995 10304
5995 10647
5995 12569
6015 10888
6015 11435
6015 12033
6015 13565
6080 5213
6081 4888
6081 4890
6081 4919
6081 5214
6081 10421
6090 13565
6118 3570
6118 4299
6195 3757
6195 7322
6195 10304
6195 11974
6195 12569
6195 12579
6196 3752
6196 5282
6196 7510
6196 9480
6198 12562
6199 3747
6199 5213
6199 5293
6199 5311
6199 6203
6199 10367
6199 10377
6199 10421
6199 10431
6199 10605
6199 11974
6199 12580
6206 1047
6206 4771
6206 4903
6206 4931
6206 5214
6206 6201
6206 6837
6206 7982
6206 10366
6206 10370
6206 10634
6206 12018
6206 12080
6206 12172
6206 12576
6206 12579
6206 12597
6206 13206
6206 13965
6215 8052
6232 10887
6232 12031
6232 13565
6287 10980
6287 13565
6295 8485
6315 8692
6315 12844
6325 3773
6325 10599
6325 10607
6325 11436
6325 11437
6331 8695
6337 3720
6338 5287
6338 5382
6350 3753
6350 4918
6350 5382
6400 5282
6428 8465
6428 8694
6432 12171
6439 10604
6439 13565
6456 4966
6469 4925
6473 3488
6473 10655
6473 11819
6484 5067
6490 4903
6499 8134
6518 4967
6518 5213
6518 5232
6518 5269
6518 10421
6561 9480
6573 10371
6600 7535
6616 8695
6650 5351
6703 11819
6703 12574
6711 3752
6711 3757
6711 4931
6711 5213
6711 7510
6711 10367
6711 10605
6711 13965
6715 3752
6735 8692
6735 12578
6812 3748
6812 4917
6812 4918
6812 4931
6812 4966
6812 4967
6812 5214
6812 6837
6812 10366
6812 10431
6812 12018
6812 12560
6812 12580
6812 12597
6812 13965
6818 4921
6818 11819
6818 12574
6830 4967
6830 5274
6865 10368
6865 10423
6873 8450
6892 4925
6892 4966
6892 4967
6892 12595
6900 5293
6900 5382
6900 6503
6900 10647
6941 3747
6941 4917
6941 4925
6941 4931
6941 5214
6941 7322
6941 11974
6941 12560
6941 12570
6941 12579
6941 12595
6941 12597
6941 13965
6976 7360
6977 10658
6977 10666
6978 1047
7010 4301
7058 9678
7058 13565
7064 5386
7064 10304
7064 12171
7066 13565
7080 3747
7104 8129
7104 8229
7104 9535
7106 10371
7106 10376
7106 10377
7106 10647
7106 12572
7122 5269
7122 5281
7124 3720
7124 5287
7127 10799
7127 10801
7137 8465
7141 7535
7141 8134
7141 8450
7156 5351
7156 10423
7164 5952
7164 8485
7183 12560
7183 12579
7183 13206
7185 6745
7233 3754
7233 4763
7233 4925
7233 6837
7233 7982
7233 10647
7233 12080
7233 12562
7233 12572
7233 12576
7233 12595
7233 13206
7251 4677
7251 5214
7251 5281
7251 5282
7251 5284
7251 5287
7251 5293
7251 5382
7251 6201
7251 6503
7251 7322
7251 10366
7251 10371
7251 10376
7251 10377
7251 10421
7251 10431
7251 10634
7259 4918
7259 5311
7259 5382
7285 9559
7292 3760
7292 3765
7335 10890
7355 8450
7357 8134
7379 3570
7391 13565
7400 5386
7400 10368
7416 5281
7438 4921
7438 5270
7438 10655
7438 11819
7443 1047
7443 5214
7443 7322
7443 11974
7443 12569
7443 12572
7443 12580
7446 3754
7446 4677
7446 4917
7446 4931
7446 5287
7446 6837
7446 12571
7446 12576
7459 5349
7462 5293
7465 4925
7465 5275
7465 12562
7465 12595
7468 5274
7474 10799
7475 3723
7475 3753
7475 5284
7475 5285
7475 5293
7475 5382
7475 5386
7475 10368
7475 10431
7486 12570
7533 3723
7533 3753
7533 3756
7533 5214
7533 5386
7533 10304
7533 10368
7533 10609
7533 12569
7538 5250
7539 4966
7539 7981
7539 10545
7547 3752
7547 3765
7547 4918
7547 7510
7547 7981
7547 12567
7553 4305
7553 8450
7584 12576
7605 7981
7605 12118
7605 12119
7605 12120
7605 12121
7605 12127
7605 12559
7608 3753
7608 4300
7608 12118
7608 12127
7608 12559
7617 11435
7617 12506
7617 13565
7637 6535
7638 3757
7639 12559
7643 4895
7643 4966
7643 5351
7643 10368
7643 10609
7643 10635
7643 12560
7643 12569
7643 12571
7643 12597
7650 5275
7658 3723
7658 3753
7658 4771
7658 8696
7658 9480
7658 10304
7658 10423
7658 12171
7658 12172
7700 3754
7700 6203
7724 10376
7724 12572
7742 12576
7742 12578
7743 13965
7744 1047
7744 6837
7744 11974
7744 12560
7744 12562
7744 12571
7744 12578
7744 12595
7744 12597
7744 13206
7744 13965
7749 6837
7756 12595
7758 3756
7758 3760
7758 6201
7758 8052
7758 10366
7758 12579
7758 12597
7758 13206
7768 4412
7768 12578
7771 7322
7771 12595
7791 4925
7792 5287
7799 7527
7799 13565
7802 5386
7822 8688
7822 8692
7871 10371
7871 10635
7876 4925
7876 13965
7915 8134
7919 8692
7928 3978
7928 10671
7969 11841
7992 8695
8012 4921
8031 4917
8031 4966
8031 5214
8031 5256
8031 5351
8031 10431
8058 12740
8095 7535
8095 8481
8118 12635
8125 7101
8125 13565
8145 5952
8145 8229
8145 8450
8145 9535
8169 4763
8169 5268
8169 5284
8169 5285
8169 5311
8169 5382
8169 6503
8169 10376
8169 12579
8192 7510
8211 4888
8211 4890
8211 12055
8212 12562
8228 8767
8231 10603
8231 10606
8231 10607
8231 11436
8243 13565
8252 8449
8277 10658
8277 10666
8277 10674
8299 5952
8299 8449
8299 8450
8305 13565
8315 1047
8315 3754
8315 3756
8315 3765
8315 4677
8315 4771
8315 5214
8315 5284
8315 6201
8315 6837
8315 7322
8315 8465
8315 9480
8315 10366
8315 10376
8315 10421
8315 10431
8315 12018
8315 12579
8331 3747
8335 4918
8335 6837
8335 7322
8350 4931
8350 5351
8350 10304
8350 10368
8350 10423
8350 10609
8354 7535
8354 8229
8387 3570
8387 10431
8389 10891
8389 11364
8389 12507
8403 9559
8415 5382
8415 10545
8429 8695
8448 3720
8452 11190
8461 7133
8461 10599
8470 8465
8470 8692
8474 9625
8474 12920
8491 7535
8491 8129
8491 8229
8491 9535
8506 7322
8506 11974
8506 12560
8506 12579
8506 13206
8506 13965
8528 4967
8528 5287
8543 1047
8543 12560
8543 12562
8543 12573
8543 12576
8543 12595
8543 12597
8543 13206
8549 8694
8560 13565
8562 4763
8562 4918
8562 4919
8562 5293
8562 6203
8562 10377
8562 10634
8562 12560
8562 12580
8562 13206
8589 10647
8621 10655
8645 4903
8645 4925
8645 5385
8645 7981
8645 12595
8652 13965
8661 9678
8661 10890
8661 13565
8667 5250
8680 8692
8683 10658
8683 10666
8683 10674
8684 4931
8684 8688
8687 3773
8687 5959
8687 10603
8687 10604
8687 11362
8687 11436
8697 5152
8698 12171
8700 4299
8701 10609
8701 12569
8717 8134
8721 982
8721 4917
8721 4931
8721 6359
8721 13206
8721 13965
8754 4305
8754 4925
8754 5270
8754 12570
8768 10887
8768 10891
8768 12507
8780 4300
8786 4771
8786 4895
8786 4967
8786 5213
8786 5232
8786 6837
8786 11974
8786 12597
8791 13565
8792 7360
8792 10889
8792 10894
8792 11431
8811 9675
8811 10675
8818 982
8818 4301
8818 4412
8818 4931
8818 5274
8818 6203
8818 6359
8818 8690
8818 12576
8818 12578
8818 13965
8834 3570
8834 4301
8834 4931
8849 4918
8849 5214
8849 5269
8849 7981
8849 12580
8862 6745
8874 8129
8874 8134
8874 9559
8880 5281
8885 9559
8886 3757
8886 4677
8886 6201
8886 7322
8886 8767
8886 10421
8899 5952
8899 9535
8930 3747
8930 3757
8930 4917
8930 5287
8930 10421
8930 11974
8930 13206
8972 6197
8972 8695
9036 10671
9047 4911
9047 5250
9050 5952
9050 7535
9050 8129
9050 8134
9050 9535
9087 12578
9087 13965
9123 10890
9123 11432
9162 5382
9172 10671
9174 3570
9177 4299
9178 4305
9186 8767
9191 8129
9191 9535
9191 9559
9213 9559
9254 12507
9259 4921
9259 10655
9259 12574
9260 5270
9272 9535
9281 1047
9281 5214
9281 5386
9299 11357
9299 12844
9299 13565
9300 8485
9300 9559
9326 8229
9326 8485
9331 13565
9333 982
9333 1047
9333 4412
9333 4931
9333 5214
9333 10366
9333 10431
9333 12080
9333 12576
9333 13206
9333 13965
9340 12569
9379 12579
9379 12595
9379 12597
9379 13206
9387 12635
9388 10603
9388 10604
9388 11362
9388 11436
9388 13565
9394 5275
9428 5952
9428 8449
9431 9559
9434 12573
9444 7535
9444 8465
9444 8692
9444 8694
9453 3760
9455 5265
9467 5385
9467 13965
9541 8688
9544 8723
9556 13565
9563 1047
9563 4917
9563 6837
9563 12597
9569 3747
9569 4903
9569 4967
9569 5213
9569 5232
9569 5382
9569 10421
9570 3748
9570 3756
9570 4299
9570 7510
9570 10304
9570 10421
9570 10423
9570 10431
9570 11974
9570 12569
9570 12597
9571 982
9571 4301
9571 4412
9571 8692
9571 8694
9571 12578
9571 13206
9571 13965
9590 4301
9590 8694
9603 1047
9603 3488
9603 4903
9603 5213
9603 7322
9603 7982
9603 11974
9603 12560
9607 10887
9607 10980
9607 11434
9607 13565
9617 982
9617 3570
9617 4301
9617 4412
9617 4931
9617 8692
9617 8767
9617 8775
9617 12570
9617 12578
9617 13965
9633 8134
9645 5213
9645 6203
9645 12580
9646 4895
9646 5269
9653 4895
9662 5285
9683 3747
9683 3752
9683 3757
9683 4677
9683 5213
9683 7510
9683 10367
9683 10421
9683 10605
9683 11974
9686 7510
9687 8457
9687 12567
9725 9535
9727 12080
9745 5282
9745 10421
9751 8696
9784 1047
9784 3756
9784 3757
9784 4677
9784 4771
9784 4917
9784 4966
9784 4967
9784 5213
9784 5268
9784 6201
9784 7322
9784 7982
9784 10366
9784 10431
9784 12080
9784 12579
9784 13206
9784 13425
9801 8229
9832 5287
9841 5275
9844 4888
9892 1047
9892 3757
9892 3765
9892 4771
9892 5213
9892 7322
9892 7510
9892 10304
9892 10421
9892 11974
9892 12560
9892 12569
9892 12579
9892 12597
9893 982
9910 3756
9910 3757
9921 12595
9950 12055
9951 11364
9951 11435
9951 12506
9985 11364
9985 12031
9985 12033
9985 12506
9985 13565
9995 5952
9995 8129
9995 8229
9995 8481
9995 9535
10015 10635
10015 12571
10015 12579
10016 12560
10016 12562
10016 12569
10016 12572
10016 12576
10016 13206
10041 10672
10066 4301
10066 4931
10083 11841
10136 3720
10140 3570
10140 5250
10146 3570
10146 12578
10155 4895
10155 5274
10170 10666
10174 3773
10174 5959
10174 11362
10174 13565
10189 8450
10192 9559
10197 3747
10197 5282
10197 10367
10197 10605
10197 11974
10200 4903
10200 5256
10200 13425
10205 6359
10205 12570
10221 5270
10221 10421
10231 4771
10231 5213
10231 6837
10231 7510
10250 13565
10259 3747
10259 4966
10259 4967
10259 5213
10259 5214
10259 7510
10259 10367
10259 10605
10259 12080
10259 12576
10269 9678
10277 4925
10277 4966
10277 5270
10277 12562
10277 12570
10277 12576
10286 3747
10286 3757
10286 4966
10286 5213
10286 5281
10286 5282
10286 7510
10286 10367
10286 10605
10286 11974
10291 5293
10291 6503
10294 5285
10294 5386
10320 3723
10320 6201
10320 10304
10320 12569
10342 5154
10345 12569
10345 12571
10345 12572
10355 10376
10355 10647
10355 12572
10425 3756
10425 3765
10425 4677
10425 4967
10425 5214
10425 5287
10425 6201
10425 7322
10425 10431
10425 10605
10425 10634
10425 12571
10425 12579
10425 12597
10433 7982
10457 6535
10467 8134
10483 3765
10483 4895
10483 4903
10483 4918
10483 5269
10483 5287
10483 6837
10483 7510
10483 10367
10483 10421
10483 10605
10483 11974
10483 12018
10483 12170
10483 12172
10483 12560
10483 12597
10495 10370
10518 5284
10518 5285
10518 10304
10518 10368
10518 10609
10518 12569
10547 4763
10547 6201
10547 7322
10547 7510
10547 10366
10547 10376
10547 10605
10547 12560
10547 12572
10547 12579
10547 12597
10566 4917
10566 5274
10566 10647
10566 12171
10566 12172
10571 3756
10571 3757
10571 5386
10571 7982
10571 10304
10571 10423
10571 10431
10571 12572
10571 13425
10573 8767
10575 3723
10575 4931
10585 8699
10592 3752
10592 4917
10592 5274
10592 7982
10592 10366
10592 10371
10592 11974
10592 12080
10592 12560
10592 12578
10616 3754
10616 4771
10616 4917
10616 4967
10616 5214
10616 10431
10638 1047
10638 4895
10638 4917
10638 4931
10638 13206
10650 4763
10650 6201
10650 6837
10650 12562
10650 12579
10650 12595
10653 5281
10653 10423
10704 5952
10709 10799
10709 10801
10711 5386
10711 10368
10713 12578
10724 7982
10724 13425
10726 3757
10726 5214
10726 5287
10726 12562
10726 12595
10727 1047
10727 3747
10727 3765
10727 4966
10727 4967
10727 5214
10727 12560
10727 12571
10727 12597
10727 13206
10728 3723
10728 3756
10728 5351
10728 5386
10728 6837
10728 10304
10728 10423
10728 12569
10728 12579
10729 7322
10731 8301
10732 3720
10732 3723
10732 3753
10732 5214
10732 5232
10732 5349
10732 5351
10732 5386
10732 6203
10732 9625
10732 10304
10732 10423
10732 12569
10732 12572
10732 12580
10752 12042
10752 13565
10767 10371
10767 10376
10767 10635
10767 10647
10767 12572
10767 13965
10781 12567
10782 3752
10782 4903
10782 12571
10785 3765
10785 5293
10785 10371
10785 10635
10785 12571
10788 3756
10788 4966
10788 5287
10788 10431
10788 12562
10788 12571
10788 12579
10803 11431
10806 3760
10806 3765
10806 4771
10806 7322
10806 10366
10806 10371
10806 10431
10806 10634
10806 10635
10806 12018
10806 12560
10806 12571
10806 12597
10808 10370
10810 7360
10810 10895
10810 11431
10829 6837
10829 12560
10829 12580
10829 12597
10829 13206
10867 9926
10867 10672
10867 10894
10867 11431
10867 11432
10867 13565
10877 3757
10877 11974
10877 12562
10877 12595
10877 13965
10878 3723
10878 5351
10878 5386
10878 10423
10878 12569
10884 1047
10884 3748
10884 3757
10884 4412
10884 10605
10884 11974
10884 12560
10884 12578
10884 12579
10884 13206
10903 5386
10905 12170
10910 12635
10911 5250
10911 5349
10911 6837
10911 7322
10911 12560
10911 12595
10911 12597
10932 12560
10932 12572
10932 12597
10936 1047
10936 11516
10936 12560
10937 4771
10937 5213
10937 6837
10937 12560
10937 12579
10937 12597
10940 6837
10940 11974
10940 12571
10940 12597
10940 13206
10955 12560
10955 12571
10955 12579
10955 12597
10955 13965
10957 1047
10957 3757
10957 5385
10957 11974
10957 12560
10957 12579
10967 1047
10967 11974
10967 12560
10967 12572
10967 12576
10967 12580
10967 12597
10967 13206
10968 3757
10968 5268
10968 5281
10968 6201
10968 6503
10968 8767
10968 12579
10973 1047
10973 11516
10973 11974
10973 12560
10973 12571
10973 12579
10978 3723
10978 3756
10978 5268
10978 5285
10978 10368
10978 10421
10978 10423
10992 8677
11020 1047
11020 3757
11020 6837
11020 11974
11020 12560
11020 12576
11020 12579
11020 12597
11020 13206
11020 13425
11023 6203
11023 7322
11023 12580
11027 5386
11027 8696
11030 8229
11030 9559
11038 8767
11038 10377
11039 982
11039 3570
11039 4895
11045 1047
11045 4300
11045 4301
11045 4303
11045 4895
11045 12576
11045 12578
11049 982
11049 3765
11049 4895
11049 8052
11049 10371
11049 10635
11049 12571
11079 1047
11079 6837
11079 12562
11079 12597
11079 13206
11079 13425
11079 13965
11108 12572
11108 12597
11120 5952
11146 5213
11146 10421
11151 4908
11151 4919
11152 1047
11152 3752
11152 3753
11152 3754
11152 4903
11152 4917
11152 5214
11152 6203
11152 6837
11152 7322
11152 7510
11152 10366
11152 10605
11152 10609
11152 10634
11152 11974
11152 12560
11152 12576
11152 12580
11152 12597
11162 5275
11183 10421
11210 11974
11210 12560
11210 12569
11210 12579
11210 12597
11212 11974
11212 12572
11241 1047
11241 7322
11241 12595
11251 3756
11251 3765
11251 4763
11251 5214
11251 5382
11251 10431
11251 12572
11251 12576
11251 12597
11253 8229
11253 8450
11259 3765
11259 4763
11259 4903
11259 12572
11278 12560
11278 12597
11281 3753
11281 5275
11281 5382
11288 5274
11296 10655
11297 7982
11297 11974
11297 12579
11298 12560
11298 12562
11298 12571
11298 12572
11298 12595
11298 12597
11298 13206
11298 13965
11311 4895
11311 12597
11311 13206
11334 982
11334 1047
11334 3756
11334 4931
11334 12562
11334 12578
11334 13965
11336 5952
11336 7535
11336 8134
11336 8229
11336 8449
11336 8450
11336 9535
11336 9559
11377 12595
11396 4890
11396 4908
11396 4919
11398 5311
11412 4890
11412 4891
11424 1047
11424 6837
11424 12560
11424 12595
11424 12597
11424 13965
11425 12560
11425 12562
11425 12597
11425 13206
11425 13965
11426 1047
11426 3757
11426 6837
11426 7322
11426 11974
11426 12560
11426 12576
11426 12579
11426 12595
11426 12597
11427 12560
11427 12562
11427 12597
11427 13965
11428 12560
11428 12572
11428 12579
11428 12597
11429 12560
11438 13425
11445 8052
11454 3773
11454 10599
11454 11437
11454 13565
11458 8688
11459 5351
11462 6837
11462 7982
11462 13425
11481 5349
11481 7074
11481 8696
11481 10545
11481 12118
11481 12120
11481 12121
11481 12127
11485 5351
11485 5386
11485 10368
11485 10423
11485 10609
11491 13565
11495 3757
11495 12562
11495 12578
11495 12595
11505 5386
11505 12569
11512 10647
11592 10887
11593 5959
11593 10599
11593 10602
11593 10606
11593 10607
11593 11362
11593 11437
11593 13565
11612 4925
11612 5213
11612 12570
11625 4301
11625 4305
11683 7527
11683 9678
11683 9926
11683 10672
11683 10891
11683 11364
11688 4677
11688 4771
11689 3570
11689 4305
11689 4412
11691 7535
11694 4305
11700 7535
11700 8129
11700 8694
11707 13206
11713 5285
11723 7535
11735 5382
11747 13565
11748 4908
11748 4911
11748 4919
11766 12567
11777 982
11777 3570
11779 13425
11780 7535
11800 3723
11800 3747
11800 4412
11800 10421
11805 4677
11805 10655
11805 12574
11809 982
11809 1047
11809 4895
11809 5275
11809 7982
11809 8692
11809 10647
11809 12595
11809 12597
11809 13206
11809 13425
11809 13965
11810 5287
11813 4903
11813 5268
11813 12576
11813 12595
11822 4305
11822 8052
11822 12562
11825 4301
11825 8465
11825 12578
11827 4301
11827 9559
11828 6197
11828 8695
11828 11190
11829 3760
11829 4763
11829 5382
11829 10368
11829 10376
11829 10377
11829 10609
11829 10634
11829 10647
11829 12572
11832 12171
11832 12172
11836 7456
11836 10376
11837 5304
11837 13565
11844 3747
11844 6197
11844 8695
11847 3570
11847 4301
11847 4303
11847 4903
11847 7982
11847 12562
11847 12595
11847 13206
11876 9480
11900 4299
11900 4301
11906 4966
11906 6201
11906 10423
11953 3570
11953 4301
11953 4903
11953 13965
11962 3747
11962 3752
11962 3756
11962 3765
11962 4918
11962 4966
11962 4967
11962 5214
11962 5232
11962 5281
11962 5282
11962 5284
11962 7322
11962 8692
11962 12580
11962 12844
11969 4925
11972 3723
11972 3747
11972 3757
11972 4967
11972 5213
11972 5214
11972 5284
11972 5285
11972 5351
11972 10421
11972 10431
11972 10605
11972 11974
11977 982
11977 3570
11977 4301
11977 12578
11977 13206
11977 13965
11987 4305
12056 7535
12056 8052
12064 5274
12075 3757
12075 4763
12085 7456
12085 10980
12085 11435
12085 12506
12085 13565
12093 3752
12093 3754
12093 3756
12154 4966
12154 5349
12158 5382
12160 4412
12160 5268
12160 5274
12160 7982
12160 13425
12161 5154
12161 7345
12218 12578
12221 12560
12221 12579
12221 12597
12322 3757
12322 8134
12322 11974
12350 5256
12350 5287
12357 12127
12369 5952
12372 10887
12372 10891
12372 11364
12372 11434
12372 11435
12372 12033
12372 12506
12372 13565
12402 3723
12402 5269
12402 5351
12402 5386
12402 6837
12402 7322
12402 10304
12402 10368
12402 10423
12402 10545
12402 10609
12402 12569
12405 10304
12405 10423
12405 12569
12406 8129
12406 9535
12410 12567
12425 8450
12429 1047
12436 5281
12436 5293
12454 4299
12467 10545
12484 3812
12484 4734
12484 4796
12484 4799
12484 4802
12484 4808
12494 5282
12494 10609
12494 12569
12513 9675
12513 10666
12513 10675
12521 1047
12521 5386
12521 7322
12521 12562
12521 12576
12521 12579
12521 12595
12521 13425
12526 12573
12535 9678
12535 10889
12535 11431
12536 4771
12536 4903
12536 4918
12536 5282
12536 5284
12536 5385
12536 6837
12536 7510
12536 7982
12536 10431
12536 10545
12536 10605
12536 12018
12536 12080
12536 12560
12536 12595
12536 12597
12536 13425
12540 5213
12540 7510
12540 10367
12540 10421
12540 10605
12540 10635
12540 11974
12540 12080
12540 12562
12548 12572
12548 12576
12548 13206
12558 4771
12558 5256
12558 7981
12558 12118
12558 12120
12558 12567
12604 11516
12604 12580
12629 5304
12629 10887
12629 11434
12629 12031
12631 5382
12631 10371
12634 4966
12634 4967
12634 5232
12634 5351
12634 7981
12634 8696
12634 10304
12634 12567
12639 12560
12639 12562
12639 12597
12639 13206
12642 8129
12642 9559
12644 3765
12644 4918
12644 7322
12644 12571
12644 12580
12655 10423
12655 11974
12655 12579
12661 982
12661 4895
12661 7981
12662 8052
12669 12595
12672 5282
12672 6503
12674 12170
12677 8694
12687 7535
12687 8129
12687 8134
12687 8229
12687 8449
12687 9535
12687 9559
12689 7982
12689 12578
12691 1047
12691 4917
12691 6201
12691 6837
12691 10366
12691 12018
12691 12560
12691 12579
12691 13206
12697 5271
12697 12562
12697 13965
12716 12576
12716 13206
12721 3765
12721 4918
12721 5284
12721 5293
12721 5311
12721 6203
12721 10377
12721 10634
12721 12571
12721 12580
12725 4412
12735 3757
12735 5386
12735 12569
12735 12579
12737 10895
12737 11434
12755 5287
12755 5293
12761 4677
12761 4771
12761 4966
12761 4967
12761 5214
12761 6837
12761 10421
12761 10431
12775 3757
12775 4677
12775 5281
12775 5284
12775 5285
12775 6197
12775 10377
12775 10609
12775 12569
12802 1047
12802 3754
12802 3765
12802 4677
12802 4771
12802 4895
12802 4903
12802 4917
12802 5287
12802 6201
12802 6837
12802 7322
12802 10431
12802 12560
12802 12562
12802 12576
12802 12579
12802 12597
12802 13206
12802 13425
12832 3756
12832 3757
12832 4967
12833 4771
12833 4917
12833 4966
12833 5351
12833 6837
12833 10423
12833 10431
12833 12560
12833 12569
12833 12580
12833 12597
12880 4917
12880 5232
12880 12562
12880 12595
12880 13206
12881 11974
12882 4771
12882 5213
12882 7322
12882 7510
12882 10421
12882 12580
12884 1047
12891 5287
12891 12576
12896 4301
12899 982
12899 3570
12899 4301
12899 4412
12899 4895
12899 12578
12899 13965
12905 7527
12905 10888
12905 10891
12905 11435
12905 12506
12927 3756
12927 5386
12927 6203
12927 10368
12927 10431
12943 5270
12943 9461
12943 10655
12950 12597
12956 10370
12961 7510
12961 10304
12967 3756
12967 4967
12967 5287
12967 5382
12967 10431
12996 12576
13083 7982
13083 8695
13083 13425
13096 1047
13096 4895
13096 4917
13096 5214
13096 5382
13096 10431
13096 12560
13096 12571
13096 12597
13096 13206
13096 13965
13097 5214
13098 3489
13098 4303
13098 4895
13098 4903
13098 4967
13098 5214
13098 7982
13098 12578
13098 13425
13098 13965
13099 5287
13113 4967
13113 12560
13113 12562
13113 13425
13115 3757
13115 12595
13117 7982
13117 11974
13117 13206
13129 12580
13129 13206
13129 13965
13133 4412
13133 5214
13134 5386
13139 4903
13139 7982
13139 13206
13139 13425
13139 13965
13140 3765
13140 4763
13140 5382
13140 12571
13140 12572
13141 12576
13143 4967
13143 6837
13149 1047
13149 4771
13149 5232
13149 5287
13149 7982
13149 12576
13149 13965
13161 4903
13161 4966
13161 5250
13161 5385
13161 7981
13161 10431
13161 12567
13161 13206
13164 4677
13164 4763
13164 6201
13164 12562
13164 12579
13164 12595
13166 3754
13166 3756
13166 4925
13166 4966
13166 12595
13169 982
13169 3570
13169 4301
13169 12578
13169 13206
13187 11516
13187 12569
13187 12595
13192 5386
13192 7982
13195 3757
13195 12578
13196 4925
13196 4966
13196 5213
13196 5382
13201 982
13204 11974
13204 13965
13212 5386
13223 4412
13223 12578
13233 13206
13236 1047
13236 12569
13236 12576
13243 8688
13253 12569
13253 12578
13253 13206
13253 13425
13263 10599
13263 10603
13263 10604
13263 11362
13263 13565
13266 5304
13266 10887
13266 10888
13266 10891
13266 11364
13266 11434
13266 11435
13266 12031
13266 12033
13266 12506
13266 13565
13312 6837
13312 7981
13312 12560
13312 12595
13315 7322
13315 12571
13315 12579
13316 12570
13317 7535
13317 8134
13317 9559
13323 7982
13324 5386
13324 12595
13325 8129
13325 8229
13325 8485
13325 9535
13325 9559
13326 10423
13327 4677
13327 4966
13327 4967
13329 4763
13329 7074
13344 12576
13344 12580
13418 3773
13418 10599
13418 10603
13418 10671
13418 11362
13418 11436
13418 11437
13448 11841
13477 6203
13477 12580
13477 13206
13515 10887
13515 10891
13515 12031
13515 13565
13540 3765
13540 4917
13540 5382
13540 6203
13540 6837
13540 7322
13540 8465
13540 10609
13540 10634
13540 12560
13540 12562
13540 12572
13540 12580
13540 12595
13555 7982
13555 13425
13571 4903
13571 5287
13577 12595
13578 12597
13579 12562
13579 12571
13579 12572
13579 13965
13589 10666
13600 3723
13600 4677
13600 4931
13600 12560
13600 12562
13600 12576
13600 12579
13600 12597
13600 13425
13600 13965
13751 8229
13752 11974
13752 12579
13813 8465
13821 5952
13821 8129
13821 8229
13821 8449
13821 8481
13821 8485
13821 9535
13935 4895
13939 6837
13939 12560
13949 5213
13949 5250
13950 12562
13964 12576
13964 12595
13966 4771
13966 4903
13966 4917
13966 6837
13966 7510
13966 10304
13966 12576
13966 13425
13974 3723
13974 3747
13974 3757
13974 5385
13974 10421
13974 11974
13974 12580
13976 12562
13977 3765
13977 4771
13977 7982
13977 12579
13977 13425
13978 3747
13978 4895
13978 4967
13978 5213
13978 5214
13978 7322
13978 10421
13978 10431
13978 11974
13978 12572
13978 12579
13978 12597
13979 4966
13979 12580
13981 982
13981 4917
13981 4931
13981 8052
13981 8775
13981 13965
13984 982
13987 10671
13987 10887
13989 3757
13989 5213
13989 10421
13989 11974
13989 12560
13989 12562
13989 12580
13989 12597
13989 13965
13991 3757
13991 7510
13991 10421
13991 11974
13991 12560
13991 12579
13991 12597
13991 13206
13992 12562
13992 12595
13999 12042
14001 4733
14001 4796
14001 4799
14001 4802
14001 4808
14005 8129
14005 8229
14005 9535
14046 3747
14046 4917
14046 5214
14046 7510
14046 12580
14047 3765
14047 4903
14047 12576
14047 13206
14048 3747
14048 7322
14048 7510
14048 11974
14049 4677
14049 4763
14049 4917
14049 5268
14049 5274
14049 6837
14049 7982
14049 8696
14049 12560
14049 12562
14049 12572
14049 12595
14049 12597
14049 13425
14049 13965
14050 9480
14082 3773
14082 10599
14082 10602
14082 10603
14082 10604
14082 11362
14086 8134
14086 9559
14103 4677
14119 13206
14119 13965
14120 1047
14120 3756
14120 10431
14120 12560
14120 12571
14120 12579
14120 12597
14121 3723
14121 5351
14121 5386
14121 10423
14121 12569
14122 7510
14123 5214
14123 7981
14123 12562
14123 12576
14124 3747
14124 4890
14124 5213
14124 7510
14124 9480
14124 10421
14125 3754
14125 4917
14125 5232
14125 5385
14125 12579
14261 10604
14273 3723
14273 3756
14273 5214
14273 5287
14273 5351
14273 5386
14273 7322
14273 10423
14273 10431
14273 12560
14273 12569
14273 12571
14273 12579
14276 13425
14276 13965
14277 3747
14277 3752
14277 3757
14277 5385
14277 7510
14277 11974
14278 1047
14278 4677
14278 4967
14278 5213
14278 5382
14278 6201
14278 10421
14278 10431
14279 1047
14279 4771
14279 4895
14279 4917
14279 5281
14279 12560
14279 13206
14279 13965
14280 3756
14280 4771
14280 4918
14280 6203
14280 10431
14280 12571
14280 12572
14280 12580
14344 13565
14345 10607
14345 11436
14345 13565
14440 3756
14440 4895
14440 6201
14440 7322
14440 12560
14440 12576
14440 12579
14440 12597
14440 13206
14440 13965
14441 3757
14441 10421
14442 4763
14442 12572
14442 12580
14443 8134
14443 8481
14492 1047
14492 4895
14492 6837
14492 7322
14492 7982
14492 12560
14492 12562
14492 12579
14492 12595
14492 12597
14492 13206
14492 13425
14492 13965
14493 3723
14493 5386
14493 10421
14493 10423
14493 10431
14495 4917
14496 11974
14496 12560
14496 12580
14497 4763
14497 4967
14497 5214
14499 12569
14499 12572
14499 12580
14500 3756
14500 3757
14500 4917
14500 4931
14503 3757
14503 6201
14503 10304
14503 12560
14503 12570
14505 6837
14505 12580
14506 3747
14506 3752
14506 3765
14506 5213
14506 7510
14506 10421
14506 10431
14506 11974
