14541 14541 304
213 573
213 1865
213 3501
213 4978
213 6604
213 6695
213 9053
213 12888
213 14487
1146 44
1146 235
1146 330
1146 4983
1146 7062
1146 7114
1146 7174
1146 10232
1146 14487
1951 1865
1951 3352
1951 4356
1951 6656
1951 7189
1951 7569
1951 12888
1951 14388
1952 783
1952 3403
1952 3597
1952 4650
1952 5755
1952 7201
4095 573
4095 783
4095 3383
4095 4356
4095 4978
4095 7219
4095 7542
4095 9053
4095 12888
4095 14439
4602 44
4602 573
4602 783
4602 4650
4602 6108
4602 6695
4602 7542
4602 9053
4602 11464
4602 13297
4602 13646
4602 14388
4602 14436
4602 14439
4760 573
4760 3352
4760 7542
4760 7869
4760 10942
4760 11371
4760 12889
5002 791
5002 3352
5002 3597
5002 4978
5002 5900
5002 6697
5002 7062
5002 7202
5002 9053
5002 9949
5030 330
5030 1335
5030 2430
5030 3597
5030 6236
5030 7062
5030 7068
5030 7542
5030 8210
5030 9072
5030 11464
5030 14388
5030 14436
5044 44
5044 784
5044 1841
5044 4006
5044 4071
5044 6756
5044 6854
5044 7440
5044 9072
5044 10420
5044 10942
5044 11371
5044 13646
5202 6604
5202 7542
5202 9053
5202 9949
5202 12888
5202 14388
5547 791
5547 1589
5547 4978
5547 6604
5547 7062
5547 7174
5547 7278
5547 7294
5547 7990
5547 8364
5547 9441
5547 14436
5559 235
5559 3257
5559 4428
5559 4983
5559 6009
5559 6240
5559 6246
5559 6700
5559 7201
5559 7202
5559 9441
5559 10053
5559 14388
5608 88
5608 235
5608 1069
5608 3383
5608 4428
5608 4696
5608 5900
5608 6161
5608 6223
5608 6233
5608 7970
5608 7990
5608 9043
5608 9317
5608 10049
5711 3501
5711 4428
5711 7542
5711 9786
5711 10232
5711 12858
5711 12928
5711 13353
5853 1840
5853 2430
5853 4812
5853 7110
5853 7574
5853 8659
5853 10049
5853 11092
5853 12928
5885 4496
5885 4854
5885 6696
5885 6699
5885 7188
5885 7195
5885 7202
5885 11111
5885 12929
5886 1030
5886 3171
5886 3257
5886 4006
5886 4428
5886 4449
5886 6526
5886 6695
5886 6756
5886 10896
5886 13502
6025 1030
6025 1418
6025 2402
6025 2839
6025 3383
6025 4731
6025 4844
6025 4978
6025 5939
6025 7202
6025 8440
6025 9369
6025 9997
6037 1894
6037 4731
6037 5755
6037 6146
6037 11371
6037 12888
6037 13297
6037 14388
6037 14439
6713 1936
6713 3544
6713 5552
6713 6756
6713 7202
6713 7219
6713 7317
6713 9242
6749 235
6749 1527
6749 2839
6749 3352
6749 5755
6749 5900
6749 6233
6749 6343
6749 6695
6749 7201
6749 7869
6749 9441
6749 9949
6749 13297
6749 13465
6749 14436
6761 1589
6761 2136
6761 2696
6761 3544
6761 6111
6761 6241
6761 6695
6761 6701
6761 10235
6761 12889
6761 12928
6761 14388
6761 14436
6762 2431
6762 4356
6762 4854
6762 6233
6762 6343
6762 6756
6762 7187
6762 7202
6762 9381
6762 11740
6762 13295
6762 13646
6768 235
6768 4496
6768 6235
6768 6695
6768 6699
6768 6700
6768 8047
6768 9349
6768 9982
6768 10049
6768 13295
6787 306
6787 3171
6787 6146
6787 6695
6787 7154
6787 7218
6787 9760
6787 11332
6787 12889
6801 2669
6801 2968
6801 2969
6801 4006
6801 4854
6801 6009
6801 6392
6801 11121
6801 11565
6801 13646
6802 1589
6802 2431
6802 6358
6802 6898
6802 6908
6802 6911
6802 6912
6802 6913
6802 6914
6802 6916
6802 6933
6802 7869
6848 6898
6848 8287
11407 1936
11407 2430
11407 4006
11407 6009
11407 7110
11407 7489
11407 14439
