14541 14541 3125
50 4366
50 9092
51 4100
51 4366
51 8782
52 4366
56 4366
57 4366
58 4366
59 4100
59 9119
60 4366
60 8782
61 4366
62 4366
63 4366
64 4366
65 4366
66 4366
67 4366
68 4366
68 7425
68 8782
69 4100
69 4366
69 6945
71 4366
71 5642
71 5861
72 4366
72 5556
72 5861
72 13146
73 4366
74 4366
74 6945
74 8782
74 9119
75 9092
94 4366
102 4366
102 6945
102 9092
112 4366
131 4366
139 4366
141 1602
141 4100
141 4366
141 8782
141 9119
146 4366
146 6268
146 8782
146 9119
156 4366
287 4366
287 5861
287 6945
288 4366
315 4366
341 4366
347 4366
351 4366
377 4366
378 4366
378 6945
378 8897
379 170
379 4100
379 4366
379 4419
379 6945
379 9119
383 4100
383 4366
383 5861
385 4366
388 4366
409 4366
456 4366
481 4366
481 6945
481 8782
485 4366
525 4366
525 6945
525 8782
525 8897
526 4100
526 4366
526 9119
528 5861
545 4100
545 4366
545 8897
549 4366
554 4366
559 4366
559 9119
572 4366
585 4366
585 8897
613 4366
632 4366
632 9119
640 4366
640 5435
640 8782
640 9119
666 4366
669 4366
669 9119
670 4366
671 4366
679 4366
720 4366
726 4366
728 4366
733 4366
736 4366
738 4366
739 4366
744 5861
747 4366
752 4366
754 4366
755 4366
756 4366
759 4366
759 7425
760 4366
760 8799
760 8897
760 9119
761 4366
774 4366
788 4366
817 4366
829 4366
830 4366
839 4366
842 4366
844 4366
844 6945
844 8782
852 170
852 4366
852 5435
852 5861
852 6945
873 4366
892 4366
915 4366
915 10085
935 4366
956 4366
956 5861
1010 4366
1011 4366
1025 4366
1035 170
1035 5487
1035 7043
1035 9119
1037 4366
1064 4366
1098 2389
1098 4366
1098 6693
1098 7425
1110 4100
1110 4366
1110 9119
1110 13146
1111 4366
1111 4422
1111 6945
1113 4366
1113 6945
1147 4366
1168 4366
1197 4366
1197 13146
1211 4366
1216 4366
1216 5487
1216 8799
1220 4366
1226 6200
1226 7425
1242 4366
1273 4366
1273 6945
1273 8782
1293 4366
1293 7425
1307 4366
1308 4366
1308 5435
1319 4366
1338 4366
1341 4366
1341 9119
1348 4366
1350 4366
1379 4366
1409 4366
1423 4366
1423 8782
1442 4366
1448 4366
1450 4366
1450 8799
1450 9119
1454 4366
1456 4366
1457 4366
1459 170
1459 8782
1461 170
1461 5861
1461 8799
1462 170
1462 4366
1462 5487
1462 5861
1462 6268
1462 8799
1463 4366
1482 4100
1482 4366
1482 6945
1482 8782
1482 8799
1497 4366
1497 8782
1503 4366
1512 4366
1528 4366
1531 4366
1533 4366
1548 4366
1548 8782
1574 4366
1574 7425
1574 8782
1585 4366
1597 4100
1597 4366
1637 4366
1639 4366
1640 4366
1647 4366
1655 4366
1664 14290
1666 4366
1666 5861
1704 4366
1704 8782
1707 4366
1708 4366
1708 6945
1708 8782
1709 4366
1710 4366
1715 4366
1716 4366
1719 4366
1741 4366
1755 4100
1755 4366
1770 4366
1770 6200
1770 6945
1770 8782
1780 4366
1788 4366
1788 8897
1790 4366
1802 4366
1802 8782
1802 8897
1802 9119
1804 4366
1805 4366
1823 4366
1825 4366
1825 6945
1825 8508
1825 8782
1832 4366
1834 4366
1835 4366
1837 4366
1837 6945
1851 4366
1851 8782
1853 4366
1858 4366
1858 6945
1882 4100
1882 4366
1883 4366
1883 6945
1884 2389
1884 4366
1884 9119
1885 4366
1892 4366
1908 4366
1943 4366
1943 6268
1943 6945
1943 8852
1973 4366
1973 8799
1973 9119
1979 4366
2003 4366
2003 13146
2013 4366
2028 4366
2066 8799
2082 4366
2083 4366
2108 4366
2168 4366
2168 8897
2168 9119
2200 4366
2200 4423
2200 6268
2200 8852
2250 4366
2257 4366
2288 4366
2291 4366
2291 8782
2291 8897
2305 4366
2315 4366
2328 4366
2329 4100
2329 4366
2329 6945
2330 4366
2330 6945
2340 170
2340 4366
2340 6945
2340 8782
2340 13146
2355 4366
2374 4366
2377 4366
2382 4366
2382 8782
2407 4366
2437 4100
2437 4366
2462 4366
2464 4366
2467 4366
2467 5861
2467 8782
2469 4366
2469 8782
2481 4366
2493 4366
2498 4366
2503 4366
2503 6945
2503 8674
2503 8782
2503 9119
2504 5861
2515 4366
2534 4366
2534 13146
2539 4366
2546 4100
2546 4366
2547 4100
2547 4366
2547 8897
2641 170
2641 3920
2641 4366
2641 6945
2641 8799
2673 4366
2684 4366
2767 4366
2828 4366
2843 4366
2970 4366
2978 4366
2986 4366
2996 1215
2996 4100
2996 4366
2996 4422
2996 5642
2996 5861
2996 7425
2996 8782
3007 4366
3040 170
3040 1602
3040 4366
3040 5861
3040 6945
3043 4366
3105 4366
3133 4366
3153 4366
3187 4366
3187 6268
3188 4366
3188 5861
3188 6945
3188 8782
3192 4100
3192 4366
3192 8674
3192 8782
3196 4366
3196 8674
3196 8782
3218 4366
3218 6945
3218 8897
3251 4366
3262 4366
3262 4423
3262 6268
3276 4366
3276 8782
3283 4366
3337 170
3337 4366
3337 11266
3340 4366
3351 4366
3354 4366
3355 4366
3366 4366
3367 4366
3378 4366
3391 4366
3392 4366
3420 4366
3420 5861
3420 8782
3420 9119
3420 13146
3421 4366
3421 9119
3422 4366
3422 7425
3422 8782
3422 9119
3423 4366
3423 9119
3424 4100
3424 4366
3424 8782
3424 8897
3465 4366
3494 2869
3494 4366
3494 6945
3494 8897
3494 9119
3504 4366
3504 5487
3504 5861
3504 8799
3506 3920
3506 4366
3511 4366
3516 4366
3539 4366
3541 4366
3541 8782
3542 4366
3542 4421
3542 8897
3562 4366
3562 9119
3576 4366
3602 4366
3628 4366
3632 4366
3632 7425
3639 4366
3641 4366
3641 8897
3641 14290
3642 4366
3651 4366
3651 6945
3651 8897
3651 9119
3657 4366
3657 9119
3668 4366
3672 4366
3674 4366
3674 8782
3674 8897
3675 4366
3675 6945
3675 8782
3675 9092
3678 4100
3678 5861
3679 2389
3679 4366
3679 5861
3699 4366
3699 8897
3709 4366
3713 4366
3714 4366
3715 4100
3715 4366
3715 5642
3715 6945
3716 4366
3716 5642
3721 4100
3721 4366
3742 4366
3758 4366
3758 6200
3770 4366
3774 4366
3783 4366
3796 4366
3797 170
3797 1768
3797 4366
3797 5487
3797 8799
3797 9558
3797 9754
3805 4366
3806 4366
3810 4366
3810 5642
3814 4366
3816 4366
3819 4366
3822 4366
3829 4366
3841 4366
3848 4366
3848 10085
3849 4366
3849 5861
3849 6945
3850 170
3850 4366
3850 4419
3852 4366
3857 4366
3858 4366
3869 4366
3869 7425
3869 9119
3870 4366
3871 4366
3872 4366
3880 4100
3880 4366
3880 8782
3883 4366
3883 5487
3883 8799
3892 4366
3912 4366
3912 6945
3913 4366
3915 4366
3915 8799
3918 4366
3919 4100
3919 4366
3921 4366
3922 4366
3923 4366
3926 4366
3928 4366
3944 4366
3945 4366
3945 9119
3963 4366
3963 9119
3964 4366
3966 4366
3972 4366
3983 4366
3991 4366
3992 4366
3992 7425
4002 4366
4011 4366
4011 8782
4015 4366
4016 170
4016 4366
4016 7043
4016 8799
4073 4366
4074 4366
4090 4366
4091 4366
4097 4366
4114 4366
4115 4366
4129 4366
4130 4366
4132 4366
4141 4366
4141 5556
4142 4366
4154 4366
4174 4366
4174 6200
4186 4366
4188 4366
4190 2869
4190 4366
4190 6693
4190 9119
4192 4366
4193 4366
4193 8674
4193 9119
4212 170
4212 8782
4215 4366
4222 4366
4222 8897
4233 4366
4233 4421
4233 8799
4267 2869
4267 4366
4267 4422
4279 4366
4279 4423
4279 8799
4281 4366
4286 4366
4289 1768
4289 4366
4310 4366
4323 4366
4323 6945
4323 9092
4323 10085
4342 170
4342 4366
4342 5861
4343 4366
4347 5861
4359 4366
4359 8782
4388 4366
4388 8782
4414 4366
4424 4100
4424 4366
4437 4366
4453 4366
4463 4366
4473 4366
4477 4366
4477 8782
4477 8897
4477 9119
4484 4366
4484 6200
4512 4366
4512 6268
4512 9362
4522 4366
4528 4366
4528 5861
4581 4366
4581 7425
4583 4366
4586 4366
4586 9119
4611 4366
4632 4366
4647 4366
4651 4366
4657 4366
4673 4366
4673 6945
4673 8897
4673 9119
4674 4366
4674 9119
4680 4366
4686 4366
4695 4366
4697 4366
4697 4419
4701 4366
4701 7425
4703 4366
4726 4366
4726 8782
4730 4366
4736 5861
4742 4366
4747 4366
4749 4366
4749 6200
4750 4366
4750 4423
4750 5556
4750 8897
4751 4366
4751 6945
4774 4366
4775 4366
4777 4366
4777 6945
4777 8782
4784 4366
4788 4366
4790 4366
4790 8782
4791 4366
4791 5861
4792 4366
4792 6200
4792 8782
4792 10085
4805 4366
4805 13146
4806 4366
4811 5861
4818 4366
4819 4366
4820 4366
4821 4366
4826 4366
4826 8782
4827 4366
4828 4366
4828 5435
4828 9119
4829 4366
4830 2869
4830 4366
4830 5861
4830 8782
4832 4366
4832 8782
4834 4366
4834 9119
4835 6945
4835 8239
4838 4366
4839 170
4839 2389
4839 8799
4841 4366
4855 4366
4855 6945
4857 4366
4865 4366
4869 4366
4873 4366
4875 4366
4875 8782
4875 9119
4877 4366
4877 9119
4884 4366
4884 9119
4885 4366
4887 4366
4887 8674
4889 4366
4889 6945
4889 8782
4889 8897
4889 13146
4893 4366
4916 4366
4920 4366
4920 6945
4922 4366
4924 4366
4928 4366
4928 6200
4928 10085
4933 4366
4949 4366
4949 8782
4949 8897
4951 4366
4952 4366
4952 5556
4952 6945
4952 8782
4955 4366
4955 5861
4959 4366
4960 4100
4960 6945
4960 8508
4961 4366
4963 8782
4982 4366
4990 4366
4991 4366
4994 4366
4994 9119
5000 4366
5000 6945
5001 4366
5001 6945
5001 7043
5004 4366
5004 9119
5005 4366
5005 9119
5011 4366
5013 4366
5016 3920
5016 4366
5025 4366
5025 8799
5034 4366
5047 4366
5047 9944
5054 4366
5056 4366
5070 4366
5087 4366
5097 86
5097 4423
5097 6268
5097 8852
5100 4366
5102 4366
5104 4366
5109 4366
5129 4366
5129 5435
5130 4366
5133 4366
5135 4366
5139 4366
5139 7425
5144 4366
5144 6945
5157 4366
5166 4366
5168 4366
5170 9119
5172 4366
5172 5861
5177 5861
5182 4366
5188 4366
5188 4419
5189 4366
5191 4366
5191 8674
5209 9558
5211 4366
5223 4366
5224 2389
5224 4366
5224 8897
5230 4366
5244 4366
5244 8782
5248 4366
5248 9119
5257 4366
5264 4366
5264 9119
5276 170
5276 4366
5279 4366
5280 4366
5280 13146
5286 4366
5289 4366
5302 4366
5320 4100
5320 4366
5320 5861
5321 4366
5321 6945
5321 9362
5321 9944
5350 4366
5358 4366
5365 4100
5365 4366
5365 6945
5365 8782
5372 4366
5373 4366
5379 4366
5379 8782
5379 9119
5383 4366
5383 6945
5389 4366
5393 86
5393 170
5393 4366
5393 8782
5393 10085
5397 5861
5404 5861
5404 6945
5405 4366
5422 4366
5485 4423
5485 6268
5491 4366
5491 9119
5492 4366
5493 4366
5494 4366
5495 4366
5496 4366
5496 8782
5496 9119
5506 5861
5507 4366
5511 170
5511 5487
5511 7043
5511 8799
5521 4366
5532 4366
5534 4366
5537 1215
5537 4366
5537 8782
5537 8897
5550 4366
5550 9119
5553 4366
5569 4366
5575 4366
5578 4366
5582 4366
5582 9944
5595 4366
5596 4366
5597 4366
5597 6200
5597 8782
5597 9119
5597 11266
5599 170
5599 4366
5599 5487
5599 7043
5599 8799
5610 4366
5612 4366
5612 8782
5617 4366
5617 9119
5623 4366
5623 8782
5631 4366
5632 4366
5646 4366
5657 4366
5657 8897
5658 4366
5668 4366
5670 170
5670 4366
5670 4421
5670 6268
5670 6945
5670 8782
5671 4366
5671 6945
5673 4366
5673 8782
5673 9119
5674 4366
5674 7425
5674 10017
5681 4100
5681 4366
5681 6945
5681 8782
5681 9119
5685 4366
5686 4366
5697 4366
5698 4366
5703 4366
5717 4366
5722 2869
5722 4366
5722 8782
5726 4366
5729 4366
5729 5642
5729 6945
5729 7425
5729 8782
5729 13146
5731 4366
5756 4366
5756 6945
5756 9092
5767 4366
5786 4366
5792 4366
5803 4100
5803 4366
5803 8782
5844 4366
5875 4366
5875 9092
5875 9119
5892 4100
5892 6945
5892 8782
5903 4366
5904 4366
5911 4366
5912 4366
5926 4366
5926 9119
5930 4366
5930 6945
5937 4366
5938 4366
5953 4366
5956 4366
5960 4366
5960 9119
5964 3920
5964 4366
5964 8782
5966 4366
5972 4100
5972 4366
5972 6945
5976 4366
5976 11266
5977 4366
5977 9119
5979 4366
5979 6945
5987 4366
5993 4366
5994 4366
5995 4366
5995 5642
5995 6945
5995 7425
5998 4366
6002 4366
6024 4366
6080 4366
6080 9119
6081 4366
6090 4366
6118 4366
6130 4366
6159 5861
6160 4366
6169 4366
6169 5635
6172 4366
6184 4366
6188 4100
6188 4366
6188 8782
6195 4366
6196 4366
6198 4366
6198 8782
6199 4366
6206 4366
6206 6268
6206 8782
6208 4366
6215 4366
6215 13156
6273 4100
6273 4366
6273 6945
6273 8897
6281 4366
6293 4366
6295 4366
6305 4366
6315 4366
6331 4366
6331 8782
6333 4366
6337 4366
6338 4100
6338 4366
6350 4366
6353 4366
6353 9119
6363 4366
6379 162
6379 4366
6379 8782
6379 13146
6380 4366
6381 4366
6384 4366
6394 4366
6400 4366
6400 5861
6403 4366
6407 4366
6407 4419
6407 8782
6407 13146
6412 4100
6412 4366
6421 4366
6428 4366
6432 4366
6432 8782
6437 4366
6438 4366
6441 4366
6442 4366
6442 11360
6447 4366
6456 4366
6460 4366
6469 4366
6469 8782
6473 4100
6473 4366
6473 5861
6473 10085
6484 4100
6484 4366
6490 9119
6499 4366
6499 8782
6518 4366
6520 4366
6531 4366
6539 4366
6539 8782
6554 4366
6561 4366
6561 4423
6561 6268
6561 8852
6568 4366
6570 4366
6573 4366
6573 8782
6580 4366
6585 4100
6585 4366
6594 4366
6597 4366
6598 4366
6598 13146
6600 4366
6613 4366
6613 9362
6616 4366
6616 6200
6616 9119
6621 4100
6621 4118
6621 4366
6621 6945
6621 8782
6637 4366
6650 4366
6660 4366
6665 4366
6669 4366
6670 4366
6672 4366
6680 4366
6703 4366
6703 8782
6711 4366
6715 6945
6715 8897
6735 4366
6735 4421
6735 5642
6735 8799
6751 4366
6765 4366
6773 4366
6780 4366
6780 8782
6780 9944
6783 4366
6789 4100
6789 4366
6789 8782
6789 8897
6789 9119
6810 4366
6812 4366
6812 4421
6812 13146
6818 4366
6819 4100
6819 4366
6819 5861
6819 8782
6821 4366
6828 4366
6828 8782
6828 9119
6830 8799
6842 7425
6842 9119
6859 4366
6859 9362
6859 13146
6860 4366
6864 4366
6865 4366
6865 8782
6868 4100
6868 4366
6871 4100
6871 4118
6871 4366
6871 8782
6871 8799
6873 4366
6873 8674
6892 4100
6892 4366
6892 5861
6892 6945
6892 8782
6900 4366
6902 4366
6904 4366
6922 4366
6922 8782
6922 8897
6925 4100
6925 4366
6925 9119
6941 4100
6941 4366
6941 6945
6941 7425
6944 4366
6949 170
6949 4366
6949 7043
6949 8799
6949 11266
6955 4366
6958 5861
6971 4366
6976 4366
6977 5861
6977 7043
6977 8799
6978 4366
6985 5487
6985 5861
6987 1768
6987 4100
6987 4366
6987 6945
6987 8674
6987 8782
6987 9754
6990 4100
6990 4366
6991 4366
7000 4366
7010 4366
7010 6945
7010 8782
7040 4366
7053 4366
7053 5861
7058 4366
7064 4366
7064 8782
7065 4366
7065 8782
7072 4366
7080 4366
7095 4366
7095 8897
7095 9119
7100 4366
7104 4366
7104 9119
7106 4366
7109 4366
7109 5861
7109 6945
7109 8799
7115 4366
7116 4366
7116 13156
7122 4366
7122 8782
7122 9092
7123 4366
7124 4366
7124 8782
7125 4366
7126 4366
7127 4366
7127 4423
7127 6268
7129 4366
7129 8782
7131 4366
7134 4366
7137 4366
7139 4100
7139 4366
7139 6268
7139 7425
7139 8674
7139 8782
7139 8799
7139 8897
7140 4366
7140 8782
7141 4366
7156 4366
7156 8782
7164 4366
7165 4366
7167 4366
7167 4422
7167 8897
7167 9119
7171 4366
7172 4100
7172 4366
7172 5642
7176 4366
7177 4366
7177 5861
7183 4366
7183 8782
7183 9119
7185 4366
7216 4366
7231 4366
7233 4366
7251 4366
7259 4366
7259 9119
7285 4366
7285 8897
7289 4366
7289 5861
7292 4366
7298 4366
7301 4366
7320 4366
7325 4366
7325 8782
7325 8897
7325 9119
7333 4366
7335 4366
7350 4366
7355 4366
7355 6945
7357 4366
7357 5861
7357 8782
7357 8897
7357 9119
7368 4366
7371 4366
7379 4366
7379 8897
7386 4366
7388 4366
7388 13146
7400 4366
7404 4366
7407 4366
7416 4366
7417 6945
7430 1768
7430 4366
7430 9754
7438 4366
7438 9119
7443 4366
7444 4366
7446 2009
7446 4366
7446 8782
7459 4366
7462 4366
7462 9119
7463 4366
7465 4366
7466 4366
7468 4100
7468 4366
7468 8782
7474 4423
7474 6268
7474 8852
7475 4366
7486 4366
7495 4366
7511 4366
7533 4366
7538 4100
7538 4366
7539 4366
7539 6200
7539 6945
7539 13146
7543 4366
7547 4100
7547 4366
7547 8674
7553 4366
7553 6945
7553 8897
7584 4366
7584 8782
7592 4366
7592 8782
7605 9119
7606 9092
7606 9119
7607 4366
7607 6945
7607 8782
7608 4366
7608 8782
7624 4366
7626 4366
7637 4366
7637 4423
7637 6268
7638 4366
7639 4366
7643 4366
7643 6693
7650 4366
7650 6945
7658 4366
7687 4366
7697 4366
7700 4366
7703 4366
7703 8897
7706 4366
7721 4366
7721 5861
7721 6945
7724 4366
7726 4366
7729 4366
7731 4366
7735 4366
7742 4366
7742 6945
7742 8782
7743 4366
7743 9119
7744 4366
7749 4366
7749 7425
7756 4366
7758 170
7758 4366
7762 4366
7762 6945
7762 7425
7768 4366
7768 8782
7768 8897
7771 4366
7771 8782
7791 4366
7792 4366
7794 4366
7802 4366
7811 4366
7816 4366
7821 4366
7822 4366
7825 4366
7827 4366
7827 5435
7827 14290
7832 4366
7832 9119
7839 4100
7839 4366
7839 6945
7839 8782
7841 4366
7843 4366
7843 10085
7849 4366
7849 7425
7849 8782
7863 4366
7863 6945
7868 4366
7871 4366
7876 4366
7876 8782
7882 4366
7915 4366
7919 4366
7930 4366
7930 4423
7930 6268
7959 4366
7959 9119
7960 4366
7992 4366
8002 4366
8011 5861
8012 4366
8021 5861
8026 4366
8031 4366
8031 9119
8036 4366
8044 4366
8054 4366
8054 14387
8065 4366
8095 4366
8100 4366
8100 5861
8116 4366
8117 4366
8117 8782
8118 4366
8118 8782
8118 9944
8140 4366
8140 5861
8145 4100
8145 4366
8145 5642
8167 4366
8169 4100
8169 4366
8172 4366
8175 4366
8180 4366
8182 4366
8189 4366
8192 4366
8209 5861
8209 8674
8211 4366
8211 7425
8212 4366
8212 6945
8212 8782
8214 4366
8217 4366
8222 4366
8222 8799
8228 4366
8234 4366
8240 4366
8244 4366
8244 8782
8252 4366
8257 4366
8257 6200
8277 170
8277 4366
8277 6268
8277 7043
8277 8799
8299 4366
8315 4366
8331 4366
8335 4366
8350 4366
8350 8897
8353 4366
8353 8674
8353 8782
8354 4366
8387 4366
8403 4366
8415 4366
8426 4366
8426 9119
8429 4366
8446 4366
8448 4366
8448 8782
8451 4366
8452 4366
8453 4366
8462 4366
8462 4419
8462 8897
8469 4366
8470 4100
8470 4366
8474 4366
8475 4366
8476 5861
8479 4366
8480 4366
8480 8782
8480 13146
8482 4366
8486 4366
8486 8782
8488 4366
8491 4366
8492 4366
8492 8782
8492 8897
8506 4366
8517 4366
8528 4366
8543 4366
8549 4366
8549 9119
8555 4366
8558 4366
8559 4366
8562 4366
8562 4419
8562 5556
8562 8799
8562 9119
8565 4366
8566 4366
8567 5861
8570 4100
8570 4366
8570 8782
8577 4366
8577 8782
8577 9119
8589 4366
8589 8782
8594 4366
8594 5861
8603 4366
8621 4366
8645 8782
8652 4366
8664 4366
8667 4366
8680 4366
8680 9119
8683 170
8683 4366
8683 7043
8683 8799
8684 4366
8684 8508
8684 9119
8685 4366
8697 8782
8697 13146
8698 4366
8700 4366
8701 4366
8705 4366
8705 5861
8705 6945
8717 4366
8721 4366
8721 8782
8721 8897
8721 9119
8721 13146
8747 4366
8748 4366
8748 8897
8754 4366
8754 6945
8755 4366
8758 4366
8760 4366
8766 4366
8770 4366
8771 4366
8772 4366
8772 8782
8776 4366
8776 4421
8777 4366
8780 4366
8786 4366
8786 6945
8786 8897
8787 4366
8787 9092
8788 4366
8791 4366
8792 4366
8800 4366
8803 4366
8803 7425
8803 8782
8803 9119
8811 8799
8811 9119
8812 4366
8814 4366
8816 4366
8817 4366
8818 4366
8818 5861
8818 8782
8834 4366
8834 9119
8849 9119
8862 4366
8874 4366
8880 4366
8883 4366
8885 4366
8886 4366
8898 4366
8898 6945
8898 8897
8899 4366
8914 4366
8924 4366
8930 4366
8966 4366
8972 4366
8972 9119
8974 170
8974 2869
8974 4100
8974 4366
8974 6945
8974 8799
8983 4366
8983 8508
8985 4366
8992 4366
9047 4366
9047 9092
9050 4366
9070 4366
9123 4366
9152 4366
9162 4366
9162 8239
9177 4366
9178 4366
9186 4366
9191 4366
9202 4366
9202 5642
9202 6200
9202 13146
9213 4366
9221 4366
9221 5861
9223 4366
9230 4366
9236 4366
9256 4366
9256 13156
9259 4366
9260 4366
9272 4366
9274 4366
9274 5861
9274 7425
9274 8782
9274 8799
9281 4366
9281 8782
9293 4366
9293 8782
9300 4366
9308 4366
9316 170
9316 4100
9316 4366
9326 4366
9327 4366
9327 14290
9328 4366
9331 4366
9332 4366
9333 2869
9333 4366
9333 6945
9333 8782
9340 4366
9341 4366
9341 8239
9367 4366
9379 4366
9387 8782
9393 4100
9393 4366
9393 5642
9393 6200
9393 6945
9393 8782
9393 8897
9393 13146
9394 4366
9428 4366
9431 4118
9431 4366
9434 4366
9434 8782
9434 13146
9444 4366
9453 4366
9453 8782
9454 4366
9455 5861
9456 4366
9457 4366
9467 4366
9488 4366
9488 6945
9488 8782
9488 9092
9489 4366
9489 4423
9489 5556
9489 8782
9489 8799
9489 13146
9509 4366
9514 4366
9514 8782
9514 9119
9514 9362
9525 4366
9540 4366
9540 6200
9540 6945
9540 9119
9541 4366
9543 4366
9546 4366
9563 4366
9569 4366
9569 9119
9570 4366
9571 4366
9589 4366
9590 4366
9603 4100
9603 4366
9603 7425
9608 4366
9611 4366
9612 4366
9612 9119
9613 4366
9613 5861
9613 8674
9617 4366
9617 9119
9633 4366
9645 2869
9645 4366
9646 4366
9653 4366
9656 4366
9660 4366
9660 7425
9660 9119
9660 13146
9662 4366
9668 4366
9668 5487
9670 4366
9674 4100
9674 4366
9674 8674
9677 4366
9683 4366
9683 6945
9683 8782
9683 9362
9685 4366
9686 4366
9686 9119
9724 4366
9725 4366
9727 4366
9731 4366
9732 4366
9732 6945
9732 8897
9732 9119
9734 4366
9734 9119
9735 4366
9738 4366
9739 4366
9745 4366
9751 4366
9751 8782
9774 4366
9784 4366
9784 8782
9796 4366
9796 6945
9798 4100
9798 4366
9801 4366
9828 4366
9832 3920
9832 4366
9836 4366
9841 4366
9844 4366
9844 6268
9852 4366
9865 4366
9887 4366
9892 4366
9893 4366
9904 4366
9910 4366
9910 14387
9911 4366
9921 4366
9921 8782
9933 4366
9933 6945
9946 4366
9946 6945
9946 9119
9950 4366
9950 5861
9950 9119
9956 4366
9956 8674
9958 4366
9995 4366
10001 4366
10015 4366
10016 4366
10022 4366
10033 4366
10033 9119
10041 4366
10042 4366
10050 4366
10050 7425
10066 4366
10067 4366
10068 4366
10074 4366
10074 5861
10074 8674
10078 4366
10080 4366
10094 4366
10113 4366
10116 4366
10116 9119
10120 4366
10136 4366
10137 4366
10137 5861
10140 4366
10146 4366
10146 8897
10153 4366
10153 5861
10155 4366
10157 1266
10157 4366
10157 6268
10157 8782
10159 4366
10160 4100
10160 4366
10160 6945
10160 8782
10160 9119
10166 4366
10170 170
10170 4366
10170 7043
10170 8799
10179 4366
10182 4366
10189 4366
10192 4366
10192 9119
10197 4366
10197 9119
10200 4366
10200 5861
10200 8782
10200 9119
10200 13146
10205 4366
10216 4366
10216 9119
10218 4366
10221 4366
10221 8782
10224 4366
10225 4366
10229 1215
10229 4366
10229 5642
10231 4366
10247 4366
10259 4366
10261 4366
10269 4366
10270 4366
10273 4366
10275 4366
10275 8782
10275 14429
10277 9119
10286 4366
10291 4366
10294 4366
10294 9119
10297 4366
10297 6945
10297 9119
10301 4366
10319 4366
10320 4366
10322 4366
10322 6945
10322 9119
10339 4366
10345 4366
10345 9119
10355 4366
10359 2869
10359 4366
10359 5642
10359 8897
10359 14387
10364 4366
10407 4366
10425 4366
10425 9119
10429 4366
10432 4366
10433 4366
10444 4366
10444 9119
10456 4366
10457 4423
10457 6268
10461 4366
10466 4366
10467 4366
10471 4366
10472 4366
10472 8782
10473 4366
10473 4422
10473 8897
10473 13155
10477 4366
10477 6693
10481 4366
10483 4366
10495 4366
10504 4366
10518 4100
10518 4366
10518 8782
10534 4366
10544 4366
10544 8782
10547 4366
10566 4100
10566 4366
10566 6945
10566 9362
10570 4366
10571 4366
10571 6268
10573 4366
10574 4366
10575 4366
10585 4366
10590 4366
10590 4423
10590 6200
10590 8897
10590 13146
10592 4366
10600 4366
10611 4100
10611 4366
10616 4366
10616 6945
10616 13146
10620 4366
10621 4366
10624 4100
10624 4366
10624 6945
10626 4366
10627 4366
10627 9119
10629 4366
10636 2389
10636 4366
10636 5861
10636 13146
10638 4366
10638 9119
10646 4366
10650 4100
10650 4366
10653 4366
10656 4366
10662 4366
10663 4366
10670 4366
10673 4366
10676 4366
10681 4366
10685 4366
10685 8782
10693 4366
10693 8782
10704 4366
10704 8782
10709 4366
10709 4423
10709 8852
10711 4366
10713 4366
10724 4366
10724 8782
10726 4366
10727 4366
10728 4366
10728 6945
10729 4366
10731 4366
10732 4366
10767 4366
10778 4366
10778 13146
10781 4100
10781 4366
10781 8897
10782 4366
10783 4100
10783 4366
10785 4366
10785 8782
10788 4366
10788 9119
10794 5861
10798 4366
10802 4366
10803 4366
10806 4366
10806 9119
10808 4366
10809 4100
10809 4366
10809 8782
10810 4366
10811 4366
10817 4366
10822 4100
10827 4366
10829 4366
10865 4366
10866 4366
10867 4366
10869 4100
10869 4366
10869 8782
10869 8897
10869 9119
10872 4366
10874 4366
10877 4366
10877 11266
10878 4366
10878 6945
10878 8508
10878 8782
10878 8897
10884 4366
10902 4366
10902 5861
10903 4366
10904 4366
10905 4366
10906 4366
10910 4366
10911 4366
10911 8782
10932 4366
10936 4366
10936 8897
10937 4100
10937 4366
10939 4100
10939 4366
10939 5811
10939 10703
10940 4366
10949 4366
10955 4366
10956 4366
10957 4366
10962 5861
10963 4366
10963 4421
10963 6945
10963 13146
10964 4366
10964 8782
10967 4366
10968 4366
10973 4366
10974 4100
10974 4366
10974 6200
10978 4366
10981 4366
10985 4366
10986 4366
10991 4366
10991 8674
10991 9119
10992 4366
11020 4366
11020 5861
11020 11266
11021 4366
11022 4366
11022 8799
11023 4366
11023 8782
11023 9119
11025 6945
11026 4366
11026 14290
11027 4366
11029 4366
11030 4366
11038 4366
11039 4366
11044 2389
11044 4366
11045 4366
11045 9119
11049 4366
11049 8799
11052 4366
11055 4366
11060 4366
11064 4366
11064 8897
11071 4366
11075 4366
11079 4366
11079 4421
11079 13146
11085 4366
11097 4366
11097 9119
11100 4366
11100 5435
11100 8897
11102 4100
11102 4366
11102 8897
11103 4366
11108 4366
11115 4366
11115 8799
11115 9119
11115 13146
11120 4366
11140 4366
11146 4366
11146 14290
11151 4366
11151 8782
11152 4366
11162 4366
11171 4366
11173 4366
11173 14387
11181 4366
11182 4366
11183 4366
11183 8897
11184 4366
11186 4366
11207 4366
11210 4366
11212 4366
11241 4366
11243 4366
11251 1602
11251 4366
11251 6945
11251 8897
11251 12011
11253 4366
11259 4100
11259 4366
11259 4421
11259 6945
11259 8782
11259 9092
11278 4366
11278 6945
11278 7425
11278 8782
11280 4366
11281 4366
11281 8782
11287 4366
11288 4366
11292 4366
11293 4366
11293 8239
11296 4366
11297 4366
11298 4366
11298 9119
11306 4366
11306 6945
11306 8782
11306 8897
11306 9119
11311 4366
11314 4366
11314 6945
11314 8897
11314 11360
11314 13146
11320 4366
11320 9119
11334 4366
11336 4366
11375 5861
11376 5861
11377 4366
11377 6945
11377 8782
11379 4366
11396 4366
11398 4366
11398 14290
11399 4366
11404 4366
11411 4366
11411 14290
11412 4366
11413 4366
11413 6945
11413 8782
11414 4366
11415 4366
11415 8782
11419 4366
11424 4366
11425 4366
11426 4366
11426 7425
11426 8782
11426 9119
11427 4366
11428 4366
11429 4366
11429 10017
11438 4366
11439 170
11439 4366
11439 9119
11444 4366
11445 4366
11446 4366
11447 8674
11451 4366
11458 4366
11459 4366
11462 4366
11462 8782
11485 4366
11490 4366
11495 4366
11505 4366
11511 4366
11512 4366
11518 4366
11546 4366
11546 5861
11546 8897
11580 4366
11589 4100
11589 4366
11594 4366
11595 6945
11595 9142
11609 4366
11609 5861
11609 8782
11612 4366
11623 4366
11625 4366
11626 4366
11640 4366
11649 4366
11653 4366
11653 4419
11664 4366
11666 4366
11666 8897
11671 7043
11671 8799
11677 4366
11679 5861
11680 4366
11681 4366
11685 4366
11687 4366
11688 4366
11688 6693
11689 4366
11691 4366
11692 4366
11694 8799
11700 4366
11705 4366
11705 6200
11706 4366
11706 4471
11707 4366
11710 4366
11713 4366
11716 2389
11716 4419
11716 5861
11723 4366
11728 4366
11734 4366
11735 4366
11741 8799
11748 4366
11748 4421
11748 4423
11748 8897
11748 11360
11752 4366
11754 4366
11754 11266
11755 4366
11776 4366
11776 8674
11776 9119
11777 4366
11777 5642
11777 6945
11778 4366
11778 9944
11779 4366
11779 8674
11780 4366
11780 10343
11782 4366
11790 4366
11797 4366
11800 4366
11805 4366
11808 4366
11809 4100
11809 4366
11809 6945
11809 8782
11809 8897
11809 9092
11810 4366
11813 4366
11813 5861
11822 4366
11823 4366
11824 4366
11825 4366
11827 4366
11827 8897
11828 4366
11829 4366
11831 4366
11832 4366
11834 4366
11836 4366
11844 4366
11844 4422
11844 6200
11844 8508
11847 4366
11851 4366
11852 4366
11860 4366
11860 7425
11876 170
11876 4366
11876 5861
11876 6268
11886 4366
11900 4366
11900 4423
11900 5556
11900 13146
11906 4366
11944 4366
11953 4366
11958 4366
11958 9119
11959 4423
11959 6268
11961 2389
11961 4100
11961 4366
11961 6945
11961 7425
11961 8508
11961 8782
11961 9119
11962 4366
11962 8782
11962 9119
11965 4366
11969 4366
11969 7425
11972 4366
11972 8897
11977 4366
11977 6200
11977 6945
11977 9119
11977 13146
11987 4366
12004 4366
12009 4366
12026 4366
12026 13146
12056 4366
12064 4366
12064 7425
12071 4366
12072 4366
12072 8799
12074 4100
12074 4366
12074 4422
12074 6945
12074 9119
12074 13146
12075 4366
12093 4366
12093 8782
12093 9944
12147 4366
12148 4366
12149 4366
12154 4366
12158 4366
12160 4366
12160 8782
12160 9558
12166 4366
12168 4366
12180 4366
12192 4366
12192 9362
12210 4366
12210 8782
12214 4366
12218 4366
12218 8782
12221 4100
12221 4366
12221 6945
12221 8782
12252 4366
12284 170
12284 2389
12284 4366
12284 11266
12290 4366
12292 4366
12300 4366
12303 4366
12307 4366
12307 6945
12314 4366
12322 4366
12343 4366
12349 4366
12349 5861
12349 8674
12349 8782
12350 4366
12350 14290
12352 4366
12354 4366
12355 4366
12357 4366
12357 9092
12357 11266
12358 4366
12364 4100
12364 4366
12364 13146
12365 4100
12365 4366
12365 5642
12366 4366
12366 5435
12367 4366
12367 8782
12368 4100
12368 4366
12368 4419
12368 6945
12368 8674
12368 8782
12368 8897
12368 9119
12368 13156
12369 4366
12375 4366
12386 4366
12386 6200
12391 4366
12391 9282
12402 4366
12405 4366
12406 4366
12407 4366
12407 6200
12407 13146
12410 5556
12420 4366
12422 4366
12422 9119
12423 4366
12423 4423
12423 13146
12425 4366
12429 4366
12430 4366
12433 4366
12436 4366
12447 4366
12448 4366
12454 4366
12456 4366
12459 4366
12460 4366
12464 4366
12466 4366
12466 14290
12467 4366
12467 5435
12467 8782
12467 8897
12476 4366
12477 4100
12477 4366
12477 6945
12477 7425
12477 8508
12477 8782
12477 9119
12478 4366
12485 4366
12486 4366
12488 4366
12489 4366
12490 4366
12491 4366
12491 4471
12492 4366
12494 4366
12511 4366
12512 4366
12513 170
12513 2389
12513 4366
12513 7043
12513 8799
12515 4366
12521 4366
12521 8897
12522 4366
12522 5861
12522 14290
12526 4366
12527 4366
12530 4366
12532 4366
12535 4366
12536 4366
12537 4366
12540 4366
12546 4366
12547 4366
12548 4366
12558 4366
12558 9119
12596 4366
12604 4366
12605 4366
12612 4366
12613 4366
12614 4366
12615 4366
12616 4100
12616 4366
12617 4366
12618 4366
12618 14290
12619 4366
12627 4366
12628 4366
12631 4366
12633 4366
12634 4366
12634 8782
12639 4366
12641 4366
12642 4366
12644 4366
12644 6945
12644 8782
12645 4366
12648 4366
12650 4366
12655 4366
12655 8782
12660 4366
12660 9944
12661 4366
12661 5861
12662 4366
12664 4366
12665 4366
12667 4118
12667 4366
12669 4366
12671 4366
12672 4366
12674 4366
12676 2389
12676 4366
12676 5487
12676 5861
12676 8799
12677 170
12677 4366
12677 8799
12677 9119
12682 4366
12684 4366
12684 9119
12687 4366
12689 4366
12689 5642
12689 6945
12691 4366
12691 5556
12697 4366
12700 4366
12703 4366
12704 4366
12716 4366
12721 4366
12725 4366
12728 4366
12728 4423
12728 6268
12735 4366
12741 4366
12741 6268
12755 4366
12756 4366
12761 4100
12761 4366
12769 4366
12769 6945
12775 4366
12777 4366
12802 4366
12802 6200
12802 6945
12802 8508
12802 8782
12806 4366
12810 4366
12832 4366
12833 4366
12833 6945
12863 4366
12877 4366
12880 4366
12880 9119
12881 4366
12881 6945
12881 9362
12882 170
12882 4366
12882 9119
12884 4366
12885 4366
12891 4366
12896 4366
12896 6945
12896 8782
12896 13146
12899 4366
12899 9119
12906 4366
12925 4366
12925 8782
12927 4366
12943 5861
12950 4366
12950 6693
12956 4366
12961 4366
12967 4366
12968 4100
12968 4366
12991 4100
12991 4366
12996 4366
12996 6945
12996 8897
13026 4366
13026 8674
13083 4366
13094 4366
13095 4366
13096 4366
13096 8782
13096 8897
13096 9944
13097 4100
13097 4366
13097 9119
13098 4366
13099 4366
13099 9119
13100 4366
13100 7425
13113 4100
13113 4366
13113 7425
13113 9119
13115 4366
13115 8782
13117 4366
13117 9119
13129 4366
13133 4366
13134 4366
13139 4366
13140 4366
13141 4366
13143 4366
13144 4366
13144 8897
13149 2009
13149 4366
13149 8782
13149 9944
13154 4366
13161 4366
13161 8782
13161 8897
13164 4366
13166 5861
13169 4366
13187 4100
13187 4366
13187 6945
13189 4366
13190 4366
13191 4366
13192 4366
13195 4366
13196 4366
13199 4366
13199 5861
13201 4366
13202 4366
13204 4366
13212 4366
13223 3170
13223 4366
13232 4366
13232 9119
13233 4366
13235 4366
13235 14290
13236 4366
13236 8782
13238 4366
13243 170
13243 4366
13253 4366
13312 4366
13314 4366
13315 4118
13315 4366
13316 4366
13316 4422
13317 4366
13323 4366
13323 8782
13323 8799
13324 4366
13325 4366
13326 4366
13327 4366
13328 4366
13328 6945
13329 4366
13344 4366
13344 6945
13344 8782
13477 4366
13477 6945
13533 4366
13540 4366
13545 4366
13548 4366
13554 4366
13555 4366
13555 9362
13571 4366
13577 4366
13577 8799
13578 4366
13578 9119
13579 4366
13579 5861
13589 170
13589 4366
13589 7043
13589 8799
13593 170
13593 4100
13593 4366
13593 9119
13600 4366
13600 9362
13750 4366
13751 4366
13751 8897
13752 4366
13755 162
13755 4366
13813 4366
13813 8782
13813 9944
13821 4366
13833 4366
13849 4366
13850 4366
13935 4100
13935 4366
13935 6945
13939 4366
13949 4366
13950 4366
13950 8799
13961 4366
13964 4366
13966 4366
13966 9119
13974 4366
13976 4366
13977 4366
13977 8782
13978 4366
13979 4100
13979 4366
13979 8782
13981 4366
13981 14290
13984 4366
13984 5861
13984 8782
13989 4100
13989 4366
13989 6945
13989 8782
13989 8897
13989 13146
13990 4100
13990 4366
13991 4366
13991 8782
13992 4366
13992 6945
13992 8782
13992 8897
13993 4366
14005 4366
14031 4366
14032 4366
14035 4366
14043 4100
14043 4366
14046 4366
14047 4366
14048 4366
14048 5861
14049 4100
14049 4366
14049 6945
14049 13146
14050 4366
14051 4366
14081 4366
14086 4366
14086 8897
14103 4366
14119 4366
14120 4366
14121 4366
14122 4366
14123 4366
14124 4366
14124 8782
14125 4366
14125 9119
14126 4366
14273 4366
14274 4366
14276 4366
14276 8897
14277 4366
14277 6945
14277 8674
14277 8782
14278 4366
14279 4366
14279 9944
14280 4366
14283 4366
14375 4366
14375 8782
14440 4366
14441 4366
14442 4366
14443 4100
14443 4366
14443 6945
14492 4366
14492 5861
14492 8799
14492 8897
14493 4366
14495 4366
14496 4100
14496 4366
14497 4366
14499 4366
14500 4366
14502 4366
14503 4366
14503 6200
14505 4366
14506 4366
