14541 14541 886
111 5405
111 13325
111 14440
154 747
154 3602
154 3758
154 8506
154 14499
164 341
164 12548
165 1858
165 2843
165 9379
165 13189
204 2288
204 8621
222 3192
296 7697
296 8012
296 11800
297 74
297 3679
297 4674
297 12614
313 5130
313 5133
313 11075
313 11115
369 11694
369 12676
406 9865
406 12460
425 9677
425 11836
425 12691
504 1531
504 7466
508 10866
508 11427
508 12996
519 8685
569 4016
569 4342
569 5393
569 5612
569 8985
569 9274
569 14043
765 13315
765 13990
812 9662
812 10518
871 4522
889 873
889 4279
889 8818
889 10022
889 10985
889 11049
891 67
891 817
891 4819
1109 5994
1135 3188
1135 9921
1135 10585
1159 526
1159 3770
1159 7443
1159 11259
1159 12375
1159 14046
1159 14126
1163 1716
1163 6407
1190 7742
1190 11495
1255 5722
1255 9933
1255 10782
1255 11459
1455 1456
1455 1457
1455 3651
1455 5104
1455 5166
1455 9731
1455 10681
1455 10884
1455 11039
1455 12806
1455 13169
1458 1035
1458 1459
1458 1461
1458 1462
1458 3797
1464 6812
1464 11064
1544 66
1544 2355
1544 11115
1544 11253
1544 11728
1544 13328
1652 409
1652 6865
1652 8252
1652 12149
1734 3043
1734 4821
1734 5182
1734 8479
1734 9660
1734 11152
2130 12961
2130 13201
2130 13752
2173 6447
2173 12494
2209 1709
2209 1710
2209 2546
2209 10573
2217 10231
2217 10937
2258 51
2258 7095
2270 11108
2270 11429
2270 12950
2270 13129
2311 13161
2311 14125
2342 632
2342 1885
2342 3742
2342 5521
2342 6295
2388 1503
2388 5493
2388 5494
2388 8776
2388 11055
2412 2504
2552 14124
2613 666
2613 4726
2613 4775
2613 5966
2613 9645
2613 14050
2619 69
2619 3721
2625 8492
2625 11287
2654 3944
2654 10936
2654 13195
2656 10726
2656 13755
2656 14496
2698 4951
2780 572
2780 5668
2780 10429
2785 8748
2852 8172
2865 10033
2881 6437
2993 8974
2993 10205
2993 11071
3052 9841
3052 11688
3052 13977
3052 14500
3116 10216
3131 287
3131 288
3131 1837
3131 6172
3131 6616
3131 6976
3245 4414
3245 5070
3245 10094
3255 112
3255 1147
3255 5599
3255 6922
3255 7129
3255 9230
3255 10297
3255 11649
3255 13593
3267 12877
3278 12490
3305 5729
3305 7388
3305 13991
3306 5230
3306 5956
3306 7658
3306 10903
3328 5034
3328 7475
3328 11735
3381 13094
3388 11115
3482 8212
3482 8543
3557 481
3581 4832
3596 1708
3596 4074
3596 5358
3596 10259
3596 12631
3617 7125
3626 1010
3626 1348
3626 1892
3626 1908
3626 9745
3626 12991
3626 14122
3629 4115
3629 6081
3629 8528
3629 9047
3629 11396
3629 11748
3629 12617
3826 3516
3826 10911
3826 11495
3826 12515
3840 1379
3840 3674
3840 6773
3840 9784
3840 9852
3840 11707
3948 1528
3948 1639
3948 2315
3948 8353
3948 13196
3948 13600
4196 10433
4216 7165
4254 14497
4260 11207
4389 4142
4389 4651
4389 14049
4532 61
4532 1832
4532 2673
4532 3713
4532 4928
4532 9540
4532 10808
4532 11115
4533 61
4533 1832
4533 2673
4533 3713
4533 4928
4533 8244
4533 10806
4533 10808
4533 11115
4533 11778
4550 13096
4550 13751
4562 1597
4562 3422
4562 10221
4566 5289
4566 6403
4574 585
4574 8777
4633 4632
4665 8277
4682 383
4682 8885
4682 12148
4786 1655
4786 5550
4786 10968
4816 13976
4923 6955
4923 7104
4923 8680
4923 9541
4923 10067
4923 13984
4943 8211
4943 11965
4943 14503
4944 6338
4944 7124
4944 10732
4964 4762
5106 935
5106 2340
5106 4011
5106 5569
5106 6660
5106 7371
5176 8760
5176 12430
5187 1168
5187 2437
5187 2996
5187 6680
5187 7792
5187 9603
5187 13113
5187 13149
5187 14443
5458 6613
5473 11210
5473 12429
5473 12604
5478 1790
5478 7697
5478 9798
5478 12004
5478 12968
5561 11595
5571 3420
5571 7139
5571 7357
5571 9341
5571 11825
5571 12530
5614 4777
5626 10170
5626 11671
5629 1037
5629 11691
5629 11700
5629 12056
5629 12885
5647 7768
5647 8470
5647 9738
5647 10986
5656 5792
5656 9191
5732 6305
5732 9633
5738 4788
5743 8760
5743 12697
5769 755
5850 3992
5850 4073
5850 11741
5850 13589
5873 1463
5873 9612
5873 11809
5873 12896
5922 9340
5922 10016
5922 10432
5922 11424
5922 12655
6033 4437
6033 5717
6033 7100
6033 11810
6033 12422
6053 5911
6061 6978
6061 10218
6115 10788
6115 10878
6120 7474
6129 13233
6216 4190
6216 6160
6216 10731
6216 14506
6425 3506
6425 5379
6425 5904
6425 10120
6425 13164
6567 4484
6567 14047
6572 75
6608 1882
6608 11546
6608 12364
6608 13949
6675 5485
6675 7637
6724 64
6724 14273
6724 14493
6767 2250
6767 5756
6769 2250
6769 5756
6815 14283
6841 4751
6841 12660
6927 10016
6927 13235
6929 14048
6934 5393
6954 4188
6954 5595
6954 6580
6954 7400
6954 9570
6970 7743
7009 892
7038 13129
7049 12292
7192 5993
7250 2200
7326 3814
7326 9300
7343 3657
7343 5673
7343 10078
7343 10113
7352 2493
7352 3915
7352 6594
7352 6873
7352 13981
7362 1666
7362 1741
7362 3983
7362 4473
7362 9213
7370 7379
7370 10050
7378 4875
7378 6703
7422 1548
7471 2978
7471 4132
7471 6473
7471 6819
7471 11886
7480 7459
7480 12154
7513 8814
7526 8192
7682 4484
7705 720
7705 1098
7705 1640
7705 3857
7705 4286
7705 5979
7705 6680
7705 7233
7705 7758
7705 8222
7705 8930
7705 9569
7705 11085
7705 11334
7705 12761
7719 6188
7751 1242
7751 7868
7761 7742
7761 9326
7778 481
7778 11314
7806 754
7806 7080
7806 10767
7819 72
7819 761
7819 6080
7819 7876
7819 9734
7819 11097
7819 12343
7925 9801
7934 6711
7936 915
7936 3912
7936 3913
7946 744
7946 4347
7946 4811
7946 8011
7946 10794
7946 12943
7973 7915
8066 5365
8120 3822
8120 4132
8147 12546
8147 13129
8179 11972
8215 6441
8215 13978
8334 1242
8334 4994
8361 739
8361 1585
8361 4730
8361 6353
8361 8100
8361 10638
8361 10778
8361 12322
8361 12537
8361 14279
8585 7134
8585 8972
8600 6024
8617 7386
8668 3675
8668 6394
8702 11844
8702 12407
8757 4267
8757 10277
8757 11666
8757 11677
8784 5172
8784 6944
8784 8217
8784 10904
8784 12026
8863 2467
8863 3340
8863 4747
8863 5365
8863 7731
8863 10033
8863 11962
8863 12644
8863 12677
8868 3337
8868 6949
8896 4784
8896 8415
8896 8786
8896 12882
8925 9732
8927 852
8927 1110
8927 3576
8927 5320
8927 6484
8927 8486
8927 8834
8927 10592
8927 11512
8927 12433
8927 14119
8940 2539
8940 4747
8940 4828
8940 5004
8940 7731
8940 10033
9033 6554
9033 7919
9033 13533
9078 1197
9078 6828
9078 7106
9078 12775
9088 613
9088 1273
9088 4222
9088 4838
9088 5582
9088 7350
9088 8387
9088 10146
9138 52
9138 146
9138 1497
9138 3504
9138 3562
9138 3921
9138 4647
9138 4961
9138 5491
9138 5537
9138 6169
9138 7553
9138 7697
9138 7721
9138 9333
9138 9393
9138 11288
9138 11777
9138 11977
9138 12540
9138 12802
9138 12899
9138 13098
9138 13139
9138 13223
9139 2464
9139 5972
9139 10322
9139 13097
9140 1293
9140 10656
9225 4453
9225 6871
9225 7533
9225 9316
9225 10425
9225 10693
9225 11186
9225 12755
9290 3628
9290 13317
9342 5938
9342 8299
9391 156
9391 5623
9391 7687
9391 12290
9485 6904
9606 9674
9631 549
9631 733
9631 4949
9631 7839
9631 7849
9631 12009
9631 13133
9733 640
9733 2329
9733 4855
9733 7010
9733 11625
9763 1704
9763 1707
9763 2377
9763 2481
9763 3806
9763 4611
9763 7141
9763 7465
9763 7624
9763 10466
9763 10544
9763 11822
9763 12064
9789 7301
9789 7794
9965 9202
9971 12368
9972 4884
9972 6350
9972 6363
9972 6900
9972 7724
9972 8335
9972 8992
9972 9543
9972 10504
9972 10949
9972 11023
9972 12616
9972 13143
9972 14280
10030 131
10145 7185
10145 7355
10329 11779
10351 9367
10351 10978
10530 5393
10565 7762
10565 13141
10565 13750
10852 13140
10853 13964
10853 14032
10855 13939
10899 8788
10990 8862
11024 10932
11024 10967
11024 12884
11028 8816
11074 4129
11074 4887
11074 8117
11074 8517
11074 9467
11074 9910
11074 10155
11074 10472
11074 10727
11074 12661
11098 11140
11098 14051
11106 7749
11138 5534
11138 6456
11138 7735
11138 9162
11138 10981
11138 12967
11139 5013
11139 8880
11139 8886
11154 4834
11154 11280
11154 12881
11154 14278
11160 1226
11160 1574
11160 9389
11178 1715
11178 3153
11178 3196
11178 13477
11178 14505
11245 378
11245 7771
11245 10957
11245 13191
11245 13192
11348 10670
11393 10872
11655 5244
11655 14492
11714 13232
11771 7849
11806 13545
12109 5912
12109 13577
12333 57
12333 1719
12333 3007
12333 3972
12333 5168
12333 7871
12333 8803
12333 10547
12437 4922
12437 4991
12437 11710
12437 12436
12437 13961
12437 14035
12543 5976
12543 7959
12543 10116
12543 14086
12556 7259
12590 56
12590 8036
12590 14120
12623 10866
12623 11278
12624 5157
12624 11428
12624 13115
12624 13187
12680 5135
12680 5697
12680 11251
12710 60
12710 2066
12710 3423
12710 7404
12710 8315
12710 11876
12710 12160
12710 13329
12867 1805
12867 1853
12867 3869
12867 4792
12867 4827
12867 9563
12867 10590
12867 10611
12867 14502
12868 11298
12868 11425
12873 4818
12873 10781
12965 1802
12965 2498
12965 4463
12965 4959
12965 7584
12965 8182
12965 8664
12965 9434
12965 12667
12965 13095
12965 13134
12965 13154
12965 13202
12965 13212
12965 13314
12999 1770
12999 12880
13015 1533
13015 2843
13015 10571
13015 11020
13015 12521
13085 7731
13107 4790
13107 4829
13107 8354
13107 8491
13107 9646
13107 13026
13112 829
13112 830
13112 839
13112 4215
13112 10495
13112 13850
13131 139
13131 5129
13131 7325
13228 11025
13264 13166
13299 736
13299 3187
13299 5658
13299 8331
13299 13571
13332 71
13332 3919
13332 7626
13334 5393
13334 6561
13334 6860
13334 7650
13334 10157
13369 315
13369 11311
13417 10973
13429 6198
13429 12605
13542 388
13542 9178
13570 11505
13570 12221
13570 12548
13602 2515
13602 5025
13602 6331
13644 1409
13644 5657
13644 7592
13644 8145
13644 11755
13942 3819
13942 10955
13942 11426
13942 13117
13942 13326
14009 8811
14033 726
14033 8747
14033 14031
14052 8065
14083 3922
14105 141
14105 6206
14105 10471
14105 14103
14284 5016
