14541 14541 821
440 963
440 9214
440 10552
440 10946
440 10947
440 12994
440 13020
440 13030
440 13241
440 13242
440 13244
440 13427
440 13439
477 9214
477 12994
477 13020
477 13241
477 13242
477 13244
523 9214
523 12994
523 13241
523 13242
523 13244
523 13411
523 13412
523 13426
523 14265
523 14266
562 13244
568 9214
571 9214
579 903
579 10552
579 13020
579 13241
579 13242
579 13244
579 14265
583 9214
587 9214
590 9214
590 13242
591 9214
596 9214
599 9214
599 13244
607 9214
616 9214
618 9214
620 9214
716 903
716 9214
716 10947
745 903
745 9214
745 13242
1083 903
1083 9214
1083 12994
1083 13020
1083 13244
1089 9214
1089 10552
1089 12994
1089 13020
1089 13241
1089 13242
1089 14265
1248 9214
1315 9214
1315 13244
2012 903
2012 9214
2012 13244
2070 9214
2070 10552
2070 13241
2070 13416
2071 1432
2071 13416
2071 13426
2071 13427
2071 13453
2071 14270
2119 9214
2128 9214
2158 9214
2158 13241
2158 13244
2172 9214
2180 903
2180 9214
2188 9214
2196 9214
2197 903
2197 9214
2197 13241
2197 13244
2220 9214
2256 903
2256 9214
2256 10552
2256 13020
2256 13241
2256 13242
2256 13244
2273 903
2273 9214
2426 10946
2426 13412
2465 9214
2966 9214
3095 9214
3117 9214
3152 9214
3152 13241
3152 13242
3152 13244
3208 9214
3785 9214
3802 9214
3818 9214
4471 963
4471 10689
4471 10947
4471 13472
4471 14281
4483 9214
4483 13020
4483 13244
4488 9214
4488 11265
4488 13020
4488 13244
4488 13411
4488 13493
4495 9214
4507 9214
4514 9214
4609 9214
5190 903
5190 1430
5190 9214
5190 10552
5190 12994
5190 13242
5190 13244
5190 13416
5190 13462
5190 13838
5190 14265
5190 14266
5243 9214
5498 9214
5633 9214
5633 13244
5633 13462
5635 903
5635 944
5635 963
5635 985
5635 1430
5635 9214
5635 10689
5635 11265
5635 12994
5635 13030
5635 13241
5635 13242
5635 13244
5635 13412
5635 13416
5635 13427
5635 13439
5635 13440
5635 13462
5635 13493
5635 14265
5635 14266
5635 14269
5650 9214
5662 9214
5677 9214
5687 9214
5701 9214
5701 13020
5701 13244
5701 13411
5714 9214
5714 11265
5714 13241
5714 13244
5728 9214
5734 9214
5736 9214
5736 13244
5851 9214
5851 10552
5851 12994
5851 13241
5851 13242
5851 13244
5851 13411
5851 13426
5851 13453
5851 14265
5851 14281
5864 9214
5864 12994
5887 9214
5887 13244
6063 13030
6063 13412
6063 13416
6063 13427
6063 13439
6063 13440
6136 9214
6136 10552
6136 10947
6136 12994
6136 13020
6136 13030
6136 13241
6136 13242
6136 13244
6136 13412
6136 13426
6136 13427
6136 13439
6136 13440
6136 13462
6136 14269
6157 9214
6163 9214
6176 10552
6543 9214
6543 10552
6543 13242
6543 13244
6543 13411
6544 98
6544 985
6544 1080
6544 10552
6544 10689
6544 10946
6544 10947
6544 13020
6544 13241
6544 13242
6544 13244
6544 13411
6544 13412
6544 13413
6544 13416
6544 13426
6544 13427
6544 13440
6544 13453
6544 14265
6544 14266
6544 14269
6544 14281
6545 10552
6545 13242
6545 13244
6545 14265
6552 9214
6552 13242
6552 13453
6559 9214
6579 9214
6581 9214
6581 12994
6581 13241
6581 13242
6581 13426
7120 9214
7120 10552
7120 12994
7120 13020
7120 13241
7120 13242
7120 13244
7136 9214
7143 9214
7366 903
7366 9214
7366 10552
7366 13241
7366 13242
7366 13244
7366 14265
7366 14266
7366 14269
7367 9214
7367 13241
7367 14281
7401 9214
7413 903
7413 9214
7413 10552
7413 12994
7413 13242
7429 9214
7433 903
7433 9214
7436 9214
7441 9214
7447 903
7447 9214
7447 10552
7447 13242
7447 14265
7447 14266
7447 14269
7699 9214
7732 9214
7734 9214
7737 9214
7737 13241
7738 9214
7750 9214
7760 9214
7766 9214
7766 10552
7766 13242
7766 13244
7767 903
7767 9214
7767 10552
7767 13242
7769 903
7769 9214
7769 10552
7769 13244
7769 14265
7774 903
7774 13241
7774 13244
7775 9214
7807 9214
8023 903
8023 9214
8023 13244
8092 903
8092 963
8092 9214
8092 10552
8092 12994
8092 13020
8092 13241
8092 13242
8092 13244
8092 13411
8092 13412
8092 13426
8092 13462
8092 13493
8092 13838
8092 14265
8092 14266
8136 98
8136 9214
8136 10552
8136 10689
8136 10946
8136 12994
8136 13241
8136 13242
8136 13244
8136 13493
8136 14265
8136 14266
8136 14269
8136 14281
8142 13244
8142 14265
8151 9214
8159 9214
8174 9214
8176 9214
8178 9214
8381 9214
8502 903
8502 9214
8502 10552
8502 12994
8502 13242
8502 13244
8502 13411
8502 13416
8502 13426
8502 13427
8502 13493
8502 14265
8505 9214
8514 9214
8514 13244
8518 903
8518 9214
8518 13020
8518 13241
8518 13242
8518 13244
8523 9214
8523 13244
8542 903
8542 9214
8583 9214
8587 9214
8587 13241
8587 13244
8591 9214
8605 13030
8605 13412
8605 13416
8605 13426
8605 13427
8605 13439
8605 13440
8605 13453
8605 13462
8703 9214
8867 9214
8901 903
8901 9214
8901 10552
8901 12994
8901 13241
8901 13242
8901 13244
8901 14265
8901 14266
8915 903
8915 9214
8915 10552
8915 12994
8915 13030
8915 13241
8915 13242
8915 13413
8915 13416
8915 13426
8915 13439
8949 9214
8960 9214
8960 13242
8960 13244
9079 9214
9084 1432
9084 9214
9084 10552
9084 12994
9084 13241
9084 13242
9084 13411
9084 13413
9084 13416
9084 14265
9084 14266
9084 14270
9084 14271
9107 98
9107 903
9107 1432
9107 9214
9107 10552
9107 10689
9107 10946
9107 13241
9107 13242
9107 13244
9107 13462
9107 14265
9120 9214
9122 903
9122 9214
9122 10552
9122 12994
9122 13242
9122 13244
9122 14265
9122 14266
9155 13493
9164 903
9164 9214
9164 13020
9164 13241
9164 13242
9164 13244
9201 9214
9203 9214
9208 9214
9210 9214
9211 9214
9212 903
9212 9214
9216 903
9216 9214
9217 9214
9220 9214
9220 13241
9220 13244
9226 903
9226 9214
9226 10552
9226 13241
9226 13242
9226 14265
9227 9214
9231 9214
9232 9214
9239 9214
9239 13244
9468 903
9468 9214
9468 13242
9468 13244
9542 9214
9581 9214
9581 13244
9582 9214
9584 9214
9584 13244
9586 9214
9591 9214
9594 9214
9594 13244
9598 9214
9808 689
9808 903
9808 944
9808 963
9808 1430
9808 1432
9808 10552
9808 10689
9808 10947
9808 12994
9808 13020
9808 13241
9808 13244
9808 13411
9808 13412
9808 13416
9808 13427
9808 13439
9808 13440
9808 13453
9808 13838
9808 14265
9808 14266
9808 14269
9808 14270
9808 14271
9808 14281
9812 9214
9812 10552
9812 12994
9812 13241
9812 13244
9812 14265
9821 9214
9821 13242
9821 13244
9834 9214
9834 13244
9834 13416
9837 9214
9837 13241
9837 13244
9883 9214
9913 9214
9913 10552
9913 13242
9913 13440
9913 13462
9932 9214
9990 13030
9990 13412
9990 13413
9990 13462
10079 10947
10079 12994
10079 13020
10079 13030
10079 13412
10079 13426
10105 9214
10105 13241
10105 13244
10108 9214
10110 9214
10416 98
10416 496
10416 689
10416 903
10416 944
10416 963
10416 985
10416 1080
10416 1432
10416 10552
10416 10946
10416 10947
10416 12994
10416 13020
10416 13030
10416 13241
10416 13244
10416 13411
10416 13412
10416 13413
10416 13416
10416 13426
10416 13427
10416 13439
10416 13440
10416 13453
10416 13462
10416 13472
10416 13493
10416 13838
10416 14265
10416 14266
10416 14269
10416 14270
10416 14271
10416 14281
10543 9214
10582 13244
10823 903
10823 9214
10823 10947
10823 12994
10823 13241
10823 13244
10823 13412
10823 13416
10823 13427
10823 13440
10823 13453
10823 13462
10918 903
10918 9214
11338 903
11338 9214
11338 10552
11338 12994
11338 13020
11338 13241
11338 13242
11338 13244
11338 13411
11338 13412
11338 13453
11338 13462
11338 13838
11338 14266
11338 14281
11465 1432
11465 9214
11465 10552
11465 13020
11465 13241
11465 13242
11465 13244
11465 13462
11465 14265
11465 14281
11520 9214
11520 12994
11520 13241
11520 13244
11522 9214
11523 903
11523 9214
11523 10552
11523 12994
11523 13020
11523 13241
11523 13242
11523 13244
11523 13412
11523 13413
11523 14265
11524 903
11524 963
11524 985
11524 9214
11524 10552
11524 12994
11524 13020
11524 13030
11524 13241
11524 13242
11524 13411
11524 13412
11524 13413
11524 13416
11524 13439
11524 13453
11524 13493
11524 14265
11524 14266
11524 14269
11524 14281
11533 903
11533 9214
11533 13242
11533 13244
11537 98
11537 944
11537 963
11537 9214
11537 10552
11537 10946
11537 12994
11537 13020
11537 13030
11537 13242
11537 13244
11537 13411
11537 13426
11537 13462
11537 13493
11537 13838
11537 14265
11537 14266
11537 14281
11538 13244
12011 689
12011 903
12011 944
12011 963
12011 9214
12011 10946
12011 10947
12011 11265
12011 12994
12011 13020
12011 13242
12011 13244
12011 13411
12011 13412
12011 13413
12011 13453
12011 13462
12011 13472
12011 13493
12011 13838
12011 14265
12011 14269
12011 14281
12244 9214
12742 903
12742 9214
12742 13241
12742 13244
12742 13416
12770 98
12770 689
12770 903
12770 9214
12770 10552
12770 10946
12770 11265
12770 12994
12770 13020
12770 13241
12770 13244
12770 13411
12770 14265
12770 14266
12771 9214
12799 9214
12805 903
12805 9214
12805 13242
12910 903
12910 944
12910 12994
12910 13241
12910 13453
12910 13462
12910 14281
12914 9214
12918 9214
12930 9214
12990 9214
12998 9214
12998 13244
13007 903
13007 9214
13007 13020
13007 13241
13007 13242
13007 13244
13016 903
13016 9214
13016 13242
13016 13244
13018 903
13018 9214
13018 10552
13018 12994
13018 13241
13018 13242
13018 13244
13119 9214
13119 13244
13209 9214
13209 10552
13209 13244
13209 13427
13209 13462
13209 14281
13401 9214
