14541 14541 2783
13 1915
22 12144
28 4219
31 4219
39 8882
43 12766
45 11286
46 4161
54 12262
77 11303
80 4625
106 3973
110 5065
111 14152
113 14438
114 3973
118 8857
119 5474
124 8857
129 8512
132 14233
133 10719
137 9427
140 8512
142 10399
154 12766
157 1133
158 11442
161 10303
164 11599
165 11665
166 11261
167 12258
171 3973
181 12850
184 14196
186 14196
187 13657
189 1337
196 10723
204 11448
205 5746
206 11286
211 8512
218 2145
220 1599
222 10038
225 1337
226 11392
232 10313
233 10399
238 6176
241 103
244 7467
248 13150
267 12563
268 11365
285 8378
286 12850
289 14504
293 9271
296 1188
297 9292
299 5902
300 5474
302 12014
309 10317
313 2528
322 11672
327 12014
328 13828
337 8099
338 11672
345 1578
360 11442
361 11945
364 12760
366 14141
367 1915
375 13986
392 3973
396 432
397 13485
401 10401
405 3973
407 11672
415 1051
418 5384
419 1337
424 5065
425 1803
428 11442
437 11665
441 11341
450 12188
451 13839
460 3973
461 9372
473 12079
483 5474
486 11442
487 557
489 14219
502 13186
503 1899
504 12582
506 463
507 7752
514 8882
518 1133
519 10861
524 5474
527 14446
529 14449
532 10317
536 14356
538 1393
542 3973
544 14403
548 1133
555 14353
556 606
563 910
567 3973
569 14210
575 310
578 13826
584 10303
589 3973
601 11442
612 310
617 11941
626 14152
631 3973
633 11718
634 103
635 13831
636 2334
639 14162
651 10327
652 251
653 246
656 13464
659 9756
661 8857
662 2346
663 14196
664 11945
665 14516
676 10883
684 7467
685 14356
690 2528
691 1803
696 5474
700 3846
701 2157
706 11889
717 1189
724 5474
725 13894
730 11442
732 11286
737 1960
740 3973
749 4160
750 13996
751 278
753 3973
758 14398
764 7614
765 14256
809 12014
811 12564
812 11442
820 11938
824 11941
827 11500
828 10328
832 3259
843 7931
845 9104
854 10454
864 12900
870 1133
878 11341
882 3973
887 14196
889 7467
891 9051
896 7630
898 258
913 4147
914 445
918 14356
919 14196
920 14303
923 7340
924 11607
960 14320
967 1133
972 3455
988 12325
989 10426
998 11905
999 310
1009 3973
1013 219
1015 1133
1016 11442
1024 13968
1029 9271
1033 11442
1038 257
1046 4219
1048 11672
1056 14151
1066 9271
1079 8882
1084 3973
1097 4161
1122 11286
1135 3973
1141 12901
1142 3973
1155 5474
1159 11672
1162 6300
1163 4161
1164 11672
1166 14395
1167 7467
1174 11155
1192 14406
1200 11672
1202 14288
1219 12014
1235 11672
1241 7340
1250 9372
1251 4161
1255 12850
1264 7340
1265 11286
1268 12901
1281 10099
1312 5474
1313 12130
1323 3973
1334 14191
1345 1062
1346 9372
1356 3973
1357 5474
1368 8099
1370 4219
1371 11087
1374 4219
1376 432
1386 10721
1387 12262
1388 2023
1414 11909
1416 11946
1419 11442
1427 11672
1437 8918
1446 11286
1453 282
1455 1133
1458 9263
1460 6176
1481 13837
1484 11672
1486 14137
1493 13843
1511 3973
1519 9372
1523 7467
1526 3973
1530 8882
1532 1337
1534 1051
1535 5474
1541 3973
1544 12016
1545 5474
1546 11442
1549 11286
1552 14447
1553 13485
1562 13744
1569 11442
1579 11630
1582 11242
1583 1049
1596 14042
1607 11286
1636 9104
1638 12014
1642 12267
1643 13485
1645 3973
1648 14145
1651 12503
1652 3973
1656 3973
1658 445
1661 5474
1668 14350
1671 11303
1674 8724
1677 3973
1679 10434
1680 11948
1683 4161
1690 10854
1691 11442
1692 13828
1697 14245
1712 14222
1713 2334
1720 12325
1734 10861
1739 14255
1744 8882
1746 7211
1748 14304
1752 3973
1753 10303
1754 277
1769 14151
1772 10737
1776 4219
1777 11442
1778 6300
1781 14514
1782 11249
1785 11442
1787 8744
1801 13470
1807 3973
1809 3973
1822 13745
1829 14514
1830 11442
1836 12766
1838 14209
1843 3973
1846 11718
1848 1803
1849 11442
1850 12255
1857 11941
1859 11945
1862 4195
1864 11947
1868 1189
1871 14221
1888 13230
1889 14227
1890 1349
1898 11286
1900 11672
1904 4219
1905 1133
1911 3973
1913 10765
1916 14518
1921 445
1922 11942
1923 11442
1929 3973
1932 9578
1938 5474
1939 11947
1940 3973
1949 11286
1953 14413
1964 5474
1970 11155
1974 6176
1976 2034
1983 12242
2001 9360
2010 3099
2015 11442
2017 14305
2020 3343
2027 8882
2029 14175
2032 14062
2043 11945
2048 5527
2050 14022
2051 3973
2052 7467
2054 7939
2060 12
2072 13230
2074 1
2076 3973
2077 14351
2078 11442
2079 432
2080 27
2081 10393
2087 3973
2088 3973
2089 2057
2090 266
2095 4219
2098 1847
2099 2273
2101 7752
2104 14196
2111 11442
2113 3973
2117 11442
2123 5474
2126 11482
2127 6300
2130 11286
2134 5384
2137 5474
2143 3973
2151 13744
2156 13286
2159 9271
2169 13372
2171 5474
2174 4219
2177 23
2178 14150
2183 1133
2184 7472
2185 13466
2189 9578
2192 14146
2194 8378
2198 3973
2201 6300
2202 11442
2204 14286
2209 3973
2212 14109
2215 1133
2221 463
2228 1133
2229 13829
2230 14355
2232 13845
2234 11941
2235 14022
2236 1827
2239 4352
2248 14295
2249 5
2251 3973
2253 4219
2255 12850
2258 1133
2262 3001
2264 11442
2265 3973
2266 11630
2268 3071
2269 1960
2277 4408
2279 12079
2282 11286
2292 11442
2293 11442
2294 12818
2308 20
2317 8512
2319 11482
2322 9271
2325 11941
2331 5474
2339 12850
2349 12493
2350 4408
2352 7591
2354 7467
2359 11948
2365 7467
2372 11905
2376 1240
2383 13308
2386 3973
2387 2667
2399 14062
2403 7467
2405 11286
2406 1999
2408 13843
2414 10303
2416 13229
2423 8512
2424 3973
2429 3973
2439 1133
2443 13485
2445 14109
2447 4219
2460 11242
2471 13839
2472 1915
2474 1165
2478 606
2490 8018
2492 12241
2495 11942
2497 14146
2500 14297
2501 11286
2502 11948
2508 9534
2519 3973
2522 11947
2538 8857
2541 11442
2554 13917
2557 2059
2562 4219
2563 11948
2570 3973
2575 128
2577 11704
2579 12766
2580 1133
2581 8378
2588 13150
2593 1600
2602 13150
2604 6300
2605 1718
2609 6472
2610 11941
2620 14337
2623 10723
2625 2157
2626 13877
2629 2346
2630 9271
2636 7467
2649 14494
2650 14245
2656 10303
2662 12901
2663 11155
2664 3228
2666 14167
2677 13150
2686 11286
2691 14167
2698 2803
2699 5474
2701 3973
2702 432
2703 12705
2704 7532
2707 12766
2712 10338
2716 14334
2718 219
2720 1999
2724 4219
2725 10328
2726 2657
2727 4147
2730 11630
2731 13826
2733 19
2736 13839
2741 11442
2745 13831
2746 14257
2747 12014
2748 13840
2749 3973
2750 4161
2753 11941
2757 14148
2760 10303
2762 11442
2763 5474
2764 14230
2768 13840
2769 4219
2770 310
2771 7467
2776 310
2777 3973
2779 1133
2780 11564
2781 12729
2782 11942
2784 11442
2786 14148
2788 4147
2789 3326
2790 11599
2791 13845
2793 12850
2794 11905
2797 432
2798 13669
2799 6300
2800 11665
2811 7931
2814 11598
2815 13142
2822 12269
2824 6300
2825 1133
2826 11941
2829 12736
2830 3109
2833 14417
2835 14198
2837 13674
2842 2596
2844 11442
2845 1133
2849 14297
2850 14488
2851 1960
2852 12901
2853 1133
2854 11442
2862 14219
2863 3194
2864 14158
2865 14325
2866 12850
2867 11665
2868 13837
2870 12901
2872 14339
2877 14400
2879 3973
2881 3973
2883 10774
2886 6995
2888 6995
2889 13812
2891 1133
2893 14226
2895 14042
2898 14431
2899 174
2900 4219
2902 12016
2904 13847
2905 4625
2906 4432
2910 3973
2912 14154
2914 1189
2916 12242
2917 2529
2918 11341
2920 3973
2923 12729
2927 12564
2929 9271
2931 1133
2932 2528
2933 14438
2934 9271
2935 11905
2937 14170
2938 10024
2941 11442
2944 14044
2949 11089
2950 14042
2953 3068
2964 12163
2965 13090
2973 2528
2974 1337
2976 14196
2993 3973
3003 2556
3004 7467
3005 1133
3009 6457
3010 14196
3014 14178
3019 3973
3028 9104
3029 10765
3035 1133
3036 2528
3045 5474
3047 10779
3048 11442
3052 13892
3053 3973
3054 5474
3058 14154
3063 8512
3067 2391
3070 14430
3077 12014
3079 1133
3081 9263
3088 11261
3091 1133
3092 3845
3110 11442
3116 14438
3131 11732
3134 5474
3135 11758
3143 7614
3144 14446
3154 7752
3162 7306
3163 12259
3167 14291
3172 7467
3174 3973
3184 12850
3191 10299
3198 11785
3202 12269
3203 11345
3204 10746
3212 14208
3216 11442
3220 4161
3222 3973
3235 12766
3239 10401
3242 3973
3244 2528
3245 3973
3253 12814
3255 3973
3258 6042
3260 1133
3268 1133
3270 4408
3272 14196
3277 5474
3288 9688
3290 557
3295 2721
3297 11198
3300 12242
3301 3973
3305 1133
3312 13245
3317 9973
3318 1803
3319 3973
3322 2334
3328 3846
3330 11442
3336 13745
3341 11945
3344 8744
3345 11155
3356 11365
3358 11946
3359 294
3361 3973
3362 14364
3365 7591
3368 13840
3372 1337
3374 12814
3375 12232
3376 1133
3381 1133
3388 9292
3390 7752
3393 11341
3394 7532
3404 3973
3405 5474
3411 4630
3412 10313
3419 11286
3425 3973
3426 10038
3431 1051
3437 9534
3438 8857
3445 13259
3447 3973
3449 11955
3450 21
3451 432
3453 4408
3468 5
3469 2391
3470 11945
3474 3973
3477 432
3481 4219
3482 1133
3492 14233
3495 3973
3525 1133
3530 7532
3550 12211
3555 11942
3565 11946
3568 5474
3569 14415
3575 5384
3579 2461
3591 1513
3596 3844
3607 2036
3608 5474
3616 12678
3617 14149
3623 12242
3626 14381
3629 12766
3633 1337
3636 9808
3637 6579
3644 8993
3648 1133
3652 4625
3653 10780
3670 13257
3680 14447
3681 12079
3684 7467
3692 3973
3694 5474
3702 13230
3705 13170
3707 11442
3711 11665
3719 2697
3722 7752
3728 7752
3729 8523
3731 12904
3732 3973
3739 14196
3740 445
3744 8657
3749 3973
3755 11442
3759 14320
3764 7467
3768 12238
3778 14455
3780 11442
3781 13842
3782 8591
3786 9111
3788 10779
3792 11889
3795 9037
3817 14303
3826 12764
3833 14096
3840 4161
3863 7591
3865 14515
3868 1757
3875 5633
3881 6545
3885 12766
3890 6472
3894 12243
3896 266
3899 5527
3900 8918
3901 14143
3904 5474
3905 3973
3914 4716
3916 1188
3929 12242
3931 11077
3933 1051
3939 13840
3946 5474
3948 14257
3952 9372
3953 2529
3975 1133
3976 7340
3977 1133
3984 1051
3986 12503
3995 3973
3999 13839
4001 12910
4012 265
4013 7197
4014 3973
4069 8797
4070 1133
4077 310
4082 5474
4087 13810
4089 10038
4092 2023
4094 5474
4101 1337
4106 14539
4122 9688
4124 9578
4125 5474
4128 4147
4131 2140
4133 13827
4143 986
4148 11599
4151 13847
4153 1337
4155 9145
4157 9145
4162 3973
4164 14021
4170 14171
4176 7752
4182 8099
4183 14242
4184 5474
4189 10652
4194 11945
4197 14070
4203 9919
4220 10723
4225 11946
4227 7467
4234 14327
4252 3973
4255 2122
4256 14221
4257 4219
4260 11946
4264 10303
4265 3973
4275 8414
4293 3109
4295 5474
4296 3973
4297 12066
4304 11198
4306 13744
4307 4471
4309 11941
4311 14245
4315 13986
4319 12232
4325 4161
4339 3973
4340 7823
4355 12079
4357 4219
4364 6300
4367 11442
4374 2657
4381 13812
4391 11442
4394 8512
4411 13464
4426 3973
4431 266
4434 12850
4448 8333
4455 5474
4456 14189
4460 14366
4462 14195
4464 5474
4466 12764
4469 12014
4470 3973
4475 3973
4476 5474
4485 14197
4491 10338
4492 3973
4519 14331
4520 14137
4525 1133
4527 1133
4536 11261
4539 14233
4542 4379
4543 1133
4545 4432
4548 13892
4550 3973
4562 6300
4567 11599
4568 11442
4570 14446
4571 11442
4572 432
4574 1362
4575 11303
4576 3973
4578 11442
4579 12257
4580 1133
4582 3973
4585 1133
4593 705
4596 3973
4601 1337
4610 8882
4613 14013
4620 14538
4624 12054
4633 3973
4641 14489
4645 4408
4649 1133
4653 3973
4655 13754
4656 3973
4658 1133
4661 12705
4662 7467
4663 12016
4665 6176
4676 3973
4682 432
4684 11672
4688 12850
4694 11442
4705 3973
4713 14233
4714 14416
4721 6176
4722 11948
4723 7340
4724 11938
4735 11644
4737 432
4738 14297
4739 11672
4752 14177
4759 4076
4766 4471
4770 9711
4782 9271
4786 11345
4800 1610
4815 4471
4822 5474
4825 5474
4831 3973
4843 11442
4846 5474
4851 14177
4856 14229
4861 13659
4871 2197
4878 3973
4880 3380
4894 10393
4896 10416
4914 10303
4923 5474
4927 14407
4939 14363
4944 10038
4958 11599
4964 11442
4968 1051
4969 11889
4976 12766
4986 11672
4995 8099
4997 2480
5009 4612
5017 8018
5021 3973
5029 7340
5036 2529
5037 12766
5045 13877
5046 14356
5058 14438
5059 11938
5060 432
5075 9578
5076 14196
5082 13230
5083 14196
5084 1133
5085 14153
5086 2528
5089 14430
5090 432
5093 11672
5094 11442
5096 813
5103 7467
5105 7340
5107 3947
5108 14417
5110 12901
5111 14256
5112 3862
5122 14178
5125 3973
5126 9104
5127 1573
5132 13653
5136 12564
5140 5474
5141 11442
5150 7467
5167 14196
5171 13839
5180 2122
5184 12764
5185 11598
5187 4219
5192 8512
5194 1
5201 9372
5203 1133
5210 11657
5217 11732
5220 1133
5225 13839
5228 10303
5229 6176
5236 10413
5238 13657
5239 12850
5240 12766
5241 3973
5254 7752
5260 12814
5262 3973
5263 12016
5273 7752
5278 11286
5288 7340
5290 11442
5292 11442
5294 12242
5295 13645
5298 14451
5303 8857
5315 3973
5319 4288
5322 10024
5323 11442
5324 9271
5328 19
5330 4147
5334 1133
5338 11630
5345 275
5380 10303
5381 12255
5387 432
5390 9146
5394 1133
5416 2801
5418 11442
5419 3973
5420 13372
5421 10779
5426 9104
5428 3973
5432 12503
5439 1133
5445 3973
5448 2036
5450 5474
5453 557
5455 14216
5458 13230
5462 11286
5463 3973
5464 11909
5465 9307
5475 11442
5478 1133
5481 310
5482 1133
5483 1337
5486 266
5488 11672
5489 10303
5490 12163
5499 10
5504 4219
5522 12766
5542 7211
5560 7709
5561 12079
5562 12974
5563 11672
5564 1337
5566 12079
5571 9383
5572 14416
5577 3973
5583 310
5585 12267
5587 1133
5588 21
5591 2526
5593 3973
5594 3862
5604 1133
5605 5474
5609 1133
5619 14157
5621 5
5626 6176
5629 14187
5639 11732
5640 13586
5647 3973
5659 8797
5663 14165
5666 432
5672 14337
5680 14312
5682 11599
5683 835
5692 13831
5702 3108
5706 4219
5715 4379
5718 24
5732 11889
5737 13230
5739 13839
5740 9954
5744 12163
5751 266
5752 7704
5757 1062
5758 7491
5764 11570
5769 14337
5771 14146
5773 1803
5775 12010
5777 3973
5778 1054
5784 13170
5791 8882
5795 12260
5802 3827
5804 14042
5808 14146
5812 2667
5817 10765
5822 7467
5823 8512
5827 14171
5832 11261
5835 265
5837 9383
5839 3973
5840 14437
5841 14419
5850 5819
5854 9372
5855 9954
5856 7752
5866 1133
5869 4147
5871 8918
5878 14295
5880 11938
5895 11345
5896 11946
5907 10303
5920 7532
5921 3973
5922 3973
5929 1054
5933 266
5945 8018
5948 4408
5949 6300
5954 3973
5955 7939
5957 12107
5958 240
5962 4147
5978 6300
5980 6176
5981 7752
5983 10299
5984 2528
5986 7544
5991 14316
5992 19
6001 13464
6003 9578
6005 13308
6010 8512
6012 11672
6014 8857
6023 13822
6029 8882
6030 7467
6031 1133
6032 911
6033 6300
6035 12098
6043 7939
6044 8378
6045 11718
6049 8657
6050 11442
6052 11946
6054 13559
6055 3973
6056 14513
6057 432
6061 11442
6066 9145
6067 11442
6069 7467
6070 11442
6072 13654
6075 14454
6076 7467
6079 11442
6085 5474
6099 2210
6115 432
6116 1
6119 14247
6120 14409
6121 14409
6123 14398
6127 2346
6140 14297
6141 1133
6148 3304
6152 8933
6156 5474
6165 7467
6166 3973
6167 14400
6168 272
6170 4219
6174 14513
6175 3973
6177 13847
6178 14356
6179 9292
6182 14154
6183 12238
6186 3973
6192 7752
6204 7467
6205 1133
6207 3228
6210 2528
6218 7467
6220 11665
6221 11155
6224 5429
6230 11442
6242 8421
6243 5474
6247 4352
6254 9271
6257 8882
6261 3973
6267 14337
6271 2528
6276 5474
6278 14169
6285 2528
6286 3973
6291 11945
6292 2124
6294 9360
6299 1133
6302 14402
6314 5677
6316 14196
6318 10854
6324 14178
6327 3973
6329 11442
6335 277
6339 11948
6345 7752
6347 600
6357 8371
6362 3973
6365 310
6369 11934
6372 13261
6373 14405
6397 3973
6401 4219
6404 3973
6405 3973
6408 5474
6414 8882
6415 12163
6416 11442
6425 11718
6426 7630
6431 11598
6464 3973
6465 12014
6468 4219
6471 1133
6476 1051
6478 11442
6479 12766
6480 14109
6487 13308
6489 3973
6500 12016
6501 5474
6508 3973
6516 13002
6517 123
6533 13674
6541 3228
6547 5474
6549 11672
6551 11930
6555 11630
6566 2124
6572 9822
6583 3973
6586 3068
6595 1133
6607 3973
6609 3973
6622 12850
6624 11442
6625 270
6627 5474
6629 1170
6638 8882
6640 1133
6641 11758
6643 5902
6652 14404
6653 5042
6659 4161
6661 262
6662 11442
6663 11442
6671 13839
6675 7752
6681 3973
6690 3973
6712 4283
6717 5474
6719 14170
6722 5474
6724 11442
6725 4219
6727 281
6731 1133
6732 4219
6733 12084
6736 12936
6746 11905
6752 9578
6755 5637
6758 12240
6759 14454
6763 2568
6766 13754
6776 14210
6779 7467
6785 3973
6794 14398
6803 3973
6809 10721
6813 9372
6822 10303
6823 12859
6829 14531
6831 2023
6836 13754
6838 2537
6841 13827
6843 13229
6847 7752
6849 14109
6850 14160
6862 5474
6867 8882
6875 11286
6876 432
6879 11192
6881 4372
6882 4219
6883 14291
6889 9372
6893 8918
6894 9263
6899 5815
6901 6300
6909 13986
6917 3973
6918 12850
6919 3973
6927 11672
6929 11442
6932 5384
6937 2057
6940 14148
6943 5474
6951 606
6956 432
6959 10779
6962 3973
6964 1245
6965 3947
6972 12054
6973 1337
6982 5474
6988 8512
6998 12852
7001 4283
7003 5474
7004 7467
7006 8882
7007 13658
7009 14368
7011 11672
7012 276
7016 7467
7017 5474
7020 12883
7022 2434
7023 12871
7024 3973
7026 11758
7031 4219
7032 5474
7033 14374
7034 1007
7037 14449
7039 3973
7041 10393
7044 6212
7045 8512
7046 8371
7047 1133
7049 11303
7051 14196
7052 10414
7055 12814
7060 11630
7075 3973
7078 11672
7083 14447
7084 14353
7090 11242
7092 310
7097 3973
7103 2528
7111 12079
7117 5474
7118 4134
7151 14241
7152 9610
7155 13261
7163 14109
7166 12850
7170 14013
7173 10313
7182 11672
7192 432
7193 3973
7200 9271
7206 14196
7207 5746
7208 12242
7209 11473
7214 7752
7224 11341
7226 3973
7229 13090
7236 4471
7237 11345
7250 7752
7256 11672
7262 7340
7263 14417
7264 11088
7266 14447
7268 11946
7269 12239
7276 14394
7277 11365
7281 10378
7282 11482
7286 7752
7287 11242
7288 12267
7296 7752
7300 3973
7303 3973
7304 10587
7308 13286
7318 14400
7324 8512
7326 11945
7338 11941
7343 11672
7347 11672
7351 10414
7352 4529
7356 10317
7362 1133
7363 49
7370 3973
7372 276
7377 8857
7390 11785
7395 7823
7406 1028
7408 3973
7412 11442
7414 13287
7422 6176
7424 11261
7432 3380
7437 14362
7439 14417
7442 6545
7460 11209
7471 11948
7477 1847
7479 417
7492 445
7493 10338
7507 11948
7509 3973
7512 13657
7513 5474
7526 1803
7537 8857
7548 6280
7554 3973
7556 5474
7557 5474
7561 4219
7562 6300
7564 13654
7579 11598
7581 1051
7582 11473
7583 11945
7588 2528
7589 11945
7597 9372
7600 3973
7610 11286
7611 14426
7622 3118
7623 5474
7628 6300
7632 5474
7634 2529
7636 1133
7641 11442
7652 7752
7654 2528
7656 128
7660 14349
7663 2526
7666 9578
7678 7752
7679 7467
7682 7467
7685 4283
7689 11261
7690 11271
7694 8076
7698 320
7701 11630
7702 2034
7705 11303
7711 432
7716 14289
7719 3973
7733 11945
7736 11442
7740 11242
7741 13829
7751 3973
7759 13657
7764 3973
7765 5474
7772 14178
7781 5474
7786 5474
7787 11286
7789 3973
7793 14446
7795 7467
7800 11630
7803 14146
7805 4558
7806 3973
7813 11758
7814 7752
7819 1133
7820 12980
7835 4219
7836 11303
7837 11442
7842 11442
7844 7709
7845 2527
7848 310
7850 5474
7852 10303
7854 4283
7858 2023
7865 835
7867 9271
7875 2537
7879 11442
7885 10861
7886 1133
7894 9372
7896 310
7904 266
7912 1133
7916 6565
7918 1803
7920 9919
7922 1133
7923 3973
7924 14400
7926 14181
7927 11442
7929 2561
7934 14179
7935 432
7936 11442
7945 14146
7954 5474
7956 3068
7962 11261
7964 4147
7965 5
7966 266
7967 14243
7968 10416
7972 432
7973 2801
7974 11442
7976 3934
7997 11261
8000 10416
8010 13887
8014 5474
8015 8333
8022 3973
8024 1133
8030 11303
8032 2528
8037 1133
8038 14179
8041 1133
8051 14111
8055 14255
8057 8572
8063 13667
8066 14109
8071 14521
8072 13321
8079 3973
8083 14196
8088 3973
8096 13745
8110 10099
8111 12582
8112 1988
8115 13745
8122 14417
8123 3973
8131 14352
8135 10416
8137 11442
8144 7293
8147 9534
8152 11909
8155 1337
8156 9578
8157 11286
8170 1189
8177 11442
8179 12487
8183 11442
8191 10416
8197 11303
8198 12766
8207 4408
8208 8882
8216 14042
8218 11442
8219 11510
8220 2526
8221 4161
8223 3973
8245 5527
8262 5042
8267 11758
8275 11155
8284 5474
8292 10303
8293 14196
8294 14329
8302 14233
8303 3973
8312 13745
8313 2157
8314 11599
8316 9145
8319 3973
8328 1133
8334 14391
8343 9557
8352 14194
8361 3973
8362 4379
8367 7467
8377 12760
8382 14356
8384 3973
8386 10765
8393 11303
8400 11630
8401 11442
8404 3973
8405 432
8406 2803
8412 4408
8413 1337
8417 4372
8418 12766
8423 11286
8433 4161
8434 4147
8436 1049
8443 11758
8447 11947
8460 7340
8472 3973
8473 14090
8489 12325
8498 14416
8507 13773
8509 8249
8513 1133
8515 1133
8531 5474
8535 13986
8540 160
8544 9954
8547 10765
8554 11672
8581 1133
8584 9954
8586 11345
8592 14196
8606 11242
8607 6330
8608 11941
8613 10303
8614 7752
8617 4372
8618 8371
8620 11945
8623 11261
8634 4136
8635 5474
8636 1189
8640 6300
8641 3973
8646 3973
8647 7467
8648 12901
8650 4219
8651 14516
8656 10446
8658 3973
8668 7939
8669 5474
8671 8099
8691 11599
8693 14400
8702 11442
8710 14109
8720 1133
8734 3947
8737 13892
8738 1049
8740 7467
8743 3973
8745 3973
8750 10303
8753 11938
8757 13084
8759 13538
8762 10736
8765 7939
8773 11599
8774 3973
8779 10303
8781 9271
8784 3973
8789 12871
8790 6545
8802 6176
8804 2367
8806 7340
8819 12901
8822 6300
8823 12163
8825 4471
8827 11482
8831 3973
8838 6623
8840 794
8841 1133
8842 10779
8850 12850
8851 13559
8854 269
8863 10746
8866 14400
8868 6176
8872 13464
8873 1051
8877 10733
8881 3843
8884 13810
8888 14356
8892 6995
8893 2346
8896 8512
8905 13219
8916 7491
8923 13669
8925 6042
8927 3181
8928 11442
8940 11947
8944 4379
8951 3973
8952 1133
8956 10038
8965 11934
8977 7467
8979 1133
8980 8200
8981 14295
8982 14303
8991 4408
8995 1133
8999 3973
9003 13754
9005 12259
9009 13968
9011 2528
9012 5474
9015 7630
9021 1337
9024 14156
9026 3973
9030 13373
9031 4219
9033 432
9040 7752
9041 4219
9052 1133
9060 4625
9064 9292
9065 7467
9077 9534
9078 3973
9082 1337
9086 6300
9088 11286
9110 12230
9113 13968
9116 432
9121 1337
9125 7467
9137 14233
9138 2529
9139 310
9140 11087
9148 11242
9157 5474
9161 2157
9166 14216
9167 5095
9192 13230
9196 14213
9198 7467
9204 5474
9205 13372
9207 11910
9215 3973
9222 7467
9225 310
9234 5474
9243 916
9244 1337
9248 10765
9249 11442
9250 10416
9251 1133
9252 5474
9253 3973
9265 14176
9268 11242
9276 12163
9290 11442
9291 11599
9295 4625
9296 1133
9302 14411
9304 8857
9315 3973
9319 2065
9320 11889
9338 5474
9339 7807
9342 10719
9344 9756
9350 2053
9353 14196
9361 8857
9364 1027
9365 1133
9366 865
9368 11341
9375 11482
9377 1189
9380 2122
9382 432
9385 4009
9390 4147
9391 14350
9397 14514
9400 310
9401 12098
9405 1337
9418 7939
9419 13952
9421 3973
9429 262
9432 10313
9438 14158
9447 11286
9448 12054
9449 4219
9451 14242
9452 2528
9458 13559
9471 7939
9474 13482
9483 14196
9484 5474
9485 273
9487 254
9493 13674
9496 1133
9497 17
9500 3973
9501 14534
9503 11657
9511 3973
9528 11948
9538 13840
9566 14193
9567 5815
9568 11442
9573 11945
9575 11303
9576 14227
9579 12850
9585 13892
9587 11261
9588 10399
9595 4625
9599 1803
9601 7709
9604 9271
9605 13773
9606 12242
9616 1337
9626 1988
9627 5384
9628 12243
9631 12163
9635 1051
9637 1133
9642 3973
9644 11442
9651 551
9658 3973
9663 11672
9692 14337
9695 14196
9697 14431
9700 11303
9702 3973
9705 14187
9707 14044
9715 432
9716 2657
9717 13744
9721 11303
9728 11341
9730 9360
9733 3973
9743 12016
9746 3973
9750 10303
9755 5474
9758 9360
9761 3973
9763 14146
9765 7532
9775 14223
9780 11941
9781 10416
9785 13840
9789 13746
9790 6300
9800 14191
9838 9378
9840 8918
9843 2719
9858 1803
9891 9145
9901 1337
9918 13790
9922 1365
9924 1133
9930 14245
9931 11598
9935 7467
9948 1988
9955 5474
9959 7467
9963 5474
9964 4219
9970 12323
9986 3973
9987 10099
9989 10762
9993 8512
10000 7467
10005 12240
10008 11630
10012 2529
10013 5660
10018 14400
10019 8512
10021 13877
10023 9271
10035 11905
10047 1133
10048 3973
10051 11758
10060 266
10061 12850
10069 9292
10077 11442
10081 3973
10090 2803
10091 7467
10092 10416
10096 9104
10121 7524
10124 3973
10125 3071
10126 3132
10134 10413
10138 7467
10144 4219
10145 606
10149 12814
10152 2348
10154 11599
10158 1133
10163 14220
10167 3973
10168 14109
10173 14515
10175 11442
10180 12163
10181 7752
10190 14488
10195 1349
10196 10038
10207 5474
10209 10416
10210 14258
10213 2528
10214 11392
10219 7752
10223 5474
10226 432
10227 5474
10237 7752
10243 5474
10245 9578
10248 10765
10251 7752
10253 11599
10264 7752
10265 10413
10272 14364
10276 1803
10282 11942
10290 7467
10300 4625
10309 11572
10310 6300
10321 3973
10323 6946
10324 600
10329 266
10331 14528
10346 5902
10347 14389
10350 1133
10351 14154
10356 10317
10357 14069
10369 11599
10374 4283
10382 3973
10391 11938
10405 10746
10408 11599
10435 7467
10445 5474
10447 6300
10458 12766
10459 14488
10462 12208
10463 3973
10464 5474
10482 10338
10486 14160
10488 7704
10489 12269
10493 1133
10500 10762
10505 7467
10516 11572
10530 6946
10531 10038
10537 2775
10550 11442
10556 12084
10557 11442
10560 10038
10563 13659
10567 1133
10579 14482
10580 5474
10581 7704
10586 1803
10617 9271
10618 3973
10619 7880
10623 11599
10668 10416
10669 3973
10683 11502
10684 4283
10696 12901
10697 1133
10700 1133
10706 14133
10707 6300
10708 3845
10714 5474
10715 5474
10756 5474
10759 432
10763 11948
10772 14036
10786 5474
10787 8512
10792 12814
10795 11242
10796 7614
10807 7591
10814 14146
10815 2115
10816 13826
10819 432
10820 8512
10821 11940
10824 14219
10825 9578
10826 3973
10828 11261
10852 2065
10853 5527
10856 986
10858 432
10864 9688
10868 1133
10870 5474
10875 432
10879 2035
10880 4352
10885 14196
10886 9104
10892 8333
10899 11672
10908 916
10909 14515
10913 3973
10927 3973
10929 11482
10934 9372
10938 5474
10941 14196
10944 14196
10948 12163
10950 8857
10951 14187
10953 3973
10961 12079
10966 13831
10975 11219
10976 14510
10988 5474
10990 3973
10996 8247
10998 13968
11000 9919
11003 432
11006 445
11008 14417
11012 12107
11017 4408
11018 9372
11024 10361
11028 5474
11037 11599
11040 2030
11054 14507
11057 14365
11059 7752
11063 14326
11066 7467
11067 11930
11072 10401
11074 11599
11078 14289
11080 7467
11086 3973
11098 14143
11099 5474
11101 7752
11116 13170
11117 11442
11138 7340
11139 7939
11141 9979
11145 1133
11148 13745
11153 11756
11161 11442
11164 14196
11166 4009
11167 12258
11172 11945
11175 5474
11176 9372
11178 9292
11179 14194
11194 14149
11199 1337
11215 11599
11223 5474
11224 9372
11231 11341
11234 432
11235 11442
11236 11941
11239 3973
11240 3934
11246 1133
11247 1189
11254 1337
11255 3973
11257 13843
11260 12239
11262 11345
11263 11672
11270 11758
11272 12
11275 6636
11277 8512
11283 10401
11289 2023
11290 4140
11300 3973
11309 14291
11313 11889
11315 14207
11321 8542
11322 6545
11324 14183
11327 11947
11328 3097
11333 11946
11346 14042
11348 5474
11350 5065
11353 1189
11354 11672
11361 11638
11369 2529
11374 251
11380 14164
11385 2667
11390 7752
11393 14146
11401 11520
11402 1133
11408 1133
11409 310
11417 10303
11418 6300
11420 11605
11430 12098
11441 11303
11450 432
11452 14239
11453 1133
11455 8512
11461 13829
11475 14365
11477 13840
11489 12370
11493 14196
11514 1189
11519 8857
11521 14196
11526 1133
11529 5474
11534 11303
11536 7410
11539 7467
11548 1999
11576 13968
11579 11442
11583 11286
11588 8371
11591 3973
11606 7829
11611 11945
11615 1050
11628 14447
11636 13559
11637 13659
11641 5474
11643 2528
11647 1133
11648 12766
11654 11672
11655 8729
11661 10416
11670 4219
11686 7280
11690 12850
11701 1133
11712 2146
11725 11620
11730 11482
11736 11473
11737 304
11742 12766
11745 14531
11749 5474
11770 14193
11784 3181
11794 14163
11798 12065
11802 3973
11826 5474
11833 12582
11839 9271
11856 10861
11857 11948
11859 12442
11862 7709
11877 11724
11890 3973
11892 11672
11896 1737
11897 1133
11901 10338
11913 2348
11920 1337
11921 2526
11923 3973
11928 4147
11931 257
11935 11373
11936 12107
11937 7467
11954 3973
11957 9372
11971 5474
11979 14398
11983 14196
11984 7752
11991 11938
11996 14300
12003 11442
12005 432
12007 11905
12012 12010
12020 11599
12023 11286
12025 14021
12035 8512
12036 5474
12060 11442
12061 1133
12067 3166
12111 11943
12115 5474
12126 5474
12145 262
12146 2480
12150 3973
12151 18
12153 14414
12165 14197
12174 10303
12175 11599
12186 10317
12215 3973
12245 11718
12249 3973
12253 7532
12265 11620
12275 12188
12277 1133
12278 11442
12298 3973
12326 11945
12334 7752
12344 11948
12351 3973
12360 11599
12376 2034
12383 9711
12388 12135
12397 12010
12408 14169
12411 12901
12416 9756
12424 5902
12431 14413
12434 8371
12437 14414
12438 1337
12439 12014
12440 8371
12441 1133
12444 8512
12465 5474
12519 1337
12525 14233
12528 2528
12534 310
12543 3973
12551 5474
12552 11242
12554 3259
12555 2346
12556 8247
12557 4408
12577 13839
12584 11938
12585 3973
12588 10317
12590 8882
12606 2697
12609 432
12621 14196
12625 3973
12651 12974
12668 5042
12680 11905
12681 3973
12690 12163
12695 13245
12696 14420
12698 13831
12699 7467
12702 27
12706 14291
12707 3973
12711 13827
12726 9145
12731 13894
12738 2346
12746 12766
12747 10416
12748 7467
12750 1988
12751 10416
12765 259
12774 11345
12778 11286
12795 1133
12807 5474
12812 8993
12845 3973
12848 6283
12854 8857
12856 7630
12862 4372
12867 445
12873 11943
12874 8918
12886 3934
12892 5474
12895 12325
12897 432
12898 8882
12907 13877
12917 11261
12939 11599
12988 1104
12992 266
12999 1133
13005 14027
13015 4352
13032 1007
13055 432
13066 14514
13105 3973
13114 14196
13116 14415
13121 13230
13122 11198
13131 13538
13157 11599
13162 12317
13163 2047
13167 2528
13193 6212
13198 6804
13205 12144
13210 11672
13214 11599
13218 557
13234 11286
13237 7467
13239 11442
13246 8857
13270 7467
13272 1337
13274 11442
13282 8512
13283 11599
13299 10338
13305 3943
13306 7467
13331 11345
13346 4625
13355 14151
13369 14233
13407 2391
13409 1133
13414 13222
13417 5474
13424 908
13428 3973
13429 445
13446 7939
13450 128
13459 13952
13473 6300
13475 11345
13486 10099
13499 940
13501 14237
13508 1133
13512 606
13541 13014
13552 10765
13557 13538
13558 9578
13560 4219
13570 10317
13585 11945
13588 13829
13592 2324
13594 3973
13595 11599
13602 3973
13604 14356
13605 940
13620 2527
13740 7410
13814 11945
13815 3973
13825 6300
13853 8918
13873 6455
13931 5474
13936 10401
13942 12079
13944 8857
13957 14196
13958 606
13969 6581
13971 2560
13972 3973
13975 1133
13997 3973
13998 3973
14003 1757
14006 14146
14008 6176
14009 12840
14010 2106
14017 14446
14024 432
14028 9360
14030 11599
14033 1960
14040 7467
14056 11286
14057 14381
14060 11442
14072 11442
14087 2346
14088 14149
14089 11442
14260 8882
14264 1133
14284 8882
14302 3159
14306 3211
14382 13485
14383 11442
14384 10303
14418 2529
14452 12014
14491 9427
14498 12729
14525 11938
14530 14412
