14541 14541 838
1612 1613
1612 1614
1612 1615
1612 1616
1612 1617
1612 1618
1613 1612
1613 1614
1613 1615
1613 1616
1613 1617
1613 1618
1613 1619
1614 1612
1614 1613
1614 1615
1614 1616
1614 1617
1614 1618
1614 1619
1615 1612
1615 1613
1615 1616
1615 1618
1615 1619
1615 1620
1615 1621
1616 1612
1616 1613
1616 1614
1616 1617
1616 1619
1616 1620
1616 1621
1616 1622
1616 1623
1617 1612
1617 1613
1617 1614
1617 1615
1617 1616
1617 1618
1617 1620
1617 1621
1617 1622
1617 1623
1618 1612
1618 1613
1618 1615
1618 1616
1618 1617
1618 1619
1618 1620
1618 1621
1618 1622
1618 1623
1619 1613
1619 1614
1619 1615
1619 1617
1619 1618
1619 1620
1619 1621
1619 1622
1619 1623
1619 1624
1619 1625
1619 1626
1619 1627
1619 1628
1619 1629
1620 1617
1620 1618
1620 1619
1620 1621
1620 1626
1620 1627
1620 1628
1620 1629
1621 1615
1621 1616
1621 1617
1621 1618
1621 1619
1621 1620
1621 1622
1621 1623
1621 1624
1621 1625
1621 1626
1621 1627
1621 1628
1621 1629
1622 1615
1622 1616
1622 1618
1622 1619
1622 1620
1622 1621
1622 1623
1622 1625
1622 1627
1622 1628
1622 1629
1623 1616
1623 1617
1623 1618
1623 1619
1623 1620
1623 1621
1623 1622
1623 1625
1623 1626
1623 1628
1623 1629
1624 1619
1624 1620
1624 1622
1624 1623
1624 1625
1624 1627
1624 1628
1624 1629
1624 1630
1625 1620
1625 1622
1625 1624
1625 1626
1625 1627
1625 1628
1625 1629
1625 1630
1626 1619
1626 1620
1626 1621
1626 1622
1626 1624
1626 1625
1626 1627
1626 1628
1626 1629
1626 1630
1626 1631
1626 1632
1626 1633
1626 1634
1626 1635
1626 1667
1626 6967
1627 1619
1627 1621
1627 1623
1627 1624
1627 1625
1627 1626
1627 1628
1627 1629
1627 1631
1627 1632
1627 1633
1627 1634
1627 1635
1628 1619
1628 1620
1628 1621
1628 1622
1628 1623
1628 1625
1628 1626
1628 1627
1628 1629
1628 1630
1628 1631
1628 1633
1628 1634
1628 1635
1628 1667
1628 6967
1629 1619
1629 1620
1629 1621
1629 1622
1629 1623
1629 1624
1629 1626
1629 1627
1629 1628
1629 1630
1629 1633
1629 1634
1629 1635
1629 1667
1629 6967
1630 1625
1630 1627
1630 1628
1630 1629
1630 1631
1630 1635
1630 1667
1630 6967
1631 1626
1631 1627
1631 1628
1631 1629
1631 1630
1631 1632
1631 1633
1631 1634
1631 1635
1631 6967
1632 1626
1632 1628
1632 1629
1632 1630
1632 1631
1632 1633
1632 1634
1632 1635
1632 6967
1633 1626
1633 1627
1633 1628
1633 1629
1633 1630
1633 1631
1633 1632
1633 1634
1633 1667
1633 6546
1633 6967
1634 1626
1634 1627
1634 1628
1634 1629
1634 1630
1634 1631
1634 1632
1634 1633
1634 6546
1634 6967
1635 1627
1635 1630
1635 1632
1635 1633
1635 1634
1635 1667
1635 6546
1635 6967
1641 5643
1641 6180
1641 7348
1641 7530
1667 1626
1667 1628
1667 1629
1667 1631
1667 1632
1667 1633
1667 1634
1667 1635
1667 6546
1667 6967
3439 3441
3439 4107
3439 4111
3439 4112
3439 4113
3439 4150
3439 4331
3439 4333
3439 5557
3439 6553
3439 6603
3439 6677
3439 6786
3439 7184
3439 7398
3439 7415
3439 8713
3439 8957
3439 9345
3439 9346
3439 9465
3439 9737
3441 3439
3441 4108
3441 4111
3441 4112
3441 4113
3441 4331
3441 5557
3441 6553
3441 6603
3441 6677
3441 6786
3441 7184
3441 7415
3441 8375
3441 8713
3441 8957
3441 9181
3441 9346
3441 9465
3441 9737
4107 3439
4107 3441
4107 4108
4107 4111
4107 4112
4107 4150
4107 4331
4107 4333
4107 5557
4107 6553
4107 6677
4107 6786
4107 7184
4107 7398
4107 7415
4107 8375
4107 8713
4107 8957
4107 9181
4107 9346
4107 9737
4108 3439
4108 3441
4108 4107
4108 4111
4108 4112
4108 4113
4108 4150
4108 4331
4108 5557
4108 6553
4108 6603
4108 6677
4108 6786
4108 7184
4108 7398
4108 7415
4108 8713
4108 8957
4108 9181
4108 9345
4108 9465
4108 9737
4111 3439
4111 3441
4111 4107
4111 4108
4111 4112
4111 4113
4111 4150
4111 4331
4111 5557
4111 6553
4111 6603
4111 6677
4111 6786
4111 7184
4111 7415
4111 8375
4111 8713
4111 8957
4111 9181
4111 9345
4111 9346
4111 9465
4111 9737
4112 3439
4112 4111
4112 4113
4112 4331
4112 4333
4112 5557
4112 6553
4112 6603
4112 6677
4112 6786
4112 7184
4112 7398
4112 8375
4112 8713
4112 8957
4112 9345
4112 9465
4112 9737
4113 3439
4113 3441
4113 4107
4113 4108
4113 4111
4113 4112
4113 4150
4113 4331
4113 5557
4113 6603
4113 6677
4113 7184
4113 7398
4113 7415
4113 8375
4113 8713
4113 8957
4113 9181
4113 9345
4113 9346
4113 9465
4113 9737
4150 3439
4150 3441
4150 4107
4150 4111
4150 4112
4150 4331
4150 4333
4150 5557
4150 6553
4150 6603
4150 6677
4150 6786
4150 7184
4150 7398
4150 7415
4150 8375
4150 8713
4150 8957
4150 9181
4150 9345
4150 9465
4150 9737
4331 3441
4331 4108
4331 4111
4331 4112
4331 4113
4331 4150
4331 4333
4331 5557
4331 6553
4331 6603
4331 6677
4331 7398
4331 7415
4331 8375
4331 8713
4331 9181
4331 9345
4331 9346
4331 9465
4331 9737
4333 3439
4333 3441
4333 4108
4333 4111
4333 4113
4333 4150
4333 4331
4333 5557
4333 6553
4333 6603
4333 6677
4333 6786
4333 7184
4333 7398
4333 7415
4333 8713
4333 8957
4333 9345
4333 9346
4333 9465
4333 9737
5557 3441
5557 4107
5557 4108
5557 4112
5557 4113
5557 4331
5557 4333
5557 6553
5557 6603
5557 6677
5557 6786
5557 7184
5557 7415
5557 8375
5557 8713
5557 8957
5557 9181
5557 9465
5557 9737
5643 1641
5643 7348
5643 7530
6180 1641
6180 5643
6180 7348
6180 7530
6546 1633
6546 1635
6546 6967
6553 3439
6553 3441
6553 4107
6553 4108
6553 4111
6553 4112
6553 4113
6553 4150
6553 4331
6553 4333
6553 5557
6553 6603
6553 6677
6553 6786
6553 7184
6553 7398
6553 7415
6553 8375
6553 8713
6553 8957
6553 9181
6553 9345
6553 9346
6553 9465
6553 9737
6603 3439
6603 4107
6603 4108
6603 4111
6603 4112
6603 4150
6603 4331
6603 5557
6603 6553
6603 6677
6603 6786
6603 7398
6603 7415
6603 8713
6603 8957
6603 9181
6603 9345
6603 9346
6603 9465
6603 9737
6677 3439
6677 3441
6677 4108
6677 4112
6677 4331
6677 4333
6677 5557
6677 6553
6677 6603
6677 6786
6677 7398
6677 7415
6677 8375
6677 8713
6677 8957
6677 9181
6677 9345
6677 9346
6677 9737
6786 3439
6786 4107
6786 4108
6786 4112
6786 4113
6786 4150
6786 4331
6786 5557
6786 6553
6786 6603
6786 7398
6786 7415
6786 8375
6786 8713
6786 8957
6786 9181
6786 9345
6786 9346
6786 9465
6786 9737
6967 1626
6967 1628
6967 1630
6967 1631
6967 1632
6967 1633
6967 1634
6967 1635
6967 1667
6967 6546
7184 3439
7184 3441
7184 4108
7184 4111
7184 4112
7184 4150
7184 4331
7184 4333
7184 5557
7184 6553
7184 6603
7184 6677
7184 6786
7184 7398
7184 7415
7184 8375
7184 8713
7184 8957
7184 9345
7184 9346
7184 9465
7184 9737
7348 1641
7348 5643
7348 6180
7348 7530
7398 3439
7398 3441
7398 4107
7398 4108
7398 4111
7398 4112
7398 4331
7398 5557
7398 6553
7398 6603
7398 6786
7398 7184
7398 7415
7398 8375
7398 8713
7398 8957
7398 9181
7398 9345
7398 9346
7398 9737
7415 3439
7415 3441
7415 4107
7415 4108
7415 4112
7415 4113
7415 4150
7415 4331
7415 4333
7415 6553
7415 6677
7415 6786
7415 7184
7415 8375
7415 8713
7415 8957
7415 9181
7415 9345
7415 9346
7415 9737
7530 1641
7530 5643
7530 6180
7530 7348
8375 3439
8375 4107
8375 4108
8375 4111
8375 4112
8375 4150
8375 4331
8375 4333
8375 6553
8375 6603
8375 6677
8375 6786
8375 7184
8375 7398
8375 7415
8375 8713
8375 8957
8375 9181
8375 9346
8375 9737
8713 3439
8713 3441
8713 4107
8713 4108
8713 4111
8713 4112
8713 4113
8713 4331
8713 4333
8713 5557
8713 6553
8713 6603
8713 6677
8713 6786
8713 7184
8713 7398
8713 7415
8713 8375
8713 8957
8713 9181
8713 9345
8713 9346
8713 9737
8957 3441
8957 4107
8957 4108
8957 4111
8957 4112
8957 4113
8957 4150
8957 4331
8957 5557
8957 6603
8957 6677
8957 7184
8957 7398
8957 7415
8957 8375
8957 8713
8957 9181
8957 9345
8957 9346
8957 9465
8957 9737
9181 3439
9181 4107
9181 4108
9181 4112
9181 4113
9181 4150
9181 4331
9181 4333
9181 5557
9181 6553
9181 6603
9181 6677
9181 6786
9181 7184
9181 7398
9181 7415
9181 8375
9181 8957
9181 9345
9181 9346
9181 9737
9345 3439
9345 3441
9345 4107
9345 4108
9345 4111
9345 4112
9345 4150
9345 4331
9345 4333
9345 5557
9345 6553
9345 6603
9345 6677
9345 7184
9345 7398
9345 7415
9345 8375
9345 8713
9345 8957
9345 9181
9345 9346
9345 9465
9345 9737
9346 3441
9346 4107
9346 4108
9346 4111
9346 4112
9346 4113
9346 4150
9346 4333
9346 5557
9346 6603
9346 6677
9346 6786
9346 7184
9346 7398
9346 7415
9346 8375
9346 8713
9346 8957
9346 9181
9346 9345
9346 9465
9346 9737
9465 3439
9465 3441
9465 4107
9465 4108
9465 4112
9465 4150
9465 4331
9465 4333
9465 5557
9465 6553
9465 6603
9465 6677
9465 6786
9465 7184
9465 8957
9465 9345
9465 9346
9465 9737
9737 3439
9737 3441
9737 4107
9737 4108
9737 4111
9737 4112
9737 4113
9737 4150
9737 4331
9737 4333
9737 6553
9737 6603
9737 6677
9737 6786
9737 7184
9737 7398
9737 8375
9737 8713
9737 8957
9737 9181
9737 9345
9737 9346
9737 9465
