14541 14541 248
145 2869
145 4100
145 4422
145 5435
145 6945
145 8508
145 11360
145 13155
145 13156
394 4366
440 4118
440 8782
477 8674
523 1215
562 13146
568 1266
571 4366
579 8897
583 4366
587 8782
590 4366
591 9119
596 13155
596 13156
599 4366
616 4366
618 8782
716 9119
814 7425
1089 4366
1089 9362
1315 9944
1855 6945
2012 9119
2070 2869
2119 8782
2119 13146
2128 4366
2158 4366
2158 8782
2172 8674
2180 4366
2188 8782
2196 8782
2196 13146
2197 9119
2220 9119
2256 13156
2273 4421
2273 5642
2465 8782
2482 9119
2966 2009
3117 13146
3152 4421
3193 4366
3208 4366
3428 4366
3428 10017
3785 8782
3802 4366
3818 9119
4483 9119
4495 9119
4507 8674
4507 8782
4514 4366
4514 13146
4609 8674
4779 4100
5190 1602
5190 9092
5212 3920
5237 4366
5243 4366
5259 8782
5498 4366
5633 9119
5635 6945
5662 4366
5677 4366
5687 8782
5701 4366
5705 4366
5714 5642
5728 4366
5733 4366
5733 8782
5736 8674
5851 5861
5864 13146
5897 4366
5897 8782
5908 6945
6063 6945
6136 5435
6138 4100
6138 6945
6138 7425
6157 8782
6163 9119
6176 2389
6176 4366
6466 8508
6544 4100
6545 4366
6552 4366
6552 6693
6559 10343
6579 5556
6581 6200
6581 13146
7120 8897
7136 4366
7222 4118
7222 4366
7367 6945
7401 13146
7433 13146
7436 4366
7699 8782
7728 2389
7728 8674
7732 4366
7737 8782
7738 4366
7747 8782
7750 8782
7750 13146
7760 4366
7767 8782
7774 13146
8092 4118
8114 6945
8142 4419
8146 4366
8146 6693
8151 4366
8159 4366
8165 8782
8174 9119
8176 8782
8178 4366
8381 13146
8505 4366
8514 9119
8518 8674
8523 4366
8523 9119
8537 4366
8542 4366
8542 4423
8583 4366
8587 9119
8591 1768
8605 8897
8703 13146
8867 13146
8901 8897
8932 7425
8949 4366
8949 8782
8960 8799
8975 5642
8975 7425
9023 4366
9079 3170
9079 9558
9084 9119
9107 4100
9107 6945
9107 8782
9120 4118
9164 4419
9201 4366
9203 4366
9208 4366
9210 4366
9211 4366
9212 4100
9216 8782
9217 4366
9217 8782
9220 4366
9220 8799
9220 9558
9220 14429
9227 13146
9231 4366
9231 13146
9232 4366
9239 13146
9468 13155
9581 5556
9581 8897
9582 4366
9582 9362
9586 8782
9591 4366
9597 4366
9598 4366
9808 4366
9812 11360
9834 4366
9834 9362
9837 9119
9883 4366
9913 9119
9932 4366
9932 8782
10031 6945
10104 5642
10105 4366
10108 4366
10110 8782
10823 9119
10987 4366
10987 4423
11193 4118
11193 4366
11193 14387
11308 8897
11465 4366
11520 9119
11522 13146
11523 8799
11524 4366
11524 8782
11537 9092
12011 8782
12244 8782
12393 9944
12742 13146
12771 4366
12799 4366
12910 4366
12910 14387
12914 4118
12930 8674
12936 4366
12936 10017
12990 14267
12998 162
13007 9119
13119 8897
13209 3920
13401 4366
13775 4366
