14541 14541 166
81 949
114 950
118 951
119 13444
121 13444
198 948
289 948
361 948
524 950
529 8529
612 950
643 13835
730 949
792 949
965 947
967 949
1014 947
1024 13444
1059 13835
1190 948
1219 949
1235 951
1250 950
1549 948
1659 14356
1661 948
1754 948
1886 949
1898 948
1946 947
2020 11061
2177 948
2198 948
2221 463
2279 949
2570 949
2570 2122
2645 949
2654 951
2660 11061
2877 950
3035 948
3079 948
3165 6636
3317 949
3317 2122
3317 13230
3813 8529
3985 949
4155 4439
4225 12924
4520 949
4543 950
4626 11061
4649 3843
4705 950
4722 950
4969 949
5036 951
5059 949
5073 949
5122 948
5228 948
5417 13444
5438 948
5561 950
5648 12772
5744 949
5764 11570
5857 10115
5866 949
5913 949
5921 947
5922 949
5922 2122
5929 11061
6119 948
6173 949
6207 13835
6261 1441
6263 947
6398 950
6411 949
6574 11061
6849 948
6850 14160
6917 949
6919 1441
6927 949
7029 949
7038 8529
7271 13835
7339 948
7600 13444
7611 950
7633 12816
7670 949
7671 947
7781 948
7850 947
7967 1441
8041 948
8223 949
8314 951
8316 8901
8627 950
8641 948
8753 949
8756 13835
9009 13444
9011 949
9040 11061
9076 948
9105 13835
9348 13835
9975 949
9975 13230
10012 13444
10133 950
10162 949
10346 950
10565 1441
10691 951
10697 949
10885 1441
10923 11005
10923 11340
10931 949
10931 2122
10966 949
11047 950
11106 11061
11154 951
11166 949
11174 951
11213 11061
11239 13444
11245 948
11313 949
11313 2122
11382 7823
11400 11005
11400 11340
11507 1441
11576 13444
12533 950
12554 950
12588 951
12681 948
12706 950
12848 949
12848 2122
12854 949
13214 948
13275 12132
13278 11061
13279 11061
13409 14149
13419 948
13419 13444
13501 947
13570 949
13588 648
13605 947
13963 949
14052 10416
