14541 14541 322
311 133
311 448
311 4645
311 7976
311 10398
311 11526
387 133
387 161
387 177
387 181
387 397
387 611
387 647
387 673
387 701
387 1155
387 1356
387 1569
387 1587
387 1650
387 1677
387 1778
387 2080
387 2117
387 2215
387 2450
387 2562
387 2581
387 2609
387 2664
387 2772
387 2785
387 2830
387 2931
387 2955
387 2974
387 3070
387 3114
387 3125
387 3135
387 3360
387 3405
387 3851
387 4008
387 4411
387 4462
387 4468
387 4485
387 4532
387 4533
387 4645
387 4722
387 4860
387 4935
387 5088
387 5092
387 5141
387 5489
387 5522
387 5771
387 5827
387 5884
387 6057
387 6117
387 6302
387 6314
387 6574
387 6583
387 6622
387 6732
387 6815
387 7037
387 7512
387 7550
387 7610
387 7628
387 7705
387 7837
387 7844
387 7896
387 8071
387 8152
387 8190
387 8216
387 8290
387 8328
387 8412
387 8710
387 8841
387 8851
387 8980
387 8994
387 9110
387 9138
387 9139
387 9185
387 9224
387 9294
387 9353
387 9375
387 9858
387 10013
387 10178
387 10300
387 10323
387 10391
387 10530
387 10617
387 10619
387 10812
387 10933
387 10953
387 10998
387 11179
387 11453
387 11534
387 11536
387 11983
387 12131
387 12696
387 13116
387 13122
387 13271
387 13283
387 13307
387 13415
387 13972
387 14017
387 14028
387 14030
387 14033
387 14057
387 14067
387 14268
699 397
699 870
699 1677
699 4935
699 4958
699 5126
699 6140
699 6583
699 7102
699 7208
699 7628
699 8242
699 8765
699 9658
699 9663
699 11534
1096 286
1096 584
1096 1873
1096 2837
1096 3174
1096 3278
1096 3349
1096 3419
1096 4207
1096 4752
1096 5743
1096 5752
1096 5787
1096 6140
1096 6147
1096 6156
1096 7200
1096 7303
1096 8112
1096 8242
1096 8329
1096 8936
1096 9031
1096 9251
1096 9262
1096 9706
1096 10030
1096 10151
1096 10202
1096 10928
1096 10990
1096 11008
1096 11521
1096 11526
1096 12698
1096 13814
1096 14059
1096 14452
1594 6753
1594 12131
1594 14087
1928 11984
2444 3404
2444 4915
2444 8765
2444 8921
2444 9251
2444 10012
2444 10697
2444 11262
3313 8606
3766 673
3766 14533
3886 812
3886 898
3886 990
3886 1368
3886 1519
3886 2077
3886 3371
3886 4995
3886 5360
3886 5529
3886 5607
3886 5629
3886 5817
3886 6194
3886 6276
3886 6800
3886 6951
3886 7155
3886 7655
3886 9573
3886 12543
3886 13116
3886 13274
4022 397
4022 1356
4022 1412
4022 2581
4022 3165
4022 3178
4022 3419
4022 6140
4022 7102
4022 7837
4022 8152
4022 8936
4022 9294
4022 10127
4022 10323
4022 10365
4022 10812
4022 11275
4022 12801
4022 13747
4368 77
4368 448
4368 664
4368 2080
4368 3165
4368 3358
4368 3404
4368 4944
4368 4992
4368 5108
4368 5126
4368 6073
4368 6335
4368 8546
4368 9977
4368 10149
4368 11936
4368 12199
4368 12988
4368 13268
4368 14306
4368 14491
4646 6878
4646 8616
5924 3165
5924 9148
5924 10034
5924 11738
6382 812
6382 1650
6382 3419
6382 4411
6382 5948
6382 6732
6382 7610
6382 7705
6382 8152
6382 8328
6382 9139
6382 9706
6382 10202
6382 12696
7861 2080
7861 6998
7861 7896
7861 8112
7861 8980
7861 10013
7861 12988
9371 7477
9779 181
9779 3174
9779 8433
9779 10391
10917 6077
10930 286
10930 957
10930 1155
10930 1356
10930 2830
10930 3135
10930 4944
10930 6574
10930 7037
10930 7090
10930 7837
10930 7842
10930 8112
10930 8980
10930 9858
10930 10323
10930 10812
10930 11536
10930 12199
10930 13279
10930 14306
