14541 14541 128
2633 4897
2633 4901
2633 4904
4276 4897
4276 4901
4276 4904
4406 4897
4406 4901
4406 4904
4950 4897
4950 4904
5484 4897
5484 4898
5484 4901
5484 4904
5576 4897
5576 4901
5576 4904
7160 4897
7160 4901
7160 4904
7514 4897
7514 4901
7514 4904
7515 4901
7516 4897
7517 4897
7517 4901
7517 4904
7518 4897
7518 4901
7518 4904
7519 4897
7519 4898
7519 4901
7519 4904
7520 4901
7520 4904
8466 4897
8466 4901
8466 4904
9279 4901
9279 4904
10805 4897
10805 4898
10805 4904
11036 4897
11157 4898
11157 4901
11157 4904
11189 4897
11189 4898
11189 4900
11189 4901
11189 4904
12632 4897
12632 4904
12646 4897
12646 4898
12646 4901
12646 4904
12830 4897
12830 4901
12830 4904
12834 4897
12835 4897
12835 4904
12839 4897
12839 4901
12839 4904
12841 4897
12841 4901
12841 4904
12923 4897
12923 4901
12923 4904
12937 4897
12937 4898
12937 4904
12946 4901
12946 4904
12952 4897
12952 4901
12954 4897
12954 4901
12954 4904
12958 4901
12958 4904
12973 4897
12973 4901
12973 4904
13069 4897
13069 4901
13069 4904
13070 4897
13071 4897
13071 4898
13071 4901
13073 4897
13073 4901
13073 4904
13074 4897
13074 4898
13074 4901
13075 4897
13075 4901
13075 4904
13076 4897
13076 4901
13076 4904
13077 4897
13077 4901
13077 4904
13078 4897
13078 4901
13078 4904
13079 4897
13079 4901
13079 4904
13080 4897
13080 4901
13080 4904
13081 4897
13081 4904
13082 4897
13082 4898
13082 4901
13082 4904
