14541 14541 414
35 9808
35 10416
147 4438
256 4438
256 11338
431 10416
614 10416
702 10416
796 4438
796 10416
837 10416
862 1188
862 8744
862 9292
862 11341
862 13611
900 10416
952 2256
952 4438
952 5635
952 5714
952 6544
952 6581
952 8092
952 8502
952 8518
952 9084
952 9107
952 9808
952 12011
952 12770
952 13209
1030 4438
1030 9808
1145 10416
1152 11338
1173 4438
1173 10416
1232 10416
1232 11524
1254 4438
1254 4443
1254 5190
1254 5635
1254 5851
1254 6544
1254 6545
1254 7627
1254 7783
1254 8089
1254 8136
1254 8901
1254 9084
1254 9164
1254 9220
1254 9554
1254 9808
1254 10416
1254 11338
1254 11523
1254 11537
1254 11702
1254 12011
1254 13209
1384 4438
1384 9084
1384 10416
1403 4438
1420 10416
1695 4438
1695 8523
1695 10416
1695 11524
1833 10416
2058 4438
2058 5635
2058 6552
2058 9808
2103 2122
2103 10416
2103 11524
2165 6176
2165 8591
2165 10416
2165 11338
2165 11524
2243 10416
2274 10416
2380 8523
2380 10416
2390 10416
2487 10416
2627 10416
2977 7467
2977 10416
2977 12011
3033 1188
3033 8744
3033 9292
3033 11341
3033 13611
3038 11524
3062 4438
3062 10416
3073 10416
3085 4438
3085 8099
3155 8901
3155 9808
3155 10416
3155 11338
3155 11524
3282 4438
3282 10416
3296 3498
3296 11338
3296 11465
3547 10416
3561 10416
3621 4438
3621 10416
3936 4438
3936 10416
4003 10416
4104 10416
4117 10416
4117 11524
4206 7433
4526 10416
4547 10416
4603 3973
4603 10416
4603 11509
4842 9808
4940 10416
4988 10416
5064 12011
5146 477
5146 4438
5146 4443
5146 10416
5433 4438
5433 10416
5709 10416
5867 5851
5867 8591
5867 9220
5867 9584
5867 10416
5867 10582
5918 4438
6021 10416
6289 10416
6370 10416
6383 10416
6459 10416
6556 10416
6571 5851
6571 6176
6571 6545
6571 8089
6571 8960
6571 9808
6571 11523
6578 10416
7048 477
7048 2197
7048 4438
7048 5650
7048 10416
7048 11338
7048 11524
7048 13007
7199 10416
7217 8092
7217 10416
7217 11524
7328 10416
7341 4438
7341 10416
7354 477
7354 5635
7354 9808
7354 9883
7354 11523
7354 11524
7354 12011
7435 10416
7683 10416
7707 5635
7707 8092
7707 9808
7707 10416
7707 11338
7707 11524
7707 12011
7996 4438
7996 10416
8005 11524
8064 10416
8106 10416
8113 10416
8138 5190
8138 5635
8138 6552
8138 8591
8138 9808
8138 10416
8138 11338
8138 11524
8138 12011
8370 10416
8427 4438
8427 10416
8579 10416
8610 8092
8610 9808
8610 10416
8610 11524
8633 10416
8783 5635
8783 6544
8783 7939
8783 8099
8783 9808
8783 10416
8783 11524
8783 12011
8783 12766
8869 5635
8869 6176
8869 8960
8869 9808
8869 10416
8869 11338
8869 11524
8875 4438
8875 10416
8875 11338
8875 11524
8878 551
8878 600
8878 1049
8878 1050
8878 1150
8878 1165
8878 1240
8878 1365
8878 1435
8878 1757
8878 2324
8878 3166
8878 3211
8878 3326
8878 3827
8878 3947
8878 4134
8878 4136
8878 4140
8878 4716
8878 6006
8878 7280
8878 7752
8878 10413
8878 10414
8878 10446
8878 11242
8878 11482
8878 11487
8878 12098
8878 12099
8878 12941
9136 440
9136 8092
9136 9084
9136 9808
9136 10416
9136 11338
9150 10416
9154 4438
9154 5851
9154 10416
9154 11524
9184 11524
9470 4438
9470 5635
9470 6544
9470 9808
9470 10416
9470 10543
9470 10823
9470 11524
9470 12011
9507 10416
9562 10416
9622 10416
9680 10416
9823 10416
9894 4438
9900 4443
9900 10416
9900 10823
9900 11524
9938 440
9938 5635
9938 8092
9938 9084
9938 9808
9938 10416
9938 11524
9938 12011
10020 10416
10029 10416
10072 10416
10072 11524
10211 4009
10211 4438
10211 5902
10211 12242
10211 13962
10211 14252
10211 14255
10211 14256
10255 4438
10255 10416
10436 10416
11070 10416
11299 10416
11358 10416
11476 4443
11476 5851
11476 6176
11476 6545
11476 6559
11476 7783
11476 8591
11476 8901
11476 9164
11476 10416
11476 11338
11476 11465
11476 11523
11476 11702
11479 4438
11479 10416
11767 5635
11767 9220
11767 9808
11767 10416
11767 11524
11774 10416
12250 4438
12250 9808
12362 9808
12599 10416
12626 5635
12626 9808
12626 10416
12626 11338
12626 11524
12663 4438
12663 10416
12663 11524
12688 10416
12811 10416
12821 4438
12821 10416
12828 11524
12849 10416
12849 11524
12866 9808
12929 9808
13128 10416
13215 10416
13215 10823
13215 11524
13220 6544
13220 6545
13220 6552
13220 9084
13220 9808
13220 9834
13220 10416
13220 11524
13220 12770
13247 10416
13357 10416
13423 10416
13496 10416
13496 11524
13610 4438
13610 10416
13940 445
13940 5635
13940 8092
13940 8901
13940 9808
13940 10416
13940 11338
13940 11523
13940 11524
13940 12011
13940 12918
14011 10416
14054 4438
14054 10416
14054 11524
14348 10416
14388 9808
14509 4438
14509 9808
14509 10416
14509 11524
14522 10416
