14541 14541 609
30 11599
45 6042
53 3973
76 310
113 8857
166 4219
168 13170
171 3973
175 4219
176 11564
178 4219
187 1245
189 13002
194 13170
196 10723
205 4858
205 5746
206 3973
208 1337
209 9292
210 14219
225 5042
225 10416
226 5474
226 6042
226 12649
228 5474
230 14356
233 10399
233 13016
290 10393
291 3194
299 5902
301 14250
302 3973
303 13672
316 13828
337 3973
346 14166
364 12760
370 7467
391 5474
397 13485
418 5384
433 10416
454 3973
458 10416
458 11672
466 11599
533 5902
567 10416
574 2529
575 310
576 1133
577 11261
603 4471
605 9292
608 12260
609 4147
610 14407
611 8061
617 14356
638 13219
639 13219
647 10751
649 1188
652 251
656 11948
668 11945
672 4219
674 13404
677 13170
683 10424
685 9271
686 6300
687 8333
690 2528
693 2526
696 5474
698 8379
708 12901
709 1337
795 11910
797 8744
797 9292
799 12948
808 1062
811 12564
836 3973
847 3973
851 13559
914 7467
923 7340
954 13657
955 11941
955 14356
960 14320
1033 3973
1048 11672
1056 5317
1056 5474
1161 2041
1161 7467
1166 14013
1202 14288
1224 7931
1268 12901
1268 12948
1280 11599
1323 2960
1333 7939
1346 9372
1346 11630
1371 10416
1386 10721
1397 9298
1400 7467
1415 4408
1416 11946
1417 5474
1438 11672
1470 5474
1478 1133
1484 11672
1494 6995
1504 11946
1541 11948
1579 11630
1582 11242
1686 11524
1686 13877
1740 11261
1748 14304
1773 9510
1777 11442
1781 10416
1784 14356
1785 11442
1807 3973
1838 14209
1843 3973
1850 11945
1864 14356
1868 1189
1878 11599
1878 12267
1904 4219
1929 3973
1933 9578
1937 5474
1953 14413
1955 10416
1964 5474
1974 12011
1975 14022
1983 12242
1986 3973
2008 9372
2032 14062
2040 11945
2050 12766
2060 12
2080 5474
2088 11303
2094 13170
2095 4219
2111 11442
2127 6300
2156 14041
2247 12267
2275 7467
2280 11922
2307 5474
2321 9954
2321 11630
2352 14407
2362 7467
2365 7467
2372 11905
2403 7467
2404 3973
2409 11442
2433 7931
2460 1049
2460 11242
2478 310
2483 7931
2490 8018
2490 11946
2500 2528
2501 8099
2514 11801
2540 14157
2549 13348
2554 13917
2576 12766
2605 1718
2606 10416
2610 14062
2620 11948
2643 12871
2688 7467
2691 14166
2703 6042
2704 7532
2705 310
2705 5474
2706 1133
2708 14338
2710 4147
2712 10338
2716 3973
2718 4219
2722 7532
2724 4219
2726 2657
2727 4147
2729 14199
2731 13826
2732 7340
2736 7467
2737 9079
2740 5474
2742 13170
2745 5474
2746 5474
2747 3973
2754 3973
2754 11303
2755 12163
2757 14148
2758 7467
2760 13812
2762 11442
2764 310
2769 5474
2770 310
2786 14148
2787 7035
2789 7467
2791 11599
2800 11665
2814 11946
2815 7467
2817 310
2819 2210
2819 11442
2822 12269
2825 1133
2826 11672
2827 14449
2832 4471
2833 14417
2835 5474
2836 5474
2846 12269
2847 2526
2850 14488
2853 3973
2859 432
2859 3973
2861 3973
2861 11303
2862 14219
2863 3194
2865 14325
2867 11665
2868 7467
2868 13837
2875 2012
2876 11442
2877 14400
2886 6995
2889 13812
2891 1133
2892 1960
2895 9372
2899 174
2902 12016
2905 3140
2910 10416
2910 11286
2911 4471
2911 10338
2913 14090
2916 12242
2918 5474
2927 964
2930 11442
2933 14438
2938 1576
2958 5474
3056 2775
3089 13654
3120 11945
3148 5902
3268 1133
3334 3157
3372 14430
3393 11341
3399 13840
3411 4630
3411 7467
3447 3973
3448 5474
3466 2122
3474 3973
3555 12852
3686 5474
3740 14196
3791 3973
3865 14515
3901 14143
3904 5474
3981 1133
4092 2023
4180 7931
4183 14242
4184 7467
4203 9919
4221 4625
4275 14516
4292 5474
4429 14514
4460 11261
4461 5474
4489 5474
4554 1133
4573 7467
4573 9808
4652 11341
4655 13754
4685 13840
4714 14416
4724 11938
4739 11672
4909 7467
4929 7467
4938 11630
4995 3973
5031 10416
5062 8918
5077 1337
5077 14295
5114 9578
5140 13745
5142 13170
5159 4283
5178 11946
5203 1133
5203 14167
5217 11941
5251 310
5251 8249
5251 11538
5295 13645
5298 14451
5338 11630
5381 2560
5381 12255
5426 9104
5442 4219
5525 1915
5615 7467
5621 11941
5777 8099
5820 11599
5828 2529
5942 5474
5945 8018
5951 14231
6028 11473
6050 11442
6052 11520
6052 11946
6055 12014
6059 12065
6070 11442
6072 13654
6075 14454
6078 12014
6079 11442
6086 4612
6086 7467
6128 9629
6174 5317
6178 14356
6181 11261
6182 9372
6220 10416
6220 11665
6224 3973
6224 14438
6226 7467
6230 11442
6244 11905
6291 11945
6292 2124
6397 8333
6404 3973
6405 3973
6494 2122
6494 11271
6511 11599
6547 5474
6584 5474
6595 1133
6599 12117
6639 14514
6714 5474
6719 14170
6744 14179
6809 10416
6997 432
7011 11672
7012 276
7012 14356
7017 5474
7063 905
7087 7467
7094 13170
7097 13812
7105 4471
7170 14013
7224 11341
7324 8512
7412 14013
7478 7467
7478 13170
7479 417
7548 8092
7561 4219
7564 13654
7588 2528
7588 3973
7588 11442
7589 11945
7622 4471
7661 12468
7662 12468
7669 5474
7885 10861
7904 266
8006 5474
8186 9292
8188 3973
8188 11599
8205 6300
8356 986
8501 11341
8513 3973
8564 3973
8612 3973
8612 5474
8642 1337
8648 12901
8779 10303
8831 432
8831 11442
8837 12852
8903 3973
8988 7467
9075 3973
9083 5474
9099 571
9129 4471
9129 7467
9129 9808
9129 10416
9133 7467
9209 5474
9209 11473
9229 13793
9337 3973
9498 3228
9498 7467
9545 5474
9547 7532
9636 3973
9704 12766
9714 7467
9718 11442
9720 7467
9753 5474
9757 1133
9795 7931
9908 3973
9931 11598
9978 5474
9988 11345
9989 10762
10005 10416
10005 12240
10007 5474
10019 8512
10019 13348
10061 14401
10111 3973
10111 7467
10111 8099
10122 11473
10123 6300
10196 10038
10238 7467
10309 11572
10346 5902
10510 5474
10516 14131
10542 10749
10557 11442
10710 8523
10760 11630
10796 5650
10821 11940
10860 7467
10885 14196
10892 5474
10921 7467
10984 445
11000 9919
11003 432
11003 8523
11031 3973
11231 11341
11236 273
11250 11785
11252 14090
11279 10416
11279 12850
11319 6395
11514 1189
11541 10416
11541 11630
11637 3973
11654 10303
11721 9557
11721 14501
11730 11482
11765 7467
11765 9808
11839 11163
11858 1803
11861 4147
11901 11341
11996 7340
12008 5851
12019 10416
12024 1362
12047 4471
12061 1133
12150 5474
12203 7467
12219 376
12236 7467
12383 5635
12383 12011
12383 12770
12390 3973
12390 11286
12413 8247
12424 3846
12431 8247
12440 8371
12581 5474
12581 14197
12609 432
12668 1337
12768 8247
12887 5317
12887 14013
13005 7186
13006 2528
13031 11599
13065 8099
13157 11599
13210 11672
13210 14061
13269 1133
13270 7467
13281 6455
13301 7467
13330 9557
13331 4283
13421 12262
13446 7939
13459 13952
13490 3973
13508 1133
13516 10313
13535 12766
13535 14022
13580 9271
13621 5474
13937 13485
13947 1718
13947 12066
13956 5474
14002 2114
14002 7467
14004 432
14026 7467
14040 8512
14102 7467
14112 4219
14128 10416
14129 12011
14383 4219
14448 13745
14450 5474
