14541 14541 108
341 9390
341 12126
377 9390
378 9637
485 9637
1147 8130
1147 11587
1858 8588
2013 7927
2843 7920
3516 12126
3819 7922
3944 8014
3944 9366
4343 8130
4818 9390
4832 8588
4832 12175
4949 9631
4959 9637
5681 9601
6198 9390
6394 8588
7165 7926
7584 8588
7729 7920
7742 8032
7744 7395
7756 7920
7771 8014
7771 9637
8212 9390
8543 7395
8652 9601
8760 9390
8834 8130
9152 8032
9340 9390
9379 8014
9379 9366
9434 9637
9434 11715
10016 8588
10140 9601
10345 7920
10829 10356
10865 9390
10877 8588
10877 12175
10911 8588
10932 8588
10936 8014
10936 9637
10957 9366
10967 7920
10973 9366
11108 7920
11210 5672
11297 9601
11297 11715
11428 9390
11429 12001
11779 9637
11779 11199
11847 8130
11953 8130
11977 8130
12284 7236
12364 7236
12366 7236
12430 9390
12515 7922
12526 7926
12526 7927
12546 9366
12546 11199
12547 7927
12605 9390
12639 11715
12655 9390
12667 9601
12735 9637
12735 11199
12891 11309
13094 9366
13134 9637
13141 8588
13187 8014
13187 9637
13189 8014
13189 9637
13191 8032
13192 9366
13195 8014
13202 9637
13202 11715
13232 9366
13236 7917
13253 7926
13315 7920
13324 8588
13326 10356
13344 9390
13571 11587
13579 8032
13979 8131
13990 9601
14120 5278
