14541 14541 141
41 9155
82 9155
155 12770
201 12770
202 12770
445 5635
493 11524
499 6544
861 5635
866 5635
1258 12011
1259 12011
1260 12011
1262 9107
1606 12770
1893 9107
2115 10416
2122 10416
2144 6544
2335 9107
2466 6544
2960 10416
3001 12936
3015 5714
3072 8502
3164 9084
3661 10416
4020 8092
4288 9155
4471 9808
4625 9155
5259 12011
5317 10416
6135 10416
6569 10416
6623 10416
6626 10416
7148 10416
7186 10416
7305 8502
7544 10416
7613 5635
7644 6544
7677 10416
7747 12011
7823 10416
7873 10416
7874 10416
7998 8502
8082 10416
8087 10416
8092 7222
8101 11524
8104 11524
8105 11524
8146 9808
8165 12011
8246 10416
8247 10416
8248 10416
8249 10416
8250 10416
8330 11524
8357 10416
8363 10416
8366 10416
8369 11524
8445 9155
8530 11524
8572 10416
8853 6544
8907 10416
9028 5635
9106 10416
9155 9808
9183 5635
9258 6544
9354 5635
9398 8092
9486 6544
9492 12011
9508 10416
9530 10416
9629 10416
9676 6544
9722 5635
9806 10416
9925 10416
9974 10416
9979 10416
9983 10416
10026 10416
10076 11524
10328 8915
10494 5635
10525 5635
10526 5635
10881 8502
11137 6544
11218 6544
11220 6544
11233 6544
11363 12011
11365 12936
11394 8146
11496 12011
11538 10416
11598 11520
11616 12011
11621 8092
11633 8092
11842 12936
11864 8146
11915 12011
12046 8092
12078 12770
12079 12770
12181 8092
12183 8092
12206 10543
12520 12011
12673 10416
12754 11524
12815 10416
12901 9155
12914 7222
12936 9808
12962 11524
13003 6544
13258 8146
13371 9155
13456 9107
13488 12011
13741 8502
13895 6544
13930 12011
14209 9155
14338 10416
14352 10416
14458 8146
14536 9107
