14541 14541 361
127 10559
147 10559
169 10559
192 2181
231 10559
335 10559
349 4552
478 10559
479 10559
521 10559
547 2181
552 10559
558 10559
692 10559
711 10559
715 10559
793 10559
816 10559
837 10559
859 10559
860 10559
874 10559
876 10559
971 2181
1039 10559
1042 10559
1045 10559
1081 10559
1086 10559
1093 10559
1154 10559
1184 10559
1213 10559
1218 10559
1237 10559
1243 10559
1287 10559
1332 2181
1361 2181
1425 10559
1436 10559
1440 2181
1514 10559
1537 4552
1558 4552
1559 10559
1669 10559
1673 10559
1687 10559
1689 10559
1700 10559
1761 10559
1763 10559
1796 10559
1797 10559
1798 10559
1799 10559
1800 10559
1810 10559
1811 10559
1812 10559
1813 10559
1814 10559
1815 10559
1833 10559
1839 10559
1918 10559
1930 10559
1968 10559
1994 10559
2004 10559
2116 10559
2120 10559
2147 10559
2149 10559
2154 10559
2207 10559
2211 10559
2214 10559
2218 10559
2233 10559
2242 10559
2263 10559
2274 10559
2286 10559
2299 10559
2316 10559
2336 10559
2343 10559
2360 10559
2375 10559
2394 10559
2397 10559
2421 10559
2442 10559
2473 10559
2488 2181
2491 10559
2544 10559
2553 10559
2569 10559
2603 10559
2627 10559
2634 2181
2644 2181
2676 10559
2713 10559
2818 10559
2857 10559
2858 10559
2954 2181
2983 10559
3002 2181
3008 2181
3013 10559
3020 10559
3021 10559
3038 14045
3042 14045
3075 10559
3082 10559
3150 2181
3186 10559
3195 10559
3223 10103
3226 10103
3233 10559
3238 10559
3254 10559
3269 10559
3273 10559
3293 10559
3311 10559
3314 14045
3316 10559
3332 10559
3339 10559
3385 10559
3395 10559
3446 10559
3499 10559
3561 10559
3606 10559
3655 2181
3695 10559
3835 10559
3836 10559
3876 10559
3878 10559
3936 10559
3989 10559
4079 10559
4096 10559
4099 10559
4109 10559
4110 10559
4116 10559
4119 2181
4159 10559
4175 10559
4201 10559
4213 10559
4230 2181
4231 10559
4261 10559
4268 10559
4284 10559
4338 10559
4341 10559
4344 10559
4346 10559
4362 10559
4370 10559
4375 10559
4390 10559
4401 2181
4404 10559
4405 10559
4430 10559
4433 10559
4480 10559
4517 10559
4544 10559
4546 10559
4563 10559
4564 10559
4590 10559
4608 10559
4617 10559
4638 2181
4639 2181
4642 10559
4648 10559
4666 10559
4690 10559
4745 10559
4765 10559
4776 2181
4809 10559
4823 10559
4973 10559
4984 10559
4988 10559
5012 10559
5038 10559
5043 10559
5061 10559
5078 10559
5117 10559
5137 13351
5195 10559
5296 10559
5297 10559
5316 10559
5342 10559
5362 10559
5375 10559
5409 10559
5410 10559
5411 10559
5413 10559
5414 10559
5423 10559
5424 10559
5431 10559
5437 10559
5480 10559
5513 10559
5533 10559
5539 10559
5622 10559
5707 10559
5725 10559
5783 10559
5785 10559
5788 10559
5793 10559
5807 10559
6004 10559
6093 10559
6100 10559
6187 10559
6209 10559
6214 10559
6272 10559
6304 10559
6306 10559
6433 10559
6620 10559
6633 10559
6682 10559
6685 10559
6742 10559
6887 4552
6953 10559
6961 10559
7093 10559
7241 10559
7261 10559
7270 10559
7353 10559
7380 10559
7411 10559
7618 10559
7683 10559
7712 10559
7776 10559
7857 13351
7996 10559
8039 4552
8048 10559
8194 10559
8289 14045
8370 10559
8419 10559
8478 10559
8500 10559
8571 4552
8631 10559
8679 10559
8722 10559
8752 10559
8807 10559
8830 2181
8909 10559
8973 10559
9020 10559
9045 10559
9102 10559
9150 10559
9228 10559
9464 10559
9481 10559
9562 10559
9811 10559
9819 10559
9823 10559
9831 2181
9845 10559
9846 10559
9849 10559
9855 10559
9859 10559
9875 14045
10086 10559
10396 4552
10448 10559
10515 2181
10520 10559
10527 10559
10632 10559
10766 10559
11004 10559
11034 14045
11046 10559
11070 10559
11082 10559
11217 10559
11299 10559
11335 10559
11530 2181
11904 10559
11927 10559
12248 2181
12396 10559
12443 10559
12482 10559
12500 2181
12505 2181
12516 10559
12666 10559
12797 10559
12851 10559
12966 10559
13028 10559
13087 14045
13089 10559
13338 10559
13357 10559
13386 10559
13455 10559
13504 10559
13550 2181
13569 10559
13596 14045
13951 10559
14039 10559
14066 4552
14116 10559
14275 10559
14314 10559
14347 2181
14459 2181
14461 2181
14466 2181
14467 2181
14472 2181
14473 2181
14476 2181
14477 2181
14480 2181
