14541 14541 951
35 7467
38 8371
91 11087
91 11088
116 11630
134 7704
144 9292
192 7211
231 11599
280 10338
323 10883
335 14013
336 3973
336 5474
355 10099
357 14196
382 7939
402 7467
410 2346
431 3973
435 12232
452 10338
453 3973
468 9756
479 10084
480 7467
498 7467
521 14287
547 7467
560 11945
614 14411
628 3973
681 10765
702 5474
702 13150
704 7467
711 10779
766 10401
766 11960
793 11905
796 1133
800 14146
815 9954
833 2053
837 14042
855 7467
856 14149
859 13645
868 11672
874 3973
877 1988
883 3973
893 3093
899 3973
899 7939
899 12766
900 9979
900 11630
946 10338
952 12066
958 11947
971 3140
973 2721
975 7467
1021 13470
1030 2124
1039 8333
1045 23
1081 14147
1090 14183
1093 14309
1095 1733
1117 3973
1128 7197
1134 2346
1154 310
1156 310
1169 21
1171 2284
1173 12163
1194 14069
1201 1188
1203 2284
1205 3406
1205 9578
1213 14437
1218 11155
1232 9578
1237 5474
1238 445
1249 1188
1263 11599
1287 3973
1305 10338
1325 5474
1332 12948
1339 2057
1352 3973
1361 11502
1377 13611
1384 3973
1398 8371
1403 3973
1403 5474
1403 8882
1404 13170
1407 1960
1420 9578
1421 10115
1436 14179
1440 10338
1449 14209
1468 7467
1472 5474
1492 3973
1507 11938
1510 5474
1514 6995
1515 3973
1537 9793
1551 7467
1558 6282
1559 13259
1646 4283
1673 3973
1687 14169
1689 2528
1695 3973
1700 10742
1705 11801
1711 2346
1725 11557
1738 11089
1738 14419
1751 3973
1763 14285
1764 252
1783 1803
1796 11473
1797 9051
1798 12240
1799 13985
1800 14454
1814 11155
1815 11672
1816 11672
1821 4630
1826 11607
1833 11303
1839 2210
1844 13877
1860 2346
1861 10338
1877 14196
1918 14331
1930 11604
1956 3973
1956 8099
1989 4372
2004 14297
2016 11622
2058 4147
2099 7467
2105 10327
2120 4637
2129 3973
2132 4
2139 912
2139 5474
2139 6212
2139 7467
2139 9578
2139 11801
2139 12766
2139 12871
2139 14178
2149 2528
2165 12871
2166 10338
2167 14196
2170 11473
2176 7467
2207 13986
2214 3973
2243 2529
2243 3973
2254 7524
2263 12255
2274 8333
2281 11672
2295 11781
2299 9372
2306 8857
2320 11341
2333 3406
2333 9292
2333 9578
2336 13845
2338 8333
2341 11607
2341 13150
2360 14406
2364 14255
2369 9578
2378 216
2380 2529
2422 13586
2449 14098
2452 9578
2452 14182
2470 10392
2473 4219
2487 11672
2488 10338
2489 14042
2517 10338
2518 271
2535 12272
2536 445
2542 3406
2542 12549
2553 2157
2559 13559
2565 14431
2569 8333
2571 7467
2592 9578
2597 9578
2600 11345
2607 10115
2612 445
2627 5
2634 13510
2646 2480
2647 11365
2648 9578
2648 11910
2668 14312
2676 11442
2687 1960
2713 14516
2796 11261
2806 6636
2807 12766
2812 9578
2816 310
2816 5474
2818 3973
2831 7467
2831 10401
2839 217
2840 2114
2858 14096
2896 1337
2909 2284
2972 14451
2977 3973
2983 11599
2984 14297
3002 2480
3013 14482
3017 7491
3020 1133
3021 14236
3034 5815
3041 10024
3042 908
3044 12766
3059 13308
3062 11599
3073 3973
3075 13662
3078 12736
3082 14245
3085 12212
3103 4372
3126 14196
3136 14020
3150 11718
3155 14180
3155 14181
3169 897
3176 432
3180 1133
3186 1803
3213 7709
3233 14196
3234 1062
3236 11627
3238 11910
3249 14394
3269 3157
3273 13840
3282 11942
3285 7467
3292 12016
3293 1337
3294 7467
3296 9292
3303 14146
3311 11946
3314 12959
3316 14251
3329 10742
3332 3973
3384 3973
3385 1337
3395 11732
3433 3973
3433 11948
3434 5474
3446 12212
3454 6280
3454 13186
3464 12766
3499 4283
3540 9973
3543 3406
3543 5474
3547 12163
3560 3973
3561 5429
3563 9578
3574 14
3606 264
3621 11672
3627 3406
3627 9578
3655 7467
3691 3406
3695 14153
3700 10299
3743 1847
3751 14483
3787 4372
3789 3973
3794 1133
3794 9372
3798 11599
3831 12901
3835 14176
3876 11665
3878 11558
3925 3973
3925 8099
3936 11672
3954 266
3993 9145
4000 9145
4003 3973
4023 3406
4023 9578
4079 3157
4081 8797
4084 9711
4086 1133
4093 3973
4099 3934
4109 13660
4110 11938
4116 2056
4119 10338
4145 12054
4175 1051
4178 11945
4200 4408
4201 5520
4208 11310
4213 11786
4214 3157
4230 10861
4253 2023
4313 1337
4336 13745
4341 5474
4344 6300
4346 14337
4362 14193
4375 14316
4390 11903
4400 9578
4401 10338
4404 2035
4407 11503
4417 3973
4420 7752
4433 310
4444 7467
4444 13837
4446 11599
4457 11599
4472 11341
4472 12840
4474 794
4480 13485
4515 1337
4517 9688
4537 11482
4546 2529
4547 3973
4563 13257
4590 2529
4603 3973
4606 5474
4608 3973
4628 7467
4628 10401
4628 11960
4629 5384
4631 13090
4636 3973
4636 11286
4638 7467
4639 7467
4642 1133
4666 4161
4672 1899
4690 6300
4692 11630
4693 13186
4699 14042
4729 10303
4746 9578
4746 14182
4765 13746
4776 12117
4842 7939
4842 10328
4902 12240
4940 11473
4973 10725
4988 9372
5012 14162
5038 11155
5043 8857
5061 13745
5078 14305
5116 14514
5137 6283
5146 14196
5156 2980
5158 14196
5163 3973
5215 14146
5219 9372
5272 7467
5272 7752
5297 14374
5316 12217
5342 11261
5361 4432
5362 11672
5399 11242
5406 3973
5409 10748
5410 14308
5412 12
5414 1803
5424 14307
5431 11905
5433 14355
5440 14196
5457 14149
5497 49
5508 3068
5512 14430
5513 1337
5515 432
5523 11482
5554 3973
5555 14146
5558 3973
5558 8099
5567 3973
5589 5474
5589 7467
5622 13983
5627 7709
5634 7467
5655 14196
5667 1435
5684 10303
5694 4488
5707 11945
5709 4219
5713 10392
5725 12262
5730 1054
5755 9383
5759 11387
5783 11345
5785 4219
5793 310
5794 3973
5806 5474
5833 13669
5867 3406
5867 7467
5867 9578
5867 11341
5867 12766
5867 12871
5872 11442
5909 5474
5917 11442
5918 14193
5919 12242
6021 8512
6021 8882
6062 14196
6133 11482
6185 9578
6187 14147
6209 11905
6252 2284
6284 11938
6289 2346
6306 11214
6364 3973
6367 3973
6370 3973
6383 11909
6389 3973
6433 13893
6450 3973
6459 310
6463 2980
6467 2980
6467 9578
6488 1757
6496 3973
6502 3973
6542 14146
6556 14149
6571 14182
6575 8512
6620 12247
6632 1133
6633 13887
6651 551
6682 12238
6688 12255
6706 3973
6730 8882
6743 9534
6777 14146
6807 11941
6856 794
6877 14146
6887 8512
6891 7467
6963 8918
6968 9578
6969 3973
6980 2346
6989 14098
7003 9979
7048 14181
7076 5474
7076 11341
7093 11599
7093 11665
7169 3973
7199 250
7223 3973
7223 8512
7241 3973
7258 3973
7291 10393
7297 14147
7312 14146
7316 3973
7332 7467
7332 8882
7341 3973
7354 11088
7380 8882
7457 6804
7470 8918
7483 5815
7503 9534
7506 11599
7521 11630
7522 11948
7525 12163
7560 14146
7578 8512
7618 14165
7649 310
7668 14146
7675 3973
7683 2346
7693 11599
7712 3973
7776 13664
7824 1337
7869 7931
7881 10446
7906 14356
7938 7939
7957 7467
7961 12901
7975 7340
7977 14146
7985 14156
7996 273
8005 9292
8005 11718
8025 13230
8025 14177
8039 10299
8048 12503
8064 3973
8080 10446
8086 794
8106 802
8106 2297
8106 2357
8106 9954
8106 9979
8106 10434
8106 12871
8108 13150
8127 3406
8127 9578
8138 11229
8154 2346
8184 3973
8184 8333
8184 12766
8194 5474
8201 3973
8202 3973
8206 5065
8235 3211
8256 12766
8258 14409
8276 7467
8289 905
8291 3973
8310 12143
8370 2526
8402 11665
8427 3973
8427 14177
8428 3973
8439 3973
8458 10299
8478 5474
8483 9578
8495 14200
8500 13672
8532 5474
8541 5474
8571 6212
8579 3973
8610 13186
8632 7293
8675 0
8679 13470
8715 2529
8722 3973
8722 5474
8727 3973
8752 14196
8783 8512
8783 11599
8783 11630
8809 5474
8828 9578
8830 10338
8869 12230
8890 14288
8894 5474
8909 4283
8973 6300
9022 14149
9045 5474
9048 12138
9054 1133
9117 9578
9117 11599
9130 3973
9132 5474
9136 7467
9136 9292
9136 9578
9136 11599
9150 3157
9151 14182
9154 3406
9154 9578
9184 1349
9184 9954
9187 9104
9189 13406
9195 14149
9228 3973
9235 2284
9288 5474
9324 9578
9347 9578
9359 838
9359 1349
9359 9954
9392 11089
9416 3973
9445 3406
9445 9578
9459 9979
9459 11630
9459 14146
9464 11630
9470 7340
9481 9360
9494 11473
9507 3973
9562 10750
9618 2980
9664 9578
9667 14196
9680 3973
9680 8099
9701 1337
9764 9578
9772 12871
9818 3973
9823 11672
9825 10338
9827 8379
9829 9822
9831 10338
9833 10338
9845 11599
9846 13356
9847 4427
9848 2284
9849 557
9855 12188
9857 14356
9859 266
9860 14196
9861 11603
9862 12134
9863 11634
9866 14196
9874 12766
9875 5206
9875 9427
9876 11940
9877 9919
9878 14022
9881 1133
9882 12900
9894 12242
9900 1133
9961 10038
9966 14149
9967 3406
9967 9578
10044 5815
10056 7532
10058 14146
10072 2034
10072 2596
10072 14430
10086 11938
10093 12766
10169 3973
10183 12132
10212 11786
10228 9954
10228 12766
10230 7467
10241 11948
10255 11941
10257 9578
10293 14146
10312 3973
10372 7752
10388 14146
10436 3973
10448 5474
10478 7467
10478 12766
10503 8882
10514 3406
10515 7931
10520 3973
10524 11938
10527 10303
10548 3973
10614 432
10632 13754
10661 3973
10679 12901
10699 13150
10718 12325
10720 1028
10766 1133
10791 1133
10916 1133
10969 3973
11004 310
11062 7467
11070 3973
11082 13002
11147 14196
11188 5474
11217 11607
11258 3973
11268 10338
11299 14494
11335 14356
11358 5474
11476 11941
11479 3973
11528 14196
11562 3973
11614 14146
11659 11077
11660 3973
11767 11910
11774 14196
11787 13667
11863 5474
11863 14149
11866 17
11895 3161
11904 264
11918 11917
11919 8378
12021 3973
12140 13840
12194 13150
12248 7467
12250 12948
12328 2528
12332 9271
12362 7467
12363 11940
12394 12256
12396 13672
12443 11604
12445 12766
12496 7467
12500 10313
12504 11850
12505 10338
12516 1337
12517 11209
12518 7467
12539 310
12598 3973
12598 11286
12599 310
12626 3973
12663 2034
12688 11941
12762 4625
12811 3973
12821 11088
12837 4147
12837 11909
12849 10734
12866 7467
12879 9979
12949 7467
13019 1007
13028 12260
13029 1007
13087 13086
13128 3973
13145 3973
13165 10338
13213 13744
13215 14180
13217 5474
13220 310
13221 2721
13224 13227
13247 5474
13247 11599
13249 14146
13251 310
13252 3973
13256 3973
13298 1337
13304 14411
13338 14196
13347 3973
13347 11946
13352 12904
13386 13399
13423 3973
13441 7931
13455 14293
13468 310
13471 8512
13494 11381
13498 10378
13504 14208
13564 417
13596 2391
13610 11630
13743 3973
13918 10652
13940 2657
13940 5384
13946 12582
14011 3973
14039 14196
14058 14044
14066 3961
14272 3973
14314 11572
14314 14131
14314 14132
14314 14134
14347 7467
14348 11910
14348 13754
14388 7467
14423 3973
14456 8378
14459 8378
14460 8378
14461 8378
14462 8378
14463 8378
14464 8378
14465 8378
14466 8378
14467 8378
14468 8378
14469 8378
14470 8378
14471 8378
14472 8378
14473 8378
14474 8378
14475 8378
14476 8378
14477 8378
14478 8378
14479 8378
14480 8378
14481 8378
14509 11942
14522 11910
14522 11940
