14541 14541 147
97 11370
368 11370
516 11370
517 11370
540 11370
703 11370
823 11370
880 11370
1058 11370
1082 11370
1178 11370
1179 11370
1180 11370
1181 11370
1183 11370
1191 11370
1230 11370
1324 11370
1411 11370
1443 11370
1512 11370
1517 11370
1518 11370
1529 11370
1540 11370
1657 11370
1664 11370
1717 11370
1747 11370
1750 11370
1914 11370
2014 11370
2327 11370
2419 11370
2496 11370
2690 11370
3032 11370
3553 11370
3725 11370
3889 11370
3968 11370
3970 11370
3971 11370
4185 11370
4332 11370
4360 11370
4382 11370
4497 11370
4634 11370
4687 11370
4772 11370
4845 11370
4867 11370
4942 11370
4965 11370
4987 11370
4990 11370
4999 11370
5026 11370
5310 11370
5441 11370
5447 11370
5460 11370
5468 11370
5470 11370
5580 11370
5696 11370
5829 11370
5831 11370
5834 11370
5858 11370
5865 11370
5990 11370
6015 11370
6131 11370
6232 11370
6325 11370
6439 11370
6443 11370
6739 11370
6947 11370
6983 11370
7511 11370
7580 11370
7617 11370
7799 11370
7928 11370
7963 11370
7995 11370
8058 11370
8125 11370
8231 11370
8243 11370
8389 11370
8461 11370
8560 11370
8687 11370
8768 11370
9008 11370
9036 11370
9094 11370
9172 11370
9174 11370
9299 11370
9331 11370
9388 11370
9556 11370
9607 11370
9788 11370
9853 11370
9936 11370
9951 11370
9985 11370
10135 11370
10174 11370
10342 11370
10375 11370
10456 11370
10752 11370
11422 11370
11454 11370
11491 11370
11593 11370
11609 11370
11683 11370
11837 11370
12085 11370
12104 11370
12161 11370
12372 11370
12484 11370
12629 11370
12659 11370
12737 11370
12776 11370
12905 11370
13263 11370
13266 11370
13418 11370
13515 11370
13765 11370
13987 11370
13999 11370
14001 11370
14082 11370
14344 11370
14345 11370
