14541 14541 1599
29 4221
37 210
37 7991
37 11858
237 4221
308 210
308 212
308 808
308 847
308 1343
308 2362
308 2911
308 4221
308 4652
308 4938
308 5077
308 5159
308 7175
308 7991
308 9545
308 9704
308 9714
308 9753
308 10710
308 10860
308 10984
308 11319
308 12581
308 13269
308 13956
308 14128
411 5159
423 10921
592 7991
929 795
929 955
929 1161
929 1280
929 1872
929 3399
929 4180
929 4221
929 5077
929 5159
929 6511
929 9753
929 9769
929 10710
929 13269
929 13621
929 13956
979 30
979 53
979 93
979 176
979 194
979 208
979 209
979 212
979 301
979 324
979 346
979 391
979 416
979 420
979 421
979 466
979 574
979 603
979 638
979 672
979 677
979 708
979 709
979 797
979 799
979 808
979 836
979 847
979 851
979 895
979 921
979 1161
979 1280
979 1397
979 1478
979 1504
979 1773
979 1784
979 1872
979 1878
979 1975
979 1986
979 2247
979 2321
979 2362
979 2433
979 2483
979 2514
979 2576
979 2638
979 2706
979 2729
979 2819
979 2911
979 3791
979 4180
979 4221
979 4429
979 4461
979 4489
979 4685
979 4929
979 4938
979 5077
979 5142
979 5159
979 5615
979 5942
979 6028
979 6086
979 6128
979 6265
979 6494
979 6511
979 6714
979 7105
979 7175
979 7651
979 7669
979 8188
979 8356
979 8642
979 8837
979 8988
979 9075
979 9083
979 9129
979 9337
979 9545
979 9632
979 9704
979 9714
979 9718
979 9720
979 9769
979 9978
979 10007
979 10122
979 10123
979 10238
979 10507
979 10510
979 10542
979 10710
979 10768
979 10860
979 10921
979 11031
979 11541
979 11846
979 11861
979 12024
979 12047
979 12203
979 12219
979 12413
979 12581
979 13006
979 13031
979 13065
979 13281
979 13301
979 13421
979 13608
979 13621
979 13947
979 13956
979 14026
979 14129
979 14448
979 14450
1012 5077
1012 11252
1244 5142
1394 4221
1394 4652
1394 5077
1394 5159
1724 301
1724 2321
1724 4221
1724 9704
1724 9714
1875 2433
1875 2638
1875 9704
2222 4221
2475 576
2475 2362
2475 5159
2475 7105
2640 1161
2640 3981
2640 6265
2640 7651
2640 7661
2640 8903
2640 12024
2640 13006
2658 9129
2683 168
2683 210
2683 291
2683 303
2683 348
2683 381
2683 391
2683 421
2683 433
2683 467
2683 533
2683 576
2683 610
2683 674
2683 795
2683 808
2683 1343
2683 1397
2683 1438
2683 1478
2683 1495
2683 1740
2683 1986
2683 2362
2683 2433
2683 2706
2683 3399
2683 3791
2683 3981
2683 4180
2683 4413
2683 4652
2683 4938
2683 5820
2683 6244
2683 6265
2683 6511
2683 7087
2683 7478
2683 7661
2683 7662
2683 7991
2683 8006
2683 9498
2683 9547
2683 9636
2683 9704
2683 9718
2683 9753
2683 9757
2683 9908
2683 10760
2683 10860
2683 10921
2683 11252
2683 11319
2683 11858
2683 13269
2683 13516
2683 14026
2683 14128
2926 391
2926 1280
2926 4221
2926 5142
2926 7105
2926 7991
2926 9718
2998 3981
2998 4221
2998 5142
2998 5159
2998 6265
2998 9498
2998 9714
3246 4221
3348 808
3689 7105
3689 9545
3689 12203
3689 13421
3909 30
3909 53
3909 176
3909 208
3909 209
3909 212
3909 301
3909 324
3909 391
3909 416
3909 421
3909 466
3909 533
3909 576
3909 603
3909 674
3909 677
3909 709
3909 797
3909 799
3909 921
3909 1161
3909 1280
3909 1343
3909 1397
3909 1504
3909 1740
3909 1773
3909 1975
3909 2321
3909 2362
3909 2483
3909 2638
3909 2819
3909 2911
3909 3791
3909 4489
3909 4938
3909 5820
3909 6028
3909 6128
3909 6494
3909 6511
3909 7651
3909 7662
3909 7669
3909 7991
3909 8642
3909 8988
3909 9129
3909 9547
3909 9632
3909 9757
3909 9978
3909 10007
3909 10122
3909 10507
3909 10510
3909 10542
3909 10760
3909 10921
3909 11031
3909 11279
3909 11541
3909 12413
3909 12581
3909 13157
3909 13281
3909 13301
3909 13421
3909 13608
3909 13621
3909 14448
3909 14450
4123 7087
4211 576
4211 3981
4211 5942
4211 11319
4285 93
4285 797
4285 955
4285 1161
4285 1872
4285 2514
4285 5159
4285 7105
4285 9704
4285 11541
4285 12203
4318 9714
4403 30
4403 53
4403 93
4403 168
4403 176
4403 194
4403 208
4403 209
4403 210
4403 212
4403 291
4403 301
4403 303
4403 324
4403 346
4403 348
4403 381
4403 391
4403 416
4403 420
4403 421
4403 433
4403 466
4403 467
4403 576
4403 603
4403 610
4403 638
4403 672
4403 674
4403 675
4403 677
4403 708
4403 709
4403 795
4403 797
4403 799
4403 808
4403 836
4403 847
4403 851
4403 895
4403 921
4403 1161
4403 1280
4403 1343
4403 1397
4403 1438
4403 1478
4403 1495
4403 1504
4403 1740
4403 1773
4403 1784
4403 1872
4403 1878
4403 1975
4403 1986
4403 2247
4403 2321
4403 2362
4403 2433
4403 2483
4403 2514
4403 2576
4403 2638
4403 2706
4403 2729
4403 2819
4403 2911
4403 3399
4403 3791
4403 3981
4403 4168
4403 4180
4403 4221
4403 4413
4403 4429
4403 4461
4403 4489
4403 4652
4403 4685
4403 4929
4403 4938
4403 5077
4403 5142
4403 5159
4403 5615
4403 5820
4403 5942
4403 6028
4403 6128
4403 6244
4403 6265
4403 6494
4403 6511
4403 6639
4403 6714
4403 7087
4403 7105
4403 7175
4403 7478
4403 7651
4403 7661
4403 7662
4403 7669
4403 7991
4403 8006
4403 8188
4403 8356
4403 8642
4403 8837
4403 8988
4403 9075
4403 9083
4403 9129
4403 9337
4403 9498
4403 9547
4403 9632
4403 9636
4403 9704
4403 9714
4403 9718
4403 9720
4403 9753
4403 9757
4403 9769
4403 9908
4403 9978
4403 10007
4403 10122
4403 10238
4403 10507
4403 10510
4403 10542
4403 10760
4403 10768
4403 10860
4403 10921
4403 10984
4403 11031
4403 11252
4403 11279
4403 11319
4403 11541
4403 11846
4403 11858
4403 11861
4403 12024
4403 12047
4403 12203
4403 12219
4403 12413
4403 12581
4403 13006
4403 13031
4403 13065
4403 13269
4403 13281
4403 13301
4403 13421
4403 13516
4403 13608
4403 13621
4403 13947
4403 13956
4403 14026
4403 14128
4403 14129
4403 14448
4403 14450
4410 3981
4493 176
4493 795
4493 1280
4493 1878
4493 4652
4493 5159
4493 9714
4493 13621
4494 346
4494 9714
4494 13065
4764 391
4764 610
4764 1986
4764 7991
4862 1478
4862 8903
5057 2576
5057 4221
5057 4652
5057 5159
5057 7105
5057 7175
5057 9714
5057 10860
5057 12024
5066 324
5066 391
5066 808
5066 1478
5066 2911
5066 3981
5066 4652
5066 7661
5066 8356
5066 12024
5066 13516
5196 467
5196 1784
5196 1872
5196 3399
5196 9704
5196 13269
5197 1986
5500 467
5500 1872
5500 1986
5500 3791
5500 3981
5500 5142
5500 9753
5625 30
5625 53
5625 93
5625 168
5625 176
5625 194
5625 208
5625 209
5625 210
5625 212
5625 291
5625 301
5625 303
5625 324
5625 346
5625 348
5625 381
5625 391
5625 416
5625 420
5625 421
5625 433
5625 466
5625 467
5625 574
5625 576
5625 603
5625 638
5625 672
5625 674
5625 677
5625 698
5625 708
5625 709
5625 795
5625 797
5625 799
5625 808
5625 836
5625 847
5625 851
5625 895
5625 921
5625 955
5625 1280
5625 1343
5625 1397
5625 1400
5625 1438
5625 1478
5625 1495
5625 1504
5625 1740
5625 1773
5625 1872
5625 1878
5625 1975
5625 1986
5625 2247
5625 2321
5625 2362
5625 2433
5625 2483
5625 2514
5625 2638
5625 2706
5625 2729
5625 2819
5625 2911
5625 3399
5625 3791
5625 3981
5625 4168
5625 4180
5625 4221
5625 4413
5625 4429
5625 4461
5625 4489
5625 4685
5625 4929
5625 4938
5625 5077
5625 5142
5625 5159
5625 5615
5625 5820
5625 5942
5625 6028
5625 6086
5625 6128
5625 6244
5625 6265
5625 6494
5625 6511
5625 6599
5625 6639
5625 6714
5625 7087
5625 7105
5625 7175
5625 7478
5625 7651
5625 7661
5625 7662
5625 7669
5625 7991
5625 8006
5625 8188
5625 8356
5625 8642
5625 8837
5625 8903
5625 8988
5625 9075
5625 9083
5625 9129
5625 9337
5625 9498
5625 9545
5625 9547
5625 9632
5625 9636
5625 9704
5625 9714
5625 9718
5625 9720
5625 9753
5625 9757
5625 9769
5625 9908
5625 9978
5625 10007
5625 10122
5625 10123
5625 10238
5625 10507
5625 10510
5625 10542
5625 10710
5625 10760
5625 10768
5625 10860
5625 10921
5625 10984
5625 11031
5625 11252
5625 11319
5625 11541
5625 11765
5625 11846
5625 11858
5625 11861
5625 12024
5625 12047
5625 12203
5625 12219
5625 12413
5625 12581
5625 13006
5625 13031
5625 13065
5625 13269
5625 13281
5625 13301
5625 13421
5625 13516
5625 13608
5625 13621
5625 13947
5625 13956
5625 14026
5625 14128
5625 14129
5625 14448
5625 14450
5766 93
5766 458
5766 12887
5821 7991
5889 9547
5889 10921
5925 93
5925 176
5925 208
5925 209
5925 291
5925 301
5925 303
5925 324
5925 346
5925 348
5925 381
5925 391
5925 416
5925 420
5925 421
5925 466
5925 533
5925 574
5925 603
5925 610
5925 638
5925 674
5925 677
5925 686
5925 708
5925 709
5925 797
5925 799
5925 847
5925 851
5925 895
5925 921
5925 955
5925 1280
5925 1343
5925 1397
5925 1495
5925 1504
5925 1740
5925 1773
5925 1784
5925 1872
5925 1878
5925 1975
5925 2483
5925 2576
5925 2638
5925 2729
5925 2819
5925 2911
5925 3791
5925 4168
5925 4180
5925 4489
5925 4938
5925 5142
5925 5159
5925 6028
5925 6128
5925 6244
5925 6494
5925 6599
5925 7087
5925 7105
5925 7175
5925 7651
5925 7661
5925 7662
5925 7669
5925 7991
5925 8006
5925 8356
5925 8837
5925 9075
5925 9083
5925 9129
5925 9545
5925 9547
5925 9632
5925 9714
5925 9757
5925 9978
5925 10007
5925 10122
5925 10507
5925 10510
5925 10542
5925 10710
5925 10760
5925 10768
5925 10860
5925 10921
5925 11252
5925 11279
5925 11319
5925 11541
5925 11765
5925 11846
5925 11858
5925 11861
5925 12024
5925 12047
5925 12203
5925 12219
5925 12413
5925 12581
5925 13006
5925 13065
5925 13269
5925 13281
5925 13301
5925 13608
5925 13947
5925 14448
5925 14450
6154 2483
6154 5159
6154 10860
6352 4221
6352 10860
6419 1161
6419 1400
6419 4221
6486 212
6486 4221
6486 13269
6507 168
6507 176
6507 208
6507 210
6507 212
6507 466
6507 795
6507 895
6507 1343
6507 1478
6507 1878
6507 1986
6507 2321
6507 2483
6507 2638
6507 2706
6507 2819
6507 2911
6507 3399
6507 4180
6507 4221
6507 4652
6507 4929
6507 4938
6507 5159
6507 5615
6507 5820
6507 5942
6507 6511
6507 7991
6507 9129
6507 9545
6507 9632
6507 9714
6507 9753
6507 10007
6507 11319
6507 11541
6507 12581
6507 13269
6507 13301
6507 13621
6507 13956
6513 391
6513 576
6513 610
6513 1986
6513 7991
6515 391
6515 7991
6588 391
6588 576
6588 1986
6938 208
6938 1740
6938 1872
6938 2483
6938 2576
6938 3981
6938 4180
6938 4652
6938 5077
6938 5142
6938 5159
6938 9129
6938 9714
6938 10860
6938 11858
6938 12024
6938 13301
6938 13621
6938 14026
6938 14450
7642 1986
7642 4652
7684 212
7684 301
7684 955
7684 1280
7684 1478
7684 1986
7684 2321
7684 3399
7684 4180
7684 4221
7684 4652
7684 5077
7684 5159
7684 5942
7684 7662
7684 9129
7684 9704
7684 9714
7684 12047
7684 12581
7684 13269
7684 13301
7684 13621
7684 13956
7889 30
7889 93
7889 168
7889 176
7889 194
7889 210
7889 212
7889 291
7889 301
7889 303
7889 324
7889 346
7889 348
7889 381
7889 391
7889 416
7889 421
7889 433
7889 466
7889 467
7889 533
7889 574
7889 576
7889 603
7889 638
7889 672
7889 675
7889 677
7889 698
7889 708
7889 709
7889 795
7889 797
7889 799
7889 808
7889 847
7889 851
7889 895
7889 1161
7889 1280
7889 1343
7889 1397
7889 1400
7889 1438
7889 1478
7889 1495
7889 1504
7889 1740
7889 1784
7889 1872
7889 1878
7889 1975
7889 1986
7889 2247
7889 2321
7889 2362
7889 2433
7889 2483
7889 2576
7889 2638
7889 2706
7889 2729
7889 2819
7889 2911
7889 3399
7889 3791
7889 3981
7889 4168
7889 4180
7889 4221
7889 4413
7889 4429
7889 4461
7889 4489
7889 4652
7889 4685
7889 4929
7889 4938
7889 5077
7889 5142
7889 5159
7889 5615
7889 5820
7889 5942
7889 6028
7889 6086
7889 6265
7889 6511
7889 6599
7889 6714
7889 7087
7889 7105
7889 7175
7889 7478
7889 7651
7889 7661
7889 7662
7889 7991
7889 8188
7889 8356
7889 8837
7889 8988
7889 9083
7889 9129
7889 9337
7889 9498
7889 9545
7889 9632
7889 9636
7889 9704
7889 9714
7889 9718
7889 9720
7889 9753
7889 9757
7889 9769
7889 9908
7889 9978
7889 10007
7889 10122
7889 10238
7889 10507
7889 10510
7889 10542
7889 10860
7889 10921
7889 10984
7889 11319
7889 11765
7889 11846
7889 11858
7889 11861
7889 12024
7889 12047
7889 12203
7889 12219
7889 12413
7889 12581
7889 13006
7889 13065
7889 13269
7889 13421
7889 13516
7889 13621
7889 13947
7889 14026
7889 14128
7889 14129
7889 14448
7900 4429
7900 7105
7900 7175
7900 8356
8056 53
8056 13301
8368 4221
8368 5142
8368 8988
8519 30
8519 93
8519 208
8519 210
8519 212
8519 346
8519 672
8519 808
8519 847
8519 895
8519 1161
8519 1280
8519 1343
8519 1478
8519 1986
8519 2362
8519 2483
8519 2911
8519 3981
8519 4168
8519 4221
8519 4652
8519 4929
8519 4938
8519 5077
8519 5159
8519 6028
8519 6128
8519 7105
8519 7651
8519 7991
8519 8903
8519 9083
8519 9129
8519 9545
8519 9704
8519 9714
8519 9753
8519 9978
8519 10122
8519 10507
8519 10542
8519 10860
8519 10921
8519 11279
8519 11858
8519 12581
8519 13269
8519 13301
8519 13421
8519 13608
8519 13956
8519 14450
9115 93
9115 303
9115 576
9115 709
9115 795
9115 797
9115 1478
9115 1504
9115 1975
9115 1986
9115 2362
9115 3791
9115 4221
9115 4929
9115 5159
9115 6265
9115 7087
9115 7105
9115 7175
9115 7991
9115 8188
9115 8988
9115 9498
9115 9704
9115 9714
9115 10984
9115 11858
9115 12203
9115 12219
9115 14026
9115 14129
9255 210
9255 2362
9255 4652
9255 5942
9255 7991
9255 9704
9255 9714
9257 1784
9257 13269
9516 955
9516 4221
9516 4652
9516 5159
9516 7105
9536 2483
9536 4929
9536 5942
9536 7105
9536 7991
9536 9753
9536 10921
9536 11279
9536 11541
9536 13956
9555 391
9555 576
9555 610
9555 1504
9555 1986
9555 2706
9555 7087
9555 7991
9555 8188
9555 9704
9555 11858
9619 391
9619 576
9619 1504
9619 1986
9619 2706
9619 5942
9619 7087
9619 7991
9619 8188
9619 9083
9619 10510
9619 11858
9672 5159
9672 9720
9672 13006
9672 13421
9703 1986
9895 1872
9905 212
9905 303
9905 391
9905 795
9905 955
9905 2321
9905 4221
9905 4652
9905 5142
9905 5159
9905 6265
9905 6511
9905 7105
9905 7175
9905 7991
9905 8188
9905 8988
9905 9129
9905 9769
9905 9908
9905 13031
9905 14129
10040 10984
10046 2362
10046 2433
10046 2706
10046 4180
10046 4685
10046 7991
10046 9704
10972 5077
11094 5159
11317 212
11317 3981
11317 6086
11791 7105
11868 7991
11869 7991
11869 9704
11869 9714
11870 4221
11870 5159
11870 7105
11870 7175
11870 7991
11870 10860
11871 4221
11871 5159
11871 10542
12329 4652
12329 5159
12329 6086
12329 9704
12335 4221
12469 795
12469 955
12469 5159
12469 13269
12501 212
12501 1343
12501 2483
12501 7105
12501 10860
12501 13269
12919 7991
12951 458
12951 12887
12953 458
12953 9718
12953 12887
13125 391
13125 576
13125 3981
13125 4221
13125 9714
13361 168
13361 391
13361 576
13361 795
13361 1343
13361 1400
13361 1975
13361 1986
13361 2321
13361 3791
13361 4221
13361 4652
13361 6265
13361 7087
13361 7105
13361 7175
13361 7991
13361 8188
13361 10984
13361 11846
13361 13947
13361 14026
13361 14129
13363 30
13363 53
13363 93
13363 168
13363 176
13363 210
13363 212
13363 291
13363 301
13363 346
13363 348
13363 381
13363 391
13363 420
13363 421
13363 466
13363 533
13363 576
13363 603
13363 638
13363 674
13363 677
13363 708
13363 709
13363 795
13363 808
13363 836
13363 847
13363 851
13363 895
13363 1161
13363 1343
13363 1438
13363 1478
13363 1495
13363 1504
13363 1740
13363 1773
13363 1872
13363 1986
13363 2247
13363 2321
13363 2362
13363 2483
13363 2514
13363 2576
13363 2638
13363 2706
13363 2729
13363 2819
13363 2911
13363 3791
13363 3981
13363 4180
13363 4221
13363 4413
13363 4461
13363 4489
13363 4652
13363 4685
13363 5142
13363 5159
13363 5615
13363 5820
13363 5942
13363 6028
13363 6128
13363 6244
13363 6494
13363 6511
13363 6639
13363 7087
13363 7105
13363 7175
13363 7651
13363 7662
13363 7991
13363 8006
13363 8188
13363 8356
13363 8837
13363 8903
13363 8988
13363 9083
13363 9129
13363 9498
13363 9545
13363 9632
13363 9714
13363 9757
13363 9769
13363 9908
13363 9978
13363 10007
13363 10122
13363 10123
13363 10507
13363 10510
13363 10542
13363 10860
13363 10921
13363 11031
13363 11252
13363 11279
13363 11319
13363 11846
13363 11858
13363 11861
13363 12024
13363 12047
13363 12203
13363 12219
13363 12413
13363 13065
13363 13269
13363 13281
13363 13421
13363 13608
13363 13621
13363 14026
13363 14129
13363 14448
13363 14450
13364 93
13364 210
13364 212
13364 391
13364 576
13364 675
13364 677
13364 709
13364 799
13364 808
13364 847
13364 895
13364 1161
13364 1343
13364 1478
13364 1740
13364 2321
13364 2638
13364 2706
13364 2911
13364 3791
13364 3981
13364 4180
13364 4429
13364 4461
13364 4685
13364 5142
13364 5159
13364 6128
13364 6265
13364 6511
13364 7105
13364 7175
13364 7991
13364 8356
13364 8903
13364 8988
13364 9337
13364 9714
13364 10122
13364 10984
13364 12581
13364 13006
13364 13269
13364 14129
13365 4221
13366 7175
13628 301
13628 391
13628 467
13628 955
13628 1280
13628 3399
13628 4221
13628 4652
13628 4929
13628 4938
13628 5077
13628 5159
13628 9498
13628 9704
13628 9714
13628 9718
13628 10510
13628 10710
13628 11541
13736 4221
14427 212
14427 9753
