14541 14541 1399
50 7352
50 8473
52 4833
52 9138
56 12590
57 7786
58 296
61 4532
61 4533
64 6724
66 7972
67 891
67 7629
68 4815
68 10757
69 9972
72 7819
73 7912
73 11138
74 297
112 6290
139 13131
156 8420
287 1085
288 1085
315 7719
315 9986
351 4566
377 2725
379 6286
383 7629
385 2429
388 2429
409 1652
456 11920
481 9138
481 11098
572 12249
585 6286
632 8473
640 9733
666 11539
669 8361
670 6724
670 12585
671 2562
720 8925
728 7764
728 8361
736 9588
736 13299
739 7356
752 8361
761 7819
761 9205
774 633
788 11982
817 891
817 7786
829 4089
830 4089
830 13112
839 4089
839 13112
935 2562
1025 12249
1064 9975
1098 8313
1111 7356
1168 13271
1197 10927
1216 3839
1216 6167
1216 6170
1220 8063
1226 11160
1293 6954
1307 8191
1319 297
1319 5106
1319 8927
1350 4566
1423 6290
1442 6567
1448 3717
1450 3839
1450 6167
1450 6170
1454 11477
1461 1458
1463 10715
1497 8473
1497 9138
1503 14052
1528 7719
1597 12249
1639 4527
1647 633
1647 7356
1647 9588
1666 7362
1666 9758
1704 9205
1707 9763
1708 7641
1710 9763
1715 12249
1741 8433
1755 7629
1770 12999
1780 13499
1790 11588
1802 12965
1832 4532
1832 4533
1837 1085
1837 13971
1851 10329
1853 12867
1885 2342
1885 9205
1908 10284
1973 3617
1973 8671
2013 8362
2066 12710
2108 853
2168 6286
2200 6120
2257 4633
2257 5463
2288 204
2305 6627
2305 6628
2315 3948
2315 8433
2315 12249
2328 2562
2437 4426
2462 10435
2464 9139
2467 7972
2469 4264
2481 9763
2493 4833
2493 8024
2493 8420
2493 9138
2498 12965
2504 2412
2515 12249
2515 13602
2534 10435
2539 8940
2546 12012
2547 11647
2673 4532
2673 4533
2684 2562
2767 633
2767 11225
3007 7786
3040 3617
3040 8671
3043 1734
3105 1712
3105 10284
3133 1656
3187 13299
3188 1135
3188 5187
3192 4815
3192 10757
3251 360
3276 12249
3340 7972
3355 2562
3366 9975
3392 9763
3420 4861
3420 5571
3421 6982
3423 5314
3423 9449
3423 10715
3424 9965
3424 11982
3465 111
3465 4260
3465 7128
3494 6982
3504 4833
3506 10757
3511 8940
3562 633
3562 9138
3576 8927
3602 154
3632 5866
3641 6290
3651 1455
3657 8585
3674 4833
3674 5458
3675 10950
3679 297
3713 4532
3713 4533
3715 4815
3715 10757
3716 6862
3742 11647
3742 14083
3774 6290
3796 7719
3810 6862
3810 7032
3814 7326
3816 2666
3816 8420
3849 8585
3850 8585
3880 7629
3892 12249
3913 7936
3915 10150
3918 12441
3921 4833
3921 5458
3921 8063
3922 7764
3922 14083
3944 2654
3945 7972
3945 8863
3964 9225
3964 10786
3966 7705
3972 7786
3972 12333
3983 7362
3983 8554
4011 2562
4016 6167
4016 6170
4073 9758
4074 3596
4115 7936
4129 11074
4142 3948
4186 4932
4188 6954
4190 6216
4215 4089
4215 13112
4222 9088
4233 4932
4233 10284
4267 4613
4286 7629
4342 6167
4342 6170
4347 7946
4424 4932
4424 9196
4424 14060
4437 6033
4453 11647
4453 14083
4463 12965
4512 10715
4611 9763
4647 633
4647 4833
4651 3948
4657 10284
4680 11583
4686 12585
4695 11647
4695 14083
4697 8951
4703 6290
4726 2682
4726 11539
4747 7972
4749 4932
4749 14060
4750 8473
4774 4861
4775 2613
4775 11539
4791 10435
4805 8927
4806 6628
4811 4833
4811 5458
4818 164
4819 891
4819 12249
4821 1734
4821 12249
4827 12867
4828 8940
4829 12249
4829 13107
4838 9088
4841 4932
4855 9733
4869 8433
4869 11591
4873 8951
4887 7786
4887 11074
4887 12333
4889 6286
4924 4426
4928 4532
4951 2698
4955 5850
4959 12965
4961 4833
4961 9138
5004 9161
5005 6982
5013 853
5016 14284
5025 13602
5034 9161
5034 11583
5054 4721
5056 6286
5100 4932
5104 1455
5109 1167
5109 9965
5109 11982
5133 6445
5135 12680
5144 2406
5144 4964
5157 4527
5166 1455
5168 4815
5168 10757
5168 12333
5170 8757
5172 338
5172 7819
5172 8951
5188 6627
5223 8063
5224 5314
5244 10435
5248 4766
5276 4815
5276 10757
5279 687
5280 4815
5280 10757
5289 4566
5320 3717
5320 8927
5321 13969
5350 7641
5350 13971
5365 7972
5372 7629
5372 8928
5383 4766
5383 7705
5405 111
5405 8433
5495 2388
5511 8868
5521 8473
5537 8473
5537 9138
5569 2562
5595 6862
5595 6954
5595 12587
5597 3131
5597 8925
5599 3255
5599 6290
5610 633
5610 9138
5612 3717
5617 2562
5623 5314
5646 4203
5658 13299
5668 12249
5671 13602
5673 8585
5674 2562
5697 12680
5703 7859
5717 2388
5717 5954
5717 8928
5722 9758
5726 2656
5726 10284
5731 10435
5786 7934
5792 9588
5803 7629
5844 9975
5875 4815
5875 10757
5904 7705
5912 1190
5926 2562
5926 10150
5938 4566
5938 6091
5938 9342
5938 9916
5938 11139
5938 13556
5966 2613
5966 11539
5976 11798
5977 9493
5979 3839
5979 4566
5979 6167
5979 7705
5979 11139
5987 10580
5987 10581
5993 12249
5994 5187
5994 9965
5994 11982
5995 3948
5995 4389
6002 5647
6080 7819
6081 3480
6081 3629
6081 6519
6118 3739
6130 11008
6160 7641
6160 12465
6169 3278
6169 9095
6169 11098
6172 3131
6172 8473
6184 11160
6188 7719
6196 812
6198 730
6273 5458
6281 2562
6281 3839
6281 6167
6281 6170
6293 7009
6295 12249
6331 8585
6333 3255
6338 10284
6350 12585
6379 10787
6380 10915
6381 4815
6381 10757
6381 12465
6394 5475
6400 7629
6400 14017
6403 4566
6403 9138
6407 1162
6407 1163
6407 12249
6412 8433
6412 11477
6437 2881
6437 3438
6438 338
6438 3789
6441 8107
6441 8691
6447 2173
6447 10757
6460 8433
6484 7629
6518 11225
6520 5458
6531 6286
6539 10565
6554 9033
6561 13334
6580 12249
6585 4570
6585 9139
6594 633
6600 5106
6600 8927
6613 4833
6616 8925
6650 11138
6660 3789
6660 5106
6669 633
6672 3131
6672 3839
6672 6167
6672 6170
6680 12585
6711 7934
6735 2562
6751 222
6751 4815
6751 10757
6783 4932
6789 3839
6789 4766
6789 6167
6789 6170
6812 1464
6821 4932
6821 9196
6821 14060
6828 9078
6828 12249
6830 369
6865 1652
6865 11591
6871 8928
6900 12585
6904 8691
6944 7786
6949 8868
6955 4923
6955 8420
6955 8473
6976 3131
6987 4562
6987 12249
7000 1603
7010 9205
7010 9733
7053 9391
7095 2258
7100 6033
7104 8420
7106 11290
7106 12465
7106 12668
7109 9161
7115 2562
7116 3739
7125 3617
7131 8107
7131 8691
7134 8585
7139 4861
7139 5490
7139 6167
7139 7786
7139 12465
7165 4216
7167 111
7171 4613
7171 7437
7172 5314
7172 7629
7176 10787
7177 5314
7177 7629
7183 8753
7185 10145
7216 8361
7233 4766
7233 7819
7285 7356
7285 9588
7289 3204
7289 9140
7292 12867
7301 9789
7325 13131
7335 5106
7350 9088
7357 10167
7371 5106
7379 7370
7386 2748
7386 7764
7388 6627
7388 12249
7400 6954
7404 9449
7404 12710
7407 2388
7430 8951
7444 2388
7444 8925
7462 4861
7463 4766
7465 3480
7465 6627
7465 9763
7466 504
7468 8313
7474 6120
7474 7250
7475 11583
7486 8473
7533 11647
7533 14083
7543 5187
7553 5458
7584 12854
7592 6290
7624 6627
7624 10759
7638 11074
7643 8107
7643 8386
7643 11074
7687 8107
7687 8691
7697 4833
7697 5478
7700 12585
7724 12585
7729 10565
7735 4426
7742 1190
7743 6970
7744 12624
7749 643
7756 10154
7758 10759
7758 11225
7762 10565
7771 11245
7794 12249
7794 12590
7802 12186
7811 9290
7811 10899
7816 7629
7825 6290
7825 14017
7832 7786
7832 12333
7868 6724
7868 6725
7868 9600
7871 7786
7871 12333
7876 6519
7876 7819
7919 6628
7919 9033
7919 10474
7959 11798
7960 7786
7960 12333
8012 296
8026 11647
8026 14083
8036 12590
8044 5314
8054 13112
8065 14052
8095 9965
8095 11982
8116 8585
8117 11074
8140 2785
8175 8433
8180 406
8180 9225
8182 12965
8192 5856
8192 12867
8234 10899
8244 4532
8244 4533
8244 7786
8299 4566
8299 6091
8299 9342
8299 9916
8299 11139
8299 13556
8315 9449
8331 13299
8335 12585
8353 4815
8353 10757
8354 13107
8403 2204
8415 8896
8429 2562
8446 7859
8469 2562
8480 8951
8486 7786
8486 8927
8486 8956
8488 4562
8491 5458
8491 13107
8517 11074
8549 7629
8549 8951
8559 8951
8562 3637
8562 8386
8589 6628
8603 4815
8603 10757
8621 204
8664 12965
8680 8420
8705 4833
8705 5458
8705 9204
8717 1455
8721 5458
8754 3739
8755 6290
8758 3739
8760 1651
8771 4932
8771 14060
8776 2388
8777 3739
8780 6290
8786 8896
8788 9290
8788 10899
8800 4815
8800 10757
8803 7786
8812 4566
8812 10150
8812 11139
8814 7786
8816 11028
8817 8473
8818 889
8834 11477
8862 3438
8862 10990
8874 4566
8885 8107
8885 8691
8885 8928
8885 9033
8885 10474
8885 12531
8886 4566
8886 11139
8898 3717
8899 7356
8914 9205
8930 7719
8972 8585
8974 9758
8983 3626
8985 5314
8992 4566
9047 3629
9162 3977
9178 2429
9186 338
9186 3789
9191 6290
9202 9965
9202 11982
9213 7362
9221 13970
9230 11798
9274 6167
9274 6170
9281 158
9281 6929
9293 6167
9308 5314
9308 7641
9316 8928
9327 3739
9328 2723
9328 8433
9333 8420
9393 633
9393 4833
9393 9138
9394 4815
9394 10757
9431 4932
9431 14060
9453 12249
9454 12465
9456 7641
9456 9391
9457 3212
9457 5106
9467 11074
9488 6740
9509 8433
9514 2331
9514 5106
9540 4532
9540 4533
9541 2562
9543 12585
9571 6290
9589 13305
9608 3789
9611 338
9612 10715
9617 5873
9645 11539
9646 4833
9656 8896
9668 6982
9670 4932
9670 14060
9677 4766
9686 5647
9725 7356
9727 3637
9731 1455
9732 6519
9732 8925
9734 7819
9735 3839
9735 6167
9735 6982
9738 5647
9784 7641
9784 12249
9801 7925
9832 8927
9832 11225
9836 7936
9841 3052
9841 7356
9865 11028
9892 13271
9893 3717
9910 11074
9921 1135
9933 11798
9950 13305
9958 3839
9958 6167
9995 3939
10016 12854
10022 889
10033 8066
10033 8863
10033 8940
10067 8420
10074 4932
10074 6982
10074 14060
10078 7343
10113 8585
10120 538
10137 6982
10146 9088
10155 9138
10155 11074
10157 13334
10166 6179
10179 4815
10179 10757
10182 12587
10189 7356
10192 111
10192 4260
10192 7128
10197 461
10197 13580
10200 10284
10205 2993
10205 8866
10216 14517
10218 7629
10221 4562
10221 12249
10224 4008
10224 7764
10224 13332
10247 2853
10247 4833
10247 9138
10250 8155
10259 3596
10261 4923
10277 8757
10297 3255
10297 3717
10297 6290
10319 4932
10320 12249
10322 9139
10407 7629
10429 2682
10433 6061
10433 9205
10457 5273
10461 8339
10466 4766
10466 6627
10467 3131
10472 4833
10472 11074
10495 4089
10495 13112
10504 8433
10504 12465
10547 12333
10570 1734
10570 6862
10570 11098
10573 7629
10573 12591
10585 5187
10590 6862
10590 11098
10600 2865
10616 4815
10616 10757
10627 9225
10629 3204
10629 6177
10629 9140
10636 5314
10646 3052
10646 6628
10646 12249
10650 5856
10656 2293
10656 6862
10656 11098
10670 10284
10673 2562
10681 1455
10681 6862
10685 2562
10693 8928
10704 8107
10709 507
10713 8473
10726 2656
10726 3739
10726 12680
10727 11074
10728 5856
10731 1742
10731 6216
10767 11591
10778 11647
10781 3717
10798 9196
10798 14060
10802 5106
10802 6290
10802 8433
10802 8927
10802 8951
10802 10474
10803 13305
10806 4532
10806 4533
10808 4532
10808 4533
10808 12249
10809 5571
10817 4815
10817 5314
10817 9500
10817 10757
10827 3717
10829 11245
10865 730
10869 3839
10869 4766
10869 6167
10872 11393
10877 9056
10878 6115
10884 3789
10904 8784
10905 750
10905 7894
10910 7972
10910 11521
10911 1190
10932 1190
10940 3317
10949 12585
10957 9056
10963 6290
10963 8671
10968 4786
10968 8400
10974 2388
10978 10351
10981 11138
10985 889
10986 4815
10986 8925
10986 10757
10991 3495
10991 6982
10992 2331
10992 6982
11029 11647
11029 14083
11030 4932
11030 14060
11045 5873
11049 889
11055 2388
11055 11591
11060 8585
11064 1464
11071 2993
11071 9138
11071 12751
11075 313
11075 6445
11079 13015
11085 7705
11097 7819
11100 7356
11100 9588
11102 12465
11108 1190
11140 6862
11140 11098
11146 7641
11146 11225
11151 12186
11152 8063
11173 4766
11173 7362
11173 8554
11183 1455
11184 1455
11210 5473
11241 5866
11251 12680
11253 1544
11253 7786
11287 7786
11287 10580
11287 10581
11287 12333
11288 4833
11288 9138
11292 11519
11297 6115
11298 12868
11311 7719
11311 9986
11334 4766
11334 7705
11336 4932
11336 14060
11378 10753
11396 10435
11398 8584
11404 7786
11424 13552
11425 12868
11426 13942
11429 1190
11439 7764
11445 569
11446 7471
11458 6982
11459 1255
11462 4815
11495 10154
11505 5475
11512 7786
11512 8927
11518 10150
11580 2342
11594 633
11594 10150
11609 7702
11612 7786
11626 4426
11666 10150
11671 5626
11677 10150
11681 4815
11681 10757
11685 7716
11692 3204
11694 369
11706 5314
11706 6862
11706 7641
11707 12249
11713 8313
11728 1544
11728 6276
11728 7786
11728 12333
11735 11583
11741 5850
11748 12186
11752 338
11752 13814
11755 6290
11776 5314
11776 10715
11778 2342
11778 4532
11797 2748
11797 11798
11797 12416
11800 9205
11808 4833
11809 5873
11810 6033
11813 9138
11822 6627
11822 8473
11823 2666
11824 4815
11824 10284
11824 10757
11825 10167
11827 2562
11827 4923
11827 10715
11828 8585
11829 2388
11834 3839
11834 6167
11834 6170
11844 3131
11876 12710
11900 5314
11944 4932
11944 14060
11958 2666
11958 9758
11959 3135
11961 7786
11961 12333
11962 7972
11977 5458
11987 10150
12026 7819
12064 12249
12075 3948
12148 5954
12149 1652
12160 12710
12180 5314
12290 4861
12300 8585
12314 4566
12322 4833
12322 5458
12322 7764
12322 8433
12343 7819
12349 4815
12349 10757
12352 7786
12352 11074
12352 12333
12354 9763
12355 853
12358 11179
12368 9971
12369 3480
12391 3948
12391 4389
12402 5390
12402 6517
12407 11247
12407 11656
12407 12249
12407 12283
12407 12528
12420 12680
12422 10435
12429 5473
12433 5106
12433 8927
12433 11477
12447 11798
12454 6982
12454 8951
12456 3278
12456 3782
12456 6253
12456 11628
12456 12007
12459 11225
12460 406
12460 11028
12467 10757
12485 9763
12486 514
12491 889
12494 2173
12512 4562
12512 12249
12515 3317
12521 6740
12522 13602
12526 10950
12527 4815
12527 10757
12527 12668
12530 4861
12530 10167
12532 3839
12532 6167
12532 8473
12532 11591
12535 6862
12535 11098
12547 10950
12604 5473
12605 13429
12614 297
12615 13305
12618 6517
12618 10787
12627 6982
12628 12249
12631 3596
12642 4932
12642 9196
12642 14060
12644 8313
12644 9161
12648 10284
12655 3826
12660 6841
12661 9138
12661 11074
12662 8473
12665 9391
12667 10154
12669 10757
12671 11539
12677 7972
12687 7859
12687 11979
12691 406
12691 425
12691 11028
12697 6609
12716 4912
12725 5458
12725 9138
12735 765
12755 9074
12761 7719
12769 4656
12777 8433
12802 9138
12806 1455
12806 8473
12810 10787
12832 5187
12882 4426
12884 11024
12885 5187
12891 12680
12896 5873
12899 4833
12899 9138
12927 1464
12950 2270
12950 3407
12967 11138
12968 4566
12996 508
12996 643
12996 12854
13026 5458
13026 13107
13094 1541
13094 3381
13095 12965
13096 4550
13097 9139
13098 4833
13098 9138
13099 753
13099 10463
13113 5187
13115 12624
13117 2130
13133 7629
13134 12965
13139 6628
13141 10565
13149 5187
13154 12965
13169 5458
13189 165
13190 9975
13191 11245
13196 3948
13204 5866
13204 13552
13212 12965
13233 5866
13233 6129
13233 8314
13235 3317
13238 12854
13243 13969
13253 9975
13314 12854
13316 2368
13317 8433
13317 12003
13323 419
13323 2971
13323 3637
13325 111
13325 3789
13325 7128
13328 1544
13329 9449
13329 12710
13344 3184
13533 10474
13540 7362
13540 8313
13548 14052
13578 165
13589 14009
13600 3948
13750 10565
13752 2130
13755 8925
13813 6982
13833 4315
13850 4089
13850 13112
13935 6290
13935 10150
13939 5784
13949 6608
13950 12868
13976 12680
13981 4861
13984 2562
13984 4923
14005 6290
14047 6567
14050 11539
14051 6862
14051 6954
14081 11647
14081 14083
14086 7719
14086 9986
14119 2562
14119 8927
14123 4394
14126 6628
14273 6724
14276 7719
14276 9986
14280 12585
14375 6290
14440 111
14440 7128
14441 8473
14443 5187
14492 10435
14493 6724
14496 3739
14497 4254
14499 154
14500 3633
14503 6627
14505 9528
14505 10927
