14541 14541 139
28 4366
325 4366
437 4366
441 4366
510 4366
564 4366
619 4366
724 4366
864 4366
1200 4366
1209 4366
1453 4366
1486 4366
1524 4366
1601 4366
1607 4366
1656 4366
1745 4366
1753 4366
1932 4366
1939 4366
2001 4366
2074 4366
2079 4366
2084 4366
2137 4366
2162 4366
2179 5861
2235 4366
2416 4366
2447 4366
2497 4366
2593 4366
2650 4366
2925 4366
2937 4366
2964 4366
2965 4366
3065 4366
3135 6268
3239 4366
3312 4366
3324 4366
3425 4366
3492 4366
3946 4366
4220 4366
4325 4366
4381 4366
4545 4366
5136 5861
5160 4366
5225 4366
5240 4366
5323 4366
5360 4366
5432 4366
5458 4366
5466 4366
5504 4366
5663 4366
5676 4366
5739 4366
5982 4366
6003 4366
6003 5861
6005 5861
6031 4366
6032 4366
6034 4366
6165 4366
6263 4366
6267 4366
6269 4366
6426 4366
6465 4366
6479 4366
6480 4366
6555 4366
6679 4366
6766 4366
7006 4366
7031 4366
7262 4366
7281 4366
7358 4366
7439 4366
7562 4366
7655 4366
7765 4366
8001 4366
8220 4366
8254 4366
8328 4366
8489 4366
8592 4366
8663 4366
8743 4366
8806 4366
8822 4366
8832 4366
8877 4366
8893 4366
9215 4366
9229 4366
9234 4366
9382 4366
9438 4366
9448 4366
9567 4366
9614 4366
9615 4366
9616 4366
9770 4366
9963 4366
9964 4366
9969 4366
10018 4366
10035 4366
10202 4366
10242 4366
10272 4366
10458 4366
10684 4366
10707 4366
10976 4366
11300 4366
11344 4366
11374 4366
11418 4366
11879 4366
11993 4366
12227 4366
12749 4366
12972 4366
13272 4366
13431 4366
14059 4366
14264 4366
