14541 14541 6483
22 10592
28 3416
28 4965
28 5964
28 9162
28 12372
28 12967
77 1308
77 1973
77 2467
77 3040
77 14345
85 3852
87 4777
87 9603
87 13113
87 13964
107 9784
107 11707
111 2082
111 3465
111 5405
111 5703
111 10192
111 14440
114 4634
119 368
120 13950
122 1216
122 4016
122 4342
122 9274
124 13144
129 9751
129 12634
132 880
137 11428
140 1637
140 14124
142 347
142 4142
142 4651
142 6860
142 11766
142 14049
149 61
149 8589
154 747
154 3602
154 3758
154 8506
154 14499
158 1639
158 9281
163 378
163 7443
163 13192
164 4818
165 1858
165 9379
165 13189
165 13578
171 8212
171 8543
171 11424
177 3783
177 5087
178 703
178 1885
185 2066
185 2641
189 6473
204 2288
204 8621
211 5495
211 5496
211 6215
211 12355
222 1183
222 3192
222 4002
222 8603
222 11288
238 1459
241 5493
241 5494
241 5495
241 5496
241 6215
248 12350
248 14493
268 1308
268 6594
268 6871
268 10425
285 7617
296 58
297 74
297 3679
319 1533
322 383
322 1308
322 3919
322 5964
322 11735
327 10216
328 7466
336 8491
337 50
337 52
337 739
337 1147
337 1497
337 1503
337 3504
337 3562
337 3758
337 4484
337 4730
337 4961
337 5493
337 5494
337 5537
337 9333
337 9393
337 10638
337 10646
337 11288
337 11689
337 11777
337 11800
337 11813
337 11847
337 11953
337 11977
337 12530
337 12802
337 13098
337 13139
337 13223
337 14047
338 632
338 761
338 5172
338 5569
338 9186
338 11825
338 12454
360 3251
363 739
363 1448
363 11829
366 3699
366 6597
367 1423
367 4129
367 9571
367 10216
369 11694
369 12676
375 6394
396 62
396 64
396 8788
396 11512
396 13317
397 5129
401 7639
401 10473
401 11151
406 1197
406 1709
406 3945
406 4453
406 6570
406 8886
406 9316
406 9865
406 10693
406 12075
406 12460
406 12691
407 703
415 92
415 9880
418 64
418 71
418 2503
418 3576
418 4073
418 4174
418 4863
418 5168
418 5320
418 7592
418 8818
418 9332
418 10270
418 10592
418 11049
418 13984
418 14496
419 752
419 756
419 1110
419 6773
419 10949
419 12512
419 13323
424 102
424 7176
424 12615
425 66
425 2374
425 4922
425 7172
425 9677
425 11827
425 12691
425 13984
428 12885
428 13139
428 14048
436 1180
436 12905
441 68
441 829
441 830
441 839
441 3276
441 4651
441 5875
441 6987
441 8214
441 8448
441 10200
441 11735
451 60
451 3192
451 4792
451 4827
451 7064
451 8192
451 10728
451 10731
451 10956
451 14103
460 1195
460 8299
461 7443
461 7794
461 9331
461 9685
461 10197
461 13149
470 880
471 13578
473 525
473 13752
476 7164
476 8231
476 9936
483 2083
483 5994
486 1529
486 5580
486 10611
486 12691
486 12721
488 73
488 1531
488 14032
489 485
503 1531
503 10231
504 1531
506 7791
506 12521
506 13115
507 3262
507 7127
507 10709
508 11427
508 12996
510 97
510 12372
511 6573
511 10135
514 156
514 3926
514 5224
514 5623
514 9305
514 10015
518 6573
519 10174
522 6864
522 11485
522 12521
524 5470
529 4497
529 13344
530 11495
531 73
531 6987
531 10483
534 829
534 830
534 839
535 839
535 11809
536 3858
538 666
538 739
538 10120
538 10626
538 13169
542 2013
544 11491
544 12880
544 13991
546 8834
546 10136
546 12154
546 13977
546 14122
564 1113
564 11377
564 12292
567 8169
567 12511
569 7799
569 8950
577 9223
584 12633
586 11426
588 3043
588 7794
588 11152
588 12420
588 13966
612 1755
619 66
619 1168
619 4651
619 6273
619 6991
619 7758
619 8721
619 9316
619 9333
619 9910
619 11593
621 5599
631 10611
633 3562
633 5491
633 6594
634 13939
636 1497
636 2374
636 11038
636 12064
636 13096
639 7233
642 63
642 3516
642 3632
642 4886
642 11259
644 341
644 613
644 11377
646 73
646 5580
646 10483
646 10592
647 9152
647 10433
647 13751
653 10650
653 11977
660 2462
660 3187
660 4141
660 5350
660 10726
660 12802
661 6941
662 823
662 7446
663 4965
663 5016
663 8528
663 11151
663 14277
663 14493
667 669
667 739
667 880
667 10585
682 679
682 2828
685 760
685 10319
687 5279
696 1242
696 1448
696 2978
696 3599
696 3926
696 4132
696 5597
696 6473
696 6616
696 11886
696 12210
700 4185
700 6568
700 7416
701 5460
702 71
702 74
702 1454
702 2291
702 3043
702 3196
702 3642
702 5000
702 5912
702 5977
702 6412
702 6873
702 7868
702 8350
702 9221
702 9300
702 10911
702 10932
702 11108
702 11281
702 11429
702 11691
702 11700
702 11825
702 13236
702 13315
702 13976
704 679
704 1220
704 1341
704 5168
704 5223
704 5405
704 5491
704 6711
704 8566
704 8705
704 9453
704 9735
704 10592
704 10986
704 11060
704 11253
704 11404
704 11944
704 12349
704 12425
706 1837
706 2355
706 4074
717 60
717 3192
717 4002
717 8603
717 10986
718 10650
718 13540
722 7443
722 13326
723 829
723 830
723 839
723 4289
723 8780
723 9571
723 14375
724 12085
725 1098
725 7876
725 10259
725 10650
725 10731
725 12540
725 13327
725 14506
727 728
727 4886
727 6081
727 10575
727 10867
727 11292
727 13555
729 14276
730 10865
732 736
732 5025
732 6184
732 6208
732 7592
732 8748
732 8755
732 9865
732 11755
732 11900
732 14345
735 7285
737 9645
740 9801
743 738
743 829
743 839
743 4951
743 7233
743 13133
749 63
749 68
749 759
749 9123
749 10483
749 11860
749 13540
750 4751
750 5211
750 5372
750 5496
750 5966
750 6812
750 8577
750 10905
750 11151
750 14049
751 752
751 2496
751 5580
751 7462
751 9162
751 10806
753 11044
757 4884
757 5182
757 7605
757 10806
758 57
758 1715
758 8528
758 8788
758 10547
758 12535
764 65
764 6976
764 12075
764 12741
764 13540
765 12735
765 13236
765 13315
765 13990
785 3192
798 9841
798 13555
800 554
800 1242
800 3391
800 6442
800 6473
800 6819
800 7368
800 8754
800 8966
800 10273
800 11831
800 13984
812 6196
812 9662
820 516
832 11683
832 12741
841 139
841 7065
841 7584
841 12667
841 13238
841 13314
841 13821
843 4091
843 11809
848 11120
853 3105
853 5013
853 7446
853 12355
856 1293
856 1973
856 2374
856 2407
856 3494
856 4424
856 4961
856 5100
856 5532
856 5632
856 6002
856 6554
856 6865
856 7444
856 7533
856 8252
856 8277
856 8899
856 9431
856 9739
856 9784
856 10078
856 10798
856 11100
856 11210
856 11336
856 11664
856 11706
856 12210
856 12604
871 3040
871 4522
871 7298
878 2767
878 9393
878 10205
878 12682
882 14502
887 13990
888 829
888 830
888 839
889 873
889 10022
889 11049
890 4841
890 6812
890 10136
890 10483
891 67
891 817
891 4819
896 2407
896 4074
896 5054
896 9801
896 10319
907 4877
907 7065
907 10592
907 12631
917 6394
924 2515
924 5673
924 5831
924 8252
924 9836
924 10078
924 10113
924 10956
924 12425
924 12522
957 585
957 2168
957 2641
957 3716
957 8415
972 9677
990 2327
990 7233
990 7758
990 11593
991 4924
991 8488
995 1195
995 4497
995 5470
995 9388
999 102
999 4016
999 9274
999 12775
1015 1709
1038 11079
1038 12521
1046 1195
1046 1640
1046 5729
1046 10135
1046 13140
1053 11428
1065 10911
1066 4484
1066 9379
1084 517
1084 4867
1085 1973
1085 2407
1085 7919
1085 10189
1085 10216
1085 11292
1085 14442
1097 2978
1097 6118
1097 10273
1097 11886
1103 6925
1103 11595
1103 13977
1109 5994
1122 4792
1122 12540
1135 9921
1135 10585
1135 11691
1135 14443
1139 1230
1143 10432
1148 7251
1148 8389
1149 9646
1149 10320
1159 526
1159 3858
1159 7443
1159 11259
1159 14046
1159 14126
1162 1716
1163 9299
1164 8452
1164 9514
1164 11754
1164 12775
1167 5109
1190 5912
1190 7742
1190 10877
1190 10911
1190 10932
1190 11108
1190 11429
1192 13266
1200 2327
1200 5597
1209 12515
1219 703
1219 3032
1219 5054
1241 8560
1253 8387
1255 4130
1255 10782
1264 1308
1264 2706
1265 1308
1265 2706
1281 736
1281 3639
1281 13600
1281 14440
1283 10752
1283 14345
1291 3196
1291 10547
1291 11292
1294 6670
1294 8786
1294 11023
1300 5109
1300 10732
1312 4784
1312 8335
1312 14280
1318 3363
1320 11251
1320 12659
1320 13143
1331 8768
1333 11809
1334 11038
1340 3816
1344 1529
1344 5470
1344 6573
1345 67
1346 10216
1347 1035
1347 3797
1368 7919
1368 9784
1368 10590
1368 11146
1368 12372
1374 3852
1374 4634
1374 5580
1374 9609
1376 9281
1410 485
1410 6539
1410 10981
1415 1823
1415 4360
1419 8461
1419 11593
1419 13266
1446 1503
1451 1788
1451 2996
1451 4873
1451 5373
1451 5460
1451 5495
1451 9332
1451 10189
1451 12467
1453 156
1453 1908
1453 6873
1453 6987
1453 14279
1455 9904
1455 10884
1455 11039
1455 11183
1455 13169
1458 1035
1458 1459
1458 1461
1458 1462
1460 1459
1460 1461
1460 1462
1460 3337
1460 11741
1460 11876
1464 6812
1466 11457
1481 63
1486 4827
1486 5631
1486 12290
1493 4289
1511 1517
1511 2440
1518 12528
1519 2496
1519 4965
1519 10269
1523 1528
1524 66
1524 2546
1524 11412
1526 2978
1530 3918
1530 8389
1532 1195
1532 10788
1532 13978
1538 4424
1538 6783
1538 8771
1544 66
1544 6199
1544 11253
1545 3816
1545 7468
1546 3858
1546 6196
1546 9798
1546 10978
1549 10955
1549 14124
1562 1853
1562 8914
1566 2288
1566 3043
1566 3816
1566 4174
1566 4583
1566 4821
1566 5025
1566 7104
1566 8621
1566 9332
1566 9333
1566 10155
1566 10767
1566 11152
1566 11399
1566 11805
1566 11829
1566 13317
1569 2496
1570 97
1570 1804
1572 572
1572 1885
1572 2547
1572 6188
1572 9162
1572 10878
1575 13765
1579 6531
1582 6206
1582 10457
1582 10471
1596 2328
1596 3105
1596 3506
1601 13201
1603 9607
1607 1168
1607 1319
1607 9221
1607 10320
1607 10810
1607 12629
1636 1195
1636 7466
1638 6287
1638 11829
1642 3599
1642 7058
1642 7137
1643 5470
1643 9892
1644 315
1644 11311
1644 13113
1644 14086
1645 11828
1651 8212
1651 8543
1652 1853
1652 6865
1652 8252
1656 3133
1656 5831
1656 6568
1671 1230
1677 8349
1680 5460
1690 8664
1692 2828
1692 7123
1692 10867
1692 12402
1696 632
1696 3416
1696 5068
1696 5492
1697 915
1697 1529
1697 6925
1712 3105
1712 14081
1726 12372
1734 4821
1734 5182
1734 11152
1742 10050
1744 1597
1744 5904
1744 6295
1744 6987
1744 7700
1744 9331
1744 11398
1744 14278
1745 1707
1745 2377
1746 12085
1751 8125
1752 1750
1752 8125
1753 761
1753 1423
1753 14375
1778 2419
1778 7172
1778 7177
1782 14345
1787 2534
1787 4762
1787 6350
1787 10571
1787 11860
1795 7743
1795 12689
1795 13578
1806 1640
1806 1908
1806 5309
1822 880
1822 11592
1822 11747
1822 12540
1830 9388
1830 11038
1848 11454
1852 7400
1852 8331
1852 14273
1854 2200
1857 1657
1857 8291
1859 5470
1862 4497
1862 5521
1873 1181
1873 4074
1873 5320
1873 5534
1873 5966
1873 7475
1873 8214
1873 9540
1873 9686
1873 10320
1873 10653
1873 10981
1873 12535
1887 13984
1888 3421
1890 873
1890 1423
1890 8589
1890 9571
1898 516
1902 2315
1902 4193
1902 4875
1902 10732
1902 11320
1902 14493
1910 73
1910 8562
1910 13813
1916 10433
1921 829
1921 830
1921 10166
1924 1710
1924 8684
1924 9162
1924 10806
1924 12540
1924 14121
1926 7040
1938 13821
1939 97
1939 1195
1939 4185
1939 5286
1940 5681
1940 9995
1940 11297
1941 13266
1944 1943
1944 2684
1944 5211
1944 6735
1944 8429
1944 11462
1944 12669
1949 1639
1949 6991
1949 10218
1949 10878
1949 12364
1949 12639
1963 5595
1963 8036
1963 8589
1963 8792
1963 9828
1963 10015
1965 94
1969 3918
1969 9123
1969 10015
1970 11311
1970 14276
1976 8687
1980 3642
1980 4697
1980 9633
1982 5831
2010 1409
2048 10033
2050 4951
2050 9844
2050 12160
2052 1973
2067 7495
2072 1226
2072 5004
2072 6597
2072 6600
2072 7368
2072 7731
2074 2327
2076 2082
2076 4726
2076 10216
2077 13813
2078 4611
2078 6439
2078 7700
2078 7792
2079 10218
2090 10752
2090 11491
2097 4497
2097 4867
2097 5468
2097 5470
2099 1183
2099 9094
2100 5582
2130 12877
2130 12961
2130 13117
2130 13752
2134 7430
2134 10713
2142 8172
2153 4750
2153 6842
2153 8849
2153 10566
2153 11481
2153 12467
2153 12558
2159 9540
2159 12536
2159 12691
2162 3651
2162 5016
2171 7959
2173 4129
2173 6447
2173 9653
2173 12406
2173 12494
2175 11593
2177 14261
2183 97
2183 6978
2183 12629
2184 1025
2187 1805
2187 4185
2187 5580
2187 8687
2191 4820
2192 14345
2194 10259
2202 8560
2202 12659
2203 9388
2204 4114
2204 8403
2204 8885
2204 10216
2209 1709
2209 2546
2212 1770
2212 5286
2212 12880
2215 61
2215 3713
2215 3816
2215 12512
2215 14500
2216 8299
2216 13418
2217 10231
2217 10704
2217 10937
2228 9892
2229 844
2231 1230
2231 5070
2231 8687
2231 10094
2232 8299
2232 13418
2234 1411
2234 13765
2235 2329
2235 3816
2235 4772
2235 8488
2235 10732
2235 11625
2238 8243
2240 14345
2245 1183
2245 6305
2248 1540
2251 3668
2251 9162
2251 10216
2252 7724
2253 5460
2255 5599
2255 8930
2255 12761
2258 51
2259 2257
2259 6821
2261 7233
2261 10074
2262 5168
2262 11023
2265 2690
2265 3105
2268 7095
2270 11108
2270 12950
2277 6442
2277 11404
2277 12687
2279 12526
2279 12877
2279 13233
2279 13238
2282 829
2282 830
2282 839
2282 7072
2282 8528
2282 11396
2282 11748
2308 10433
2309 8315
2309 13140
2311 13161
2311 14125
2313 5365
2325 1216
2325 1450
2325 1597
2325 2515
2325 3422
2325 4697
2325 5597
2325 6819
2325 6987
2325 7726
2325 7822
2325 9611
2325 11023
2325 11100
2325 13849
2342 632
2342 1885
2342 4930
2342 8560
2358 7468
2359 5534
2359 12769
2363 5652
2363 11593
2363 14345
2368 640
2368 4192
2368 10425
2372 1708
2387 4961
2387 7963
2388 7444
2388 11829
2396 13266
2399 287
2399 1837
2399 4097
2399 4990
2399 12406
2404 5422
2405 8560
2405 13097
2406 52
2406 3043
2406 3218
2406 4142
2406 4651
2406 5144
2406 7292
2406 10001
2412 2504
2416 1230
2420 1178
2420 5696
2420 14001
2424 830
2424 839
2424 4922
2424 11827
2429 9172
2438 12375
2439 10135
2439 13974
2443 5460
2443 5703
2445 5460
2450 2014
2450 3599
2450 6325
2471 3539
2471 10573
2471 12154
2471 12905
2474 5485
2495 57
2495 10135
2495 11809
2519 2437
2519 7156
2519 9331
2522 9985
2531 73
2531 14005
2540 5938
2540 7468
2541 56
2541 3599
2548 2496
2548 5580
2552 14124
2558 3337
2558 4839
2558 12513
2562 1914
2563 880
2579 829
2579 1098
2579 2534
2579 6081
2579 6568
2579 7233
2579 7758
2579 9570
2579 11334
2579 11748
2579 12617
2580 525
2580 1708
2580 10788
2584 823
2584 5960
2584 10425
2584 10704
2588 3187
2588 5468
2588 13950
2595 11438
2602 11593
2604 7475
2604 10425
2609 4965
2609 10273
2613 666
2613 9645
2615 13540
2619 69
2619 3721
2623 880
2623 8528
2649 5673
2650 368
2653 3674
2654 10936
2654 13195
2656 3416
2656 10726
2662 829
2662 830
2662 839
2665 1517
2666 62
2666 3816
2680 8214
2681 3970
2681 11253
2681 13755
2686 6331
2686 10066
2686 13548
2688 11595
2695 92
2698 4951
2699 8461
2701 8760
2702 8760
2703 9152
2707 1098
2709 13555
2716 379
2716 1837
2716 8145
2716 10704
2718 817
2723 3506
2723 10270
2723 11810
2724 10160
2725 3516
2727 1710
2728 1098
2731 2515
2733 12735
2736 9186
2740 1853
2740 14499
2742 6783
2748 347
2748 2328
2748 3992
2748 9308
2748 9541
2748 10685
2748 11706
2748 11972
2748 14499
2763 1197
2763 10992
2764 3421
2764 8562
2764 9223
2771 7164
2772 2440
2772 3576
2772 5460
2772 14124
2778 12642
2779 11809
2781 11020
2782 739
2782 13987
2788 3825
2790 752
2793 9388
2794 545
2794 5054
2794 9281
2794 11810
2794 14273
2797 10752
2799 8315
2826 10015
2830 11462
2836 10166
2842 6325
2844 61
2844 2108
2844 2328
2844 3416
2844 9951
2844 11593
2844 13266
2849 2496
2852 8172
2853 3770
2853 10247
2854 6978
2861 4185
2866 8885
2866 11038
2879 1512
2880 65
2880 14103
2882 5696
2885 10136
2887 12967
2890 1585
2890 6080
2890 6208
2890 6711
2890 10767
2890 12644
2895 5016
2900 1637
2904 10592
2910 5646
2916 3465
2917 3465
2924 4751
2924 7172
2924 11445
2925 4279
2925 7106
2925 10985
2925 11044
2925 11049
2925 11439
2925 11735
2929 9036
2929 13149
2941 1892
2941 4212
2941 7417
2941 8031
2941 9745
2942 10752
2942 14127
2950 1448
2957 6947
2958 1804
2958 3043
2958 5698
2958 5930
2958 8448
2958 9653
2958 11152
2959 5698
2965 1540
2965 11152
2971 4215
2971 8480
2971 12357
2971 12662
2973 11311
2974 5447
2976 8125
2993 2419
2993 9985
2993 10205
2993 11827
3003 3187
3003 3709
3003 13571
3005 3007
3005 12322
3028 8589
3028 13327
3029 2327
3029 2419
3029 5580
3029 6199
3029 11809
3029 12691
3035 10345
3035 10967
3045 12691
3046 2327
3046 4115
3046 6987
3048 4074
3051 72
3051 3814
3051 7391
3051 10547
3051 10785
3052 5422
3052 9841
3052 11688
3052 13977
3052 14500
3053 2082
3053 5599
3058 4828
3058 5350
3058 7731
3058 7915
3061 10205
3061 10286
3061 11735
3063 1657
3063 8291
3067 12905
3070 2014
3070 12085
3070 14273
3091 12659
3110 2327
3110 4762
3114 3742
3114 13266
3125 880
3125 8768
3130 8243
3130 12776
3131 6976
3134 10425
3135 2200
3135 5097
3135 5485
3135 7474
3135 7930
3135 11959
3144 8560
3165 3651
3167 14499
3178 1168
3178 1597
3178 5599
3178 7139
3178 9331
3184 13344
3190 1715
3190 3192
3190 3966
3190 4129
3190 5580
3190 5990
3190 7080
3190 12674
3197 1657
3197 5447
3197 8291
3198 10571
3198 11151
3198 12521
3198 13477
3198 14442
3200 1338
3200 1597
3200 6987
3200 9221
3200 11288
3200 11827
3200 11829
3200 13984
3203 6293
3203 10433
3204 5596
3204 7289
3221 10810
3222 2108
3222 3188
3222 4884
3222 8492
3222 8748
3239 12168
3242 13266
3244 1529
3244 14082
3245 4414
3245 5070
3245 10094
3245 13993
3260 2496
3260 4924
3260 14279
3272 739
3272 4497
3272 4634
3277 1308
3277 4730
3277 5365
3277 5792
3277 5990
3277 6080
3277 10638
3277 10767
3277 11847
3277 12644
3277 14119
3278 1082
3278 6443
3278 6739
3278 12490
3280 7141
3290 1195
3290 5016
3300 8562
3301 8717
3305 5729
3305 13991
3306 5230
3306 5956
3306 6892
3306 7658
3306 10903
3317 10940
3317 13235
3328 5034
3328 7475
3328 11735
3330 517
3330 4867
3330 12085
3330 12372
3336 67
3336 4281
3336 4806
3336 5047
3336 6613
3336 11314
3336 12072
3336 12882
3336 13950
3336 13989
3344 7841
3344 8315
3344 11049
3344 11735
3345 67
3345 112
3345 13325
3358 61
3358 880
3358 1708
3358 3926
3358 4074
3360 6570
3360 10197
3371 14345
3376 6783
3377 10518
3377 11181
3377 12490
3386 8044
3386 10636
3388 1035
3388 1459
3388 1461
3388 1462
3388 3337
3388 3797
3389 830
3389 839
3389 11052
3390 2200
3390 5485
3393 72
3393 761
3393 10592
3405 58
3405 67
3405 880
3405 12536
3419 741
3419 4497
3419 12161
3419 12659
3426 10205
3432 3188
3432 4751
3432 4928
3432 6199
3432 6490
3432 7475
3432 10653
3432 11748
3432 11876
3432 12467
3433 4960
3433 6830
3433 6842
3433 7064
3433 7539
3433 8277
3433 9685
3433 10626
3433 10811
3433 10956
3433 11023
3433 11766
3433 12410
3433 12558
3434 829
3434 830
3434 839
3434 1708
3434 3964
3434 4074
3434 4873
3434 5100
3434 6783
3434 7658
3434 7768
3434 8299
3434 9367
3434 10261
3434 11780
3451 9603
3453 12896
3453 13243
3471 7131
3471 8389
3471 8403
3471 11021
3471 11060
3474 7743
3474 10866
3474 13577
3477 10547
3477 14082
3477 14120
3479 2374
3480 7465
3481 9333
3482 377
3482 8212
3483 759
3483 1943
3483 2462
3483 4190
3483 4193
3483 4680
3483 5013
3483 6206
3483 6315
3483 6400
3483 7080
3483 7251
3483 9844
3483 10221
3483 10471
3485 1784
3492 1517
3492 4497
3492 6902
3492 8463
3495 3494
3495 9333
3495 11458
3497 5097
3497 7474
3525 1179
3530 11320
3548 3971
3548 5696
3549 3032
3549 14001
3551 3971
3551 5696
3552 1181
3557 481
3557 4863
3557 6439
3557 9607
3557 13266
3565 11454
3569 7928
3579 11683
3581 13579
3586 3971
3586 5696
3587 1180
3591 3599
3596 1708
3596 4074
3596 5358
3596 10259
3596 12631
3598 11593
3607 5580
3607 8687
3610 10811
3612 3971
3612 5696
3612 14001
3617 1973
3617 3040
3617 4233
3617 4522
3617 8792
3622 1178
3622 1180
3622 1181
3622 3032
3622 3970
3622 5696
3622 8560
3622 14001
3623 3032
3623 3970
3623 3971
3623 12484
3623 14001
3624 1180
3624 1181
3624 3032
3624 3971
3624 12484
3626 1010
3626 8031
3626 9609
3626 9745
3626 14122
3629 2534
3629 6081
3629 8528
3629 9047
3629 11396
3633 14500
3637 8562
3648 4762
3648 11320
3653 6295
3654 13187
3667 3032
3667 3970
3667 12484
3669 1181
3669 3032
3670 1178
3670 1180
3671 1178
3671 1180
3671 3968
3680 2250
3680 2355
3680 8562
3681 9668
3681 12464
3681 12644
3692 9951
3694 10016
3694 11505
3697 10174
3697 11593
3711 6325
3717 526
3717 1448
3717 10781
3722 7127
3724 1180
3724 1181
3727 1181
3727 3032
3727 12484
3729 12085
3730 97
3731 5831
3732 3970
3732 11593
3734 5831
3734 10174
3734 11593
3735 7995
3736 11593
3737 11593
3738 11593
3739 6015
3739 10726
3739 14496
3746 6812
3746 10216
3750 2999
3750 4965
3750 7336
3750 12737
3755 11512
3755 12775
3759 3825
3759 10174
3759 11454
3764 9951
3768 11829
3779 9607
3781 11683
3782 1082
3789 9186
3789 10884
3789 13325
3792 844
3792 2327
3792 3912
3804 7533
3804 11079
3804 11259
3804 14122
3821 50
3821 52
3821 1456
3821 2996
3821 3921
3821 5491
3821 9731
3821 10544
3821 11800
3821 12806
3821 12899
3824 8812
3824 9389
3824 14440
3826 3516
3826 10911
3826 11495
3826 12655
3830 1082
3833 6573
3833 9467
3833 9653
3833 10066
3839 5350
3839 9735
3839 12532
3840 3674
3840 9784
3840 11707
3860 4382
3860 11593
3863 156
3863 935
3863 2328
3863 2493
3863 4011
3863 5224
3863 5646
3863 7919
3863 8680
3863 8803
3863 8812
3863 9389
3863 9457
3863 9541
3863 12530
3863 12991
3863 13984
3863 14273
3885 4414
3885 5070
3885 10094
3885 10810
3890 4414
3890 9738
3890 10094
3894 5904
3894 7802
3894 10726
3894 11152
3895 13140
3896 1211
3905 5623
3905 10425
3914 12775
3916 830
3916 839
3929 13999
3930 2464
3930 3742
3930 10015
3939 9995
3948 1528
3948 4142
3948 5995
3948 12075
3948 13196
3948 13600
3950 12896
3952 5470
3953 1211
3967 5831
3967 8452
3984 1308
3984 1805
3984 4942
3984 5580
3984 8768
3990 10955
3995 7444
3995 7731
3999 11828
4008 1230
4013 3709
4014 10967
4070 10782
4070 13755
4070 14126
4077 1183
4085 10544
4087 830
4087 5829
4087 9892
4089 829
4089 830
4089 839
4094 1308
4094 3392
4094 3806
4094 5224
4094 6199
4094 7465
4094 7624
4094 7882
4094 10544
4094 12064
4098 880
4098 3599
4098 11292
4101 10320
4101 11038
4101 11152
4101 11829
4101 12372
4106 613
4106 10345
4106 11495
4120 2496
4120 5580
4121 6008
4122 4114
4125 6971
4131 11292
4151 13540
4153 739
4153 915
4153 3912
4153 8560
4155 10911
4158 830
4158 839
4158 9590
4162 2014
4163 3192
4163 6735
4163 12741
4167 4073
4167 5595
4167 8562
4170 3944
4170 9379
4170 10911
4170 10936
4170 12639
4170 13115
4170 13195
4170 13990
4173 739
4173 5580
4182 3367
4182 3391
4182 4174
4183 4142
4184 57
4184 1463
4184 1574
4184 3983
4184 4473
4184 7832
4184 10547
4184 11045
4184 11809
4189 4190
4189 7462
4189 12769
4191 3562
4191 4190
4191 10592
4191 11173
4194 1540
4194 6573
4194 7259
4194 7475
4194 9865
4196 5026
4196 14046
4202 6337
4207 3725
4210 11336
4216 12950
4220 759
4220 1230
4220 9607
4226 9300
4226 10294
4227 1293
4227 3674
4227 3713
4227 6469
4227 11027
4227 12075
4229 11728
4229 12154
4234 13233
4254 14497
4256 9617
4260 3465
4260 10192
4260 11953
4262 839
4262 5963
4264 10429
4264 10724
4265 315
4265 2469
4265 3367
4265 11580
4265 13083
4274 1010
4274 13981
4275 1784
4290 481
4293 3192
4293 7963
4293 13850
4295 720
4295 8100
4296 5000
4296 11782
4296 14502
4297 585
4297 2641
4297 3421
4297 6531
4297 7963
4297 10160
4304 3810
4307 9784
4307 11707
4309 1529
4309 14345
4314 1181
4314 1834
4314 9738
4315 6976
4319 12905
4351 829
4351 839
4357 368
4358 829
4358 830
4358 839
4358 4215
4358 13850
4364 5553
4364 14442
4367 703
4374 8192
4374 10650
4374 10728
4389 4142
4389 4651
4389 5995
4389 14049
4394 14123
4426 2437
4426 4924
4426 12882
4426 13821
4434 880
4440 7963
4442 1540
4442 4154
4442 11592
4453 69
4455 5831
4462 11972
4464 7115
4464 9660
4464 12684
4466 880
4466 11292
4466 14440
4467 97
4467 1529
4467 11593
4468 739
4468 3964
4468 5373
4468 13329
4470 12085
4470 12775
4475 554
4475 3651
4475 11183
4476 4215
4476 4829
4476 6080
4476 8462
4476 8684
4476 8705
4476 10590
4476 11049
4476 11162
4476 12075
4476 12454
4476 12532
4485 5831
4485 9162
4485 11828
4486 5321
4487 9985
4491 73
4519 3971
4525 10767
4527 3674
4527 5157
4527 5286
4532 61
4532 1832
4532 3713
4532 4928
4532 10806
4532 10808
4533 1832
4533 3713
4533 4928
4536 1540
4536 1655
4536 2014
4536 2690
4536 6554
4536 10803
4536 11023
4536 11809
4545 2440
4545 3912
4545 13140
4545 13263
4548 73
4548 4154
4548 9123
4548 10136
4549 4002
4549 14049
4550 13096
4551 9951
4562 1597
4562 3422
4562 6987
4562 8488
4562 10221
4565 57
4565 10456
4565 10884
4566 351
4567 4516
4568 12761
4568 13266
4570 13266
4571 13266
4572 9951
4572 13266
4573 844
4573 1851
4574 14121
4575 13266
4578 13266
4579 4774
4579 6670
4580 6871
4580 9316
4582 5831
4584 6944
4585 6573
4596 525
4596 4142
4596 9660
4596 12832
4596 13149
4596 14049
4596 14442
4598 8560
4610 11809
4613 4703
4616 10973
4620 7289
4624 6196
4624 8492
4627 6015
4641 13196
4643 3651
4643 10573
4643 11810
4643 12755
4653 7816
4653 12372
4656 1293
4656 1308
4656 3105
4656 4657
4656 6570
4656 12769
4662 1098
4662 4726
4662 5034
4662 5383
4662 5966
4662 6469
4662 7475
4662 10120
4662 10711
4662 11334
4662 13540
4663 7443
4664 63
4664 11748
4678 5964
4682 383
4682 12148
4688 6287
4689 9668
4689 11694
4700 1540
4700 3871
4700 9607
4722 12677
4723 880
4723 4074
4723 4774
4723 5470
4723 6871
4723 7065
4723 8492
4723 8562
4723 9316
4723 10425
4727 739
4727 5829
4732 823
4735 13266
4737 5831
4738 6008
4740 1709
4740 10729
4752 8315
4755 2168
4756 11683
4759 6206
4759 8491
4759 12741
4766 7233
4766 9259
4766 10200
4766 10869
4766 11334
4766 12402
4766 12721
4770 2382
4770 5697
4770 6871
4770 6987
4770 7792
4770 9921
4770 13600
4782 1657
4782 8291
4786 5550
4786 11944
4810 1914
4815 68
4815 3192
4815 3825
4815 5168
4815 8603
4815 9394
4815 10986
4815 11462
4815 12349
4815 12669
4816 9563
4816 10611
4816 13976
4822 9607
4831 5422
4831 5729
4831 6941
4831 9570
4831 9603
4831 12880
4831 13991
4831 14049
4833 3674
4833 3926
4833 4961
4833 4963
4833 5491
4833 6613
4833 7553
4833 9393
4833 9646
4833 10247
4833 11288
4833 12540
4833 13098
4846 9221
4848 11683
4851 935
4851 7624
4851 9457
4851 12064
4852 3816
4852 3858
4852 4074
4852 4651
4852 5001
4852 5358
4852 10286
4852 10590
4852 12460
4852 12631
4852 12769
4853 1708
4853 3848
4853 4074
4853 7233
4853 9162
4853 10320
4861 7462
4861 8389
4861 9333
4861 11965
4872 703
4872 13263
4876 10247
4894 1657
4894 8291
4906 8231
4912 4834
4912 12548
4912 12716
4912 13326
4914 5133
4914 10094
4923 7104
4923 10067
4923 11827
4923 13984
4932 4424
4932 6783
4932 10798
4932 11336
4943 6337
4943 8211
4943 11022
4943 14503
4944 7124
4944 10732
4958 97
4958 4382
4964 4762
4968 5829
4968 6941
4974 1180
4975 4811
4979 12372
4986 1805
4986 4827
4986 13976
4992 1914
5006 12536
5021 4818
5023 2315
5023 6195
5023 13976
5029 1293
5029 3926
5029 10286
5029 11152
5035 5580
5037 4951
5037 5990
5045 3032
5045 6325
5046 9951
5058 2440
5059 1858
5059 4832
5059 5912
5059 10911
5059 11429
5059 13129
5059 13990
5060 823
5060 1517
5062 3880
5062 3919
5062 4586
5062 7547
5062 10726
5062 10782
5083 1664
5083 9556
5085 14120
5086 1770
5088 64
5088 8687
5088 12721
5089 3340
5089 10968
5091 739
5092 3133
5094 6287
5094 7320
5094 8349
5096 10867
5105 5395
5105 5858
5105 6287
5105 13263
5106 7511
5106 8661
5106 8768
5110 73
5110 9951
5111 11825
5112 7792
5112 10932
5119 1657
5119 8291
5141 8461
5150 1531
5150 4835
5150 14497
5160 7400
5160 8315
5160 8885
5160 9556
5160 10985
5167 517
5167 880
5167 6011
5171 4142
5176 8760
5176 12430
5180 5358
5180 8462
5180 9865
5180 10259
5180 12659
5184 9543
5185 6015
5185 10425
5187 1168
5187 2437
5187 9603
5187 12832
5187 13113
5187 13149
5187 13989
5192 3043
5192 4821
5192 6118
5192 10726
5192 10878
5192 12880
5194 5671
5194 11044
5203 3944
5203 7183
5203 12950
5203 13232
5210 11683
5216 9379
5216 13192
5216 13326
5217 8389
5220 7617
5220 9865
5225 1708
5225 4074
5225 4477
5225 5224
5225 7064
5225 8589
5229 8683
5231 2496
5231 5580
5239 13976
5240 1664
5241 9995
5241 13990
5255 3850
5263 10291
5263 11306
5263 12511
5263 12775
5272 10709
5273 10709
5278 10247
5278 11900
5278 12644
5288 823
5288 1805
5288 2481
5288 6900
5288 9543
5288 12769
5288 14280
5295 12659
5300 11683
5301 6670
5303 2467
5303 4863
5303 6015
5303 8754
5303 11180
5305 8885
5305 9509
5318 1750
5319 760
5319 1293
5319 5580
5322 5168
5322 10811
5322 12372
5323 6456
5323 6871
5323 9316
5332 9191
5345 880
5345 2999
5345 9467
5345 12687
5355 1540
5360 5831
5376 2462
5376 7758
5376 10136
5381 1183
5390 7758
5390 10200
5390 12402
5390 12721
5394 97
5401 679
5401 7335
5403 4002
5403 11259
5403 12375
5403 13992
5416 5829
5416 11320
5417 3416
5417 14046
5418 6978
5418 10433
5420 11827
5425 74
5426 7164
5430 3192
5432 7298
5443 5580
5443 8474
5445 11152
5448 4497
5449 4497
5450 4497
5450 11320
5450 12158
5453 6325
5457 64
5457 1338
5457 3668
5457 5792
5457 7357
5457 14005
5458 3674
5458 3926
5458 6613
5458 7553
5458 8491
5458 8721
5458 9646
5458 10247
5459 1529
5464 6978
5464 10425
5465 4792
5465 6947
5465 12372
5466 3816
5473 11210
5473 12429
5475 6394
5475 11505
5476 11688
5478 9798
5479 1597
5483 1482
5486 1324
5486 3416
5486 4497
5486 4634
5486 4772
5486 4867
5486 6325
5486 8788
5486 10269
5488 1914
5489 5468
5489 6947
5489 8687
5490 5671
5490 7822
5509 10810
5509 12540
5517 2407
5518 63
5518 7605
5518 7658
5518 9070
5518 11906
5519 4360
5522 9607
5526 4091
5526 11241
5528 1180
5528 9985
5535 11944
5535 12627
5549 6871
5549 9316
5549 9832
5555 2083
5555 9725
5555 10189
5558 7608
5558 12633
5564 8231
5571 3420
5571 7357
5571 10809
5572 5673
5572 6765
5572 8972
5572 10015
5574 4382
5579 8560
5585 12372
5586 5365
5587 6711
5587 8562
5591 756
5591 14121
5594 4867
5604 2327
5605 2327
5607 880
5614 4777
5619 11962
5624 7251
5626 11671
5629 7553
5629 11700
5629 11847
5629 12885
5639 8231
5639 9305
5639 9936
5640 517
5640 11320
5641 347
5647 7768
5647 9686
5647 10986
5653 12691
5656 5792
5663 3816
5663 12436
5666 10788
5680 8389
5680 10067
5680 11580
5682 739
5683 880
5692 7928
5702 6325
5706 5470
5715 4830
5715 5191
5715 8748
5715 10653
5724 12659
5732 11379
5737 12372
5738 1512
5738 4788
5739 9995
5740 5953
5740 6902
5740 10166
5740 10906
5743 4863
5743 8212
5743 12697
5752 761
5752 12659
5757 3964
5757 8335
5757 9865
5757 10320
5761 7928
5769 755
5769 9569
5771 1529
5771 12372
5773 14081
5791 736
5791 12521
5795 1540
5795 12085
5804 1914
5808 6325
5812 7333
5812 9590
5817 5321
5817 7137
5817 7592
5817 11023
5817 11834
5822 733
5822 3187
5822 10120
5822 13164
5827 1147
5827 1597
5827 1805
5827 3742
5827 10727
5827 12891
5827 14500
5832 1443
5835 8687
5839 8506
5840 11251
5840 13990
5847 12905
5849 11454
5850 4073
5850 11741
5856 10728
5866 3632
5866 11241
5866 11280
5866 12221
5866 13204
5866 13233
5871 4933
5871 5697
5871 7792
5871 11251
5871 13149
5871 14492
5873 5047
5873 11045
5873 11809
5880 1540
5890 4193
5891 6812
5891 9985
5893 9985
5894 9985
5895 9985
5896 760
5913 11429
5915 13189
5922 10432
5922 11424
5922 12655
5927 11491
5932 1195
5932 5230
5932 9394
5944 12158
5949 880
5949 12372
5954 11038
5958 1747
5958 9951
5958 13266
5965 1784
5967 11512
5971 5696
5971 12484
5973 1181
5973 3032
5973 3970
5974 1180
5974 1181
5974 12484
5975 1180
5975 12484
5978 5580
5980 1035
5980 1459
5980 1461
5980 3797
5980 12676
5982 4586
5982 7446
5982 7658
5984 9936
5986 525
5986 3852
5986 7762
5986 12884
5989 3758
5989 3770
5989 3870
5992 4867
5997 5580
5999 4726
5999 7624
5999 13164
5999 14497
6001 8231
6007 10291
6028 11837
6031 6432
6031 7000
6031 9607
6031 10250
6031 12671
6033 11810
6045 7849
6047 4697
6053 5911
6058 3192
6058 9686
6058 10483
6058 12071
6058 13540
6058 14049
6061 1639
6061 5157
6061 6978
6061 10218
6061 10433
6061 12697
6070 6670
6070 9230
6074 10955
6074 11212
6085 9333
6091 8299
6091 13765
6115 10788
6115 10878
6119 13187
6120 7474
6123 1664
6127 10636
6129 13233
6141 347
6141 3416
6148 3805
6148 4826
6148 4838
6148 10429
6156 13095
6162 1456
6162 3651
6162 10884
6162 11039
6162 13169
6165 4805
6165 7592
6165 8228
6167 9735
6167 12532
6167 12659
6168 8231
6170 10869
6173 525
6173 8211
6173 11241
6175 112
6175 10656
6175 10808
6177 7289
6177 10629
6179 2329
6179 3679
6179 10022
6179 10166
6179 11184
6179 11625
6193 4965
6193 11182
6193 11828
6194 5162
6216 4190
6216 14506
6218 3816
6225 1837
6250 8899
6253 1082
6257 9333
6257 10547
6260 481
6260 4792
6260 4990
6260 5988
6260 5990
6260 6976
6260 7335
6260 8661
6260 8792
6260 9123
6260 9951
6260 10135
6260 10867
6260 11965
6269 5264
6271 5016
6271 12540
6276 9444
6276 11829
6278 880
6285 379
6285 1220
6285 5631
6285 5960
6285 11625
6286 5182
6286 6531
6286 12365
6290 8717
6290 9191
6290 14005
6292 7040
6292 13821
6301 10205
6302 7617
6314 1657
6314 8291
6335 6325
6339 6338
6339 10518
6339 14280
6347 6206
6347 10157
6349 10806
6349 10808
6349 12064
6349 12454
6354 5264
6354 8257
6354 12350
6356 1341
6362 10811
6365 1540
6365 4772
6365 11152
6369 5829
6369 6015
6370 97
6370 1518
6370 1540
6370 2330
6370 4987
6370 5990
6370 6439
6370 7066
6370 7928
6370 8299
6370 13266
6370 13418
6370 14127
6371 6081
6371 11748
6372 1308
6372 2481
6372 5595
6372 7141
6372 7465
6372 7468
6372 7486
6372 11029
6372 11822
6372 12064
6372 12369
6373 5168
6373 9865
6390 7259
6390 8315
6390 11713
6390 12769
6396 8430
6402 1835
6402 5596
6404 13253
6405 1113
6408 4634
6411 12221
6411 12877
6411 12881
6414 6199
6414 6353
6414 8559
6414 10806
6414 11512
6415 8058
6425 5379
6425 5904
6425 10120
6426 10968
6431 11454
6435 1853
6435 9563
6435 12882
6454 4886
6464 9865
6464 12691
6474 739
6477 4382
6477 6002
6477 8566
6477 12300
6478 4382
6479 11593
6480 7995
6485 11809
6489 3504
6489 9333
6489 9393
6489 11288
6489 12540
6489 12802
6489 14495
6492 739
6501 9556
6501 10094
6501 13993
6506 69
6506 10827
6506 13964
6508 12221
6514 10174
6517 7758
6517 10200
6517 12402
6517 12721
6533 52
6533 1463
6533 1707
6533 4726
6533 5491
6533 9617
6541 7928
6547 7122
6549 545
6549 1226
6549 12530
6549 14276
6551 880
6555 5580
6555 12905
6556 64
6556 632
6556 8899
6556 9739
6556 11146
6567 4484
6567 14047
6572 75
6572 4323
6572 12478
6583 12372
6586 13540
6607 12659
6608 13949
6609 3869
6609 8182
6609 10877
6609 11298
6609 13095
6624 1529
6624 1747
6627 3043
6627 3806
6627 7141
6627 7465
6627 7624
6627 8565
6627 11822
6627 13139
6627 14126
6627 14503
6628 8589
6628 13139
6628 14126
6630 73
6630 7292
6630 7731
6638 10425
6652 9951
6653 6325
6659 8389
6659 11454
6661 880
6661 12372
6662 2496
6662 3869
6662 11251
6666 5580
6667 2496
6667 5580
6668 97
6668 4360
6675 5485
6675 7930
6681 6325
6684 9985
6690 12372
6692 7064
6692 7080
6692 9660
6717 5903
6717 6325
6717 8560
6717 9254
6717 10968
6717 11592
6720 788
6720 14086
6721 4360
6724 62
6724 64
6724 7868
6724 9556
6724 13263
6724 14082
6724 14273
6724 14493
6725 7868
6725 9556
6726 9556
6727 1747
6727 3810
6727 13418
6730 754
6730 1482
6730 8169
6736 4279
6736 5494
6736 6531
6736 6892
6736 11049
6744 9887
6744 9936
6746 6015
6746 9607
6748 13540
6754 1717
6758 9951
6758 12158
6759 10483
6759 11151
6763 754
6763 830
6763 5964
6767 2250
6769 2250
6776 1518
6785 733
6785 1195
6785 4867
6794 11906
6794 12769
6800 6325
6803 10432
6808 13266
6809 3716
6809 5321
6809 11320
6815 14283
6816 10205
6824 9951
6841 12660
6843 12372
6849 10829
6849 13191
6849 14125
6851 739
6851 10192
6862 3716
6862 3810
6862 4863
6862 5990
6862 10135
6862 12535
6867 760
6870 3340
6876 7058
6878 2014
6878 2327
6878 2496
6878 7849
6879 9544
6881 4960
6881 12634
6897 5383
6897 11103
6897 11281
6897 12466
6901 7350
6918 1195
6918 4286
6919 7058
6929 9281
6929 14048
6931 11038
6937 10015
6940 7758
6940 8680
6943 739
6950 13204
6954 1293
6954 7400
6954 9570
6956 13266
6957 4583
6957 5646
6957 9841
6957 11782
6962 823
6962 4990
6962 7799
6970 7743
6973 3283
6973 4497
6973 5468
6973 10174
6973 12540
6974 6518
6974 11829
6974 12158
6974 12927
6982 3421
6982 8950
6997 4453
6997 4922
6997 5492
6997 5632
6997 8577
7001 9607
7002 6325
7009 10752
7016 3674
7016 5026
7018 9985
7019 9985
7021 9985
7022 9985
7022 14049
7023 9985
7027 7930
7029 1180
7029 8652
7029 12429
7029 12604
7029 12655
7032 3810
7032 4516
7033 9172
7033 9178
7034 4839
7034 5599
7039 6499
7047 7058
7047 11320
7049 11780
7049 12292
7060 1180
7060 1181
7060 12484
7076 5596
7076 8299
7076 8717
7084 8788
7085 9178
7089 761
7089 1168
7089 10685
7089 10937
7089 13974
7092 112
7092 383
7092 823
7092 1341
7092 6871
7092 7533
7092 8885
7092 9316
7092 10590
7092 11140
7099 13981
7099 14375
7102 4930
7102 8231
7102 9739
7102 12372
7103 9985
7128 1657
7128 8291
7128 10192
7128 13325
7149 8430
7155 6325
7155 9609
7155 13821
7161 57
7161 640
7161 1379
7161 3796
7161 6976
7161 11152
7163 5026
7166 1308
7173 10174
7182 57
7182 4129
7182 5168
7192 5993
7192 6613
7193 1657
7193 8291
7200 6947
7207 5013
7207 8818
7209 10811
7224 74
7229 5395
7236 1463
7236 3758
7236 6531
7236 11809
7236 12364
7237 3516
7237 3706
7237 9603
7237 10345
7237 10967
7237 11723
7237 11780
7250 2200
7263 12372
7264 12372
7265 13950
7267 1851
7267 9725
7268 3105
7268 5016
7268 8353
7268 8972
7268 10286
7268 10811
7268 12769
7269 10547
7275 5358
7276 3599
7286 12728
7288 8768
7295 2496
7295 5580
7295 9556
7300 1750
7308 7167
7308 9617
7327 4839
7327 8683
7332 6812
7332 8415
7332 9444
7343 8252
7352 6873
7356 8899
7356 10189
7358 156
7358 5224
7358 5623
7358 9305
7358 10585
7358 12154
7362 1666
7362 3983
7362 4473
7362 5834
7362 10425
7362 13540
7363 1195
7363 8589
7370 10050
7378 4875
7378 6703
7390 5026
7395 341
7395 4818
7395 8543
7395 13095
7396 5026
7402 6473
7405 1180
7405 14001
7408 3880
7412 3810
7422 9607
7424 5703
7431 10803
7437 4279
7437 11049
7454 3337
7471 2978
7471 6473
7471 6703
7471 8966
7471 11886
7480 3354
7480 7459
7480 12154
7492 738
7492 1884
7492 4222
7492 6295
7492 7183
7492 11546
7492 12218
7492 12364
7507 5026
7508 554
7508 830
7508 839
7508 2684
7508 4129
7508 4215
7508 6735
7508 8492
7508 11045
7508 11900
7508 13850
7508 13984
7509 5580
7526 8192
7526 10650
7537 12085
7540 4994
7540 6703
7540 9985
7540 10205
7540 11071
7546 9333
7546 12687
7551 481
7551 4516
7551 4863
7554 11512
7557 11454
7562 7580
7582 4772
7583 4772
7589 12697
7597 12104
7622 2340
7622 8754
7622 9457
7622 11805
7623 6325
7629 67
7629 69
7629 10638
7632 4114
7632 6325
7641 5350
7641 9784
7641 11146
7651 8680
7654 3706
7654 11512
7655 3849
7655 5865
7656 61
7656 1832
7656 2673
7656 4821
7656 4928
7656 5182
7656 8222
7656 9653
7656 10806
7656 10808
7656 11778
7658 2615
7660 880
7660 12372
7665 11462
7665 13164
7668 7438
7679 3192
7685 7868
7698 6531
7698 10160
7698 11384
7701 10425
7702 11609
7705 1098
7705 5904
7705 7758
7705 7799
7705 8222
7705 8930
7705 9569
7705 9951
7705 11085
7705 11334
7705 12761
7716 3699
7716 6172
7716 8972
7716 11685
7719 315
7719 8930
7719 11311
7719 12761
7719 14086
7719 14276
7722 4074
7723 2534
7723 12085
7730 11593
7733 4497
7733 5468
7741 11512
7746 1747
7751 7868
7753 6325
7757 1914
7761 7742
7761 9326
7763 8212
7763 13129
7764 728
7764 11780
7765 5987
7765 8680
7765 10067
7772 7475
7772 12905
7773 9333
7778 481
7778 9300
7778 11314
7779 5168
7779 6570
7779 6573
7779 12660
7780 1719
7780 10205
7780 11071
7780 11691
7780 11777
7780 11847
7780 11953
7780 12056
7780 13098
7780 13223
7781 13191
7784 1180
7784 5696
7784 12484
7786 57
7786 4382
7786 4516
7786 5168
7786 10547
7786 11253
7786 11404
7786 11512
7786 12905
7787 7106
7787 12484
7789 7617
7789 8700
7793 1747
7793 13266
7806 754
7806 1308
7806 7080
7806 10767
7808 8169
7818 4772
7819 72
7819 7233
7820 8589
7828 74
7828 3783
7833 1747
7833 5597
7833 12372
7834 2547
7834 7849
7836 315
7842 2673
7844 11298
7844 11425
7844 13578
7844 13950
7848 10174
7852 8169
7854 5671
7858 4016
7859 5703
7859 8446
7859 12687
7864 1180
7864 1181
7864 3970
7864 3971
7864 5696
7864 12484
7864 14001
7865 3668
7865 5026
7865 10810
7867 8172
7875 10457
7886 7251
7886 9162
7894 5182
7894 10592
7894 11334
7894 11822
7894 12540
7912 73
7912 6976
7912 10094
7912 10286
7912 12512
7913 1113
7913 13115
7913 13253
7914 2013
7916 5681
7916 12515
7916 13235
7917 13236
7918 1707
7918 1715
7918 3674
7920 2843
7920 7756
7920 10345
7920 10967
7920 11429
7922 12515
7924 13266
7925 9801
7926 12526
7926 12547
7926 13253
7927 12547
7929 9645
7929 10320
7929 10626
7936 915
7936 3912
7936 3913
7936 4185
7936 9836
7945 10752
7946 4811
7946 10794
7946 12943
7954 10345
7954 13149
7954 14276
7956 3679
7956 4963
7956 8786
7962 341
7962 3516
7962 7744
7962 10866
7964 4142
7964 4751
7964 10477
7966 10135
7966 11320
7972 66
7972 5365
7972 10910
7972 11962
7977 11296
7977 12943
7979 6977
7997 1379
7997 2082
7997 3562
7997 9653
7997 9910
7997 11314
7997 14503
8000 1664
8000 9556
8014 3944
8014 7771
8014 13187
8014 13195
8015 6325
8022 6650
8024 880
8024 2493
8025 2503
8025 8167
8025 9260
8025 10270
8030 5953
8030 8451
8030 8488
8030 9784
8032 7742
8032 13191
8032 13579
8035 10877
8035 13324
8037 739
8038 2843
8038 3944
8038 7771
8038 11495
8038 11779
8038 13192
8041 1178
8041 3970
8042 7756
8057 1528
8057 13095
8057 13202
8063 1220
8063 3806
8063 4930
8063 6199
8063 11152
8063 12775
8068 6325
8070 8044
8070 8748
8072 8543
8072 10866
8072 13095
8072 13129
8079 1639
8079 13950
8083 4792
8083 6580
8090 13266
8091 5673
8093 12085
8096 1529
8096 12629
8103 7928
8107 7643
8107 10704
8110 65
8110 7928
8115 3944
8115 10936
8115 13314
8120 1804
8120 2978
8120 3822
8120 6703
8120 7438
8120 11886
8122 5632
8123 1082
8130 8834
8130 11847
8130 11977
8131 1448
8131 6941
8131 10782
8133 5697
8133 7379
8135 5286
8135 6295
8135 9281
8137 9281
8143 1540
8144 8231
8150 829
8150 830
8150 839
8150 3674
8150 3822
8150 4129
8150 4215
8150 6703
8150 9784
8150 11707
8150 13850
8152 3850
8152 6199
8152 10471
8153 1750
8155 5988
8155 11683
8158 9933
8158 13096
8177 10575
8179 11972
8181 5988
8181 14274
8183 517
8187 517
8187 5829
8197 10216
8198 1482
8202 3810
8202 11413
8207 74
8207 1710
8207 3679
8207 4838
8207 7468
8207 7608
8207 7768
8207 8252
8207 10320
8207 11030
8213 75
8213 4323
8213 13327
8215 1147
8215 12891
8215 13978
8216 5831
8218 12905
8219 12905
8220 6325
8236 1657
8236 8291
8254 6015
8254 8687
8254 12691
8262 6011
8267 5097
8284 2327
8284 5834
8284 14082
8290 5470
8290 5756
8290 12484
8291 823
8291 1195
8291 1512
8291 3416
8291 4185
8291 5831
8291 7274
8291 8463
8291 9388
8291 11593
8291 11609
8291 11837
8291 12372
8292 8768
8293 6011
8293 7066
8309 14123
8312 57
8313 1098
8313 1308
8313 7468
8313 8243
8313 11713
8313 13540
8314 13233
8319 2496
8334 1242
8334 2978
8334 3822
8334 11886
8338 14048
8352 12769
8361 669
8361 739
8361 752
8361 4730
8361 7216
8361 8100
8361 9841
8361 13977
8362 2013
8367 10571
8367 11079
8367 11426
8367 11427
8367 12521
8367 13992
8372 5230
8372 6892
8372 10483
8377 12372
8382 6325
8383 6325
8384 5026
8384 6325
8386 5834
8386 7643
8386 8562
8386 10155
8400 1655
8400 7251
8400 10968
8401 4863
8401 7928
8401 9951
8401 13266
8405 11512
8406 73
8406 11683
8410 5016
8410 6199
8410 8426
8412 5829
8413 12085
8417 935
8420 3816
8420 7104
8433 5405
8435 8389
8455 1540
8455 12737
8460 10174
8460 10992
8460 11828
8473 632
8473 4750
8473 10066
8473 11822
8473 14441
8477 1750
8495 572
8495 1716
8495 4073
8495 4819
8495 4924
8495 4961
8495 5350
8495 5550
8495 5722
8495 6407
8495 6499
8495 6613
8495 7104
8495 7289
8495 7333
8495 7553
8495 9050
8495 9223
8495 9332
8495 9731
8495 10067
8495 10320
8495 10767
8495 10957
8495 10973
8495 11334
8495 11809
8495 13115
8495 13192
8495 13232
8498 10205
8498 10802
8498 11045
8509 1180
8509 12484
8544 10810
8544 14345
8546 1657
8546 8291
8547 10015
8553 11734
8554 1666
8554 3983
8554 5834
8554 10425
8564 1183
8580 5829
8580 11320
8582 3192
8582 9590
8584 3850
8584 8972
8584 11060
8584 11398
8585 97
8585 8972
8585 11060
8585 12863
8586 880
8586 5964
8588 7584
8588 7762
8588 10016
8588 10877
8588 10911
8588 13141
8588 13324
8588 13577
8597 7104
8597 8559
8597 8680
8599 3192
8599 4774
8599 11512
8600 748
8600 3889
8613 4497
8613 10981
8613 14127
8618 7333
8623 4772
8627 13191
8633 5988
8633 10250
8633 11683
8636 385
8636 8818
8636 10985
8636 12467
8640 10174
8646 4750
8647 1025
8647 11683
8648 74
8648 1319
8648 12093
8650 880
8650 1529
8650 4774
8651 8291
8658 13113
8658 14443
8668 6394
8669 7122
8669 8818
8669 11103
8669 11398
8669 12540
8676 4360
8693 8231
8702 1518
8702 4185
8702 9388
8702 11844
8710 10174
8720 10216
8727 4884
8727 5995
8727 8898
8727 10483
8727 12536
8737 4473
8737 9745
8737 10575
8737 14122
8740 6428
8740 8470
8742 10174
8750 6441
8750 7400
8753 10016
8756 545
8756 4222
8756 10752
8757 10277
8757 11677
8762 1178
8762 1181
8779 1715
8779 8222
8779 9727
8779 10320
8781 1181
8781 3032
8781 12484
8784 1529
8784 10904
8784 11837
8789 8231
8802 3337
8804 73
8810 4772
8823 8389
8841 7617
8863 1914
8863 2467
8863 5365
8863 11962
8863 12644
8866 9985
8868 1462
8868 3337
8868 5511
8868 6949
8872 12085
8873 8389
8873 12691
8881 12457
8884 5026
8888 4772
8888 6325
8896 4784
8896 8786
8896 9656
8896 12464
8896 12882
8896 14123
8905 4382
8912 6573
8912 6812
8912 7617
8925 4286
8925 5597
8925 6568
8925 7543
8925 7726
8925 8930
8925 9569
8925 9611
8925 10986
8925 11100
8925 11102
8925 12775
8925 13096
8925 13113
8925 13755
8925 14441
8927 3576
8927 5320
8927 7335
8927 7511
8927 8661
8927 8768
8927 10592
8927 11512
8927 14119
8928 5372
8928 9428
8937 8116
8940 7731
8945 8389
8947 7320
8951 1709
8951 7871
8951 10547
8951 10573
8953 2327
8953 7259
8953 8461
8953 9951
8956 67
8956 72
8956 3196
8956 5276
8956 7871
8956 10547
8956 10592
8956 11044
8956 11512
8965 6439
8977 3783
8977 7040
8977 7333
8977 8012
8977 9332
8977 10270
8977 11805
8979 6711
8979 8562
8979 9223
8981 4784
8981 14082
8982 341
8982 3819
8982 10433
8982 12639
8982 13140
8995 1540
8999 11491
9003 6325
9005 4185
9005 4928
9011 13129
9012 2014
9012 2327
9012 2496
9012 5460
9012 5580
9015 5834
9016 10250
9024 7995
9024 10174
9026 540
9026 748
9030 1657
9030 8291
9031 1657
9031 8291
9033 6554
9033 7919
9034 3971
9034 11320
9034 12391
9035 4791
9035 14492
9041 8506
9041 14047
9044 485
9052 13117
9056 10877
9056 10957
9056 13192
9056 13232
9064 4772
9066 1540
9067 1540
9067 12659
9073 5493
9074 10992
9074 12755
9078 1197
9078 3105
9078 6828
9078 7106
9078 12775
9082 1540
9082 11044
9085 9556
9086 3192
9086 9738
9088 613
9088 4838
9088 5582
9088 7350
9088 8387
9089 7928
9089 9590
9090 3872
9090 7123
9090 9683
9090 11306
9090 11462
9095 9541
9095 10782
9095 11777
9098 1750
9098 8125
9098 8687
9098 11398
9099 10904
9110 1657
9110 8291
9113 13344
9121 7617
9125 11683
9131 1533
9131 11079
9131 13992
9134 525
9134 3602
9134 11977
9137 6765
9138 50
9138 52
9138 146
9138 481
9138 880
9138 3504
9138 3553
9138 3562
9138 4863
9138 7758
9138 8939
9138 9333
9138 9393
9138 9904
9138 10200
9138 10247
9138 11288
9138 11977
9138 12402
9138 12661
9138 12721
9138 12802
9138 13098
9138 13139
9138 14344
9139 13097
9140 1197
9140 1293
9157 3849
9161 1308
9161 8243
9161 13540
9165 9332
9165 10270
9166 11512
9171 1147
9171 1770
9171 10146
9171 11259
9171 13571
9171 14123
9179 64
9179 517
9179 823
9179 5834
9179 6325
9182 669
9182 4730
9182 5365
9182 5979
9182 7233
9182 8705
9182 9732
9182 11085
9182 11334
9182 12644
9182 14279
9185 6473
9192 52
9192 1719
9192 4647
9192 5491
9192 11071
9192 11689
9192 11691
9192 12899
9192 13223
9196 10798
9204 14496
9205 1885
9215 13266
9222 73
9224 8562
9224 11320
9225 3283
9225 4453
9225 7533
9225 9316
9225 10425
9244 9176
9246 5026
9249 4772
9250 383
9250 10782
9250 11987
9252 9388
9253 12484
9253 13813
9265 11038
9277 1885
9277 4477
9277 11454
9277 13961
9281 8982
9290 7811
9296 7164
9296 8389
9304 9388
9320 13204
9338 10829
9338 13141
9342 4360
9342 8299
9342 13418
9344 1181
9344 3032
9344 5696
9344 14001
9350 1180
9350 3032
9350 3970
9350 12484
9353 1540
9358 3926
9358 11593
9358 12314
9358 12511
9361 9176
9365 10957
9365 13192
9366 3944
9366 12546
9366 13192
9366 13232
9376 6892
9377 5168
9377 5494
9380 14082
9385 10174
9390 341
9390 377
9390 3516
9390 4818
9390 5930
9390 6198
9390 9340
9390 13964
9399 10094
9400 4382
9403 1195
9403 10192
9418 3674
9419 10216
9421 4360
9426 1058
9432 73
9449 8315
9449 11876
9449 13329
9451 5930
9451 8212
9451 13964
9452 1858
9452 10877
9452 10911
9452 11425
9452 11495
9452 12697
9452 13324
9452 13577
9452 13950
9471 8231
9473 8231
9476 5829
9476 10291
9476 11512
9483 13266
9485 517
9485 1324
9485 4867
9493 4703
9493 5977
9493 6873
9493 6902
9493 8562
9493 8701
9493 10573
9493 13981
9496 8506
9496 9892
9497 8389
9501 156
9523 9556
9526 7064
9526 8415
9528 1191
9528 1517
9528 14505
9547 12697
9566 5671
9567 4951
9568 4951
9573 11491
9575 3858
9575 11836
9577 4497
9577 11038
9577 13979
9579 5157
9579 12515
9579 12697
9585 9985
9588 8899
9595 7928
9595 11683
9596 3858
9600 1230
9600 7868
9600 7995
9601 613
9601 5681
9601 11297
9601 12667
9601 13990
9606 8231
9624 3504
9624 8786
9624 12669
9624 13133
9624 13540
9628 485
9628 3944
9628 7771
9628 11779
9628 12735
9628 13192
9628 13195
9628 13202
9628 13232
9630 10216
9630 10425
9631 4949
9631 7849
9631 13133
9634 3192
9637 485
9637 3870
9637 7771
9637 11779
9637 12735
9637 13187
9637 13195
9637 13202
9644 4477
9644 12343
9658 703
9658 2014
9663 2690
9663 4497
9665 8231
9692 6428
9692 8885
9692 9444
9695 11320
9699 4826
9699 7417
9699 7468
9699 8818
9699 10985
9699 12925
9700 3539
9700 9607
9700 12629
9700 12905
9706 2690
9706 8231
9706 10094
9707 5365
9709 4586
9709 5379
9709 5995
9709 7446
9709 14050
9712 11212
9715 6711
9721 1540
9721 8461
9730 8768
9733 640
9743 12085
9750 517
9750 823
9755 2291
9755 6118
9755 12891
9758 62
9758 2315
9758 4073
9758 4647
9758 5025
9758 6080
9758 7919
9761 12721
9763 3806
9763 4611
9763 7465
9763 7624
9763 7882
9763 10544
9763 11822
9763 12354
9765 65
9770 6613
9780 8231
9781 3971
9781 5580
9781 9936
9785 4928
9785 9951
9787 10015
9787 11320
9787 12158
9789 1098
9789 5722
9789 11146
9789 11512
9789 11707
9789 14441
9790 5026
9792 10457
9800 8231
9810 5016
9810 5953
9810 8470
9810 8482
9810 9444
9810 12369
9838 3923
9838 7251
9838 12085
9840 7233
9840 10136
9840 10566
9891 8543
9891 9340
9891 11428
9901 10094
9916 4516
9916 8299
9916 8461
9916 9036
9916 13418
9917 5831
9917 12642
9918 7758
9924 6325
9928 12515
9930 13238
9934 852
9934 2382
9948 6015
9955 8231
9965 788
9965 5994
9966 8145
9972 4884
9972 6900
9972 7700
9972 7724
9972 8335
9972 9070
9972 9543
9972 10949
9972 11023
9972 13143
9972 14280
9975 13190
9975 13253
9986 1528
9986 8930
9986 11311
9986 14276
10008 1540
10030 131
10030 2014
10030 4497
10030 5468
10030 9177
10036 7127
10039 9603
10039 10788
10039 13113
10039 13143
10039 14443
10047 10788
10047 13966
10052 11593
10052 11906
10054 6338
10054 6947
10058 67
10058 409
10058 1666
10058 1709
10058 1885
10058 2546
10058 3465
10058 3774
10058 4414
10058 4834
10058 5372
10058 5596
10058 5703
10058 5960
10058 6169
10058 6971
10058 6991
10058 7216
10058 7726
10058 8012
10058 8354
10058 8446
10058 8565
10058 8717
10058 9428
10058 10192
10058 10573
10058 10681
10058 11280
10058 11505
10058 11754
10058 11797
10058 12148
10058 12221
10058 12548
10058 12687
10058 12716
10058 13204
10058 13233
10060 5831
10060 5953
10060 9299
10061 3465
10062 1454
10062 2996
10062 5100
10062 5930
10062 10518
10075 11593
10077 10911
10077 13129
10091 10205
10092 9985
10121 7731
10126 11683
10139 60
10142 1180
10142 1181
10145 7185
10145 7355
10150 5405
10150 11490
10154 11495
10154 12667
10163 720
10163 1098
10163 4286
10163 7233
10163 7758
10163 8930
10163 11334
10163 12761
10167 7357
10167 11825
10168 10174
10173 10547
10180 14345
10190 8389
10194 4142
10194 4651
10194 13477
10194 14049
10196 4987
10201 9172
10207 5026
10209 9985
10210 9172
10213 368
10213 5858
10214 5365
10214 8667
10214 11396
10214 12478
10223 4772
10226 10216
10227 7721
10227 9892
10227 10066
10227 13976
10236 5831
10236 5953
10236 11828
10239 1178
10239 1179
10240 9951
10242 10653
10242 12511
10243 10174
10244 4887
10244 4928
10248 7617
10253 8389
10256 2382
10256 10611
10256 13600
10276 5831
10276 12425
10282 12642
10284 3105
10284 4657
10284 7758
10284 12402
10284 12721
10287 3651
10287 9617
10287 10259
10287 10681
10287 10884
10287 11071
10287 11183
10287 11288
10287 11691
10305 935
10305 1788
10305 2003
10305 3816
10305 4011
10305 5494
10305 7139
10305 7919
10305 8985
10305 9893
10305 11813
10305 12454
10305 14273
10305 14500
10308 74
10308 1319
10308 4674
10308 6830
10308 11022
10308 11694
10308 11741
10310 8389
10315 11438
10315 13204
10321 1098
10321 5979
10321 7233
10321 9570
10321 9951
10321 11085
10321 11251
10321 11334
10329 1851
10329 11779
10331 8687
10347 2496
10350 368
10350 11965
10350 13196
10351 9367
10351 10978
10356 10829
10360 585
10360 3192
10382 9985
10382 12905
10387 540
10387 3553
10387 8430
10387 14344
10388 13984
10391 5129
10408 7756
10408 10940
10409 67
10409 72
10409 3721
10409 7876
10409 12343
10419 13129
10419 13191
10435 2462
10435 9047
10435 11396
10435 14492
10436 1529
10436 4942
10436 9936
10436 13999
10442 11292
10445 3912
10445 6195
10445 9603
10445 11847
10445 13096
10445 14121
10447 8389
10455 64
10455 1655
10455 1704
10455 3922
10455 7758
10455 7919
10455 9892
10455 10544
10455 11251
10455 12882
10455 13099
10455 14278
10470 3889
10470 9853
10470 14344
10474 6554
10474 7919
10474 9388
10474 13533
10488 9985
10489 9985
10530 4788
10530 7292
10530 10518
10530 11700
10548 3858
10550 12430
10565 7762
10565 13141
10565 13750
10567 1517
10579 1350
10579 7379
10579 11847
10579 11977
10579 12725
10579 13935
10580 7104
10580 10205
10581 7104
10581 10205
10598 13095
10617 11593
10617 11828
10618 8212
10623 6941
10623 9892
10623 13149
10623 14049
10623 14276
10640 6490
10640 8315
10640 10200
10649 8448
10649 10159
10649 10732
10668 8231
10668 12737
10669 72
10669 3674
10669 9393
10669 9732
10669 10884
10669 12628
10669 13325
10683 829
10683 830
10683 1110
10683 2684
10683 8429
10696 8172
10702 2082
10702 3192
10702 6118
10702 14050
10706 11685
10706 11829
10706 12180
10708 1780
10708 4695
10708 11445
10708 11593
10714 1010
10714 6976
10714 8983
10731 6216
10753 9607
10757 3825
10757 5168
10757 8603
10757 9394
10757 10616
10757 11462
10757 12467
10759 97
10759 7758
10764 5460
10772 5993
10772 7106
10772 11580
10772 12631
10775 97
10775 9556
10786 670
10786 3926
10786 3964
10787 7176
10789 1183
10789 9094
10804 4129
10804 7104
10804 9333
10804 9617
10804 10067
10804 11045
10804 11689
10804 11777
10804 11809
10804 12899
10807 6812
10807 10872
10807 11044
10813 1914
10813 2996
10813 5990
10813 12358
10813 12802
10814 9556
10815 1230
10815 10174
10818 97
10818 9388
10820 13752
10821 13190
10821 13235
10824 4772
10826 8684
10826 9569
10828 13140
10852 13140
10853 1319
10853 14032
10855 13939
10856 3806
10856 3858
10856 7533
10856 8661
10856 10425
10856 11259
10856 13939
10856 14274
10857 11079
10864 4279
10864 11336
10868 5026
10871 1908
10871 3651
10871 4875
10871 5494
10871 6703
10871 10681
10871 10783
10871 10884
10871 11183
10871 11689
10871 12806
10871 14276
10875 11491
10880 11683
10886 7756
10886 9340
10886 11259
10892 5279
10898 4987
10899 7811
10899 13317
10913 72
10913 526
10913 2374
10913 4792
10913 5697
10913 9603
10913 10729
10913 11336
10913 13113
10913 14046
10915 6380
10927 1191
10927 1517
10927 14505
10931 10016
10931 10865
10931 11210
10933 10147
10934 1098
10934 1973
10934 2250
10934 3040
10934 3105
10934 7116
10934 7992
10934 10001
10934 11414
10934 11805
10934 11958
10938 3921
10938 6616
10938 9563
10938 10270
10938 10455
10938 10788
10938 10937
10938 11412
10938 13755
10938 13978
10938 14496
10941 13266
10944 3674
10944 4774
10944 5468
10950 12526
10950 12547
10951 6812
10951 8748
10953 97
10953 7000
10953 9607
10966 3869
10975 66
10975 10592
10975 10638
10975 11512
10988 1597
10988 4651
10988 8492
10988 9828
10988 13540
10990 8862
11006 1098
11006 5903
11006 8036
11006 12761
11006 14493
11008 4887
11014 9985
11018 640
11018 4855
11024 10345
11024 10967
11024 12884
11028 9865
11028 12460
11028 12691
11040 10174
11042 10174
11050 4281
11050 4924
11050 5960
11050 9428
11050 10216
11051 6188
11057 8243
11067 6195
11067 12655
11067 12881
11072 7064
11072 8698
11072 12350
11072 12478
11074 4129
11074 4887
11074 9467
11074 10155
11074 10472
11074 10727
11074 11808
11074 12661
11080 9951
11090 11809
11098 57
11098 481
11098 670
11098 2978
11098 3043
11098 3810
11098 4188
11098 4686
11098 4863
11098 5990
11098 6573
11098 10135
11098 10590
11098 10884
11098 11140
11098 11183
11098 12535
11101 7127
11106 613
11106 4886
11106 7749
11106 13312
11113 4142
11113 4651
11113 4792
11113 6865
11113 10320
11113 14049
11114 549
11114 1098
11114 4142
11114 5979
11114 7233
11114 8222
11114 9933
11114 11334
11114 11969
11114 13312
11116 1750
11138 73
11138 5534
11138 6456
11138 6650
11138 9162
11138 12967
11139 5013
11139 8880
11141 9936
11141 11457
11145 1788
11145 8684
11145 11287
11145 13477
11148 3869
11148 10345
11148 10432
11148 11424
11148 11438
11154 4834
11154 5286
11154 7762
11154 11280
11154 12881
11154 12882
11154 13233
11154 14278
11158 97
11158 1220
11158 4686
11160 112
11160 1226
11160 3153
11160 5599
11160 12530
11161 13266
11166 13144
11167 13117
11167 13235
11170 5447
11170 8169
11172 6812
11175 2108
11175 11152
11178 1715
11178 3153
11178 3196
11178 13477
11179 2327
11179 2999
11179 4965
11179 12358
11179 13164
11179 14495
11185 11491
11194 64
11194 2493
11194 4185
11194 10216
11194 11183
11194 12672
11199 11779
11199 12546
11199 12735
11223 10205
11224 1639
11224 3944
11224 7756
11224 10936
11224 11425
11224 11438
11224 13195
11225 1379
11225 2767
11225 3713
11225 3983
11225 5365
11225 5460
11225 5657
11225 6518
11225 6871
11225 7758
11225 8228
11225 8549
11225 9316
11225 10200
11225 10693
11235 9951
11236 5596
11245 7771
11245 10829
11245 10957
11245 12605
11245 13191
11245 13192
11245 13232
11246 50
11246 1242
11246 1804
11246 9333
11246 9617
11246 11288
11246 11691
11246 11809
11246 12540
11247 11844
11255 844
11257 7658
11257 11832
11272 10911
11272 11429
11272 13141
11272 13236
11277 2028
11277 9751
11283 7930
11298 7844
11309 7792
11309 13113
11309 14443
11313 12961
11313 13752
11325 3632
11325 3869
11325 3870
11325 11241
11325 12375
11325 13324
11327 11505
11333 8506
11346 7141
11346 7744
11346 13195
11348 3651
11348 9569
11348 9570
11348 12464
11351 10174
11352 10174
11354 10174
11355 6195
11358 3539
11358 4382
11358 7617
11358 8231
11358 9607
11361 3858
11361 4821
11361 9951
11361 12158
11380 10174
11385 11683
11401 6902
11402 10174
11408 10174
11409 10174
11410 10174
11417 5026
11417 13266
11433 74
11433 1319
11433 6337
11433 8754
11450 6011
11452 10425
11453 97
11453 5580
11453 8687
11455 3674
11455 8415
11455 8697
11455 9489
11455 10221
11455 10483
11455 11876
11455 12071
11455 12402
11455 12464
11455 12512
11455 12925
11455 13323
11477 5829
11477 6412
11489 4611
11489 7141
11489 7791
11489 11612
11489 12004
11489 12192
11489 13316
11489 13317
11493 10949
11507 12547
11519 10205
11519 11292
11529 13987
11539 666
11539 5966
11539 9645
11539 10626
11579 5580
11583 3871
11583 4680
11583 5034
11583 7475
11583 11735
11587 736
11587 3187
11587 4586
11587 5493
11587 5494
11587 5495
11587 5496
11587 5507
11587 6215
11587 7791
11587 13164
11587 14049
11587 14122
11588 5831
11588 6554
11588 14503
11591 62
11591 6865
11591 12532
11597 13966
11597 14126
11606 9985
11611 5026
11628 1082
11641 1710
11641 4512
11641 4581
11641 7216
11641 8755
11641 11097
11641 11780
11647 2547
11647 3742
11647 7533
11647 14081
11655 5244
11655 14492
11656 1518
11656 9388
11656 9556
11661 3889
11661 6983
11701 1858
11701 13324
11712 11683
11712 13540
11715 4129
11715 7643
11715 10155
11715 10727
11715 11297
11715 12639
11715 13202
11738 3192
11742 341
11742 7744
11742 12430
11745 8885
11749 10205
11749 10286
11749 10425
11770 347
11770 409
11770 2291
11784 7849
11796 7771
11796 10781
11796 11424
11796 11779
11796 13187
11796 13326
11798 11797
11802 5912
11802 7762
11802 11495
11802 13324
11802 13577
11833 11683
11856 60
11856 759
11856 1025
11856 4657
11856 4821
11856 5995
11856 9367
11856 11809
11856 14031
11857 1098
11857 1319
11857 1497
11857 4821
11857 7233
11857 7758
11857 8818
11857 11173
11857 11589
11857 11809
11857 12352
11857 12644
11861 1710
11878 1411
11878 5223
11890 9951
11897 66
11897 733
11897 1805
11897 3416
11897 6380
11897 7495
11897 11055
11897 14441
11897 14505
11901 2986
11912 829
11912 830
11912 11700
11913 5395
11913 10957
11920 9174
11935 5102
11935 10636
11935 11700
11935 12056
11956 57
11956 13169
11957 5595
11957 5990
11957 9570
11957 9646
11963 10291
11963 10806
11971 2330
11971 3872
11971 3915
11971 7216
11971 8462
11971 8549
11971 9731
11971 10355
11971 10869
11971 11594
11979 2986
11979 3992
11979 4827
11979 6442
11979 11038
11979 11962
11979 12687
11982 5109
11982 5994
11983 7811
11983 10573
11983 11962
11983 12644
11984 10457
11991 5829
11993 5470
11993 5580
11993 12659
12001 11429
12002 12691
12003 3628
12003 5831
12003 7726
12003 8475
12003 8814
12003 9611
12003 10767
12003 11612
12003 11805
12003 13317
12005 9951
12012 2546
12012 3602
12012 9841
12020 12716
12023 5447
12023 10247
12023 12659
12023 14442
12035 8589
12035 12391
12035 14049
12036 10992
12036 11146
12036 12300
12051 10829
12051 13191
12068 9662
12109 5912
12109 13236
12109 13577
12115 3926
12115 9540
12115 10197
12115 10808
12115 13140
12126 377
12126 3516
12126 7744
12131 8231
12133 8231
12153 3796
12174 11292
12175 10877
12175 11495
12175 12697
12184 4821
12184 10910
12186 8211
12186 9047
12186 11151
12186 11412
12200 12292
12215 10259
12215 12721
12223 11259
12223 12880
12223 13253
12227 4647
12227 8482
12227 11320
12249 1025
12249 1715
12249 3276
12249 4821
12249 5995
12249 9453
12249 9784
12249 10221
12249 10320
12249 11707
12249 12512
12249 12628
12251 9389
12277 377
12278 9951
12283 1518
12283 9388
12283 11404
12316 10432
12316 13752
12319 4818
12319 5264
12319 9340
12319 10016
12319 10865
12319 11428
12319 12605
12319 12655
12319 13821
12326 3032
12326 3970
12333 57
12333 3007
12333 4382
12333 5168
12333 7832
12333 8803
12334 11292
12344 1770
12362 10147
12376 517
12376 4634
12376 5829
12390 10160
12397 5990
12397 11320
12408 1707
12408 2377
12408 2481
12408 2684
12408 3922
12408 4611
12408 6735
12408 8429
12411 10877
12411 10955
12426 6947
12426 11593
12431 3506
12431 6196
12437 12436
12437 13961
12438 5026
12438 6325
12440 347
12440 11281
12441 3918
12450 61
12450 68
12497 5993
12497 11829
12510 11593
12519 10432
12519 10877
12519 11298
12519 11495
12519 12697
12528 1518
12528 9388
12528 11404
12533 9428
12533 10967
12542 11210
12543 2083
12543 3511
12543 5047
12543 5792
12543 6460
12543 7285
12543 7959
12543 8446
12543 8874
12543 8914
12543 9300
12543 9428
12543 9525
12543 10297
12543 11311
12543 11490
12543 14086
12545 759
12545 4130
12545 10015
12545 10022
12545 12093
12545 13949
12545 14280
12551 613
12554 10865
12556 4994
12556 7259
12556 9865
12577 11020
12585 7700
12585 8335
12585 9543
12585 10949
12585 14280
12587 8560
12587 10247
12590 56
12590 13966
12590 14120
12591 1168
12598 97
12598 517
12598 4497
12598 5468
12598 6325
12598 8389
12598 8687
12598 11454
12621 4695
12621 12535
12624 5157
12624 7744
12624 11428
12624 13115
12624 13187
12651 11038
12668 1197
12668 4074
12668 6439
12668 7758
12668 9951
12668 12314
12668 12490
12680 5135
12680 11251
12680 12420
12680 12891
12680 13976
12681 12697
12683 8058
12683 9299
12694 3632
12694 3639
12694 4091
12694 14492
12696 1293
12696 1853
12696 4792
12696 5109
12696 5993
12696 6580
12696 6865
12696 9162
12696 9453
12696 10221
12696 10320
12696 10878
12696 11281
12696 11808
12696 12405
12696 12664
12696 13096
12696 13143
12696 13978
12702 10940
12706 10911
12707 6195
12707 13974
12709 9745
12709 10135
12709 10978
12709 11459
12709 11829
12709 14121
12709 14125
12710 2066
12710 11876
12710 13329
12711 12221
12711 12604
12727 11593
12731 525
12731 8661
12731 10728
12731 10905
12731 11462
12746 7617
12747 5829
12747 9985
12748 5168
12748 12402
12749 3192
12749 10904
12749 12802
12750 481
12751 9985
12768 6554
12768 9213
12768 9725
12768 11827
12768 14005
12774 14047
12778 1454
12778 6118
12778 13329
12778 14502
12849 6499
12849 7104
12854 10016
12854 13238
12854 13314
12867 1805
12867 1853
12867 3869
12867 4792
12867 7292
12867 8192
12867 14502
12868 2013
12868 11298
12868 11425
12868 13950
12869 8792
12869 12737
12873 10781
12874 1010
12874 1529
12874 5994
12886 2690
12886 4360
12886 4774
12886 12372
12886 12659
12886 13149
12892 5722
12892 7791
12894 2330
12894 7443
12894 9050
12894 12882
12894 12891
12898 2547
12898 12896
12907 1518
12907 5468
12907 8768
12907 11039
12917 5831
12917 9784
12933 377
12939 1709
12965 4463
12965 4959
12965 7584
12965 8664
12965 9434
12965 13095
12965 13134
12965 13202
12965 13212
12972 9172
12972 9178
12999 1770
12999 12880
13005 2481
13005 2684
13005 4611
13005 5248
13005 6735
13005 6864
13005 7465
13005 7624
13005 8429
13005 9259
13005 10673
13005 10869
13005 10992
13005 11334
13005 11822
13005 12064
13005 12343
13015 10571
13015 11020
13015 11079
13015 12521
13032 1461
13032 2066
13032 4016
13032 6830
13032 11813
13055 368
13055 880
13055 5964
13055 7233
13055 7700
13055 11593
13055 12372
13105 1147
13107 4790
13107 4829
13107 8354
13107 8491
13107 9646
13112 829
13112 830
13112 839
13112 4215
13112 4961
13112 8054
13116 7475
13116 10585
13130 10432
13130 14126
13131 139
13131 5129
13131 7325
13145 66
13145 69
13145 3721
13145 4388
13145 4651
13145 5956
13145 7233
13145 8214
13145 10320
13145 10806
13145 10949
13145 10978
13145 12402
13145 12532
13145 12677
13145 13540
13145 14049
13145 14103
13162 74
13162 880
13162 5731
13162 10785
13162 12056
13162 12357
13162 12466
13162 14103
13167 8389
13167 9607
13198 5729
13198 12628
13217 2013
13217 10940
13217 12526
13217 12547
13217 13235
13218 10932
13218 11297
13218 13187
13234 1147
13234 9603
13234 11723
13234 13113
13249 10444
13251 8939
13252 4762
13256 3825
13256 6947
13256 12085
13265 1851
13265 5681
13265 11425
13265 13253
13271 2327
13271 4281
13271 5000
13271 9892
13271 10425
13271 10627
13271 14495
13272 1709
13272 2467
13272 5372
13272 11962
13272 12677
13272 13328
13273 1242
13273 1804
13273 3822
13273 4875
13273 4994
13273 6473
13273 6818
13273 6819
13274 3576
13274 9569
13274 10726
13274 10732
13275 10146
13299 842
13299 3187
13299 5658
13299 13950
13303 4772
13305 5998
13306 5168
13306 10811
13310 7465
13310 7706
13310 10483
13310 10711
13310 10728
13310 11822
13332 71
13332 3919
13332 6518
13333 5966
13333 10732
13333 11029
13334 6561
13334 10157
13342 7553
13342 11419
13342 11700
13358 11705
13358 14492
13369 315
13369 11311
13414 73
13414 11377
13414 11683
13414 11747
13414 12741
13415 738
13415 11734
13417 10973
13419 3852
13419 13750
13419 13989
13424 5133
13428 10711
13429 13976
13442 4142
13454 14503
13460 10910
13473 4114
13475 71
13475 755
13475 5395
13475 6947
13475 7065
13486 94
13486 1025
13486 3276
13486 3796
13486 5182
13486 5988
13486 6531
13486 8589
13486 10120
13486 10160
13486 10650
13486 11713
13486 12741
13486 13540
13499 1710
13499 1780
13499 4657
13499 5188
13499 5756
13499 6331
13499 7486
13499 7992
13499 10174
13499 14081
13506 6287
13539 3192
13541 68
13541 13540
13542 9178
13552 11424
13552 13204
13556 8299
13556 12148
13557 4286
13557 14005
13558 10016
13558 13115
13558 13232
13570 12221
13570 13204
13572 2066
13572 11694
13580 8350
13580 10197
13588 3709
13588 10575
13594 1195
13594 8768
13595 11593
13602 1597
13602 2250
13602 2503
13602 2515
13602 4695
13602 4697
13602 5597
13602 5671
13602 5673
13602 7407
13602 10783
13602 10974
13605 3007
13620 6439
13644 1409
13644 8145
13740 7643
13814 3923
13814 5550
13814 8350
13814 11162
13825 9178
13931 5130
13941 11079
13941 11426
13942 525
13942 11426
13942 13117
13944 13751
13958 2496
13960 9340
13963 11424
13963 11495
13969 5831
13969 10174
13969 11593
13970 9221
13970 11593
13970 11664
13971 287
13971 288
13971 1837
13971 4583
13971 5831
13971 11404
13971 11805
13971 13243
13972 5831
13973 51
13973 1350
13973 1597
13973 3188
13973 3422
13973 6987
13973 8451
13973 9685
13973 12512
13973 12674
13973 13196
13997 10094
13998 2250
13998 5372
14003 3187
14008 6977
14008 8811
14017 747
14017 2464
14017 3355
14017 4188
14017 4473
14017 5658
14017 6400
14017 9213
14017 11512
14017 12806
14024 4185
14024 6871
14030 6580
14030 10166
14033 726
14033 1885
14033 4835
14033 11713
14033 14031
14040 7459
14040 11735
14040 12154
14052 13233
14055 6325
14055 11454
14056 9388
14057 97
14057 5831
14059 5321
14059 5831
14059 11593
14060 4233
14060 4424
14060 5100
14060 5358
14060 6783
14060 7134
14060 8771
14060 10074
14060 10319
14060 10798
14060 11336
14060 11944
14060 12642
14067 6131
14071 11278
14072 9388
14083 67
14083 1168
14083 1707
14083 3742
14083 5460
14083 7533
14083 14081
14083 14082
14088 9388
14089 9388
14105 141
14105 6206
14105 10471
14105 14103
14260 830
14263 1805
14263 4185
14263 5460
14263 9556
14284 4129
14284 4192
14284 6199
14284 8480
14284 12494
14299 1709
14299 5532
14299 5670
14299 10050
14299 12896
14306 7474
14452 8002
14491 6456
14491 11490
14491 14120
14508 6573
14517 739
14517 3639
14517 5320
14517 5698
14517 8192
14517 9570
14517 10159
14517 10216
14517 10621
14525 5990
14525 7251
14525 7871
14525 11412
14525 11906
