14541 14541 552
38 38
55 55
127 127
144 144
147 147
192 192
231 231
236 236
280 280
323 323
335 335
349 349
373 373
402 402
410 410
468 468
478 478
479 479
480 480
498 498
547 547
552 552
558 558
560 560
692 692
711 711
793 793
815 815
816 816
849 849
855 855
859 859
860 860
868 868
869 869
874 874
876 876
877 877
893 893
946 946
971 971
973 973
1021 1021
1039 1039
1042 1042
1045 1045
1081 1081
1086 1086
1087 1087
1093 1093
1099 1099
1134 1134
1144 1144
1152 1152
1154 1154
1184 1184
1194 1194
1201 1201
1231 1231
1236 1236
1305 1305
1317 1317
1332 1332
1398 1398
1399 1399
1404 1404
1421 1421
1436 1436
1440 1440
1449 1449
1507 1507
1514 1514
1536 1536
1537 1537
1551 1551
1558 1558
1559 1559
1604 1604
1646 1646
1669 1669
1670 1670
1673 1673
1687 1687
1689 1689
1693 1693
1700 1700
1711 1711
1725 1725
1761 1761
1762 1762
1764 1764
1796 1796
1798 1798
1799 1799
1800 1800
1810 1810
1811 1811
1812 1812
1813 1813
1816 1816
1821 1821
1833 1833
1839 1839
1844 1844
1860 1860
1861 1861
1918 1918
1968 1968
1989 1989
1994 1994
2004 2004
2105 2105
2116 2116
2120 2120
2129 2129
2132 2132
2147 2147
2149 2149
2154 2154
2160 2160
2161 2161
2166 2166
2211 2211
2214 2214
2233 2233
2242 2242
2254 2254
2263 2263
2274 2274
2295 2295
2299 2299
2310 2310
2316 2316
2336 2336
2338 2338
2360 2360
2364 2364
2375 2375
2397 2397
2421 2421
2422 2422
2442 2442
2455 2455
2489 2489
2491 2491
2517 2517
2535 2535
2536 2536
2544 2544
2553 2553
2559 2559
2569 2569
2603 2603
2607 2607
2627 2627
2634 2634
2644 2644
2646 2646
2647 2647
2668 2668
2675 2675
2676 2676
2687 2687
2713 2713
2857 2857
2858 2858
2896 2896
2901 2901
2909 2909
2954 2954
3002 3002
3008 3008
3013 3013
3017 3017
3020 3020
3038 3038
3041 3041
3042 3042
3044 3044
3075 3075
3103 3103
3150 3150
3168 3168
3186 3186
3195 3195
3213 3213
3223 3223
3226 3226
3233 3233
3234 3234
3236 3236
3238 3238
3254 3254
3266 3266
3269 3269
3282 3282
3285 3285
3292 3292
3293 3293
3314 3314
3329 3329
3332 3332
3339 3339
3384 3384
3385 3385
3395 3395
3409 3409
3464 3464
3540 3540
3547 3547
3560 3560
3655 3655
3687 3687
3695 3695
3743 3743
3790 3790
3831 3831
3832 3832
3836 3836
3876 3876
3936 3936
3954 3954
3974 3974
3989 3989
3993 3993
4079 4079
4081 4081
4084 4084
4086 4086
4096 4096
4099 4099
4109 4109
4110 4110
4116 4116
4137 4137
4144 4144
4145 4145
4159 4159
4175 4175
4178 4178
4181 4181
4200 4200
4206 4206
4208 4208
4213 4213
4230 4230
4231 4231
4253 4253
4261 4261
4284 4284
4291 4291
4313 4313
4330 4330
4336 4336
4338 4338
4341 4341
4346 4346
4362 4362
4370 4370
4390 4390
4401 4401
4404 4404
4405 4405
4407 4407
4415 4415
4420 4420
4430 4430
4433 4433
4457 4457
4480 4480
4481 4481
4501 4501
4517 4517
4518 4518
4540 4540
4544 4544
4546 4546
4563 4563
4564 4564
4590 4590
4603 4603
4608 4608
4617 4617
4618 4618
4629 4629
4638 4638
4639 4639
4648 4648
4666 4666
4690 4690
4693 4693
4699 4699
4725 4725
4729 4729
4741 4741
4765 4765
4776 4776
4809 4809
4823 4823
4902 4902
4907 4907
4973 4973
4984 4984
4988 4988
5012 5012
5038 5038
5043 5043
5061 5061
5116 5116
5117 5117
5151 5151
5158 5158
5195 5195
5296 5296
5297 5297
5342 5342
5361 5361
5375 5375
5399 5399
5409 5409
5410 5410
5411 5411
5412 5412
5413 5413
5414 5414
5423 5423
5424 5424
5431 5431
5437 5437
5469 5469
5508 5508
5513 5513
5523 5523
5533 5533
5539 5539
5554 5554
5567 5567
5611 5611
5622 5622
5627 5627
5634 5634
5667 5667
5684 5684
5704 5704
5713 5713
5725 5725
5730 5730
5741 5741
5759 5759
5770 5770
5783 5783
5785 5785
5788 5788
5793 5793
5807 5807
5833 5833
5909 5909
5917 5917
5919 5919
6004 6004
6087 6087
6093 6093
6133 6133
6142 6142
6187 6187
6209 6209
6272 6272
6289 6289
6304 6304
6306 6306
6433 6433
6446 6446
6488 6488
6590 6590
6620 6620
6633 6633
6676 6676
6685 6685
6688 6688
6705 6705
6742 6742
6795 6795
6887 6887
6891 6891
6953 6953
6961 6961
6980 6980
7241 7241
7258 7258
7261 7261
7291 7291
7297 7297
7353 7353
7380 7380
7411 7411
7428 7428
7457 7457
7470 7470
7525 7525
7618 7618
7673 7673
7712 7712
7776 7776
7824 7824
7881 7881
7938 7938
7957 7957
7996 7996
8039 8039
8048 8048
8080 8080
8154 8154
8194 8194
8206 8206
8235 8235
8258 8258
8289 8289
8310 8310
8370 8370
8419 8419
8428 8428
8478 8478
8500 8500
8571 8571
8631 8631
8632 8632
8675 8675
8679 8679
8752 8752
8809 8809
8830 8830
8894 8894
8909 8909
8973 8973
9045 9045
9048 9048
9054 9054
9102 9102
9187 9187
9189 9189
9288 9288
9463 9463
9481 9481
9527 9527
9562 9562
9701 9701
9811 9811
9819 9819
9825 9825
9826 9826
9827 9827
9830 9830
9831 9831
9833 9833
9842 9842
9845 9845
9847 9847
9850 9850
9855 9855
9859 9859
9861 9861
9876 9876
9877 9877
9878 9878
9881 9881
9882 9882
9886 9886
9890 9890
9961 9961
9980 9980
10065 10065
10086 10086
10093 10093
10101 10101
10169 10169
10183 10183
10212 10212
10312 10312
10448 10448
10490 10490
10515 10515
10520 10520
10524 10524
10527 10527
10632 10632
10679 10679
10791 10791
10916 10916
11004 11004
11034 11034
11046 11046
11070 11070
11268 11268
11299 11299
11335 11335
11494 11494
11530 11530
11659 11659
11783 11783
11883 11883
11895 11895
11919 11919
11927 11927
12140 12140
12394 12394
12396 12396
12443 12443
12445 12445
12482 12482
12500 12500
12517 12517
12518 12518
12666 12666
12797 12797
12851 12851
12866 12866
13019 13019
13028 13028
13087 13087
13221 13221
13224 13224
13298 13298
13338 13338
13357 13357
13441 13441
13455 13455
13471 13471
13494 13494
13498 13498
13504 13504
13564 13564
13918 13918
13946 13946
13951 13951
14016 14016
14058 14058
14066 14066
14116 14116
14275 14275
14424 14424
14461 14461
14464 14464
14465 14465
14468 14468
14471 14471
14474 14474
14475 14475
14476 14476
14478 14478
14479 14479
14480 14480
14481 14481
