14541 14541 3040
50 337
50 9138
51 2258
52 9138
56 12590
57 758
57 2495
57 4565
57 7182
57 7786
57 8312
57 11098
57 12333
58 296
60 451
60 11856
60 12710
61 2215
61 4533
61 7656
61 12450
62 396
62 9758
63 749
63 4664
63 10308
64 5457
64 6724
64 10455
64 11194
65 764
65 2880
65 8110
66 425
66 619
67 1345
67 3345
67 4610
68 4815
68 10757
68 13541
69 2619
69 6506
69 7629
71 418
72 3051
72 7819
72 8956
73 488
73 1692
73 1910
73 4548
73 4549
73 5110
73 6630
73 7912
73 8181
73 9016
73 9222
73 9432
73 10462
73 11138
73 12698
73 13414
74 297
74 702
74 2184
74 8207
74 8648
74 10308
74 11433
74 13162
75 6572
75 7666
75 8213
97 4467
97 6370
112 6175
112 7092
112 11160
112 12972
131 10030
139 13131
146 8158
146 9138
156 514
156 7358
287 2399
287 13971
288 13971
347 142
347 2748
347 12440
351 4566
368 119
368 10213
368 10350
368 10436
368 13055
377 8982
377 9390
377 9451
378 163
379 2716
383 7092
481 701
481 1566
481 3557
481 7778
481 11098
481 12750
485 489
485 1410
485 9044
516 820
516 1898
516 9033
517 1084
517 3330
517 8187
517 9179
517 9485
517 9750
517 12376
517 12598
525 2580
525 9134
525 12707
525 12731
525 13942
526 10913
540 9026
540 9138
540 10387
545 461
545 8756
549 11114
554 4475
572 1526
585 957
585 4297
585 10360
613 644
613 9601
613 12551
613 12933
632 338
632 1696
632 4094
632 6556
640 2368
640 7161
640 11018
666 538
669 667
670 2579
670 5058
670 10786
671 1103
679 682
703 407
703 8291
703 9658
726 14033
733 11897
736 732
738 7492
739 4468
741 12333
747 14017
748 9026
752 2790
754 1481
754 6763
754 7806
755 198
755 13475
756 419
759 749
759 907
759 11856
760 685
760 2768
760 5319
760 6867
760 14017
761 338
761 2890
761 7089
788 12543
817 2718
823 662
823 5060
823 6962
823 8291
829 441
829 3434
829 4358
829 6763
829 7508
829 8150
829 10649
829 10683
829 13112
830 534
830 3389
830 4089
830 4358
830 14260
839 534
839 535
839 723
839 888
839 1921
839 2424
839 2579
839 2662
839 3389
839 3426
839 3916
839 4089
839 4158
839 4262
839 4351
839 4358
839 6763
839 7508
839 8150
839 13112
873 889
873 1890
880 1822
880 2563
880 2623
880 3125
880 3221
880 4434
880 5456
880 5683
880 6661
880 7660
915 1697
915 7936
1010 3626
1010 4274
1010 12874
1025 11856
1064 10821
1082 3278
1098 10163
1098 12545
1110 7622
1110 10683
1147 13105
1168 619
1178 3622
1178 3670
1178 3671
1178 3727
1178 8762
1179 3525
1179 3586
1179 10239
1180 2420
1180 3586
1180 3587
1180 3622
1180 3624
1180 3671
1180 3724
1180 3727
1180 4974
1180 5528
1180 5974
1180 7405
1180 7784
1180 7864
1180 8509
1180 9350
1180 10142
1181 1873
1181 3622
1181 3624
1181 3670
1181 3724
1181 3727
1181 5973
1181 7864
1181 8762
1181 8781
1181 9344
1181 10142
1191 5324
1195 1046
1195 6918
1195 11897
1197 406
1197 2763
1197 9078
1197 9140
1197 12668
1220 6286
1220 7751
1220 10786
1220 11158
1230 1671
1230 4008
1230 4220
1230 9600
1230 10815
1273 4770
1273 7492
1293 4656
1293 5029
1293 9140
1293 12696
1308 77
1308 268
1308 322
1308 2866
1308 3277
1308 3984
1308 4094
1308 4853
1308 5483
1308 6372
1308 7166
1308 8313
1308 8851
1308 9161
1319 297
1319 1607
1319 8648
1319 11857
1324 1084
1324 8187
1324 8291
1379 7161
1379 7997
1409 2010
1411 2234
1411 11878
1456 3821
1456 6162
1459 238
1459 1458
1459 1460
1459 3388
1459 5980
1461 1458
1461 1460
1461 5980
1462 1458
1462 1460
1463 5873
1463 6533
1482 8198
1497 337
1497 9138
1497 11857
1512 8291
1517 1511
1517 3492
1517 10927
1518 7636
1518 14089
1529 2183
1529 5459
1531 503
1533 319
1533 9131
1540 4442
1540 4700
1540 5795
1540 6365
1540 6370
1540 8455
1540 8720
1540 8995
1540 9082
1574 11160
1585 10934
1597 5827
1637 2900
1639 1949
1639 2854
1639 5418
1639 6061
1640 1046
1640 1806
1640 7705
1655 4786
1655 8400
1655 10455
1657 1857
1657 3063
1657 3197
1657 4782
1657 4894
1657 6314
1657 7128
1657 7193
1657 8236
1657 8291
1657 8651
1657 9110
1664 5083
1664 6123
1664 8000
1666 418
1666 7362
1708 1873
1708 3596
1708 4852
1708 9758
1709 12939
1710 8207
1715 758
1715 8779
1715 13499
1716 1162
1716 1163
1747 5958
1747 11544
1750 1751
1750 5318
1750 8153
1750 8477
1750 10075
1750 11116
1758 11008
1770 2212
1770 5086
1770 9171
1770 12344
1770 12999
1788 11145
1804 1570
1804 2958
1804 8120
1805 2187
1805 3984
1805 5288
1805 11897
1805 14263
1823 1415
1832 1486
1832 4533
1832 7656
1834 4314
1834 6402
1837 706
1837 2399
1837 6225
1851 2743
1851 4573
1851 10329
1851 13265
1853 2740
1858 165
1858 1066
1858 8588
1858 9452
1885 178
1885 338
1885 1572
1885 2342
1885 9205
1885 10058
1892 2941
1914 4810
1914 4992
1914 5488
1914 5804
1914 7757
1973 856
1973 2052
1973 3617
1973 8671
1973 10934
2013 8362
2014 3070
2014 9658
2028 7480
2066 3433
2066 9449
2066 12710
2066 13032
2082 111
2083 5555
2108 2844
2108 3222
2108 11175
2200 3390
2200 10372
2250 6767
2250 6769
2250 10934
2288 1566
2315 9758
2327 3110
2327 5604
2327 5605
2327 8953
2327 9012
2327 9304
2328 1596
2328 3200
2328 5420
2328 6867
2330 5449
2330 11971
2330 12894
2355 3680
2374 425
2374 856
2374 3479
2377 1745
2377 12408
2382 743
2382 9934
2407 856
2407 896
2407 1085
2407 5517
2419 1778
2419 3029
2437 4770
2440 4545
2440 11358
2462 660
2464 14017
2467 77
2467 13272
2469 4265
2493 8024
2493 10058
2496 751
2496 1519
2496 2548
2496 2849
2496 4120
2496 5231
2496 6666
2496 6667
2496 6878
2496 9012
2496 9252
2496 10347
2503 621
2504 2412
2534 1787
2534 3629
2534 6371
2547 1572
2547 6878
2547 7834
2641 4297
2673 1787
2673 4533
2673 7656
2684 10683
2684 12408
2684 13005
2690 4536
2767 11225
2970 338
2978 696
2978 1097
2978 1526
2978 7471
2978 8120
2978 8334
2996 5187
2996 10813
2999 3750
3007 3005
3032 3549
3032 3622
3032 3623
3032 3667
3032 3669
3040 77
3040 3617
3040 10934
3105 1712
3105 9140
3105 10284
3133 1656
3133 5092
3153 11160
3153 11178
3187 660
3188 1135
3188 3222
3188 3432
3188 13973
3192 451
3192 2365
3192 4163
3196 11178
3262 507
3276 13486
3283 9225
3337 1460
3337 2558
3340 11983
3354 7480
3367 4182
3378 14060
3391 4182
3416 4070
3416 6141
3416 8291
3420 5571
3421 1888
3421 4297
3422 4846
3422 13973
3465 111
3504 337
3504 9138
3511 12543
3516 7237
3516 7962
3516 9390
3516 9451
3516 12126
3553 9138
3562 633
3562 4191
3562 7997
3562 9138
3576 1525
3576 2772
3576 8927
3576 13274
3599 696
3599 4098
3602 154
3628 12003
3632 5866
3632 9171
3632 12694
3639 1281
3639 10618
3639 11067
3639 11179
3639 12694
3651 1455
3651 2162
3651 3165
3651 4475
3651 6162
3651 11348
3668 2251
3668 5457
3674 3840
3674 4227
3674 7918
3674 10669
3706 7237
3716 957
3721 6506
3725 4207
3742 11979
3758 154
3796 441
3797 1347
3797 1458
3797 3388
3797 5980
3810 7032
3814 3051
3814 7326
3816 1340
3816 1545
3816 2215
3816 2666
3816 8420
3816 10305
3819 9935
3822 8120
3822 8334
3822 8714
3822 13273
3852 5986
3852 11597
3858 536
3858 1546
3858 4852
3858 9575
3858 9596
3858 10856
3869 6609
3869 9496
3869 10966
3869 11148
3869 11325
3869 12519
3869 12867
3870 5989
3870 11325
3880 5062
3889 8600
3889 9026
3889 10470
3889 11661
3912 3792
3918 1969
3919 322
3919 5062
3921 7092
3923 13814
3944 4170
3944 8014
3944 8038
3944 9366
3944 11670
3945 406
3964 4468
3964 10786
3966 3190
3968 3671
3969 3548
3969 3667
3971 3548
3971 3551
3971 3586
3971 3623
3971 3624
3971 3669
3971 9781
3983 7362
3983 11225
3992 2748
3992 5850
3992 11979
4002 222
4002 717
4002 4549
4016 122
4016 999
4016 7858
4073 418
4073 9758
4074 706
4074 896
4074 1873
4091 843
4097 2399
4114 7632
4114 13473
4129 2173
4129 3345
4129 8262
4129 11074
4129 11715
4129 14284
4141 4319
4142 4183
4142 4389
4142 13442
4142 13580
4154 4548
4185 1939
4185 2861
4185 7936
4185 8291
4185 11194
4185 14024
4188 11098
4188 12431
4190 3483
4190 4191
4190 6216
4192 2368
4192 2971
4192 14284
4193 1902
4193 5890
4215 2971
4215 4358
4215 7508
4215 8150
4215 13112
4222 7492
4233 14060
4279 2925
4281 856
4281 11050
4286 13557
4289 1493
4323 6572
4332 2191
4342 122
4342 999
4347 7946
4360 2588
4360 5519
4360 6668
4360 10436
4382 2240
4382 4958
4382 5574
4382 6478
4382 7786
4382 11358
4453 9225
4473 8737
4473 14017
4477 9277
4477 9644
4484 1066
4484 5827
4497 529
4497 2097
4497 5448
4497 5486
4497 6973
4497 7733
4497 9663
4497 10030
4497 11050
4497 12894
4516 6370
4516 7032
4516 7551
4516 7786
4516 9916
4516 11098
4516 12333
4522 871
4583 12003
4586 5062
4586 5982
4586 9709
4586 13941
4611 2078
4611 11489
4611 13005
4634 1139
4634 7581
4634 8291
4647 12227
4651 142
4651 2406
4651 4389
4657 4656
4674 297
4680 13740
4686 11098
4687 12598
4695 12621
4697 1980
4697 2325
4697 12621
4726 4662
4726 5999
4726 7358
4726 11114
4726 11225
4730 8361
4730 9758
4750 2153
4751 6841
4762 1787
4772 436
4772 2235
4772 7582
4772 7583
4772 7818
4772 8623
4772 8810
4772 8888
4772 9064
4772 9249
4772 10824
4772 13303
4774 4579
4774 8650
4774 9059
4774 10944
4774 12886
4777 484
4777 5614
4784 8896
4788 5738
4792 1122
4792 5465
4792 6260
4792 8083
4792 12696
4792 12867
4806 3336
4811 7946
4818 4969
4819 2215
4819 13271
4821 11856
4826 9699
4827 1486
4827 4536
4827 4986
4829 4476
4829 7656
4834 11154
4838 8207
4839 7034
4855 11018
4863 3277
4863 5303
4863 6862
4863 7551
4863 8401
4863 9138
4863 11098
4867 1084
4867 2097
4867 3330
4867 5486
4867 9485
4873 11099
4875 7378
4875 10871
4875 13273
4884 3222
4884 9972
4884 13306
4886 11106
4887 11971
4928 4532
4928 4533
4928 7656
4928 9005
4928 9785
4928 10244
4930 2342
4930 7102
4942 6296
4951 743
4951 2050
4951 2698
4951 5037
4951 9567
4951 9568
4960 6881
4961 856
4961 13112
4963 3596
4963 7956
4965 6193
4965 11179
4982 2704
4982 2722
4982 5920
4982 6226
4994 7540
4994 8334
5000 702
5000 4296
5001 4852
5004 2072
5013 853
5013 3483
5013 7207
5016 14284
5025 12621
5026 3801
5026 4196
5026 4255
5026 6625
5026 7016
5026 7163
5026 7396
5026 7507
5026 8884
5026 9246
5026 9790
5026 10207
5026 10405
5026 10617
5026 10868
5026 12438
5034 4662
5047 3336
5047 5873
5047 12543
5097 3135
5097 3497
5102 6692
5109 1167
5109 1300
5109 12696
5129 397
5129 476
5129 13131
5130 13424
5157 6061
5168 12748
5172 338
5182 757
5182 2958
5182 6286
5182 7656
5182 7894
5188 13499
5224 9391
5230 3306
5230 5932
5248 13005
5264 6354
5276 8956
5279 687
5279 10892
5289 2916
5289 2917
5309 1806
5309 14083
5321 2251
5321 4486
5321 5817
5321 9838
5350 7641
5350 8495
5350 13971
5365 2313
5365 3681
5365 8066
5365 8863
5365 9182
5365 9707
5365 10214
5365 11225
5365 13971
5372 8928
5372 10058
5379 6425
5379 8599
5383 4662
5395 5105
5422 4831
5447 11170
5447 12023
5460 700
5460 701
5460 1680
5460 1726
5460 2443
5460 10708
5460 10764
5460 12768
5468 6973
5468 10030
5468 11999
5468 12598
5470 524
5470 1859
5470 5706
5470 7879
5470 9787
5485 2474
5485 3135
5485 3390
5485 6675
5492 6997
5493 211
5493 11587
5494 211
5494 337
5496 11587
5534 11138
5537 337
5550 8400
5550 13814
5569 338
5580 646
5580 3190
5580 3607
5580 4173
5580 5035
5580 5443
5580 5997
5580 6555
5580 6666
5580 6667
5580 7295
5580 9012
5580 11579
5596 11236
5597 696
5597 8925
5597 13602
5599 3053
5631 1486
5646 2910
5646 4184
5646 6957
5652 3623
5652 3624
5671 12621
5671 13602
5681 5059
5696 3548
5696 3551
5696 3586
5696 3587
5696 3624
5696 3724
5696 5971
5696 7784
5696 7864
5697 8133
5722 9758
5729 3305
5729 4831
5792 12543
5829 5416
5829 6370
5829 11477
5831 1982
5831 3492
5831 8216
5831 8291
5831 9917
5831 10276
5831 10586
5831 12917
5831 13969
5831 14057
5831 14059
5834 7362
5834 8386
5834 8554
5834 9015
5834 12598
5858 5105
5858 6724
5858 6808
5858 10213
5858 10436
5858 11544
5875 441
5903 6717
5903 11006
5903 12651
5904 3894
5904 7705
5912 11272
5912 11802
5956 3306
5956 11257
5956 13145
5960 6285
5960 10058
5977 1164
5977 9493
5979 11857
5988 8181
5988 12362
5988 13486
5990 3190
5990 6370
5990 10813
5990 11957
5993 12696
5994 1109
6008 4738
6011 5167
6011 8262
6011 11450
6015 6746
6015 8254
6080 3277
6080 4476
6080 7819
6081 727
6081 2579
6081 3629
6081 6371
6090 12362
6118 1097
6184 732
6195 11067
6195 11355
6196 812
6196 1546
6196 4624
6196 12431
6198 9390
6199 1544
6199 8063
6199 8152
6199 14284
6206 1582
6206 3483
6206 4759
6206 6229
6206 6347
6206 14105
6273 619
6287 5105
6305 2245
6325 1414
6325 2842
6325 5453
6325 5486
6325 5702
6325 5808
6325 6335
6325 6800
6325 7002
6325 7623
6325 8015
6325 8068
6325 8382
6325 8383
6325 8384
6325 8888
6325 9924
6325 12598
6325 14055
6331 13499
6337 4202
6337 4943
6337 11433
6338 6339
6338 10054
6350 1787
6428 6175
6428 8740
6428 9692
6428 9810
6438 338
6438 3995
6439 6370
6439 8157
6441 286
6441 8750
6460 12543
6469 4662
6473 189
6473 7402
6490 10640
6499 7039
6499 9074
6518 6974
6531 1579
6531 4297
6531 7698
6539 1410
6561 13334
6568 700
6568 1656
6568 8925
6570 406
6570 3360
6570 4656
6570 7779
6573 4585
6573 11098
6597 2072
6598 366
6600 2072
6600 11346
6616 696
6616 10938
6621 8977
6650 2359
6670 1294
6670 4579
6670 5301
6670 6070
6670 8083
6703 7378
6703 8120
6711 2890
6735 13005
6812 750
6812 890
6812 1464
6812 3746
6812 5891
6812 7332
6812 8912
6812 11172
6830 369
6865 12696
6873 7352
6892 2184
6892 3306
6892 6736
6900 5090
6900 5288
6902 3492
6902 9493
6904 419
6941 4831
6941 10623
6947 5465
6976 3131
6976 3948
6976 10714
6977 14008
6978 5418
6983 7149
6987 4770
7000 6031
7010 9733
7058 6876
7058 8291
7064 11072
7065 841
7065 4723
7066 5167
7066 6370
7066 8262
7066 8293
7066 11450
7080 12749
7104 1566
7104 4923
7104 7765
7104 8420
7104 8495
7104 10580
7104 10581
7104 12849
7106 7787
7116 9761
7122 8669
7127 11101
7137 5817
7137 6354
7139 751
7139 10305
7141 702
7141 6627
7141 11346
7156 2519
7164 476
7164 5426
7167 3061
7167 7308
7172 425
7172 1778
7176 10787
7183 5203
7185 10145
7233 441
7233 4662
7233 4766
7233 7705
7233 7819
7233 10163
7233 11114
7251 1148
7251 5624
7251 7886
7251 8400
7259 4194
7259 8953
7259 12556
7285 12543
7292 2406
7292 7092
7292 10530
7333 8025
7333 8618
7333 8977
7333 10871
7335 7964
7350 2458
7357 5457
7357 5571
7357 10167
7368 2072
7386 2748
7388 5992
7391 8291
7400 6954
7417 2941
7417 9699
7430 2134
7438 7668
7443 722
7443 1159
7444 3995
7446 853
7446 5982
7446 9709
7459 14040
7462 751
7465 6162
7465 13005
7466 1636
7468 725
7468 1545
7468 8727
7468 9699
7474 3135
7474 6120
7474 10372
7475 1873
7475 3328
7475 4194
7475 4662
7475 11583
7475 13116
7486 2958
7486 6372
7486 13499
7511 5106
7511 8927
7533 7092
7533 9225
7533 10856
7547 5062
7553 4833
7553 5458
7553 5629
7553 8495
7553 13342
7584 8115
7592 732
7592 5817
7605 757
7605 5518
7608 8207
7617 11358
7624 4094
7624 13005
7637 3135
7638 11074
7643 7997
7643 8107
7643 13740
7658 2615
7658 3306
7700 9972
7726 12003
7742 1190
7743 1795
7744 7395
7744 8982
7744 11742
7744 12126
7744 12624
7749 11106
7756 11224
7758 990
7758 4766
7758 5376
7758 6940
7758 7705
7758 9918
7758 10058
7758 10455
7758 11857
7758 12668
7758 12886
7762 11154
7771 4170
7771 6609
7771 11245
7791 11489
7792 2078
7792 5112
7799 8633
7802 3894
7811 11983
7822 2325
7822 5490
7871 14525
7876 10409
7882 9763
7915 3058
7919 1085
7959 2171
7992 13499
8002 4468
8011 7946
8012 296
8031 2971
8031 3626
8058 12683
8095 12543
8125 2976
8145 2716
8145 9966
8169 7852
8172 2142
8172 2852
8172 3114
8172 4146
8172 7867
8192 14517
8211 12186
8212 1651
8212 7763
8212 8627
8212 9390
8212 10618
8214 1873
8214 4491
8222 7656
8231 3320
8231 4906
8231 5639
8231 6001
8231 7102
8231 8144
8231 8693
8231 8789
8231 9471
8231 9606
8231 9706
8231 9780
8231 9800
8231 9947
8231 9955
8231 10668
8231 10988
8231 11358
8231 12131
8231 12133
8243 3130
8243 8727
8252 924
8277 4665
8299 460
8299 3434
8299 6091
8299 9342
8299 9916
8299 13556
8305 336
8315 2309
8315 3344
8315 3432
8315 4464
8315 6390
8315 9449
8315 10640
8331 13299
8335 12585
8350 702
8350 13814
8353 7268
8387 9088
8389 3471
8389 4861
8389 5217
8389 5680
8389 6659
8389 7628
8389 8435
8389 8823
8389 8945
8389 9207
8389 9497
8389 10253
8389 10310
8389 10447
8389 13167
8403 2204
8415 8896
8415 9526
8415 11455
8415 13162
8426 3344
8429 13005
8448 10649
8452 3967
8461 1419
8461 2699
8463 9022
8470 5647
8470 8740
8470 9810
8470 11455
8474 5443
8475 12003
8482 9810
8488 3190
8488 5757
8488 8030
8491 336
8491 13107
8506 154
8506 9041
8506 9496
8506 12533
8528 663
8528 758
8543 171
8543 1651
8543 3482
8543 7395
8543 8072
8543 9891
8549 11225
8549 11971
8559 6414
8560 1241
8560 2342
8560 2405
8560 3144
8560 4153
8560 4545
8560 10249
8560 10321
8560 12587
8560 12598
8562 2764
8562 3300
8562 3680
8562 4167
8562 5587
8562 6329
8562 8386
8562 8979
8562 9224
8562 9493
8566 704
8589 12035
8603 6058
8621 204
8661 3856
8661 5401
8661 6260
8661 10856
8664 1690
8680 7765
8683 5229
8684 11145
8687 3607
8687 5231
8687 5835
8687 5997
8687 10331
8687 10818
8687 11453
8698 11072
8700 12115
8701 9493
8717 3301
8748 732
8754 800
8754 5303
8755 11641
8760 2701
8760 2702
8768 3125
8768 13594
8771 14060
8780 10530
8786 1294
8786 7956
8786 8896
8788 7084
8788 10899
8791 7645
8791 12828
8792 3617
8792 6260
8792 12869
8811 14009
8818 418
8818 889
8818 7207
8834 8927
8849 2153
8862 10990
8874 12543
8880 11139
8885 2204
8885 11745
8886 406
8899 856
8899 6556
8899 7356
8899 9588
8899 11050
8930 2255
8930 7705
8930 8925
8930 10826
8972 7268
8972 7716
8983 3626
8992 9972
9036 4574
9047 3629
9047 10435
9047 12186
9050 3939
9087 337
9087 702
9087 1281
9087 8130
9087 10579
9162 11138
9162 12696
9176 9244
9176 9361
9178 13825
9186 338
9191 702
9191 6290
9213 12768
9254 6785
9260 8025
9281 1376
9281 6929
9299 1751
9299 4164
9299 10060
9300 4226
9300 12543
9326 7761
9331 461
9331 10436
9333 3481
9333 3495
9333 4861
9333 6085
9333 6257
9333 7546
9333 7773
9333 8420
9333 9138
9333 10804
9333 11098
9333 11246
9340 9390
9340 9451
9340 10886
9367 10351
9379 165
9379 4170
9379 5216
9387 7997
9388 2793
9388 5517
9388 8291
9388 8702
9388 9238
9388 9252
9388 9304
9388 10474
9388 14056
9388 14072
9388 14088
9388 14089
9431 1538
9444 6276
9444 9810
9457 3863
9467 3833
9467 5345
9489 406
9525 12543
9541 2748
9541 9095
9543 5184
9544 6879
9556 5160
9556 7295
9556 8000
9556 11358
9556 11999
9556 12525
9563 4816
9563 6435
9563 10938
9569 542
9569 7705
9569 8925
9569 11348
9570 6954
9570 11348
9570 14517
9571 367
9571 1890
9571 7099
9590 5812
9603 87
9603 461
9603 5187
9603 7237
9603 10913
9603 13234
9607 1603
9607 3779
9607 4220
9607 4822
9607 6031
9607 6746
9607 10953
9607 11358
9609 3626
9611 12003
9612 5873
9617 5873
9617 9192
9617 10287
9617 10804
9617 11246
9617 14299
9633 1980
9645 2613
9645 11539
9646 13107
9653 7656
9662 1046
9662 5651
9677 425
9677 972
9677 5029
9677 8881
9677 10951
9677 11991
9677 13306
9683 5345
9683 12748
9686 6058
9725 5555
9727 8779
9732 531
9732 619
9732 663
9732 990
9732 2255
9732 2541
9732 2932
9732 5085
9732 8925
9732 11971
9732 12699
9738 2965
9738 3890
9738 5573
9738 7209
9738 9086
9738 11141
9745 3626
9751 129
9751 11277
9784 107
9784 856
9784 1368
9784 3840
9784 4307
9784 7641
9784 12249
9788 2562
9788 10436
9798 12543
9801 7925
9828 1963
9828 10988
9828 13162
9832 5549
9832 11225
9841 2716
9841 3052
9844 2050
9865 406
9865 5180
9892 4087
9892 13271
9910 7997
9910 11074
9936 5639
9936 6744
9950 13305
9951 3692
9951 3764
9951 4551
9951 4572
9951 5046
9951 5110
9951 6652
9951 6758
9951 6824
9951 7705
9951 8401
9951 9785
9951 10240
9951 11080
9951 11235
9951 11361
9951 12005
9951 12278
9985 2522
9985 2993
9985 4487
9985 5528
9985 5620
9985 5891
9985 5894
9985 5895
9985 6684
9985 7018
9985 7020
9985 7021
9985 7022
9985 7023
9985 8866
9985 9585
9985 10382
9985 10488
9985 10489
9985 12746
9985 12751
9995 1940
9995 3939
9995 5739
10015 6937
10015 12545
10016 3694
10016 8588
10022 889
10022 12545
10066 3833
10074 14060
10113 924
10136 5376
10146 9088
10146 9171
10147 10933
10155 11715
10159 10649
10159 14517
10170 5626
10174 3759
10174 6514
10174 7173
10174 7716
10174 7848
10174 8291
10174 8640
10174 8710
10174 8742
10174 9024
10174 9385
10174 10008
10174 10168
10174 10243
10174 10879
10174 11040
10174 11042
10174 11350
10174 11351
10174 11352
10174 11354
10174 11380
10174 11408
10189 1085
10189 5555
10189 7356
10192 4260
10192 7128
10197 461
10197 12115
10197 13580
10200 441
10200 10284
10200 10640
10205 878
10205 2993
10205 3061
10205 3426
10205 6301
10205 6816
10205 7540
10205 8498
10205 10091
10205 11223
10205 11519
10205 11749
10218 2079
10221 406
10221 4562
10224 4008
10224 4574
10224 7764
10224 13332
10231 503
10231 722
10231 2217
10247 12023
10250 12362
10259 725
10259 2194
10259 3596
10259 5180
10269 5150
10270 418
10270 2723
10270 8025
10270 8977
10286 4852
10286 7268
10291 5263
10291 9476
10291 11963
10294 4226
10294 6800
10320 1873
10320 8207
10320 8779
10320 12696
10345 3035
10345 7920
10345 11148
10355 11971
10425 2368
10425 2584
10425 4723
10425 5185
10425 5464
10425 7701
10425 7711
10425 9225
10425 9630
10425 10856
10425 11452
10432 12316
10432 13130
10433 3203
10433 6061
10433 9205
10457 11984
10467 3058
10471 8152
10483 531
10483 646
10483 749
10483 890
10483 6058
10483 6759
10483 13310
10518 812
10518 10530
10544 4094
10547 7786
10547 8951
10547 8956
10547 12068
10547 12333
10566 401
10566 750
10566 9840
10571 13015
10573 4643
10575 8177
10575 12696
10585 1135
10590 4476
10590 4852
10592 418
10592 907
10592 3393
10592 8956
10592 10975
10638 111
10638 3277
10638 8361
10638 9182
10638 10975
10650 4374
10650 5856
10650 7526
10650 13486
10653 5715
10681 10242
10693 406
10693 11225
10704 2716
10709 507
10709 5272
10711 13310
10724 4265
10726 5192
10726 12680
10726 13274
10727 5827
10727 11074
10728 451
10728 4374
10728 7526
10729 2958
10729 10913
10731 6216
10732 1902
10732 2235
10732 4944
10732 10649
10732 13274
10752 2090
10752 7009
10752 7945
10767 3277
10767 3833
10767 4525
10767 7806
10767 8495
10767 11591
10767 12003
10782 5062
10785 3051
10785 13162
10788 2580
10788 6115
10788 10047
10803 4536
10806 751
10806 757
10806 1924
10806 4532
10806 4533
10806 5110
10806 7656
10806 11963
10806 12249
10806 13145
10808 7656
10810 1607
10810 3221
10810 5509
10810 6260
10810 7865
10811 3610
10811 7209
10811 7268
10811 13306
10829 2794
10829 6849
10829 12051
10865 730
10865 12319
10867 727
10867 1692
10867 6370
10869 13005
10872 10807
10877 1190
10877 5059
10877 6609
10877 8035
10877 9452
10877 12175
10877 12411
10877 12519
10877 12568
10884 1455
10884 3789
10884 6162
10905 12731
10906 5740
10910 11521
10910 13460
10911 702
10911 3826
10911 4155
10911 11701
10911 12706
10932 702
10932 5112
10936 2654
10936 8115
10937 2217
10937 7089
10940 10408
10940 12624
10940 12702
10955 3990
10955 9712
10955 13942
10957 8495
10957 11913
10967 7920
10967 11024
10968 3483
10968 4786
10968 8400
10973 2733
10973 4616
10973 8495
10973 13417
10978 764
10978 10351
10978 12709
10978 13145
10981 11138
10992 9074
11020 2781
11023 9972
11027 4227
11030 14060
11038 9265
11039 1455
11039 9138
11045 5873
11045 8498
11049 889
11049 2925
11049 3344
11049 6736
11079 3198
11079 8367
11079 9131
11079 10315
11079 12694
11079 13015
11079 13941
11085 7705
11108 2270
11146 1368
11146 9789
11146 11225
11151 6759
11151 9596
11151 12186
11152 588
11152 1734
11152 2958
11152 3894
11152 4101
11152 6365
11152 7161
11152 8063
11152 11175
11180 5303
11184 6179
11210 856
11210 5473
11210 10931
11210 12542
11241 5866
11251 1320
11251 5840
11251 5871
11251 10455
11251 12680
11253 1544
11253 7786
11259 642
11259 5403
11259 10886
11278 704
11278 12623
11281 12621
11281 12696
11288 4833
11292 727
11292 1085
11292 1291
11292 4098
11292 4131
11292 4466
11292 7161
11292 10442
11292 11519
11292 12174
11297 6115
11297 9601
11297 13218
11298 164
11298 702
11298 2942
11298 6609
11298 7844
11298 10618
11298 12519
11298 12868
11311 9986
11311 12543
11311 13369
11334 7705
11334 9182
11334 11114
11336 856
11336 4210
11336 4932
11336 10864
11379 5732
11396 2282
11396 2579
11404 704
11404 1566
11412 1524
11412 10938
11412 14525
11424 5922
11424 9579
11424 11148
11424 11796
11424 13552
11424 13963
11425 3198
11425 6609
11425 9452
11425 12868
11426 8367
11426 13941
11427 508
11427 1281
11427 8367
11427 10618
11428 9891
11428 12319
11429 702
11429 2270
11429 5913
11429 7920
11429 11272
11429 12001
11429 14452
11438 3198
11438 10315
11439 2925
11445 10708
11454 3565
11454 6431
11454 6659
11454 7557
11454 9277
11454 12598
11454 14055
11458 1888
11458 3495
11459 12709
11462 1944
11462 4815
11462 7665
11462 9090
11462 10757
11462 12731
11481 2153
11481 3433
11485 522
11490 12543
11491 544
11491 5907
11491 5927
11491 8999
11491 10875
11491 11185
11491 12584
11495 8035
11495 8038
11495 9452
11495 11802
11495 13963
11512 7654
11512 10975
11592 1822
11593 990
11593 2175
11593 2363
11593 3697
11593 3732
11593 3734
11593 3736
11593 3737
11593 3860
11593 7730
11593 10052
11593 12510
11593 12727
11593 13969
11593 14059
11612 11489
11612 12003
11625 9733
11683 832
11683 2950
11683 3579
11683 3781
11683 4756
11683 5210
11683 8406
11683 8647
11683 9595
11683 10126
11683 10880
11683 11385
11683 11712
11683 13414
11685 10706
11688 3052
11688 5476
11688 5477
11689 6162
11689 9192
11689 10579
11691 5629
11694 4689
11700 11935
11705 13358
11713 6390
11723 2253
11735 322
11735 441
11735 2925
11735 3061
11735 3328
11735 3344
11735 14040
11741 10308
11747 8633
11748 2282
11748 2579
11777 7780
11778 7656
11779 656
11779 2743
11779 11796
11780 7237
11782 6957
11800 1744
11800 3821
11800 10455
11809 702
11809 1333
11809 1345
11809 2779
11809 4536
11809 4610
11809 5873
11809 7236
11809 7508
11809 8495
11809 10287
11809 10804
11809 11246
11809 11856
11809 11857
11810 4643
11813 337
11813 6372
11822 6372
11822 6627
11822 7894
11822 8473
11822 11114
11822 13005
11825 338
11827 12768
11828 4485
11828 6193
11828 8460
11828 10236
11829 363
11829 1638
11829 3768
11829 4101
11829 6276
11829 6974
11829 10706
11829 12497
11836 8262
11836 9575
11837 8291
11837 8873
11844 11247
11847 337
11847 1281
11847 3277
11847 5629
11847 7780
11847 10445
11847 12577
11876 1460
11876 3432
11876 12710
11900 732
11900 2625
11906 6794
11953 337
11958 10934
11962 7972
11962 8863
11962 11979
11962 11983
11965 10350
11969 11114
11972 4462
11972 8179
11977 6489
11977 7780
11977 8130
11977 10579
11987 9250
12056 11935
12064 4094
12064 6349
12064 6372
12075 4227
12075 4476
12085 3070
12085 3729
12085 5795
12085 7537
12085 13256
12093 725
12093 12545
12104 7597
12154 7358
12154 7480
12154 14040
12158 6974
12160 2050
12160 12710
12221 10058
12221 13570
12292 564
12322 13271
12349 4815
12350 248
12355 853
12368 9971
12369 1969
12369 9810
12372 1368
12372 1584
12372 4101
12372 4653
12372 4979
12372 5949
12372 7263
12372 7264
12372 12886
12372 13055
12375 2236
12375 11325
12402 1692
12402 2262
12402 5390
12402 6425
12402 6517
12402 11455
12405 12696
12425 704
12429 5473
12436 5663
12436 12437
12454 338
12454 4476
12460 406
12460 11028
12467 4815
12467 10757
12478 10214
12484 3667
12484 3670
12484 3727
12484 3975
12484 5971
12484 5973
12484 5974
12484 5975
12484 7784
12484 8509
12484 9253
12484 9350
12494 2772
12511 5263
12511 9358
12511 10242
12512 4562
12512 12249
12513 2558
12515 1209
12521 522
12521 1038
12521 3198
12521 8367
12521 9131
12521 13015
12521 13941
12522 12621
12530 6549
12532 6167
12532 11591
12535 758
12535 3131
12535 6862
12535 11098
12540 337
12540 1122
12540 1822
12540 1924
12548 3550
12548 11174
12558 3433
12629 1607
12629 4290
12631 4852
12631 10772
12634 6881
12639 12590
12642 14060
12644 3681
12644 11857
12655 7029
12655 11067
12659 3091
12659 4861
12659 5295
12659 12886
12661 11074
12662 418
12662 2971
12672 9476
12672 11194
12677 3005
12677 13272
12687 2277
12687 7546
12687 7859
12687 11979
12689 1795
12689 9052
12691 406
12691 425
12691 486
12691 2159
12691 3029
12691 3045
12691 6464
12691 8254
12691 8873
12691 11028
12691 11455
12691 12002
12697 9452
12697 11148
12697 12175
12721 486
12721 1149
12721 5088
12721 7716
12721 9761
12721 12215
12725 10579
12728 7286
12735 765
12737 3750
12737 12869
12761 2255
12761 7705
12761 7719
12761 8925
12761 10163
12769 2359
12769 4189
12769 4548
12769 4656
12769 4852
12769 5288
12769 6390
12769 9140
12775 1164
12775 8727
12802 337
12802 6489
12802 9138
12802 9789
12832 4596
12832 5187
12832 5827
12833 1320
12880 2212
12880 12999
12882 4426
12882 8896
12882 10455
12882 12892
12884 5986
12884 10856
12884 11024
12885 5187
12885 5629
12891 5827
12891 9712
12891 12680
12891 12894
12896 5873
12896 12898
12899 6533
12899 9138
12899 9192
12899 10804
12899 11246
12905 2471
12905 8093
12905 9700
12905 10382
12927 1464
12927 6974
12961 2130
12961 11067
12961 11313
12967 28
12967 7315
12967 11138
13083 4265
13083 11897
13095 10598
13096 636
13096 8158
13096 12696
13098 337
13098 696
13098 2743
13098 4573
13098 4833
13098 5023
13098 7780
13098 8177
13098 9138
13098 9192
13099 4274
13099 10455
13113 87
13113 5187
13113 7954
13113 8658
13113 8925
13113 10039
13113 10913
13113 11309
13113 13234
13115 506
13115 4170
13115 7913
13117 1795
13117 9052
13117 11167
13133 9631
13139 337
13140 1046
13140 3895
13141 9338
13143 9972
13143 12696
13149 489
13149 4596
13149 5187
13149 5871
13149 8658
13149 10623
13164 6425
13164 7665
13164 11587
13169 1455
13169 6162
13187 4170
13187 11796
13190 9975
13191 3317
13191 6849
13191 7781
13191 8627
13191 11245
13192 8038
13192 9056
13192 9366
13192 9628
13192 11245
13195 12568
13196 3948
13196 10350
13196 10938
13196 12869
13204 6950
13223 9192
13233 11167
13236 5059
13236 7917
13236 11272
13236 12109
13236 14452
13238 2279
13243 13971
13243 14057
13253 6405
13253 13265
13263 2175
13263 3492
13263 5105
13263 6724
13266 1192
13266 1941
13266 3242
13266 4568
13266 4571
13266 4572
13266 4575
13266 4576
13266 4735
13266 5958
13266 6808
13266 6956
13266 7793
13266 8090
13266 10759
13266 11235
13266 11417
13317 12003
13323 11455
13324 1209
13324 8035
13324 8588
13324 9452
13325 111
13325 3345
13325 3789
13325 7128
13325 10058
13325 10669
13326 11796
13327 725
13327 8213
13329 9449
13329 12778
13344 529
13418 460
13418 2216
13418 6091
13418 8401
13418 9342
13418 9916
13418 13556
13477 3198
13515 10436
13540 425
13540 718
13540 749
13540 764
13540 2615
13540 4151
13540 4662
13540 6058
13540 6586
13540 6748
13540 8313
13540 9161
13540 10988
13540 11712
13540 13145
13540 13486
13540 13541
13555 418
13555 800
13571 3003
13577 5059
13577 11701
13578 165
13579 7237
13579 8032
13589 5850
13589 13572
13589 14009
13600 1281
13600 3948
13600 10256
13600 12696
13751 4550
13752 130
13752 2130
13752 11313
13813 9253
13821 841
13821 6292
13821 12319
13849 10708
13849 12621
13939 634
13939 5784
13939 10855
13939 10856
13949 12545
13950 8079
13950 9452
13964 10853
13966 588
13966 923
13966 3447
13966 10047
13974 7089
13974 12707
13976 4986
13976 6663
13976 12680
13977 546
13977 1103
13977 3052
13977 8361
13978 10938
13978 12696
13981 4274
13981 7099
13981 9493
13984 7508
13987 11529
13989 5187
13989 13419
13990 887
13990 2887
13990 5840
13991 3305
13992 8367
13993 3245
13993 13997
13999 3929
14001 3549
14001 3612
14001 7405
14001 7864
14001 8041
14005 6290
14046 4196
14047 337
14047 6567
14047 10081
14047 12774
14048 1320
14048 4527
14048 6929
14049 142
14049 4389
14049 4596
14049 10623
14049 12035
14050 2613
14081 13499
14082 1976
14082 3244
14082 3477
14082 4872
14082 6724
14082 8981
14082 9012
14082 14083
14086 6720
14086 12543
14103 451
14103 13162
14103 14105
14119 10975
14120 8043
14120 12590
14121 12709
14122 546
14122 3626
14122 11587
14123 8309
14124 1549
14124 2552
14124 2772
14125 2311
14125 6849
14126 11597
14127 6112
14127 6370
14261 2177
14273 1852
14273 2794
14273 6724
14274 461
14276 1970
14276 10623
14276 10871
14278 898
14278 1744
14278 10455
14278 11154
14279 3260
14279 8361
14279 9182
14280 5288
14280 9972
14280 12545
14280 12585
14283 6815
14344 5456
14344 6326
14344 6777
14344 10387
14344 10470
14345 77
14345 732
14345 1782
14345 2097
14345 2240
14345 2363
14345 3371
14345 4309
14345 11358
14440 111
14440 1281
14440 3824
14440 7128
14441 8925
14441 11897
14442 12023
14443 1135
14492 5871
14492 9035
14492 10435
14492 11655
14492 13358
14493 1902
14493 6724
14493 10455
14495 6489
14496 2656
14496 3739
14496 10938
14497 5999
14499 3167
14499 7192
14500 3052
14500 10305
14502 4296
14502 12778
14503 4943
14503 6627
14503 7997
14503 13454
14505 3198
14505 10927
14505 11178
14506 725
14506 6216
