14541 14541 779
145 5908
145 5928
145 8373
394 861
394 3428
394 3866
394 6068
394 6845
394 6952
394 10525
394 11405
440 477
440 523
440 1660
440 2071
440 4779
440 5635
440 5714
440 7367
440 8092
440 8114
440 8136
440 8502
440 8605
440 8901
440 8960
440 9808
440 10079
440 10416
440 10823
440 11338
440 11465
440 11524
440 12011
440 12910
477 440
477 2071
477 5635
477 5714
477 8092
477 8605
477 10079
477 10416
477 10823
477 11465
477 11524
477 12011
477 12910
523 440
523 477
523 1019
523 2256
523 4779
523 5190
523 5635
523 5714
523 6136
523 8092
523 8114
523 8605
523 8915
523 9122
523 9808
523 10079
523 10416
523 10823
523 11338
523 11465
523 12011
523 12910
716 591
745 9808
861 394
861 3428
861 3866
861 6068
861 6845
861 11405
861 11853
1019 523
1019 2256
1019 4779
1019 5190
1019 6136
1019 8114
1019 8915
1019 9122
1019 11093
1366 1522
1366 3428
1366 3496
1366 9689
1366 11853
1366 12011
1366 12382
1522 3428
1522 8373
1522 9689
1522 11853
1522 12382
1660 440
1660 9808
2071 440
2071 477
2071 2418
2071 4779
2071 5714
2071 5928
2071 7367
2071 8092
2071 8136
2071 8605
2071 8960
2071 10079
2071 10416
2071 11338
2071 11465
2071 11524
2071 12011
2071 12910
2102 3225
2256 523
2256 1019
2256 4779
2256 5190
2256 6136
2256 8114
2256 8915
2256 9122
2256 9584
2418 2071
2418 4779
2418 5190
2418 5928
2418 8114
2418 8502
2418 8605
2482 3428
3095 3117
3095 4488
3095 9239
3095 11522
3117 3095
3117 4488
3117 11522
3225 2102
3428 394
3428 861
3428 1522
3428 2482
3428 3496
3428 3866
3428 6068
3428 6845
3428 9689
3428 11405
3428 12011
3428 12382
3496 1366
3496 1522
3496 3428
3496 11853
3496 12011
3496 12382
3811 5908
3811 9808
3811 11193
3811 11338
3811 11524
3811 12011
3866 394
3866 861
3866 3428
3866 6068
3866 6845
3866 11405
4298 12911
4488 3095
4488 3117
4488 9239
4779 523
4779 1019
4779 2071
4779 2256
4779 2418
4779 5190
4779 6136
4779 7367
4779 8092
4779 8114
4779 8502
4779 8915
4779 9584
4779 11524
4779 12011
5190 1019
5190 2418
5190 4779
5190 5928
5190 6136
5190 8114
5190 8915
5190 9584
5635 440
5635 477
5635 523
5635 5714
5635 8092
5635 8901
5635 9808
5635 10079
5635 10416
5635 10823
5635 10987
5635 11338
5635 11465
5635 11524
5635 12011
5714 440
5714 477
5714 5635
5714 8092
5714 8136
5714 8502
5714 8605
5714 8901
5714 8960
5714 9808
5714 10823
5714 11338
5714 11524
5714 12011
5714 12910
5908 145
5908 3811
5908 8373
5908 9808
5908 10987
5908 11193
5908 11338
5908 12011
5928 145
5928 2071
5928 2418
5928 4779
5928 5908
5928 8114
5928 8373
5928 8502
5928 8605
6068 394
6068 861
6068 3866
6068 6845
6068 11405
6068 11853
6136 523
6136 1019
6136 4779
6136 5190
6136 8915
6136 9122
6136 9584
6544 8901
6544 10416
6544 12011
6545 568
6581 12011
6845 394
6845 3428
6845 3866
6845 6068
6845 11405
6845 11853
6952 394
7143 10416
7143 11522
7367 440
7367 2071
7367 8502
7367 9808
7367 11524
7367 12011
8092 440
8092 477
8092 2071
8092 4779
8092 5635
8092 5714
8092 7367
8092 8114
8092 8502
8092 8605
8092 8901
8092 9237
8092 9808
8092 10079
8092 10416
8092 10823
8092 10987
8092 11338
8092 11465
8092 11524
8092 12011
8092 12910
8114 440
8114 523
8114 1019
8114 2071
8114 2418
8114 4779
8114 5190
8114 6136
8114 7367
8114 8092
8114 8502
8114 8605
8114 8915
8114 9122
8114 9584
8114 11524
8114 12011
8136 440
8136 477
8136 2071
8136 5714
8136 8092
8136 8502
8136 8605
8136 8960
8136 9808
8136 10079
8136 10823
8136 11338
8136 11465
8136 11524
8136 12011
8136 12910
8142 8605
8142 11523
8142 12399
8142 12893
8373 145
8373 1522
8373 5908
8373 5928
8502 440
8502 477
8502 2071
8502 4779
8502 5714
8502 5928
8502 7367
8502 8092
8502 8114
8502 8591
8502 8605
8502 8960
8502 9237
8502 10079
8502 10823
8502 11338
8502 11465
8502 11524
8502 12011
8502 12910
8502 13209
8591 8502
8591 8960
8591 9808
8591 10416
8591 11338
8591 11465
8591 11520
8591 12393
8591 13209
8605 440
8605 477
8605 523
8605 2418
8605 5635
8605 5714
8605 5928
8605 8092
8605 8114
8605 8136
8605 8142
8605 8901
8605 8960
8605 9808
8605 10079
8605 10416
8605 10823
8605 11338
8605 11465
8605 11520
8605 11523
8605 11524
8605 12011
8605 12399
8605 12893
8605 12910
8901 440
8901 477
8901 523
8901 5635
8901 5714
8901 8092
8901 8605
8901 10079
8901 10823
8901 11338
8901 11465
8901 12011
8901 12910
8915 523
8915 1019
8915 2256
8915 4779
8915 5190
8915 6136
8915 8114
8915 9122
8915 9584
8960 440
8960 477
8960 2071
8960 5714
8960 8092
8960 8591
8960 8605
8960 9164
8960 9584
8960 9808
8960 10079
8960 10416
8960 10823
8960 11338
8960 11524
8960 12011
8960 12393
8960 12910
9122 523
9122 1019
9122 2256
9122 4779
9122 5190
9122 8114
9122 8915
9164 8591
9164 9808
9164 10416
9164 11338
9164 11465
9237 8092
9237 10416
9237 10987
9237 11338
9239 3095
9239 3117
9239 4488
9239 11522
9584 523
9584 1019
9584 2256
9584 5190
9584 6136
9584 8114
9584 8591
9584 8915
9584 8960
9584 9122
9584 9164
9584 11338
9584 11465
9584 12393
9689 1522
9689 3428
9689 3496
9689 11853
9689 12011
9689 12382
9808 440
9808 477
9808 745
9808 2071
9808 3199
9808 4779
9808 5635
9808 5908
9808 6544
9808 6581
9808 7367
9808 8092
9808 8114
9808 8136
9808 8502
9808 8591
9808 8605
9808 8901
9808 8960
9808 9164
9808 10079
9808 10416
9808 10823
9808 10987
9808 11193
9808 11338
9808 11465
9808 11524
9808 12011
9808 12910
9808 13209
10079 440
10079 477
10079 523
10079 2071
10079 5635
10079 5714
10079 8092
10079 8136
10079 8502
10079 8605
10079 8901
10079 8960
10079 9808
10079 10823
10079 11338
10079 11465
10079 11524
10079 12011
10079 12910
10416 440
10416 477
10416 2071
10416 5635
10416 5714
10416 6544
10416 7143
10416 8136
10416 8502
10416 8591
10416 8605
10416 8901
10416 8960
10416 9164
10416 9237
10416 9584
10416 9818
10416 10079
10416 10823
10416 10987
10416 11338
10416 11465
10416 11520
10416 11522
10416 11524
10416 12011
10416 12393
10416 12910
10525 394
10823 440
10823 523
10823 2071
10823 5635
10823 5714
10823 8092
10823 8136
10823 8502
10823 8605
10823 8901
10823 8960
10823 9808
10823 10079
10823 10416
10823 11338
10823 11465
10823 11524
10823 12011
10823 12910
10987 3811
10987 5635
10987 5908
10987 8092
10987 9237
10987 9808
10987 10416
10987 11193
10987 11338
10987 11465
10987 11524
10987 12011
11093 1019
11193 3811
11193 5908
11193 9808
11193 11338
11193 12011
11308 1855
11338 477
11338 2071
11338 3811
11338 5635
11338 5714
11338 5908
11338 6544
11338 8092
11338 8136
11338 8502
11338 8591
11338 8605
11338 8901
11338 8960
11338 9164
11338 9584
11338 9808
11338 10079
11338 10416
11338 10823
11338 10987
11338 11193
11338 11465
11338 11524
11338 12393
11338 13209
11405 394
11405 861
11405 3428
11405 6068
11405 6845
11405 7260
11405 11853
11465 440
11465 477
11465 523
11465 2071
11465 5635
11465 5714
11465 8092
11465 8502
11465 8591
11465 8605
11465 8901
11465 8960
11465 9164
11465 9584
11465 10079
11465 10416
11465 10823
11465 10987
11465 11338
11465 11524
11465 12011
11465 12393
11465 12910
11520 8591
11520 8605
11520 10416
11522 3095
11522 3117
11522 4488
11522 7143
11522 10416
11523 12399
11523 12893
11524 440
11524 477
11524 523
11524 2071
11524 3811
11524 4779
11524 5635
11524 5714
11524 5908
11524 7367
11524 8114
11524 8136
11524 8502
11524 8605
11524 8901
11524 8960
11524 9808
11524 10079
11524 10416
11524 10823
11524 11193
11524 11338
11524 11465
11524 12910
11853 394
11853 861
11853 1366
11853 1522
11853 3428
11853 3496
11853 3866
11853 6068
11853 6845
11853 9689
11853 11405
11853 12011
12011 440
12011 477
12011 523
12011 1366
12011 1522
12011 2071
12011 3428
12011 3496
12011 3811
12011 4779
12011 5635
12011 5714
12011 5908
12011 6544
12011 6581
12011 7367
12011 8092
12011 8114
12011 8136
12011 8502
12011 8605
12011 8901
12011 8960
12011 9689
12011 9808
12011 10079
12011 10416
12011 10823
12011 10987
12011 11193
12011 11338
12011 11524
12011 11853
12011 12910
12382 1366
12382 1855
12382 3428
12382 3496
12382 9689
12382 11308
12382 11853
12382 12011
12393 8591
12393 9164
12393 9584
12393 10416
12393 11338
12393 11465
12399 8605
12399 11523
12399 12893
12893 8142
12893 8605
12893 11523
12893 12399
12910 440
12910 477
12910 523
12910 2071
12910 5635
12910 5714
12910 8092
12910 8502
12910 8901
12910 8960
12910 9808
12910 10079
12910 10416
12910 10823
12910 11338
12910 11524
12910 12011
12911 4298
13209 8502
13209 8591
13209 9808
13209 10416
13209 11338
