14541 14541 823
52 9138
58 296
60 451
61 4532
61 4533
66 425
66 619
67 3345
69 2619
72 7819
72 10669
73 8406
74 297
75 6572
102 10787
112 3345
131 6116
131 10030
139 13131
146 4761
146 9138
287 13971
288 13971
315 12543
378 11245
379 12276
385 7894
388 10201
409 1652
456 6116
456 11920
481 7551
485 2309
549 9631
613 3654
666 2613
669 8361
670 10786
726 14033
736 8069
736 10047
738 13415
739 8361
744 7946
754 7806
755 5769
761 7819
761 10669
788 12543
829 4089
829 13112
830 4089
830 13112
839 4089
873 889
892 11771
915 1697
915 7936
1035 1458
1037 5629
1098 9789
1147 8215
1147 13234
1168 5187
1197 9078
1226 11160
1242 8120
1273 9088
1293 4656
1308 7806
1319 297
1348 3626
1350 2258
1350 11588
1409 13644
1454 2785
1457 1455
1459 1458
1461 1458
1462 1458
1482 8198
1503 14052
1533 13941
1548 7422
1548 10753
1585 8361
1597 4562
1637 11654
1639 158
1639 3654
1639 5187
1655 4786
1666 7362
1666 7894
1666 8554
1708 3596
1709 8951
1710 8951
1716 1162
1716 1163
1780 7513
1790 11588
1804 8120
1805 4986
1823 4550
1832 4532
1832 4533
1837 13971
1851 10329
1908 3626
1979 8756
1979 9972
1979 11245
1979 12060
1979 12625
2013 2725
2013 8362
2028 7480
2066 9449
2200 7250
2250 6767
2250 6769
2257 4005
2257 5463
2315 12591
2315 12892
2355 10023
2437 5187
2437 13234
2464 9139
2467 8863
2467 13272
2469 4264
2493 8024
2515 13602
2534 3629
2539 6445
2546 12012
2547 6878
2673 4532
2673 4533
2767 8646
2843 165
2978 8120
3105 4656
3153 11178
3188 1135
3192 222
3196 11178
3283 9225
3340 8863
3354 7480
3378 14060
3420 5571
3422 2325
3422 4562
3423 9449
3424 13105
3506 1596
3511 8940
3516 3826
3539 9700
3657 924
3657 7343
3675 6609
3679 297
3679 7956
3709 13588
3713 4532
3714 3345
3721 2619
3770 2209
3797 1458
3816 2666
3848 8585
3849 9157
3850 8584
3869 6609
3912 3792
3913 2656
3913 7936
3919 13332
3922 4070
3945 8863
4002 222
4011 12892
4073 12892
4074 3596
4129 3345
4130 1255
4215 13112
4222 9088
4267 7437
4279 7437
4323 6572
4347 7946
4414 3245
4414 3890
4424 14060
4437 6033
4484 9041
4512 10047
4632 4005
4632 5463
4651 4389
4657 4656
4673 6286
4730 8361
4747 8940
4749 4582
4749 8585
4749 14060
4750 8646
4751 6841
4775 2613
4777 651
4784 8896
4790 13107
4811 7946
4827 4986
4828 8940
4869 8951
4873 8951
4875 7378
4884 9972
4887 11008
4889 12276
4922 12437
4928 4532
4928 4533
4933 5328
4951 2698
4960 6881
4961 2387
4963 7956
4994 8334
5016 14284
5025 9353
5025 13602
5047 5873
5047 12543
5056 6286
5070 3245
5087 177
5097 6675
5104 11254
5129 13131
5130 6445
5135 12680
5166 1455
5168 12748
5172 6746
5223 6396
5223 7149
5230 3306
5280 3345
5289 2258
5320 4070
5320 9789
5321 14059
5350 13971
5358 3596
5365 8863
5383 8406
5389 11201
5393 4389
5393 10530
5405 2785
5485 6675
5534 11138
5550 4786
5575 9319
5578 9204
5623 9391
5657 13644
5673 924
5686 328
5717 6033
5722 12892
5726 2656
5756 6767
5792 12543
5844 12825
5911 5572
5911 6053
5938 6091
5938 9342
5976 12543
5993 7192
5994 1109
6024 7437
6081 3629
6130 11008
6160 8646
6350 9972
6363 9972
6379 10787
6407 1162
6407 1163
6437 2881
6473 7471
6518 13332
6531 8386
6568 2258
6570 4656
6585 4570
6613 7192
6613 8024
6660 3345
6669 8120
6669 13957
6672 3851
6680 1135
6680 5187
6680 9972
6680 11450
6703 7378
6751 222
6789 8406
6830 369
6860 9204
6865 1652
6892 3306
6900 9972
6922 13234
6944 8784
6955 10580
6955 10581
6958 267
6978 6061
6987 4562
7080 7806
7095 2575
7095 6668
7095 10350
7095 11353
7104 10580
7104 10581
7124 4944
7139 5571
7164 9296
7165 4216
7171 7437
7176 10787
7216 8361
7233 7894
7251 4786
7259 12556
7285 12543
7289 3204
7301 9789
7320 8947
7325 13131
7350 9088
7355 10145
7357 5571
7357 10167
7379 13275
7404 9449
7407 9137
7466 504
7468 4389
7474 7250
7495 7513
7626 13332
7643 8386
7650 8406
7687 1486
7697 8947
7697 14028
7700 9972
7721 1455
7724 9972
7729 3654
7749 11106
7771 11245
7791 12892
7794 9789
7802 7956
7849 6045
7849 6878
7849 7834
7849 11771
7849 11784
7868 6725
7868 6726
7868 7685
7868 7968
7868 9380
7868 9523
7868 10775
7871 8951
7876 7819
7919 1368
7959 12543
8002 14452
8011 7946
8031 3626
8065 14052
8095 9041
8100 8361
8140 2785
8140 11014
8145 13644
8172 2852
8182 6609
8192 4374
8217 8784
8244 4532
8252 7343
8277 4665
8299 9342
8315 2309
8335 9972
8353 9789
8387 9088
8415 8896
8486 3345
8492 9353
8506 9041
8543 171
8562 8386
8594 267
8603 222
8621 204
8680 10580
8680 10581
8685 519
8700 10092
8700 11606
8705 9204
8760 2702
8772 10775
8800 177
8803 8951
8814 5647
8862 10990
8880 11139
8886 11139
8930 5769
8972 7716
8972 8585
8974 2993
8974 10580
8974 10581
8983 3626
8992 9972
9047 3629
9070 9972
9178 7033
9178 7085
9202 9965
9221 13970
9281 158
9300 7778
9300 12543
9327 8757
9341 10167
9367 10351
9389 11160
9393 1122
9393 10669
9431 1538
9540 4532
9540 4533
9543 9972
9603 5187
9603 13234
9612 5873
9612 10715
9617 5873
9646 13107
9656 7956
9662 812
9668 8584
9677 425
9683 12748
9731 8339
9732 10669
9734 7819
9735 7513
9739 13970
9784 1368
9836 7936
9841 3052
9841 8361
9865 406
9865 11028
9921 1135
10016 12625
10022 889
10033 2865
10033 8066
10033 8863
10033 8940
10094 3245
10094 3890
10113 924
10113 7343
10116 12543
10136 2885
10146 9088
10146 13275
10153 267
10155 8386
10160 8386
10166 8646
10179 177
10192 4260
10205 10580
10205 10581
10221 4562
10225 6972
10229 3761
10277 8757
10297 3345
10407 7437
10432 9113
10433 9113
10456 13122
10471 14105
10472 12748
10495 4089
10504 9972
10547 8951
10573 8951
10575 13588
10585 1135
10590 1368
10592 7894
10600 2865
10650 4374
10681 1455
10713 7894
10728 4374
10731 6216
10782 4070
10794 7946
10798 14060
10802 8784
10806 4532
10806 4533
10808 4532
10808 4533
10829 11245
10866 12625
10869 8406
10872 11393
10877 6609
10878 6115
10884 10669
10902 267
10903 3306
10905 7894
10910 11521
10911 3826
10949 9972
10957 9056
10957 11245
10968 4786
10974 9137
10985 889
11020 9052
11023 9972
11025 13228
11039 1455
11045 5873
11049 889
11071 2993
11079 13941
11097 7819
11108 9576
11115 313
11115 1642
11115 3388
11115 4532
11115 4533
11115 4786
11140 11098
11146 1368
11146 9789
11173 7362
11207 4260
11243 5478
11243 11588
11251 12680
11278 12623
11278 14071
11280 11154
11287 8866
11287 10580
11287 10581
11288 222
11298 6609
11311 12543
11334 7894
11336 4582
11379 5732
11396 7665
11404 11656
11404 12283
11413 8617
11414 11350
11414 11351
11424 171
11425 6609
11426 13941
11462 7665
11485 5037
11495 3826
11495 12625
11505 10034
11512 9789
11546 12059
11595 5561
11612 7513
11649 43
11649 3036
11649 13234
11664 10329
11664 13970
11666 8757
11677 8757
11688 5476
11688 5477
11689 4260
11689 5629
11691 5629
11692 3204
11692 9140
11706 7437
11710 12437
11723 13234
11734 13415
11735 3328
11741 5850
11777 5629
11778 4532
11778 4533
11809 5873
11810 6033
11822 7894
11823 2666
11825 5571
11825 10167
11827 2993
11828 10236
11836 425
11844 11247
11847 5629
11876 9449
11886 2785
11886 8120
11944 4786
11944 8400
11953 4260
11961 8951
11962 8863
11965 10350
11972 8179
11977 4260
12009 9631
12093 7665
12154 7480
12221 6508
12300 8584
12307 12276
12322 8361
12343 7819
12354 9763
12365 6286
12368 9971
12391 4389
12402 12748
12407 11247
12407 11656
12407 12283
12407 12528
12420 12680
12420 12892
12422 6033
12433 8866
12436 12437
12447 12543
12448 2885
12454 8951
12456 3782
12456 6253
12460 406
12460 11028
12486 9353
12488 4582
12490 3278
12491 7437
12494 2173
12511 10786
12515 3826
12515 9311
12515 12625
12521 13941
12537 8361
12540 1122
12605 9056
12605 11245
12614 297
12616 9972
12628 10669
12631 3596
12634 6881
12644 8863
12660 6841
12661 8386
12667 12625
12677 8863
12682 12748
12689 9052
12697 6609
12735 765
12756 2097
12761 7705
12775 9078
12802 9789
12832 5187
12833 9972
12880 12999
12881 11154
12882 8896
12882 12892
12884 11024
12885 5629
12891 8215
12891 12892
12896 5873
12899 8024
12943 7946
12968 2258
12991 3626
12996 12796
13094 3381
13095 6609
13099 753
13113 5187
13113 13234
13117 9052
13133 9624
13133 9631
13139 2929
13140 2309
13140 10852
13143 9972
13149 2929
13149 5187
13154 158
13154 1913
13154 12625
13161 2311
13164 7665
13166 13264
13187 3654
13191 11245
13192 9056
13196 2656
13196 4986
13196 10350
13232 9056
13232 11245
13233 11154
13236 765
13238 12854
13314 12625
13315 765
13317 12003
13325 3345
13328 1544
13329 9449
13540 9624
13545 11806
13548 14052
13554 11920
13571 10047
13589 5850
13593 2388
13751 4550
13755 4070
13850 4089
13850 8757
13850 13112
13964 10853
13976 4986
13976 12892
13978 8215
13981 7551
13989 5187
13990 765
13991 6129
13993 3245
13993 9033
13993 13997
14005 12768
14031 14033
14035 12437
14047 9041
14048 8338
14049 4389
14050 2613
14051 11098
14122 3626
14123 8896
14125 2311
14126 4070
14273 6724
14279 8361
14280 9972
14283 6815
14441 9789
14443 5187
14443 13234
14492 11655
14493 6724
14496 9204
14497 4254
14499 7192
14506 6216
