14541 14541 1417
0 4280
1 4385
2 4280
3 4280
4 4280
5 4280
6 4280
7 4280
9 4280
10 4383
11 4385
12 4385
14 4383
17 4560
18 4560
19 4560
20 4560
21 4560
23 4383
24 4383
26 4280
27 4280
90 7942
100 5914
216 4560
219 4280
223 4383
249 4280
250 4280
251 4280
252 4383
253 4383
254 4383
255 4280
257 6461
258 4280
259 4280
261 4280
262 4383
263 4383
264 4383
266 4280
269 4383
270 4280
271 4280
272 4280
273 4280
274 4280
275 4280
276 4280
277 4280
278 4280
279 4280
282 4280
283 4280
310 4383
350 4280
355 5914
376 5914
386 4280
398 7942
432 4383
438 4383
439 4383
440 4587
445 4587
446 5914
447 6924
493 4560
523 6461
561 4383
562 6924
583 4280
590 6924
596 4587
598 7942
606 4383
616 6924
705 7942
762 6461
767 7942
794 4587
802 4560
803 4383
813 5914
838 4560
861 4587
865 4587
886 4385
905 4280
908 4383
909 4383
910 4383
940 4383
941 4383
953 4383
992 6461
1007 7942
1028 11567
1051 4383
1054 4587
1062 4383
1083 12602
1089 12602
1104 4587
1132 5914
1133 4280
1229 4280
1258 4587
1259 4587
1260 4587
1329 7942
1337 4383
1349 4560
1367 5914
1378 4383
1391 4383
1398 4383
1413 11567
1447 4587
1480 4383
1508 4383
1509 5914
1513 4280
1564 4587
1567 4560
1568 4383
1576 4383
1580 4280
1610 4383
1688 4383
1694 4587
1756 4280
1794 4587
1803 4560
1813 4383
1847 4587
1901 4587
1915 4383
1947 7942
1950 7942
1971 4383
1987 4587
1988 4587
2022 4383
2030 4383
2031 4383
2034 4383
2035 4383
2036 4383
2037 4383
2038 4383
2039 4385
2047 5914
2053 4383
2055 4383
2056 4383
2057 4383
2059 4383
2061 4383
2065 4383
2070 4587
2110 4587
2115 4385
2119 12602
2122 4560
2210 4383
2225 11567
2256 4587
2263 4280
2273 6461
2284 11567
2297 5914
2316 4383
2334 4383
2345 4383
2346 4383
2357 7942
2391 4385
2473 4383
2480 5914
2526 4383
2528 4383
2529 4383
2559 5914
2560 4383
2596 4383
2616 4587
2697 4560
2721 4385
2775 5914
2803 6461
2874 4560
2960 4383
2963 4383
3001 5914
3008 5914
3015 6461
3041 4383
3093 4280
3099 5914
3102 5914
3103 4587
3108 5914
3136 4383
3146 4560
3147 4280
3149 4383
3152 6461
3157 4560
3228 5914
3238 4560
3250 4383
3342 4560
3455 5914
3503 4383
3556 5914
3661 4383
3785 12602
3802 6924
3835 4560
3943 4383
3954 4280
3960 5914
3961 4587
3973 4383
4009 4383
4078 6924
4084 4587
4161 4385
4195 4280
4219 4383
4283 4560
4294 4560
4341 4560
4349 4383
4352 5914
4372 4587
4379 4280
4427 4560
4432 4280
4471 5914
4488 6461
4514 12602
4529 4587
4546 4383
4637 4560
4681 4383
5032 6461
5124 4280
5190 6461
5206 6924
5317 4280
5317 4383
5469 5914
5474 4560
5520 4385
5527 4587
5628 4587
5633 4280
5635 4587
5650 5914
5660 4383
5701 5914
5705 4587
5714 6461
5733 5914
5734 5914
5736 5914
5753 5914
5897 5914
5902 4280
6136 4587
6163 4280
6212 4587
6255 5914
6280 4587
6282 6461
6300 4280
6304 4280
6320 5914
6457 4383
6472 4383
6505 4587
6543 5914
6544 4587
6565 4280
6569 4385
6569 4560
6587 5914
6623 4280
6626 4280
6626 4383
6636 4383
6805 4587
6936 4383
6995 4280
6996 4383
7148 4280
7148 4385
7186 4280
7186 4383
7235 4280
7235 4383
7235 4385
7235 4560
7241 4383
7243 6924
7340 4280
7346 4587
7366 6461
7367 4587
7381 4587
7401 6461
7410 4280
7413 6461
7428 4383
7433 6461
7441 5914
7447 4587
7467 5914
7470 4587
7491 4587
7532 5914
7536 5914
7544 4280
7545 4560
7627 4280
7627 4383
7627 4385
7630 4383
7676 4383
7677 4280
7677 4383
7699 12602
7704 4280
7727 4280
7737 5914
7738 4587
7750 5914
7766 6461
7767 4587
7823 4280
7826 4280
7829 4280
7830 4280
7873 4383
7874 4385
7903 4587
7939 4383
8023 4587
8033 4587
8061 4280
8076 12602
8082 4385
8082 4560
8087 4383
8092 4587
8092 6924
8099 4383
8102 8341
8136 4587
8146 5914
8149 4587
8200 12602
8246 4280
8246 4385
8247 4383
8248 4385
8249 4383
8250 4280
8250 4385
8264 4587
8270 4587
8296 7942
8333 4280
8357 4383
8363 4385
8363 4560
8366 4383
8369 4383
8378 5914
8379 4587
8414 4280
8445 5914
8458 4587
8502 4587
8512 4587
8537 12602
8572 4383
8602 5914
8628 4587
8718 4385
8729 4587
8797 4587
8809 4560
8857 4383
8864 4383
8882 4560
8907 4383
8915 6461
8918 4587
8960 7942
9000 4587
9051 4560
9084 4587
9104 4587
9106 4280
9106 4385
9107 4587
9111 4587
9122 4587
9146 5914
9155 5914
9211 5914
9212 4587
9226 4587
9227 12602
9231 12602
9239 6461
9258 4587
9263 7942
9271 4280
9307 4383
9354 4587
9360 4383
9363 4587
9372 4560
9427 6924
9468 4587
9486 4587
9502 4587
9508 4383
9515 6461
9521 4587
9530 4280
9530 4385
9531 4587
9534 4560
9582 12602
9586 5914
9594 4587
9602 4587
9629 4280
9629 4383
9688 4383
9694 5914
9708 4587
9711 4587
9736 6461
9762 6461
9793 6461
9806 4385
9808 5914
9811 4383
9812 6461
9822 4587
9834 12602
9847 4560
9849 4560
9874 4383
9877 4560
9883 6924
9919 4560
9920 4587
9925 4383
9954 4560
9973 4587
9974 4383
9979 4560
9983 4280
10026 4385
10028 4280
10084 4383
10093 4383
10095 5914
10099 5914
10115 4587
10299 4587
10303 4383
10317 4587
10328 6461
10338 5914
10361 6461
10378 4385
10393 4383
10394 4587
10395 4587
10416 4280
10416 4383
10416 4385
10416 4560
10416 4561
10416 6924
10439 4383
10587 4587
10637 4560
10652 5914
10719 4383
10721 4383
10722 4383
10725 4383
10730 4280
10733 4383
10734 4383
10736 4383
10737 4383
10738 4383
10740 4383
10741 4383
10743 4383
10744 4383
10745 4385
10746 4383
10747 4280
10748 4280
10749 4280
10750 4280
10751 4280
10765 4383
10776 4560
10777 4280
10779 4280
10918 4587
10919 4383
10945 4587
10958 5914
10971 4587
11083 4383
11087 4383
11088 4383
11089 4383
11095 4560
11155 4383
11163 5914
11198 4383
11209 5914
11219 4587
11221 4587
11229 6461
11232 4587
11249 5914
11261 4280
11269 6461
11271 4560
11284 4383
11285 4383
11286 4383
11303 4383
11310 5914
11316 4383
11318 4587
11345 4280
11347 4587
11363 4587
11365 5914
11373 4560
11381 4587
11416 4587
11468 4383
11469 4383
11470 4383
11471 4383
11473 4560
11494 4383
11496 4587
11503 4587
11504 4383
11509 4383
11510 4383
11523 7942
11524 4280
11524 4383
11524 4385
11524 4560
11524 6924
11524 8341
11537 4587
11538 4383
11547 4385
11552 4280
11553 4560
11554 4560
11555 4587
11556 4560
11557 4560
11558 4560
11572 4385
11584 4587
11598 4383
11599 4560
11604 4383
11607 4560
11617 4383
11622 4587
11624 4587
11630 4560
11634 4587
11638 4383
11639 4280
11644 4383
11658 4587
11663 4383
11665 4560
11668 4383
11672 4383
11693 7942
11696 4587
11718 5914
11720 4383
11727 4383
11732 4385
11750 4383
11761 6461
11773 4383
11785 4587
11786 4383
11804 4587
11814 4383
11815 4383
11816 4383
11817 4383
11818 4383
11850 12602
11865 4560
11887 4560
11889 4280
11903 4383
11905 4383
11909 4560
11910 4560
11915 4587
11917 4560
11918 4560
11930 4383
11934 4385
11938 4383
11940 4385
11941 4280
11942 4280
11943 4280
11945 4280
11946 4383
11947 4280
11975 4383
11976 4383
11978 4383
11985 4383
11986 4383
11988 4383
11989 4383
11990 4383
11992 4383
11998 4383
12011 4587
12016 4383
12027 4383
12037 4383
12038 4383
12039 4383
12040 4383
12041 4383
12043 4383
12044 4383
12049 4383
12054 4383
12058 4383
12066 5914
12076 4587
12078 4587
12079 4587
12081 4587
12084 4587
12086 4587
12092 4587
12100 4383
12101 4383
12102 4383
12108 4385
12113 4587
12117 5914
12124 4383
12125 4383
12129 5914
12135 5914
12138 12602
12142 6924
12143 5914
12156 4383
12157 4383
12159 4383
12163 4280
12167 12602
12173 6461
12188 4385
12189 4383
12190 4383
12191 4383
12197 4383
12211 4587
12212 4383
12217 4385
12229 6461
12234 4587
12238 4280
12239 4280
12240 4383
12241 4280
12242 4383
12243 4280
12244 5914
12247 4383
12254 4383
12255 4280
12256 4383
12257 4280
12258 4385
12259 4383
12260 4383
12261 4280
12262 4280
12263 4383
12264 4560
12266 4383
12267 4280
12268 4385
12269 6924
12272 4383
12282 4383
12286 4280
12287 4383
12288 4383
12370 4383
12389 4587
12414 4280
12419 4561
12428 12602
12442 4560
12468 4383
12474 4587
12480 4280
12481 4280
12493 4560
12503 4383
12520 4587
12582 5914
12622 4383
12637 4587
12673 4280
12693 4587
12705 4280
12736 4560
12742 4587
12760 4383
12764 4383
12766 4383
12770 4587
12789 4587
12799 5914
12805 4587
12815 4561
12818 4587
12850 4383
12852 4383
12901 5914
12904 4383
12936 5914
12959 8341
12963 4383
12974 4560
12977 4385
12978 4385
12981 4385
12983 4385
12984 4385
12985 4385
12986 4385
12989 4587
12998 4587
13008 4383
13009 4383
13011 4383
13012 4383
13013 4383
13022 4383
13023 4383
13024 4383
13086 4383
13087 4383
13090 4383
13103 4383
13104 4383
13106 4383
13108 4383
13110 4383
13111 4383
13135 4383
13136 4383
13142 6461
13159 4383
13170 5914
13172 4385
13173 4383
13174 4383
13175 4383
13176 4383
13178 4383
13180 4383
13181 4383
13182 4383
13183 4383
13184 4383
13186 4587
13203 5914
13207 4280
13208 4587
13209 4587
13219 4560
13230 4560
13255 4280
13257 4383
13261 4560
13286 4560
13287 4560
13288 4560
13289 4560
13290 4560
13292 4560
13293 4560
13318 4560
13319 4560
13320 4560
13321 4560
13322 4560
13335 4560
13339 4280
13340 4280
13348 4587
13356 4560
13372 4560
13373 4560
13374 4560
13375 4560
13376 4560
13377 4560
13378 4560
13379 4560
13380 4560
13381 4560
13382 4560
13383 4560
13384 4560
13385 4560
13387 4560
13388 4560
13389 4560
13390 4560
13391 4560
13392 4560
13393 4560
13394 4560
13395 4560
13396 4560
13397 4560
13398 4560
13399 4385
13400 7942
13401 6924
13402 4280
13403 4383
13434 4561
13451 4385
13457 4560
13458 6924
13464 4383
13470 4383
13482 4587
13485 4280
13487 4383
13488 4587
13497 4587
13500 6461
13518 4385
13519 4385
13520 4385
13521 4385
13522 4385
13523 4385
13524 4385
13525 4385
13526 4385
13527 4385
13528 4383
13530 4383
13531 4383
13534 4383
13536 4383
13537 4383
13538 4383
13559 5914
13562 4383
13563 4383
13586 4383
13591 4383
13613 4560
13622 4385
13623 4385
13625 4280
13626 4280
13627 4280
13629 4280
13630 4280
13631 4280
13632 4280
13634 4280
13635 4560
13636 4383
13637 4560
13638 4560
13639 4560
13640 4560
13641 4560
13642 4560
13643 4560
13645 4383
13648 4560
13649 4560
13650 4560
13651 4560
13652 4560
13653 4383
13654 4383
13656 4383
13657 4383
13658 4383
13659 4383
13660 4383
13661 4383
13662 4383
13663 4383
13664 4383
13665 4383
13666 4383
13667 4383
13668 4383
13669 4383
13670 4383
13671 4383
13672 4383
13673 4383
13674 4383
13675 4383
13677 4280
13678 4280
13679 4280
13680 4280
13681 4280
13682 4280
13683 4280
13684 4280
13685 4280
13686 4280
13687 4280
13688 4280
13689 4280
13690 4383
13691 4280
13692 4383
13693 4383
13694 4383
13695 4383
13696 4383
13698 4383
13699 4383
13700 4383
13701 4383
13702 4383
13703 4383
13704 4383
13705 4383
13706 4383
13707 4383
13708 4383
13709 4383
13710 4383
13711 4383
13712 4383
13713 4383
13714 4383
13715 4383
13716 4383
13717 4383
13718 4383
13719 4383
13720 4383
13721 4383
13722 4560
13723 4560
13724 4560
13725 4560
13726 4560
13727 4560
13728 4560
13729 4560
13730 4560
13731 4560
13732 4560
13733 4280
13734 4383
13735 4383
13737 4383
13738 4383
13744 4383
13745 4560
13746 4560
13754 4383
13756 4383
13757 4383
13758 4383
13759 4383
13760 4383
13761 4383
13762 4383
13763 4383
13764 4383
13767 4383
13768 4383
13769 4383
13770 4383
13771 4383
13772 4383
13774 4280
13776 4383
13777 4383
13778 4383
13779 4383
13780 4383
13781 4385
13782 4385
13783 4385
13784 4383
13785 4383
13786 4383
13787 4383
13788 4383
13789 4383
13790 4383
13791 4383
13792 4383
13793 4383
13794 4383
13795 4383
13796 4383
13797 4383
13798 4383
13799 4383
13800 4383
13801 4383
13802 4383
13803 4383
13804 4383
13805 4383
13806 4383
13807 4383
13808 4383
13809 4383
13810 4383
13811 4383
13812 4383
13816 4560
13817 4560
13818 4560
13819 4280
13829 5914
13832 4383
13834 4385
13840 4560
13841 4383
13842 5914
13845 4385
13847 5914
13848 4280
13851 4280
13854 4383
13855 4280
13856 4280
13857 4280
13858 4280
13859 4280
13860 4280
13861 4383
13862 4383
13863 4383
13864 4383
13865 4383
13866 4383
13867 4383
13868 4383
13869 4383
13870 4383
13871 4383
13877 4385
13878 4385
13879 4383
13881 4383
13883 4383
13885 4383
13886 4383
13887 4280
13888 4383
13889 4280
13891 4280
13893 4280
13896 4280
13897 4280
13898 4280
13899 4280
13900 4280
13901 4383
13902 4280
13903 4383
13904 4280
13905 4280
13906 4280
13907 4280
13908 4280
13909 4280
13910 4280
13911 4280
13912 4280
13913 4280
13914 4280
13915 4280
13917 4385
13919 4383
13920 4383
13922 4383
13923 4383
13924 4385
13925 4385
13926 4385
13927 4385
13928 4385
13929 4385
13930 4587
13934 4280
13938 4280
13952 4383
13962 4383
13968 4383
13985 4383
13986 4383
13995 4587
14012 4280
14013 4383
14014 4383
14018 4383
14021 4280
14022 4280
14027 4280
14036 4587
14038 4587
14039 4383
14041 4560
14061 4383
14062 4383
14070 4280
14074 4280
14075 4280
14076 4280
14077 4280
14078 4280
14079 4280
14090 4560
14091 4560
14093 4587
14098 4560
14106 4561
14108 4560
14109 4383
14111 4280
14116 4383
14117 4383
14130 4385
14131 4385
14132 4385
14133 4385
14134 4385
14135 4385
14136 4385
14137 4280
14138 4280
14139 4280
14140 4280
14141 4560
14142 4560
14143 4560
14144 4560
14145 4560
14146 4560
14147 4560
14148 4560
14149 4560
14150 4560
14151 4560
14152 4560
14153 4560
14154 4560
14155 4560
14156 4560
14157 4560
14158 4560
14159 4560
14160 4560
14161 4560
14162 4560
14163 4560
14164 4560
14165 4560
14166 4560
14167 4560
14168 4560
14169 4560
14170 4560
14171 4560
14172 4560
14173 4560
14174 4560
14175 4560
14176 4560
14177 4560
14178 4560
14179 4560
14180 4560
14181 4560
14182 4560
14183 4560
14184 4560
14185 4560
14186 4560
14187 4560
14188 4560
14189 4560
14190 4560
14191 4560
14193 4383
14194 4383
14196 4383
14197 4383
14198 4383
14199 4383
14200 4383
14201 4383
14202 4383
14203 4280
14205 4383
14208 4383
14210 4383
14212 4383
14213 4383
14215 4383
14216 4383
14217 4383
14219 4383
14220 4587
14221 4383
14222 4383
14223 4383
14224 4383
14225 4383
14226 4383
14227 4383
14234 4280
14246 4280
14247 4280
14249 4280
14251 4383
14252 4383
14253 4280
14254 4383
14255 4383
14256 4383
14257 4383
14258 4280
14259 4280
14285 4280
14286 4280
14287 4280
14289 4383
14291 4383
14292 4383
14293 4383
14294 4383
14295 4383
14296 4383
14297 4280
14300 4280
14301 4383
14303 4383
14304 4280
14305 4280
14312 4383
14313 4383
14316 4383
14318 4383
14319 4383
14320 4383
14321 4383
14322 4383
14323 4383
14324 4383
14325 4383
14326 4383
14327 4383
14328 4383
14329 4383
14330 4383
14331 4383
14332 4383
14334 4383
14337 4383
14338 4280
14339 4383
14341 4383
14347 5914
14349 4383
14350 4383
14351 4383
14352 4385
14353 4383
14354 4383
14355 4383
14356 4280
14361 4280
14362 4383
14363 4280
14364 4280
14365 4280
14366 4280
14367 4280
14368 4280
14373 4385
14374 4385
14381 4385
14385 4385
14389 4560
14390 4383
14393 4280
14394 4383
14395 4383
14398 4383
14399 4383
14400 4383
14401 4383
14402 4383
14403 4383
14404 4383
14405 4383
14406 4383
14407 4383
14411 4383
14412 4383
14413 4383
14414 4383
14415 4383
14416 4383
14419 4383
14420 4383
14421 4385
14425 4383
14426 4383
14430 4383
14431 4383
14434 4383
14437 4383
14438 4383
14444 4383
14446 4383
14447 4383
14449 4383
14451 4383
14453 4383
14454 4383
14455 4383
14457 4383
14464 5914
14465 5914
14468 5914
14475 5914
14482 4280
14483 4280
14484 4280
14485 4383
14486 4383
14488 4383
14489 4383
14490 4383
14494 4280
14504 4383
14507 4383
14510 4383
14511 4383
14512 4383
14513 4383
14514 4383
14515 4383
14516 4280
14518 4280
14519 4280
14526 4560
14527 4560
14528 4560
14529 4560
14531 4383
14532 4383
14534 4383
14537 4383
