14541 14541 162
127 6781
147 6781
552 6781
558 6781
692 6781
711 6781
837 6781
860 6781
869 6781
874 6781
1039 6781
1042 6781
1081 6781
1154 6781
1156 6781
1175 6781
1184 6781
1213 6781
1243 6781
1287 6781
1339 6781
1382 6781
1399 6781
1514 6781
1559 6781
1689 6781
1762 6781
1764 6781
1833 6781
1839 6781
1994 6781
2116 6781
2207 6781
2214 6781
2233 6781
2242 6781
2263 6781
2274 6781
2281 6781
2338 6781
2375 6781
2393 6781
2422 6781
2455 6781
2473 6781
2544 6781
2603 6781
2627 6781
2983 6781
3021 6781
3082 6781
3126 6781
3233 6781
3266 6781
3282 6781
3561 6781
3798 6781
3876 6781
3878 6781
3936 6781
4099 6781
4137 6781
4200 6781
4261 6781
4313 6781
4346 6781
4370 6781
4390 6781
4404 6781
4415 6781
4518 6781
4524 6781
4544 6781
4546 6781
4603 6781
4617 6781
4618 6781
4642 6781
4745 6781
4823 6781
4907 6781
4973 6781
4988 6781
5038 6781
5117 6781
5158 6781
5361 6781
5362 6781
5412 6781
5431 6781
5437 6781
5480 6781
5513 6781
5533 6781
5554 6781
5611 6781
5622 6781
5655 6781
5704 6781
5725 6781
5735 6781
5783 6781
5785 6781
5788 6781
5793 6781
5807 6781
5872 6781
5917 6781
5919 6781
6004 6781
6062 6781
6100 6781
6214 6781
6272 6781
6304 6781
6313 6781
6367 6781
6450 6781
6795 6781
6807 6781
7093 6781
7261 6781
7297 6781
7353 6781
7683 6781
7712 6781
7776 6781
7996 6781
8194 6781
8419 6781
8428 6781
8439 6781
8478 6781
8633 6781
8722 6781
8909 6781
9020 6781
9102 6781
9130 6781
9189 6781
9228 6781
9859 6781
9876 6781
9881 6781
10065 6781
10212 6781
10686 6781
10699 6781
11046 6781
11070 6781
11147 6781
11494 6781
12328 6781
12811 6781
12851 6781
13089 6781
13338 6781
13352 6781
13357 6781
13386 6781
14039 6781
14116 6781
