14541 14541 162
169 5540
169 5720
335 5540
478 5720
479 5720
521 5540
560 5720
876 5540
876 5720
893 5540
893 5720
1045 5720
1086 5540
1213 5720
1436 5540
1669 5540
1689 5720
1725 5720
1762 5540
1763 5540
1763 5720
1764 5720
1796 5540
1798 5540
1799 5540
1799 5720
1800 5720
1811 5720
1812 5540
1813 5540
1813 5720
1930 5720
2132 5540
2167 5540
2211 5720
2274 5540
2286 5540
2286 5720
2316 5540
2336 5720
2343 5540
2360 5720
2364 5720
2395 5540
2395 5720
2415 5540
2421 5540
2421 5720
2473 5720
2544 5540
2544 5720
2627 5540
2713 5720
2806 5720
2818 5720
2857 5540
2858 5540
2858 5720
3234 5540
3282 5540
3329 5540
3446 5540
3446 5720
3547 5720
3836 5540
3989 5540
4116 7549
4175 5720
4268 5540
4291 5540
4330 5720
4390 5540
4404 5720
4405 5720
4517 5720
4590 5720
4809 5720
4973 7549
5012 5540
5043 5720
5078 5540
5116 5540
5116 5720
5117 5540
5195 5720
5316 5540
5342 5540
5361 5540
5375 5540
5409 5540
5409 5720
5411 5720
5414 5540
5414 5720
5414 7549
5424 5540
5539 5540
5611 5540
6004 7549
6214 5720
6289 5720
6620 5540
6633 5540
6633 5720
6676 5540
6953 5540
6953 5720
6953 7549
7199 5540
7428 5540
7428 5720
7683 5720
8370 5540
8370 5720
8631 5720
8675 5540
8809 5540
9150 5720
9150 7549
9189 5720
9481 5720
9562 5540
9811 5540
9811 5720
9819 5540
9819 5720
9823 5720
9849 5540
9855 5540
9855 5720
9857 5540
9881 5720
10086 5720
10211 5540
10448 5540
10448 5720
10632 5540
10766 5720
11004 5540
11046 5720
11082 5540
11299 5540
11494 5720
11494 7549
11904 5540
11918 7549
11927 5540
12332 5720
12396 5540
12482 5540
12516 5540
12966 5540
13028 5540
13028 5720
13089 5720
13304 5720
13338 5720
13455 5720
13504 5540
13569 5540
13569 5720
14314 5540
