14541 14541 599
98 3098
98 3980
98 6612
98 9323
98 10381
98 10680
98 10688
496 1422
496 6612
496 9323
496 10381
496 10383
496 10680
496 10688
515 1422
515 3098
515 3980
515 6612
515 9323
515 10381
515 10383
689 1703
689 5179
689 5341
689 5774
689 8962
689 9267
689 9314
689 9370
689 9537
689 9650
689 10326
689 11110
689 11449
944 1703
944 5179
944 5341
944 6124
944 8962
944 9267
944 9314
944 9370
944 10326
944 11110
944 11449
944 11549
944 11873
963 1290
963 1703
963 3980
963 4102
963 5179
963 5341
963 6124
963 7145
963 7529
963 8962
963 9267
963 9314
963 9370
963 9537
963 9650
963 11110
963 11449
963 14357
985 1290
985 1703
985 5179
985 5341
985 5774
985 7145
985 7529
985 8962
985 9314
985 9537
985 11110
985 14357
1080 1422
1080 3980
1080 6612
1080 9323
1080 10381
1080 10453
1080 10688
1430 1422
1430 3098
1430 3980
1430 9323
1430 10453
1430 10680
1430 10688
1431 1422
1431 3098
1431 3980
1431 9323
1431 10381
1431 10383
1431 10453
1431 10680
1431 10688
1432 1422
1432 3098
1432 3980
1432 6612
1432 9323
1432 10381
1432 10383
1432 10680
1432 10688
10552 430
10552 1422
10552 3060
10552 3098
10552 3980
10552 6612
10552 9323
10552 10381
10552 10383
10552 10384
10552 10385
10552 10453
10552 10597
10552 10680
10552 10688
10689 981
10689 1290
10689 1703
10689 4102
10689 5179
10689 6124
10689 6211
10689 6288
10689 7145
10689 8962
10689 9267
10689 9314
10689 9370
10689 9650
10689 11110
10689 11449
10689 11549
10689 11550
10689 11873
10946 3098
10946 3980
10946 6612
10946 9323
10946 10381
10946 10383
10946 10680
10946 10688
10947 981
10947 1290
10947 1703
10947 4102
10947 5179
10947 5341
10947 6124
10947 6211
10947 7145
10947 8962
10947 9267
10947 9314
10947 9370
10947 10326
10947 11110
10947 11449
10947 11549
10947 11550
11265 6124
11265 6211
11265 9314
11265 9370
11265 9537
11265 11110
12994 981
12994 1022
12994 1094
12994 1101
12994 1290
12994 1608
12994 1703
12994 4102
12994 5179
12994 5341
12994 5859
12994 6211
12994 6288
12994 7145
12994 9267
12994 9313
12994 9370
12994 9504
12994 9537
12994 9623
12994 9648
12994 9650
12994 9767
12994 10326
12994 11110
12994 11449
12994 11549
12994 11550
12994 11873
12994 14357
13020 981
13020 1022
13020 1094
13020 1101
13020 1290
13020 1608
13020 1703
13020 4102
13020 5179
13020 5341
13020 5859
13020 6211
13020 6288
13020 8962
13020 9267
13020 9314
13020 9504
13020 9537
13020 9648
13020 9650
13020 11110
13020 11449
13020 11549
13020 11550
13020 14357
13030 981
13030 1290
13030 4102
13030 5179
13030 6124
13030 6211
13030 6288
13030 7145
13030 8962
13030 9314
13030 9370
13030 9504
13030 9650
13030 10326
13030 11110
13030 11449
13030 11550
13030 11873
13030 14357
13241 936
13241 981
13241 1094
13241 1101
13241 1290
13241 1608
13241 1703
13241 4102
13241 5179
13241 5341
13241 5859
13241 6124
13241 6211
13241 6288
13241 8962
13241 9267
13241 9313
13241 9370
13241 9504
13241 9623
13241 9650
13241 10326
13241 11110
13241 11549
13241 11550
13241 11873
13241 14357
13242 430
13242 1422
13242 3060
13242 3098
13242 3980
13242 6612
13242 9323
13242 10383
13242 10385
13242 10453
13242 10597
13242 10688
13411 936
13411 1022
13411 1101
13411 1703
13411 4102
13411 5179
13411 5341
13411 5859
13411 6124
13411 6288
13411 7145
13411 8962
13411 9267
13411 9313
13411 9314
13411 9370
13411 9504
13411 9537
13411 9648
13411 9650
13411 10326
13411 11110
13411 11449
13411 11549
13411 11550
13411 11873
13411 14357
13412 981
13412 1101
13412 1290
13412 1703
13412 5179
13412 5341
13412 5859
13412 6124
13412 6211
13412 7145
13412 8962
13412 9267
13412 9313
13412 9314
13412 9370
13412 9504
13412 9537
13412 9648
13412 10326
13412 11110
13412 11449
13412 11550
13412 14357
13413 981
13413 1101
13413 1703
13413 4102
13413 5179
13413 5341
13413 5859
13413 6211
13413 6288
13413 7145
13413 8962
13413 9267
13413 9313
13413 9314
13413 9370
13413 9650
13413 11110
13413 11449
13413 11549
13413 11873
13413 14357
13416 981
13416 1290
13416 1703
13416 4102
13416 5179
13416 5341
13416 5859
13416 6211
13416 6288
13416 7145
13416 8962
13416 9267
13416 9314
13416 9370
13416 9504
13416 10326
13416 11110
13416 11449
13416 11550
13416 14357
13426 981
13426 1290
13426 1703
13426 4102
13426 5179
13426 5341
13426 5859
13426 6211
13426 6288
13426 7145
13426 9267
13426 9314
13426 9370
13426 9504
13426 9650
13426 10326
13426 11110
13426 11449
13426 11549
13426 11873
13426 14357
13427 981
13427 1703
13427 4102
13427 5179
13427 5341
13427 6124
13427 6211
13427 7145
13427 8962
13427 9267
13427 9370
13427 9504
13427 9650
13427 10326
13427 11449
13427 11549
13427 11550
13427 11873
13439 1290
13439 4102
13439 5179
13439 5341
13439 6124
13439 7145
13439 8962
13439 9267
13439 9314
13439 9504
13439 9650
13439 10326
13439 11110
13439 11449
13439 11549
13439 11550
13439 11873
13440 1290
13440 1703
13440 5179
13440 5341
13440 6211
13440 7145
13440 8962
13440 9267
13440 9314
13440 9370
13440 9650
13440 11110
13440 11449
13440 11549
13440 11550
13440 11873
13453 981
13453 1703
13453 4102
13453 5179
13453 5341
13453 6124
13453 6211
13453 7145
13453 8962
13453 9267
13453 9314
13453 9370
13453 9650
13453 11110
13453 11550
13453 11873
13462 981
13462 4102
13462 5179
13462 5341
13462 6124
13462 6211
13462 7145
13462 8962
13462 9267
13462 9314
13462 9370
13462 9650
13462 10326
13462 11110
13462 11449
13462 11549
13462 11873
13472 1290
13472 1703
13472 4102
13472 5341
13472 6124
13472 6211
13472 7145
13472 9267
13472 9314
13472 9370
13472 10326
13472 11110
13472 11449
13472 11549
13472 11550
13472 11873
13493 1290
13493 1703
13493 4102
13493 5179
13493 5341
13493 6124
13493 6211
13493 7145
13493 8962
13493 9267
13493 9314
13493 9650
13493 10326
13493 11110
13493 11449
13493 11550
13838 1290
13838 1703
13838 4102
13838 5179
13838 5341
13838 6124
13838 6211
13838 8962
13838 9267
13838 9370
13838 9537
13838 9650
13838 10326
13838 11110
13838 11449
13838 11550
13838 11873
14265 1422
14265 3060
14265 3098
14265 3980
14265 6612
14265 9323
14265 10381
14265 10383
14265 10385
14265 10453
14265 10597
14265 10680
14265 10688
14266 1422
14266 3098
14266 3980
14266 6612
14266 9323
14266 10381
14266 10384
14266 10680
14266 10688
14269 1422
14269 3098
14269 3980
14269 6612
14269 10381
14269 10385
14269 10453
14269 10680
14269 10688
14270 1422
14270 3098
14270 3980
14270 6612
14270 9323
14270 10381
14270 10383
14270 10453
14270 10680
14270 10688
14271 1422
14271 3980
14271 6612
14271 9323
14271 10383
14271 10453
14271 10688
14281 1703
14281 3980
14281 4102
14281 5179
14281 6124
14281 6612
14281 7145
14281 8962
14281 9267
14281 9537
14281 9650
14281 10326
14281 11110
14281 11449
14281 11549
14281 11550
14281 11873
14281 14357
