14541 14541 833
44 1092
44 8976
88 1554
88 10009
195 1092
195 10009
195 12979
235 1092
235 10009
330 10475
390 8976
573 10009
645 1554
645 10009
783 8976
783 10009
784 1092
784 5809
784 10009
791 1554
791 10009
875 5809
875 10009
885 1554
885 10009
1030 8976
1030 10009
1036 1554
1068 1092
1068 10009
1069 1092
1069 8976
1070 1092
1070 10009
1072 1092
1072 10009
1073 8976
1073 10009
1074 1554
1074 10009
1075 5809
1075 7559
1075 10009
1076 1092
1076 10009
1077 1554
1077 8976
1077 10009
1112 1554
1112 8976
1112 10009
1137 1554
1137 10100
1322 1092
1322 1966
1322 10009
1322 10475
1335 8976
1335 10009
1360 8976
1360 10009
1363 1092
1363 12979
1405 8976
1405 10009
1418 1092
1418 1554
1491 1554
1491 5747
1491 8976
1491 10100
1527 1092
1527 1966
1760 1554
1760 10009
1775 8976
1775 10009
1819 1092
1819 10009
1819 12979
1820 1966
1820 5809
1820 8976
1820 10009
1856 1966
1856 5809
1865 8976
1865 10009
1920 5809
1920 10100
2007 1092
2007 8976
2007 10009
2131 5809
2131 8976
2131 10009
2152 1554
2402 10009
2402 10475
2428 8976
2428 10009
2430 1554
2430 10009
2431 4996
2431 10009
2432 9049
2432 10009
2476 7559
2476 10009
2523 1092
2523 6644
2523 10009
2651 1092
2651 10100
2696 1092
2696 8976
2839 1092
2839 10100
2922 1092
2922 10009
2922 12979
2951 8976
2951 10009
2989 1092
2989 8976
2991 1554
2991 8976
2992 1554
2992 10009
3006 10009
3024 1092
3024 1554
3024 6644
3024 10009
3025 4996
3025 10009
3026 1092
3026 10009
3026 12979
3066 4996
3066 8976
3066 10009
3069 1554
3069 8976
3069 10009
3076 1092
3076 6644
3076 10009
3076 10475
3080 1092
3080 8976
3080 10009
3094 8976
3094 10009
3138 1554
3138 8976
3138 10009
3171 1554
3171 10009
3215 1966
3215 5809
3248 4996
3248 8976
3248 10009
3287 1554
3287 8976
3333 1554
3333 10009
3333 10100
3352 1554
3383 1554
3383 10100
3403 1554
3403 10009
3410 1554
3410 8976
3410 10009
3410 10100
3427 1554
3544 1554
3544 10009
3545 8976
3545 10009
3577 8976
3577 10009
3597 5809
3597 10009
3600 10009
3625 1966
3625 10475
3647 1554
3647 10009
3696 1092
3696 8844
3698 10009
3703 10009
3718 5809
3718 10009
3837 10009
3861 1554
3861 10009
3877 1554
3877 4996
3877 6644
3877 9049
3877 10009
3879 1554
3879 12979
3987 1092
3987 6644
3987 10009
4006 10009
4025 1554
4048 1966
4048 10009
4055 1092
4055 1554
4055 5809
4055 8976
4065 1092
4065 8976
4065 10009
4071 1092
4138 1092
4138 6644
4138 10009
4187 4996
4187 10009
4187 12979
4258 1092
4258 6644
4258 10009
4276 8976
4276 10009
4350 1092
4350 10009
4350 10100
4356 1554
4356 10009
4378 1554
4378 10009
4387 1554
4387 10009
4406 1092
4406 6644
4406 8976
4406 10009
4428 8976
4428 10009
4496 1554
4496 10009
4650 1092
4650 1554
4650 10009
4696 1554
4731 1554
4731 1966
4754 1554
4754 10009
4758 1092
4758 8976
4760 8976
4760 10009
4769 1554
4769 1966
4785 1092
4785 8844
4794 1554
4794 12979
4798 1554
4798 1966
4817 1554
4817 12979
4864 4996
4864 6673
4934 1966
4934 7559
4950 1092
4950 8976
4950 10009
4978 8976
4978 10009
4983 1092
4983 1554
4983 8976
4983 10009
5164 1092
5164 8976
5200 1554
5200 8976
5200 10009
5202 1554
5202 8976
5202 10009
5247 8844
5247 10009
5249 1092
5249 10009
5356 1554
5356 10100
5451 5809
5451 10009
5484 4996
5531 10009
5538 1092
5538 5809
5538 8976
5538 10009
5544 1092
5544 1966
5544 8976
5576 1092
5576 10009
5638 1092
5638 8976
5708 1554
5719 1092
5719 8976
5755 8976
5755 10009
5779 1554
5779 10009
5780 8976
5780 10009
5799 1966
5799 5809
5816 1092
5816 1966
5816 10009
5885 5809
5885 10009
5900 5809
5900 10009
5905 1966
5935 1554
5935 10009
5939 1554
5939 8976
5940 1092
5940 10009
6018 1554
6018 1966
6019 10475
6041 4996
6041 10009
6104 1554
6104 10100
6111 5809
6111 10009
6146 1554
6146 10009
6223 1092
6223 8976
6233 1554
6233 8976
6233 10009
6241 5747
6246 1092
6246 8976
6246 10009
6264 1554
6264 1966
6310 1554
6310 8976
6328 1966
6328 4996
6328 8976
6328 10009
6358 1554
6358 10009
6376 5809
6376 10009
6392 5809
6392 10009
6522 8976
6522 10009
6526 1092
6526 8976
6526 10009
6601 1554
6601 8976
6602 1554
6606 8976
6606 10009
6635 1554
6635 10009
6656 1554
6656 8976
6656 10009
6674 10009
6695 1092
6695 1554
6697 1092
6697 5809
6697 8976
6697 10009
6699 1092
6699 10009
6701 1554
6701 8976
6701 10009
6747 1791
6749 1554
6749 8976
6749 10009
6756 1092
6756 8976
6768 1554
6768 8976
6768 10009
6787 1554
6787 10009
6820 10009
6854 1554
6854 8976
6854 10009
7008 8976
7008 10009
7025 1092
7025 8976
7062 1092
7062 10009
7114 1554
7114 8976
7146 1966
7146 8976
7160 1554
7160 8976
7160 10009
7179 1092
7179 5747
7179 8976
7179 10009
7187 5809
7187 8976
7187 10009
7189 4996
7189 10009
7195 1092
7195 10009
7201 1554
7201 10009
7202 5809
7202 10009
7204 1554
7204 10009
7219 8976
7220 1092
7220 10009
7221 9049
7221 10009
7238 10009
7253 1966
7253 4996
7253 10009
7283 1966
7283 8976
7294 8976
7294 10009
7307 1966
7307 4996
7307 12979
7310 8976
7310 10009
7310 10100
7418 1092
7418 10100
7419 1554
7419 8976
7419 10009
7450 5809
7450 10009
7482 1554
7482 8976
7482 10009
7514 1092
7514 1966
7514 8847
7515 1554
7515 5809
7515 10009
7516 1092
7516 10009
7516 10100
7517 1554
7517 6644
7517 8976
7517 10009
7518 1092
7518 1966
7518 10009
7518 10475
7519 1554
7519 1966
7519 8976
7519 10009
7520 4996
7541 1966
7541 4996
7542 8976
7558 10009
7565 8976
7565 10009
7566 1092
7566 1554
7566 10009
7569 10009
7576 1092
7576 8976
7598 1791
7598 10009
7745 1554
7745 5809
7745 10009
7754 4996
7754 10009
7754 12979
7777 4996
7777 6644
7777 8976
7777 10009
7782 8976
7782 10009
7856 1554
7856 10009
7862 10009
7869 8976
7869 10009
7887 4996
7887 8976
7887 10009
7905 1092
7905 8976
7905 10009
7908 1966
7908 10009
7908 10475
7909 8976
7909 10009
7910 1966
7910 4996
7910 10009
8028 1554
8028 10100
8029 1554
8029 10009
8097 5809
8097 10009
8266 8976
8266 10009
8268 1092
8268 8844
8268 10009
8269 5809
8269 10009
8271 1554
8271 12979
8283 1554
8283 5747
8283 8976
8283 10009
8287 1554
8287 10100
8306 1092
8306 10100
8324 1554
8324 10100
8325 1554
8325 8976
8326 5809
8326 10009
8345 8976
8345 10009
8346 1554
8346 12979
8380 1092
8380 6644
8394 1554
8394 10009
8402 1966
8402 5809
8574 1092
8574 1966
8574 10009
8576 1092
8576 6644
8576 10009
8643 1554
8643 8976
8643 10009
8732 1092
8732 1966
8732 10009
8860 1554
8860 10009
9053 10009
9193 1966
9193 7314
9194 1966
9194 10009
9266 4996
9266 6644
9278 4996
9278 8976
9278 10009
9279 9049
9280 1554
9280 1966
9329 8976
9329 10100
9351 1554
9351 6644
9355 1092
9355 1966
9355 12979
9356 10009
9441 10009
9666 1966
9666 6673
9681 1092
9681 8976
9681 10009
9682 4996
9682 8976
9682 10009
9684 1092
9684 1554
9684 6644
9684 10009
9690 1966
9690 4996
9690 9740
9690 10009
9691 1554
9691 8976
9691 10009
9786 1092
9786 8976
9786 10009
9802 1092
9802 8976
9949 1092
9949 10009
10010 8976
10010 10009
10029 1966
10029 8847
10029 10009
10049 4996
10049 10009
10232 1554
10232 8976
10274 1554
10274 1791
10349 5747
10349 7559
10427 5809
10427 8976
10427 10009
10771 5809
10771 10009
10805 8976
10805 10009
10896 1554
10896 10009
10942 1554
11036 1554
11036 8976
11036 10009
11076 1092
11076 1966
11076 5809
11076 10009
11111 1092
11111 12979
11112 8976
11112 10009
11142 1554
11142 1966
11189 1092
11189 8976
11189 10009
11332 1092
11332 5747
11332 8976
11356 1092
11356 10009
11371 1554
11440 1554
11440 5747
11440 10009
11499 8976
11499 10009
11632 1554
11632 10009
11645 10009
11740 5809
11740 10100
11874 1092
11874 1554
11874 8976
11932 1966
11932 6644
11980 8976
11980 10009
11995 10100
12030 5809
12030 10100
12082 1966
12082 10475
12094 5747
12094 7314
12198 1554
12198 10009
12213 1554
12224 1092
12224 8844
12250 1092
12250 10009
12270 6673
12270 10009
12271 8976
12271 10009
12379 1092
12379 8976
12379 10009
12656 1554
12656 10100
12734 1092
12734 10009
12830 1092
12830 8976
12830 10009
12834 4996
12839 12979
12841 1092
12841 1966
12888 1554
12888 7314
12889 4996
12889 10009
12922 1554
12922 10009
12928 5809
12928 10009
12937 1554
12937 1966
12937 6644
12937 10009
12946 1554
12946 9049
12946 10009
12958 4996
12973 8847
13034 1092
13034 10009
13035 12979
13036 1554
13036 10009
13040 10009
13041 1092
13041 8976
13041 10009
13043 4996
13043 8976
13043 10009
13044 1966
13044 4996
13044 6644
13044 10009
13048 4996
13048 6644
13048 10009
13050 1092
13050 8976
13050 10009
13053 1092
13053 10009
13056 1966
13058 1966
13058 10009
13058 10475
13069 1092
13069 6644
13069 10009
13071 1092
13071 8976
13071 10009
13073 1092
13073 8976
13073 10009
13073 12979
13074 6644
13074 8976
13074 9049
13074 10009
13079 1092
13079 10009
13081 4996
13082 1092
13082 12979
13226 8976
13226 10009
13341 1092
13341 8976
13341 10009
13353 1554
13353 8976
13465 9049
13465 10009
13467 1554
13467 10009
13480 1092
13480 1554
13480 8976
13480 10100
13607 1092
13607 10009
13646 9049
13646 10009
14369 1092
14369 6673
14369 10009
14370 1092
14370 6644
14370 8976
14370 10009
14371 1092
14379 4996
14379 8976
14388 8976
14487 8976
14487 10100
