14541 14541 541
4471 83
4471 109
4471 284
4471 318
4471 813
4471 1132
4471 1367
4471 1718
4471 2302
4471 2792
4471 3275
4471 3373
4471 3455
4471 3498
4471 3898
4471 4612
4471 6330
4471 6395
4471 8672
4471 8724
4471 9298
4471 10099
4471 10313
4471 10424
4471 10426
4471 10652
4471 11474
4471 11500
4471 11657
4471 11718
4471 11768
4471 11888
4471 12066
4471 12318
4471 12395
4471 12523
4471 12582
4471 12826
4471 12872
4471 12878
4471 12931
4471 12980
4471 13064
4471 13296
4471 13829
4471 13830
4471 13844
4471 13875
4471 13876
6544 688
6544 6611
6544 6678
6544 6835
6544 7247
6544 7248
6544 7249
6544 7932
6544 7933
6544 7944
6544 7949
6544 10352
6552 153
6552 1488
6552 2367
6552 3397
6552 10002
6552 11302
6552 11388
6552 12820
6552 13124
6552 13576
6552 13581
6552 13583
6552 13584
6552 13852
6552 13943
8092 3961
8092 4529
8092 6280
8092 7059
8092 7903
8092 8264
8092 9000
8092 9602
8092 12113
8092 12693
8092 12989
8092 13186
8092 14038
8502 9363
8502 9973
9084 89
9808 41
9808 1120
9808 2480
9808 3001
9808 3119
9808 4288
9808 4625
9808 8445
9808 11365
9808 11394
9808 11842
9808 11864
9808 12901
9808 13258
9808 13371
9808 14209
9808 14458
10416 262
10416 350
10416 432
10416 3342
10416 4161
10416 5660
10416 6084
10416 6996
10416 9271
10416 10303
10416 10439
10416 11083
10416 11095
10416 11271
10416 11284
10416 11285
10416 11286
10416 11303
10416 11468
10416 11469
10416 11470
10416 11471
10416 11509
10416 11510
10416 11552
10416 11553
10416 11554
10416 11556
10416 11599
10416 11644
10416 11663
10416 11668
10416 11727
10416 11750
10416 11773
10416 11814
10416 11815
10416 11816
10416 11817
10416 11818
10416 11905
10416 11975
10416 11976
10416 11978
10416 11985
10416 11986
10416 11988
10416 11990
10416 11992
10416 11998
10416 12027
10416 12037
10416 12038
10416 12039
10416 12040
10416 12041
10416 12043
10416 12044
10416 12049
10416 12058
10416 12100
10416 12101
10416 12102
10416 12108
10416 12124
10416 12125
10416 12156
10416 12157
10416 12159
10416 12189
10416 12190
10416 12191
10416 12197
10416 12272
10416 12282
10416 12286
10416 12287
10416 12288
10416 12419
10416 12622
10416 12963
10416 12977
10416 12978
10416 12981
10416 12982
10416 12983
10416 12984
10416 12985
10416 12986
10416 13008
10416 13009
10416 13011
10416 13012
10416 13013
10416 13022
10416 13023
10416 13024
10416 13103
10416 13104
10416 13106
10416 13108
10416 13110
10416 13111
10416 13135
10416 13136
10416 13159
10416 13173
10416 13174
10416 13175
10416 13176
10416 13177
10416 13178
10416 13179
10416 13180
10416 13181
10416 13182
10416 13183
10416 13184
10416 13254
10416 13255
10416 13286
10416 13287
10416 13288
10416 13289
10416 13290
10416 13292
10416 13293
10416 13318
10416 13319
10416 13320
10416 13321
10416 13322
10416 13335
10416 13339
10416 13340
10416 13373
10416 13374
10416 13375
10416 13376
10416 13377
10416 13378
10416 13380
10416 13381
10416 13382
10416 13383
10416 13384
10416 13385
10416 13387
10416 13388
10416 13389
10416 13390
10416 13391
10416 13392
10416 13393
10416 13394
10416 13395
10416 13396
10416 13397
10416 13402
10416 13403
10416 13433
10416 13435
10416 13436
10416 13437
10416 13479
10416 13519
10416 13520
10416 13522
10416 13523
10416 13524
10416 13526
10416 13527
10416 13528
10416 13529
10416 13530
10416 13531
10416 13532
10416 13534
10416 13536
10416 13537
10416 13562
10416 13563
10416 13622
10416 13623
10416 13624
10416 13625
10416 13626
10416 13627
10416 13629
10416 13630
10416 13631
10416 13632
10416 13634
10416 13635
10416 13636
10416 13637
10416 13638
10416 13639
10416 13640
10416 13641
10416 13642
10416 13643
10416 13645
10416 13648
10416 13649
10416 13650
10416 13651
10416 13652
10416 13653
10416 13654
10416 13656
10416 13657
10416 13658
10416 13659
10416 13661
10416 13662
10416 13663
10416 13665
10416 13666
10416 13667
10416 13668
10416 13669
10416 13670
10416 13671
10416 13672
10416 13674
10416 13675
10416 13676
10416 13677
10416 13678
10416 13679
10416 13680
10416 13681
10416 13683
10416 13684
10416 13685
10416 13686
10416 13687
10416 13688
10416 13689
10416 13690
10416 13691
10416 13692
10416 13693
10416 13694
10416 13695
10416 13696
10416 13697
10416 13698
10416 13699
10416 13700
10416 13701
10416 13702
10416 13703
10416 13704
10416 13705
10416 13706
10416 13707
10416 13708
10416 13709
10416 13710
10416 13711
10416 13712
10416 13713
10416 13714
10416 13715
10416 13716
10416 13717
10416 13718
10416 13719
10416 13720
10416 13721
10416 13722
10416 13723
10416 13724
10416 13725
10416 13726
10416 13727
10416 13728
10416 13729
10416 13730
10416 13731
10416 13732
10416 13733
10416 13734
10416 13735
10416 13737
10416 13738
10416 13756
10416 13757
10416 13758
10416 13759
10416 13760
10416 13761
10416 13762
10416 13763
10416 13764
10416 13767
10416 13768
10416 13769
10416 13770
10416 13771
10416 13772
10416 13774
10416 13776
10416 13777
10416 13778
10416 13779
10416 13780
10416 13781
10416 13782
10416 13783
10416 13784
10416 13785
10416 13786
10416 13787
10416 13788
10416 13789
10416 13790
10416 13791
10416 13792
10416 13793
10416 13794
10416 13795
10416 13796
10416 13797
10416 13798
10416 13799
10416 13800
10416 13801
10416 13802
10416 13803
10416 13804
10416 13805
10416 13806
10416 13807
10416 13808
10416 13809
10416 13811
10416 13816
10416 13817
10416 13818
10416 13819
10416 13832
10416 13834
10416 13848
10416 13851
10416 13854
10416 13855
10416 13856
10416 13857
10416 13858
10416 13859
10416 13860
10416 13861
10416 13862
10416 13863
10416 13864
10416 13865
10416 13866
10416 13867
10416 13868
10416 13869
10416 13870
10416 13871
10416 13878
10416 13879
10416 13880
10416 13881
10416 13882
10416 13883
10416 13884
10416 13885
10416 13886
10416 13888
10416 13889
10416 13891
10416 13896
10416 13897
10416 13898
10416 13899
10416 13900
10416 13901
10416 13902
10416 13903
10416 13904
10416 13905
10416 13906
10416 13907
10416 13908
10416 13909
10416 13910
10416 13911
10416 13912
10416 13913
10416 13914
10416 13915
10416 13919
10416 13920
10416 13922
10416 13923
10416 13924
10416 13925
10416 13926
10416 13927
10416 13928
10416 13929
10416 13934
10416 13938
10416 14438
11524 1378
11524 2947
11524 5746
11524 8371
11524 12766
12011 7747
12011 8512
12011 10536
12011 10538
12011 12767
12011 13345
12011 13370
12011 13430
12011 13438
12011 13601
12011 13612
12011 13615
12011 13616
12011 13618
12770 11555
12770 12076
12770 12079
