14541 14541 137
89 1447
96 12317
493 9919
499 10327
523 12229
568 12134
595 1329
861 4372
866 11569
930 11801
934 12341
961 12564
1240 7752
1259 13573
1260 11570
1586 13404
1706 3211
1706 3326
1893 10115
1961 6006
1972 782
2115 4161
2122 9534
2370 11601
2601 3145
3304 320
3898 4630
4569 12563
4612 806
6135 4408
6451 1435
6453 4716
6565 4432
6569 10378
6623 12241
6626 12242
6678 12474
7148 12243
7186 12254
7248 12081
7544 12255
7613 6455
7640 7903
7644 8918
7676 12256
7677 7630
7691 14022
7727 6995
7823 12257
7829 10779
7874 12258
7880 7280
7932 10299
7933 9711
7947 10587
8003 7752
8082 3342
8087 2963
8101 5206
8241 4105
8246 7410
8247 12259
8248 11934
8249 12260
8250 12261
8251 9292
8357 1337
8363 11558
8366 2526
8369 12766
8414 12262
8512 8512
8572 12263
8864 14020
8907 11155
9037 600
9100 13611
9124 14021
9183 12385
9258 10587
9307 12247
9354 10395
9398 9602
9492 12273
9530 14356
9557 11242
9564 6283
9629 8333
9722 4558
9806 11940
9925 11905
9979 12264
9983 12267
10027 8744
10055 11482
10352 8918
10494 8033
10525 10979
10538 11620
11107 12098
11107 12107
11122 9521
11137 10299
11220 11221
11233 12081
11339 11341
11363 1185
11500 7211
11538 310
11616 11620
11621 11622
11633 11634
11733 2324
11759 11762
11922 1365
12185 12693
12337 1188
12565 13308
12657 13573
12673 12238
12767 1185
12770 12079
12784 5819
12815 13434
12962 13877
13337 10498
13345 11416
13443 13400
13488 13982
13497 13091
13601 9953
13615 10392
13916 398
14338 12239
14343 11781
14352 11572
14501 10414
