14541 14541 809
30 5925
107 979
107 5625
107 5925
184 5625
184 5925
187 979
188 5625
188 9905
190 37
190 5625
190 5925
190 6352
190 9536
190 13363
196 2683
229 5625
229 6507
229 9905
229 11317
230 5625
233 5625
233 5925
233 7889
285 7889
316 4403
316 13363
328 3909
328 13364
393 5057
393 5925
393 6938
393 8519
422 2475
422 5625
422 5925
422 7889
605 5925
608 929
608 979
608 4403
608 5625
608 6507
608 7684
608 8519
617 5625
639 5925
649 308
649 979
649 4403
649 5625
649 6486
649 6507
649 7684
649 7889
649 8519
649 12501
649 13363
649 13364
649 14427
654 5625
654 8519
654 9905
654 13364
691 3909
691 5925
691 6507
691 7889
691 9115
710 4403
710 8519
714 5625
714 9905
731 4403
731 5625
801 5625
824 7889
827 979
827 5066
827 5625
827 5925
827 6938
827 13363
827 13364
851 5625
864 979
864 2683
864 5625
864 5925
881 5625
906 979
906 2683
914 2683
920 5925
920 13363
959 4285
959 5625
959 9516
959 9905
960 929
960 4285
960 5925
960 12469
960 13628
988 5625
988 5925
988 7889
989 4403
989 9536
1015 3909
1015 5625
1015 5925
1015 7889
1056 5925
1224 979
1224 3909
1224 4403
1224 5925
1224 6938
1224 7889
1224 12501
1268 3909
1268 5925
1323 3909
1323 4403
1323 5925
1323 6507
1323 7889
1416 5925
1579 4403
1579 5625
1579 5925
1648 2640
1648 7889
1648 12329
1648 13364
1712 5625
1712 6507
1712 12329
1712 13364
1720 5625
1720 7889
1739 5925
1776 5625
1776 6507
1776 7889
1838 7889
1838 13361
1846 308
1868 5925
1868 6507
1916 7889
1926 979
1926 5057
1926 5925
1926 6507
1926 6938
1926 8519
1926 9255
1926 13363
1926 13364
1941 5625
1941 7684
1964 9115
1967 5925
1983 9619
1985 7889
2017 5196
2017 5625
2017 7684
2027 3909
2027 5625
2027 6938
2027 8519
2029 7684
2043 9619
2051 2683
2051 4403
2051 5625
2051 7889
2051 13363
2060 5925
2060 7889
2088 2683
2088 5625
2093 979
2093 4493
2093 4494
2093 5057
2093 5625
2093 6507
2093 6938
2093 9115
2093 9255
2094 979
2094 1244
2094 2926
2094 2998
2094 4403
2094 5625
2094 5925
2094 7889
2094 8368
2094 9115
2094 13361
2127 979
2127 4285
2127 5925
2151 5625
2164 4403
2164 5066
2164 13363
2178 5925
2189 4403
2194 3909
2194 7889
2195 5625
2195 5925
2195 7889
2195 8519
2201 308
2201 5625
2201 6507
2201 8519
2201 14427
2221 1724
2221 2998
2221 4318
2221 5625
2221 6507
2221 7684
2221 7889
2221 9115
2221 11869
2221 13125
2221 13363
2221 13628
2228 2475
2230 5925
2308 5625
2308 6507
2314 5925
2339 6513
2339 9115
2344 308
2344 5625
2372 979
2386 979
2386 2475
2386 3909
2386 5057
2386 5925
2386 6154
2386 12501
2386 13363
2401 5766
2478 5625
2492 979
2492 5625
2492 7889
2500 3909
2500 5625
2500 7889
2500 8519
2567 411
2567 5625
2579 4764
2605 5625
2605 7889
2620 5925
2621 3909
2621 5925
2621 13364
2624 3909
2664 979
2664 4403
2664 5625
2664 7889
2688 5925
2688 8519
2688 9536
2689 5625
2689 6507
2689 7889
2689 8519
2691 979
2691 2683
2691 4403
2691 5625
2691 5925
2691 7889
2691 13363
2699 3909
2703 5625
2704 4403
2707 1724
2707 5625
2707 12329
2708 2683
2708 4285
2708 4403
2708 5625
2708 6507
2708 7684
2711 3909
2711 5925
2712 979
2712 3909
2712 4403
2712 5925
2712 6507
2712 7889
2716 4403
2720 308
2720 979
2720 11869
2720 13363
2722 5625
2722 5889
2722 5925
2722 8519
2723 5925
2723 6938
2724 979
2724 3689
2724 5625
2724 5925
2724 7684
2724 7889
2724 8519
2727 5625
2727 5925
2728 5625
2728 7889
2730 5057
2730 5625
2730 5925
2731 5625
2734 3909
2734 5625
2734 6938
2735 979
2735 2683
2735 4494
2735 7684
2735 7889
2735 8519
2735 9255
2735 9905
2742 5925
2742 6507
2744 3909
2744 5625
2745 3909
2746 5925
2751 7889
2755 979
2755 3909
2755 5925
2755 8519
2758 5625
2766 5625
2766 5925
2789 5625
2790 5625
2790 5925
2800 979
2800 5925
2815 5625
2815 5925
2815 6507
2815 7889
2824 7889
2824 8519
2829 3909
2834 5625
2834 7889
2835 5925
2845 5925
2848 5925
2859 4403
2859 13363
2863 5625
2864 308
2864 7889
2864 13364
2865 5925
2884 5625
2884 5925
2884 6938
2885 308
2885 5057
2885 5625
2885 6507
2885 8519
2885 9115
2885 13363
2889 5925
2892 5925
2895 5925
2895 6507
2895 9536
2895 13628
2906 3689
2906 3909
2912 3909
2912 5625
2912 5925
2914 5925
2916 5625
2916 7889
2917 4403
2918 979
2918 2683
2918 8519
2918 9619
2923 979
2923 5625
3016 4403
3016 5625
3016 13363
3047 4403
3047 13363
3056 5925
3120 7889
3148 2683
3201 4403
3245 3909
3245 5925
3245 6507
3245 6938
3245 7684
3245 7889
3245 8519
3245 9905
3268 7889
3268 8519
3335 3689
3335 7900
3335 11870
3335 13363
3372 979
3372 4285
3372 13364
3411 5625
3411 5925
3411 8519
3412 4403
3555 5625
3555 5925
3763 4403
3763 13363
3865 3909
3865 4403
3865 5625
3865 5925
3865 13363
3901 8519
3903 7889
3903 8519
3903 13628
4094 5066
4094 5625
4094 5925
4094 9555
4094 9905
4094 13125
4094 13363
4203 7889
4275 929
4275 5057
4275 5196
4275 5625
4275 5925
4292 5625
4292 5925
4292 7889
4448 308
4448 5057
4448 5625
4448 5925
4448 6154
4448 6938
4448 8519
4557 37
4557 4494
4557 5057
4557 5625
4557 6938
4557 7684
4565 979
4605 4403
4605 5625
4661 979
4661 4403
4661 5057
4661 6938
4661 8519
4661 13363
4714 5925
4781 5625
4846 4403
4909 3909
4909 5625
4937 5925
4995 979
4995 5625
4995 5925
5031 5625
5031 5925
5228 5625
5295 7889
5338 979
5499 7684
5542 929
5542 3909
5542 6419
5542 8519
5542 13364
5570 308
5570 5066
5570 5925
5570 8519
5570 13364
5773 929
5773 979
5773 4318
5773 4403
5773 7684
5773 7889
5920 3909
5920 5625
5920 9255
5933 979
5933 2809
5933 5625
5933 5925
5933 6938
5933 7889
5933 9536
5933 13363
5951 308
5951 929
5951 2683
5951 4403
5951 5625
5951 6507
5951 8519
5951 12501
5984 5625
5984 5925
5985 4403
6050 5625
6059 979
6075 5925
6075 8519
6174 5925
6181 5625
6220 4403
6226 2683
6226 5625
6226 5889
6226 5925
6292 5625
6292 6419
6292 7889
6316 5925
6354 979
6354 5625
6354 8519
6356 5925
6501 979
6501 2658
6501 5925
6547 8519
6547 9895
6719 4403
6719 7889
6719 8519
6719 13363
6817 4403
6817 5925
6964 4403
7017 3909
7017 5625
7017 5925
7094 979
7094 2998
7094 4403
7094 5625
7094 5925
7094 7889
7094 8519
7097 5925
7144 5625
7144 5925
7170 3689
7170 4403
7170 13363
7182 5625
7182 6507
7182 13363
7242 979
7242 5625
7242 5925
7271 4403
7271 13363
7275 5625
7299 5625
7299 5925
7299 9536
7299 13363
7318 3909
7338 5625
7338 5925
7338 7889
7338 8519
7338 13363
7412 12953
7493 5625
7493 5925
7493 7889
7493 8519
7493 13364
7564 5625
7564 5925
7564 7889
7564 8519
7564 13363
7579 979
7579 4403
7579 5625
7579 6507
7579 7684
7579 7889
7579 8519
7579 9115
7579 13364
7588 4403
7588 5625
7593 5625
7690 2683
7690 5625
7690 8519
7690 13363
7690 13628
7759 979
7759 3909
7759 8519
7759 9115
7967 9619
8015 5625
8051 5925
8051 7889
8051 8519
8501 308
8501 2683
8501 4403
8501 5057
8501 5625
8501 6938
8501 7889
8501 8519
8501 13363
8779 7889
8922 7889
8989 2475
8989 5625
8989 7889
8989 12501
8997 4285
9076 5625
9133 4403
9133 6938
9133 7889
9133 13363
9133 13364
9276 5625
9276 5925
9297 979
9503 979
9503 2683
9503 5625
9605 4403
9605 13363
9780 5925
9931 4764
9931 13361
9988 929
9988 4493
9988 5057
9988 7684
10196 4403
10196 5625
10196 8519
10196 9895
10196 13364
10243 3909
10243 5925
10309 7889
10318 3909
10318 5625
10318 5925
10346 5925
10464 4403
10493 8519
10898 979
10898 4403
10898 5625
10898 8390
10898 8519
10898 9895
10898 11868
10898 13363
10898 13364
10926 5625
10928 3909
10928 7889
10928 8519
11588 6507
11859 979
11859 5925
11914 979
11914 6938
11914 7889
11914 13361
11914 13366
11916 6513
12061 5925
12083 5925
12083 13361
12083 13363
12145 3689
12145 4403
12145 7889
12145 13363
12150 3909
12150 5625
12151 2683
12151 4403
12151 5625
12151 8519
12152 7889
12152 8519
12165 979
12165 2683
12165 5625
12165 5925
12165 6507
12236 308
12236 6154
12236 7889
12236 8519
12236 12501
12236 13364
12431 5625
12431 5925
12431 6507
12431 8519
12431 11871
12431 13364
12470 929
12502 3909
12502 5625
12502 5925
12593 5925
12917 12951
12944 3909
12944 7889
13066 5625
13066 13364
13114 929
13114 2683
13114 5500
13114 5625
13114 8519
13157 929
13157 3909
13157 5625
13343 5625
13343 5925
13355 2683
13355 7889
13358 5625
13442 979
13442 4285
13442 7889
13442 9115
13508 979
13508 5625
13508 13364
13535 6507
13535 8519
13997 3909
13997 5625
13997 6938
14002 979
14002 5625
14002 5925
14002 11317
14002 12329
14023 7889
14102 5625
14102 5925
14104 7889
14112 7889
14418 979
14418 4403
14530 3909
