14541 14541 1185
50 14196
51 1133
52 3973
52 8363
56 3790
56 3973
59 6544
63 7467
63 11338
64 3973
66 1337
67 5474
69 6544
72 1803
72 3973
74 9292
102 3973
112 3973
141 7467
146 7752
146 8061
156 3973
156 5474
288 11473
315 11672
347 5474
351 3973
383 5474
409 3973
456 12419
481 5635
526 3973
526 4681
545 14196
572 8247
632 3973
640 3973
670 3973
728 3332
733 3973
736 7467
738 7467
739 14196
752 14196
817 4219
852 5474
873 11473
873 13230
873 14146
915 5474
915 14146
935 11665
1011 1007
1011 1214
1011 2803
1011 11242
1011 11482
1011 11572
1011 11665
1011 12130
1011 14132
1025 4471
1098 3973
1111 3973
1111 11286
1111 12503
1113 7467
1147 5710
1211 3973
1216 3973
1216 7467
1307 3973
1308 1133
1308 12766
1319 216
1341 7467
1348 5474
1350 3973
1423 216
1423 9292
1448 3973
1450 12962
1482 6544
1482 7939
1497 3973
1497 7939
1503 1133
1548 9954
1597 3332
1597 3973
1637 3973
1639 3973
1640 12188
1647 5474
1666 11465
1708 5474
1741 1
1755 12766
1788 14196
1790 1133
1837 7467
1858 13186
1908 11945
1943 7467
1973 6135
2003 7774
2013 3973
2013 5474
2013 9372
2013 13745
2028 13674
2066 14094
2083 11948
2200 7467
2257 9954
2305 3973
2305 14196
2328 11473
2329 3973
2329 9954
2340 9954
2340 10317
2340 10399
2355 8363
2437 3973
2464 3973
2467 10823
2467 14356
2498 11599
2515 3973
2539 14356
2547 7467
2641 5635
2970 5474
2996 7467
3007 3973
3043 1133
3105 3973
3105 5474
3133 3973
3192 7467
3276 12872
3283 12255
3340 5474
3351 11948
3420 3973
3420 5474
3420 7939
3420 14196
3423 1803
3423 5414
3423 5710
3423 6135
3465 13150
3506 1133
3506 1803
3539 3068
3539 5474
3628 3973
3639 12936
3641 10303
3641 14196
3651 14196
3657 14091
3672 12901
3674 3973
3674 7939
3679 4105
3679 9292
3713 14196
3742 5474
3774 11569
3796 5746
3806 12238
3810 1133
3810 12766
3814 7467
3822 3973
3849 6135
3857 3973
3872 1133
3880 3973
3880 11442
3883 1007
3883 7939
3913 5710
3913 7545
3913 11599
3915 7467
3922 3973
3922 4219
3922 8857
3926 2122
3926 14091
3928 4219
3945 9530
3945 10823
3964 14185
3972 11599
3983 9954
3983 11524
3992 5474
4011 11572
4015 3973
4016 5474
4016 11473
4073 9292
4090 9954
4090 14196
4129 1337
4130 3973
4142 8915
4142 11905
4142 12503
4186 3973
4188 11672
4190 3973
4193 5474
4215 3973
4222 5721
4222 6255
4222 6543
4222 7467
4222 8919
4233 5474
4233 6135
4279 1133
4281 11599
4281 11665
4281 14158
4281 14159
4281 14185
4286 3973
4289 9292
4342 5474
4424 3973
4437 14356
4463 7467
4477 10823
4632 9954
4647 3973
4651 6544
4657 3973
4680 14356
4686 1133
4703 5474
4726 5710
4726 11599
4726 11945
4742 12766
4749 3973
4750 1803
4751 13188
4774 6472
4774 14196
4784 3973
4790 3973
4805 14196
4806 9954
4806 10303
4806 14196
4819 11494
4828 9530
4830 805
4830 12084
4832 1214
4834 10823
4838 3973
4855 445
4865 3973
4869 1133
4869 9954
4877 3973
4884 3164
4887 5474
4922 3973
4924 3973
4949 9954
4982 3332
4982 3790
4982 3973
5000 445
5000 7467
5011 2302
5013 9954
5016 8909
5016 12419
5016 14106
5016 14136
5025 5474
5034 838
5034 7467
5054 12188
5056 5710
5056 11599
5056 11665
5087 7467
5097 3973
5100 3973
5102 7676
5129 3973
5133 14156
5144 3973
5144 5474
5157 3973
5166 7467
5168 14196
5172 5474
5182 7467
5182 9263
5182 10361
5188 5474
5189 3973
5189 7939
5189 11524
5191 3973
5224 3973
5230 7467
5244 7381
5248 12269
5264 11524
5264 12766
5276 14196
5279 5474
5286 3973
5289 3973
5321 12766
5350 12766
5365 445
5365 5635
5365 8512
5373 14196
5379 7467
5383 7467
5383 11061
5383 11603
5383 11724
5389 260
5389 7544
5389 12255
5393 3973
5405 8529
5422 3973
5491 6135
5491 14091
5492 2122
5521 3973
5532 3973
5532 4681
5534 5474
5537 3973
5537 7939
5550 3973
5569 10303
5569 14196
5575 9954
5578 216
5578 11665
5599 11473
5617 3973
5617 11672
5617 14196
5623 2528
5623 3973
5623 5474
5632 14091
5657 7467
5670 7467
5671 11473
5681 3973
5685 9954
5685 12766
5686 11603
5698 3973
5703 11473
5722 7467
5726 3973
5726 8247
5729 1289
5729 3790
5729 3973
5729 14196
5731 12901
5756 11547
5756 13399
5803 11945
5926 5474
5930 3973
5938 3973
5956 7467
5960 9954
5966 7467
5972 3973
5987 14196
5993 3973
5998 6472
5998 12766
6002 3973
6080 5474
6081 12766
6172 5474
6188 7467
6195 8087
6196 11672
6196 14405
6196 14419
6199 3973
6199 11599
6206 3166
6206 7752
6208 5474
6215 13581
6273 3973
6273 5635
6273 6544
6305 9954
6305 14196
6333 3973
6350 3973
6353 9530
6363 3973
6379 5474
6384 4219
6428 4283
6428 8363
6428 9954
6432 3973
6432 12901
6437 13348
6438 5474
6441 7939
6490 13007
6499 14196
6518 9530
6520 14196
6531 561
6531 7467
6531 8657
6531 9521
6539 6135
6568 3973
6570 5474
6570 7939
6570 10823
6570 12188
6580 3973
6585 3973
6598 7467
6613 14091
6621 5635
6650 3973
6650 7939
6660 2334
6660 3973
6669 3973
6680 3973
6680 4681
6711 11945
6751 4471
6751 7467
6783 3973
6812 5864
6859 2591
6859 3068
6859 5701
6859 7467
6859 7737
6859 8178
6859 9979
6859 10105
6859 11163
6859 11850
6859 12137
6860 953
6860 3068
6860 5746
6860 12766
6865 2334
6865 3973
6868 3973
6868 8918
6873 561
6900 3973
6902 13090
6902 14324
6904 1133
6922 4681
6944 9530
6944 14356
6955 5474
6990 5474
6990 11732
6991 14242
7000 9530
7000 14196
7010 9292
7040 3973
7064 7467
7072 8363
7080 3790
7095 5474
7095 11599
7095 13840
7095 14153
7095 14179
7100 3973
7100 6587
7100 7467
7104 269
7104 3973
7104 5474
7104 8512
7104 9823
7104 11672
7104 13470
7116 5474
7122 5474
7125 9530
7127 10413
7127 10446
7129 7939
7131 5474
7134 5474
7137 11524
7137 12503
7139 5474
7139 14196
7140 3973
7156 3973
7165 3973
7171 9954
7172 3973
7177 9954
7177 11524
7285 14136
7292 7467
7298 14356
7301 12255
7325 1189
7325 3973
7325 4161
7325 4219
7325 5474
7325 7340
7325 7467
7325 8512
7325 10765
7325 11473
7325 11598
7325 13894
7350 7467
7357 3973
7357 6135
7386 11945
7407 1349
7407 7939
7407 9954
7407 14196
7443 3973
7444 216
7444 3973
7444 9372
7444 11599
7444 11934
7495 1803
7495 5414
7553 606
7592 7467
7607 5635
7626 4471
7626 7467
7658 7467
7700 3973
7703 7939
7703 12503
7703 14196
7721 8363
7724 3973
7731 14356
7758 1337
7816 3973
7822 7676
7822 14196
7843 3973
7871 3973
7871 6472
7871 12766
7915 9530
7919 1245
7919 14163
7919 14164
7919 14196
8031 5474
8036 12503
8044 3973
8044 9954
8054 12325
8065 1133
8095 12217
8116 5474
8116 7467
8118 1315
8118 14196
8140 11524
8167 3973
8167 7467
8169 3973
8189 3973
8189 4681
8212 8512
8222 7774
8228 3973
8228 6472
8228 7467
8299 3973
8299 7774
8315 2391
8353 3973
8387 349
8387 7467
8415 445
8415 7467
8429 6135
8451 310
8451 5474
8451 14222
8451 14226
8452 5474
8452 11473
8462 3973
8462 14196
8470 838
8470 2697
8470 4283
8474 9292
8475 4161
8475 5474
8479 2034
8479 11572
8480 2803
8480 11237
8482 5474
8486 7467
8488 3973
8488 11442
8491 5721
8549 3973
8562 5474
8562 12766
8570 14196
8577 3973
8645 10317
8664 11572
8667 4612
8667 7467
8680 4219
8680 5474
8684 1133
8705 14196
8717 11341
8721 3973
8721 4471
8721 7467
8721 7774
8721 8018
8721 14196
8747 5474
8748 2528
8748 3973
8754 7467
8754 11465
8755 5474
8758 11465
8780 7467
8812 11638
8812 12016
8814 13230
8817 3973
8885 5474
8899 7467
8930 3973
8974 445
8974 8918
8974 9263
8974 14091
8983 5474
8983 9973
8983 14153
8985 3973
8985 5710
8985 9954
8992 7467
8992 12248
9047 12766
9070 3973
9186 216
9186 11599
9191 5474
9213 3973
9221 5474
9230 3973
9236 5474
9259 10823
9272 3973
9274 3973
9274 5474
9293 7467
9331 9530
9341 14136
9389 10823
9393 3973
9393 5635
9393 7467
9393 7738
9393 8512
9393 10317
9393 12235
9444 493
9444 11524
9453 3973
9489 3973
9509 12736
9514 5474
9514 10823
9540 5474
9541 1245
9541 5710
9541 11599
9541 14190
9543 3973
9563 1803
9563 5414
9569 3973
9569 4681
9571 216
9571 9292
9589 6472
9590 7939
9603 3973
9603 14438
9608 1133
9611 5474
9612 5474
9617 5474
9617 14091
9633 9954
9645 7467
9646 11672
9656 7467
9660 14136
9662 11442
9674 1214
9674 3973
9674 12081
9677 1337
9685 310
9687 2023
9725 3973
9725 5474
9735 14196
9774 9372
9796 11524
9798 3973
9832 12962
9836 3973
9841 10317
9844 9079
9887 3973
9892 8363
9892 11558
9893 7738
9893 8918
9910 3068
9910 12325
9933 5474
9946 1337
9946 1428
9950 5474
9956 3973
10001 5474
10016 11945
10016 12239
10022 7467
10042 9954
10050 3973
10066 9819
10066 11630
10067 1133
10067 4219
10067 5474
10067 14196
10116 11473
10120 7467
10140 8657
10155 704
10155 1133
10157 3973
10157 11482
10157 13812
10160 6544
10166 815
10166 5344
10166 9292
10166 9954
10166 11855
10166 11945
10179 7467
10197 9530
10197 11732
10205 5710
10205 13224
10205 14090
10224 7467
10275 3973
10286 11524
10286 14356
10294 14133
10294 14135
10320 3973
10320 7467
10322 3973
10355 8572
10355 12263
10355 13406
10359 3973
10407 12766
10425 10823
10425 14196
10456 12
10456 3973
10456 8857
10456 11473
10456 11940
10456 13845
10461 4471
10471 9806
10471 11940
10472 7467
10495 8572
10495 11465
10504 7467
10518 3973
10534 8363
10544 11473
10544 14196
10547 3790
10547 13470
10585 12766
10620 12766
10627 3790
10636 3973
10636 7467
10636 9954
10656 11341
10673 7467
10673 11697
10676 10317
10685 7467
10693 11473
10711 7467
10713 3973
10728 2954
10729 3973
10729 11442
10731 4147
10731 7467
10731 7532
10732 11465
10778 3973
10782 1133
10788 14196
10806 9530
10806 10823
10811 3973
10829 3973
10866 4408
10866 5259
10866 6135
10866 8529
10866 11697
10869 6505
10869 8512
10869 9521
10878 3973
10878 11442
10884 12217
10884 14196
10903 3498
10911 3973
10932 3973
10936 14196
10937 3973
10937 8247
10937 11946
10937 14200
10937 14210
10939 7467
10949 3973
10955 6135
10956 1133
10963 445
10967 4681
10974 3973
10974 9954
11023 8512
11038 6472
11038 12766
11044 12188
11044 14136
11045 10038
11049 1133
11049 5474
11049 6176
11052 11599
11055 216
11055 5710
11060 5474
11064 5746
11064 11524
11071 5474
11100 10317
11102 3973
11115 8512
11120 7467
11146 5474
11146 11665
11162 5474
11171 7467
11183 5243
11207 2122
11207 13378
11207 13395
11207 14185
11207 14186
11243 1133
11280 11599
11281 3973
11287 8248
11292 3973
11293 3973
11293 6544
11293 7467
11298 3973
11311 11672
11314 10303
11379 5474
11379 7545
11404 5474
11414 5474
11415 7939
11415 11524
11424 7467
11439 3973
11444 7467
11451 11603
11458 5474
11485 6472
11495 4488
11495 7467
11495 8918
11495 14153
11512 3973
11512 12014
11518 3973
11518 9954
11580 3973
11612 13150
11623 3973
11623 11442
11625 3973
11625 6472
11625 12766
11640 9155
11664 7467
11666 3973
11677 3973
11677 10317
11681 7467
11689 13373
11689 14136
11691 9292
11700 9292
11705 3973
11707 7467
11710 5474
11735 8864
11747 7467
11748 7467
11754 5474
11754 12130
11766 445
11776 3973
11776 6472
11776 8993
11776 9954
11776 12766
11776 13674
11779 3973
11782 2122
11782 11945
11797 9954
11810 9530
11822 7467
11825 3973
11825 4681
11825 5474
11825 14196
11827 3973
11827 14196
11831 5474
11836 1337
11844 3973
11844 13485
11944 11442
11958 3973
11961 5474
11961 8918
11962 5474
11969 6544
11972 11473
11977 5710
12004 3973
12009 11473
12026 14132
12056 9292
12064 4471
12149 14091
12180 3973
12221 12217
12292 14196
12314 11672
12322 3332
12322 3973
12343 1133
12343 11889
12343 11946
12343 12267
12343 14234
12364 6544
12365 6544
12366 3973
12366 11945
12367 7939
12391 7467
12402 7467
12406 11665
12407 3973
12420 3973
12420 5474
12423 6472
12423 12766
12425 704
12425 5474
12436 3973
12454 3973
12477 8918
12485 14196
12486 5474
12491 1133
12491 9954
12515 3973
12522 7939
12530 12503
12536 5474
12558 1447
12596 6544
12604 14196
12615 3973
12616 8918
12639 1133
12639 5474
12687 7939
12697 3973
12700 1447
12721 12217
12721 14130
12761 3973
12769 3973
12802 5635
12832 11599
12833 3973
12833 4681
12833 5474
12833 11442
12880 3973
12882 5474
12884 3973
12885 14185
12896 14196
12899 6135
12967 8333
12968 2120
13026 11672
13095 1133
13095 3973
13095 4681
13096 2528
13097 3973
13099 11945
13099 12188
13099 12217
13099 14135
13100 704
13113 3973
13115 3973
13129 12188
13134 3973
13140 9530
13141 3973
13143 3973
13143 4681
13143 11286
13169 5474
13169 11665
13189 11291
13192 5474
13196 3973
13202 5710
13202 11599
13235 3973
13243 14132
13243 14133
13253 7467
13315 3973
13316 7467
13323 7467
13325 8363
13328 8363
13477 11672
13533 8363
13548 1133
13548 5474
13548 13229
13548 13840
13548 14240
13554 5710
13554 11665
13571 5635
13571 8264
13571 8978
13571 12113
13578 9530
13593 8363
13813 3973
13821 11473
13850 11465
13935 5474
13949 3973
13961 11494
13964 6544
13978 3973
13978 4681
13979 2364
13979 14255
13981 5474
13981 7545
13981 13840
13984 6135
13990 1133
13991 4681
13991 12997
13991 14196
14043 3973
14046 3973
14046 11442
14047 11599
14048 3973
14049 6544
14051 13219
14103 4625
14120 1133
14122 7467
14126 3790
14280 3973
14375 9292
14375 11665
14441 3973
14442 3973
14443 3973
14492 1007
14492 1947
14492 8918
14496 5474
14499 3973
14502 3973
