14541 14541 453
111 2252
111 3063
113 1079
113 2490
113 2705
113 3865
113 8520
113 12917
115 8965
125 7611
125 12706
130 11167
302 2237
302 7039
406 1969
406 5387
414 995
419 2971
419 5535
419 5890
419 10934
425 2790
425 4485
425 6997
425 8398
425 8520
425 9493
476 1596
476 2924
476 4292
476 11641
514 113
514 1085
569 13032
612 2314
621 2716
667 6681
685 6178
693 1969
706 8956
706 11857
706 12668
732 3371
750 1938
850 4210
896 2588
917 10931
1014 10931
1079 113
1085 2204
1085 2325
1085 2620
1085 2924
1085 11225
1085 11857
1164 10934
1202 8520
1334 7765
1345 4624
1414 406
1414 4077
1444 1545
1444 2716
1530 6257
1545 1444
1570 11050
1572 2772
1575 5832
1596 8520
1596 9185
1739 2716
1848 1596
1848 10998
1887 7039
1887 7358
1887 9484
1887 10864
1890 7099
1937 7808
1937 10934
1938 6251
1969 406
1969 693
1969 2368
1969 6127
2074 6413
2113 4593
2142 2790
2169 8597
2202 12344
2204 1085
2204 3301
2237 302
2237 10601
2238 717
2238 2620
2239 10455
2239 12668
2251 2924
2251 3608
2251 4210
2251 4937
2251 8152
2251 8763
2251 8965
2251 10601
2251 11857
2252 111
2261 2924
2282 3629
2292 2314
2292 5535
2292 5828
2314 113
2314 612
2314 2292
2314 3301
2314 11175
2325 1085
2368 1969
2406 2251
2406 10934
2424 11857
2478 10708
2490 113
2502 9538
2540 5201
2588 896
2610 10226
2620 1085
2620 2238
2620 2716
2652 2759
2681 9185
2705 113
2716 621
2716 1444
2716 1739
2716 2620
2716 2755
2716 2779
2716 6324
2716 9742
2716 12874
2716 13557
2726 2703
2744 3301
2744 3568
2744 6744
2748 2950
2754 6065
2755 2716
2764 5301
2772 1572
2772 8352
2779 2716
2790 425
2790 2142
2849 10913
2889 5573
2890 1980
2912 10714
2924 476
2924 1085
2924 2251
2924 2261
2924 3301
2924 9034
2924 10360
2930 685
2930 954
2950 2748
2971 6630
3058 4395
3063 111
3067 3301
3067 8410
3092 12036
3172 10966
3178 12587
3222 4395
3301 1534
3301 2314
3301 2744
3301 2924
3301 3067
3301 3481
3301 3608
3301 4426
3301 5201
3301 5828
3301 6719
3301 7017
3301 8763
3301 8965
3301 11641
3318 3608
3330 12707
3371 732
3371 1734
3411 10988
3481 3301
3495 7808
3568 2744
3568 6230
3608 2251
3608 3318
3608 11236
3608 11794
3617 5738
3617 6415
3617 7779
3617 9140
3617 9157
3617 9487
3617 11641
3629 2282
3680 706
3680 2716
3680 10360
3764 5586
3865 113
4077 1414
4077 9185
4191 10934
4210 850
4210 2251
4210 5702
4210 8520
4292 476
4292 11971
4395 3058
4395 3222
4395 3995
4395 5621
4395 5943
4479 8612
4485 425
4554 9099
4554 12390
4593 2113
4624 1345
4624 4593
4624 5890
4643 11348
4643 12424
4755 425
4755 6354
4801 3301
4860 8520
4909 7012
4909 9185
4909 12651
4937 2251
5160 7269
5201 2540
5201 3301
5301 2764
5387 406
5432 3318
5490 14055
5535 419
5535 2292
5535 7017
5573 2889
5573 4314
5586 3764
5586 5855
5587 6285
5621 4395
5621 9297
5702 4210
5738 3617
5738 7358
5817 6354
5817 7269
5828 3301
5832 1575
5832 12668
5855 5586
5890 419
5943 4395
6061 5629
6065 2754
6078 8207
6178 12917
6230 3568
6251 1938
6324 2716
6413 2074
6415 3617
6630 2971
6681 667
6719 3301
6744 2744
6822 4593
6897 8710
6957 2716
7012 4909
7017 5535
7017 10530
7017 11236
7039 302
7039 1887
7039 7698
7039 11857
7039 11935
7099 1890
7117 11935
7237 12706
7269 5160
7269 5817
7358 5738
7358 8965
7358 11857
7611 125
7698 7039
7765 1334
7765 8597
7765 9099
7779 3617
7808 1937
7808 12003
7865 11225
8162 12706
8207 6078
8207 8956
8352 2772
8398 425
8410 3067
8520 113
8520 425
8520 1596
8520 4860
8597 2169
8597 7765
8612 4479
8612 13473
8669 13539
8710 6897
8740 9810
8763 2251
8863 5111
8881 12174
8956 706
8956 8207
8965 115
8965 2251
8965 7358
9003 11794
9034 2924
9099 4554
9099 7765
9140 3617
9185 1596
9185 2681
9185 4077
9185 4909
9265 10486
9277 2924
9297 5621
9484 1887
9487 3617
9493 425
9538 2502
9692 12593
9742 2716
9758 2519
9758 4167
10062 10953
10226 2610
10360 2924
10360 3680
10455 2239
10486 9265
10530 7017
10601 2237
10601 2251
10683 2261
10708 2478
10714 2912
10864 1887
10913 2849
10931 917
10931 1014
10934 1164
10934 1937
10934 2406
10934 4191
10953 6031
10953 10062
10966 3172
10988 3411
10998 1848
11166 11937
11166 12854
11167 130
11167 12542
11175 2314
11225 1085
11225 7865
11225 11971
11225 13272
11236 3608
11236 4620
11348 4643
11641 3301
11794 3608
11794 9003
11857 706
11857 1085
11857 2424
11857 3301
11857 7039
11857 7358
11879 12593
11935 7039
11935 7117
11937 11166
11971 4292
11971 6630
11971 11225
12003 7808
12023 3178
12023 14498
12036 3092
12174 8881
12227 10242
12344 2202
12390 4554
12424 4643
12542 11167
12557 2836
12587 3178
12668 706
12680 2740
12706 125
12706 7237
12706 8162
12707 2549
12707 3330
12854 11166
12917 113
12917 6178
12917 7358
13032 569
13272 11225
13473 8612
13539 8669
13557 2716
13814 4464
14055 5490
14299 14055
