14541 14541 883
38 8348
127 2448
127 8464
134 8348
144 8348
147 1157
147 2448
147 8464
169 1126
169 8348
192 8348
227 8348
231 8348
236 9824
323 8348
335 8348
349 8348
355 8348
373 8348
402 8348
410 2448
435 8348
468 8348
468 9824
478 8348
479 8348
498 1786
521 1126
521 8348
547 8348
552 2448
552 8464
560 8464
681 8348
692 2448
692 7646
711 2448
715 2448
715 7646
766 1786
766 13549
768 2448
777 1786
777 13549
793 8348
815 9824
816 2448
816 4707
816 8464
833 6582
833 13549
837 8464
849 7098
855 3027
859 8348
860 2448
868 2448
868 8464
869 1157
869 8464
874 2448
874 3027
876 8348
946 4707
971 8348
973 2448
1039 2448
1045 1126
1081 2448
1081 4707
1087 7098
1093 1157
1093 8348
1099 1786
1099 13549
1100 1786
1100 13549
1134 2448
1144 8348
1152 8348
1152 9824
1154 8464
1156 8464
1169 2448
1171 7098
1184 4707
1194 8348
1201 8348
1203 7098
1203 8348
1213 8464
1218 8464
1218 9824
1231 7098
1236 8348
1237 6963
1243 2448
1249 8348
1317 7098
1317 8348
1332 8348
1339 2448
1339 6582
1339 10982
1339 13549
1352 3457
1352 4209
1352 10982
1361 8348
1377 8348
1398 8348
1399 2448
1399 7646
1404 8348
1421 8348
1425 8348
1436 8348
1449 8348
1514 8348
1536 2448
1536 6963
1536 7940
1537 8348
1543 3027
1551 8348
1551 9824
1558 8348
1559 2448
1604 8348
1646 8348
1669 1126
1669 8348
1670 8348
1673 8464
1678 8348
1687 1126
1687 8348
1689 8464
1693 8348
1700 2448
1700 8464
1700 10252
1711 2448
1711 11069
1725 8348
1761 8464
1761 9824
1762 2448
1763 8348
1764 1126
1764 8348
1764 9824
1796 1126
1796 8348
1797 1126
1797 8348
1798 8348
1799 1126
1799 8348
1800 8464
1810 8464
1811 1126
1811 8348
1813 1126
1813 8348
1814 2448
1821 8348
1839 1157
1839 2448
1844 8348
1861 4707
1918 2448
1930 1126
1930 8348
1968 8348
1989 8348
1994 1157
1994 2448
2004 8348
2016 9824
2075 1157
2075 2448
2105 9824
2116 2448
2116 8464
2120 8348
2129 2448
2129 8464
2132 9824
2147 8348
2154 1126
2154 8348
2160 8348
2161 8348
2166 4707
2167 8464
2176 8348
2207 2448
2214 2448
2214 8464
2218 8348
2233 2448
2233 8464
2242 2448
2254 8348
2263 1126
2263 1157
2263 8348
2263 9824
2274 8464
2286 1126
2286 8348
2295 7098
2295 8348
2299 8348
2306 8464
2310 8938
2310 9824
2316 1126
2316 8348
2318 8464
2336 1126
2336 8348
2338 2448
2343 1126
2343 8348
2360 2448
2364 1157
2364 8348
2375 1126
2375 2448
2394 2448
2395 8348
2397 8348
2397 9824
2415 1126
2415 8348
2415 9824
2421 8348
2422 2448
2422 8464
2442 8464
2455 2448
2473 8348
2491 8348
2535 8348
2536 8348
2544 1126
2544 2448
2553 8348
2559 8348
2569 1126
2603 2448
2607 8348
2627 2448
2627 9824
2634 8348
2644 8348
2647 8348
2668 2448
2668 8464
2675 8348
2676 9824
2713 8348
2806 1126
2806 8464
2807 2448
2818 8464
2818 9824
2840 8348
2857 1126
2858 8348
2896 2448
2901 2448
2901 8464
2909 2448
2909 6963
2954 8348
2972 4707
2983 8464
3002 8348
3008 8348
3013 1126
3013 8348
3017 8348
3020 8348
3021 2448
3034 8348
3038 8348
3041 8348
3042 8348
3044 8348
3082 1157
3082 2448
3136 8348
3150 8348
3176 3457
3176 3532
3176 4209
3186 8348
3195 8348
3213 8348
3219 1157
3219 2448
3219 2451
3219 13549
3223 8464
3226 8464
3233 8464
3234 1126
3234 8348
3238 8348
3254 8348
3266 2448
3269 2448
3269 8464
3273 8348
3282 8464
3292 8348
3293 2448
3311 8348
3314 8348
3316 8348
3323 2448
3323 8464
3329 2448
3332 8348
3384 8348
3395 8348
3395 9824
3409 8348
3446 8348
3464 8348
3540 8348
3547 1126
3547 8348
3560 3457
3561 8464
3606 8348
3655 8348
3687 2448
3687 8464
3687 11069
3695 2448
3751 8348
3790 1786
3790 6963
3790 7940
3790 8464
3798 6963
3798 8464
3798 9824
3832 2448
3832 6963
3835 1126
3835 8348
3836 8348
3855 8348
3876 2448
3876 4707
3878 8464
3936 2448
3954 8464
3954 9824
3974 2448
3974 3027
3989 8348
3993 3027
4000 8348
4079 2448
4081 8348
4081 9824
4084 8348
4086 2448
4096 1157
4096 2448
4096 8464
4096 8938
4099 1157
4099 8464
4109 8464
4110 2448
4110 8464
4116 8464
4137 8464
4144 8348
4145 2448
4145 8464
4159 8464
4175 8348
4178 6963
4178 8464
4181 3027
4201 1126
4201 8348
4206 8464
4208 8348
4213 8348
4230 8348
4253 8348
4261 8464
4268 1126
4268 8348
4284 8348
4313 2448
4330 8464
4336 2351
4338 8348
4341 8348
4344 8348
4344 9824
4346 8464
4362 1157
4362 8464
4370 2448
4370 8464
4375 8348
4375 9824
4390 2448
4404 2448
4404 8464
4405 1126
4405 8348
4415 2448
4415 3027
4420 8348
4433 8348
4457 8348
4472 8348
4480 8348
4481 1126
4501 1157
4501 2448
4501 8464
4515 3457
4517 8348
4518 2448
4518 8464
4518 9824
4524 8464
4537 8348
4540 8348
4540 11069
4544 2448
4546 2448
4546 6963
4563 1126
4563 8348
4563 9824
4564 8348
4603 1157
4603 8464
4617 2448
4629 8348
4638 8348
4642 2448
4660 1786
4666 2448
4690 8348
4693 8348
4693 9824
4699 2448
4699 8464
4699 11069
4725 8348
4729 2448
4745 2448
4765 8348
4776 8348
4823 2448
4823 8464
4902 1126
4902 8348
4907 2448
4907 8464
4910 8348
4970 8464
4973 2448
4973 7646
4973 8464
4984 1126
4988 2448
5012 8348
5038 8464
5043 8464
5061 1157
5061 2448
5061 8464
5078 8348
5116 8348
5117 1157
5117 8464
5117 8938
5137 8348
5151 8464
5158 9824
5195 8348
5204 8348
5296 1157
5296 9824
5297 1126
5297 1157
5297 8348
5316 8348
5325 10982
5361 2448
5361 8464
5362 2448
5362 8464
5375 8348
5399 8348
5409 8348
5410 1157
5410 8348
5411 1126
5411 8348
5412 8348
5413 8348
5414 8348
5414 9824
5424 8348
5431 8464
5437 1157
5437 8464
5469 8348
5469 9824
5480 2448
5480 8464
5508 8348
5512 2448
5512 3027
5513 2448
5513 3027
5514 3027
5515 2451
5533 2448
5554 2448
5554 8464
5611 8348
5627 3027
5667 8348
5684 2451
5684 3457
5684 3532
5684 10982
5704 2448
5704 7646
5707 8348
5713 8348
5730 8348
5735 8464
5741 2448
5741 8464
5770 2448
5770 6963
5783 1157
5783 6963
5783 8464
5783 8938
5785 1157
5785 8464
5785 8938
5788 2448
5793 2448
5807 2448
5833 8348
5872 2448
5872 8464
5909 8464
5917 2448
5919 1157
5919 8464
6004 2448
6004 8464
6093 2448
6093 7646
6093 8464
6100 8348
6187 2448
6187 4707
6187 8464
6209 2448
6214 2448
6214 8464
6284 8464
6289 8464
6289 9824
6304 2448
6304 7646
6306 8348
6446 8348
6450 2448
6450 8464
6488 8348
6502 4209
6502 8348
6590 2448
6620 8348
6633 1126
6676 2448
6682 8348
6685 8348
6688 1126
6688 1157
6688 8348
6705 8938
6742 1157
6742 8464
6795 2448
6795 8464
6953 2448
6953 7646
6961 8348
6980 2448
6980 8464
7093 8464
7199 1126
7199 8348
7199 9824
7241 8464
7241 9824
7258 8464
7261 8348
7270 8348
7291 8348
7297 2448
7316 2448
7316 8464
7353 2448
7411 8348
7428 1126
7428 8348
7457 9824
7470 9824
7525 8348
7618 2448
7683 1126
7683 8464
7683 8938
7683 9824
7693 3532
7693 10982
7712 2448
7712 3027
7712 8464
7776 1157
7776 2448
7824 2448
7824 8464
7857 8348
7881 8348
7938 8348
7996 2448
7996 9824
8048 8348
8080 4707
8154 2448
8154 8464
8194 2448
8194 8464
8235 8348
8289 8348
8310 8348
8370 1126
8370 8348
8419 8464
8428 2448
8428 9824
8439 1157
8439 6582
8458 3027
8478 2448
8478 8464
8500 2448
8500 8348
8631 1126
8631 8348
8632 8348
8632 9824
8675 8348
8679 8464
8752 8464
8807 8464
8809 8464
8809 9824
8830 9824
8890 8348
8894 8348
8909 2448
8909 7646
8973 8464
8973 9824
9020 2448
9048 9824
9054 2448
9054 8464
9102 2448
9102 3027
9150 8464
9150 9824
9187 8348
9189 2448
9228 8464
9359 8348
9464 6963
9464 8464
9481 8464
9527 8348
9562 9824
9701 2448
9701 8464
9811 8348
9811 9824
9819 8348
9823 8464
9825 8348
9825 9824
9826 8348
9826 9824
9829 8348
9830 4707
9831 4707
9842 8464
9845 8348
9846 1126
9846 8348
9846 9824
9847 1126
9847 8348
9849 8348
9849 9824
9850 8348
9855 1126
9855 8348
9855 9824
9857 1126
9857 8348
9857 9824
9859 2448
9859 8464
9861 9824
9862 1157
9862 8348
9863 8348
9874 8348
9875 8348
9876 8348
9876 9824
9877 8348
9878 8348
9881 8464
9882 8348
9890 8348
9961 8348
9980 8348
10065 2448
10086 8464
10093 8348
10101 8348
10169 2448
10183 1786
10211 8348
10212 2448
10448 8348
10490 8348
10515 8348
10520 8464
10524 8464
10527 8464
10614 4209
10614 10982
10679 8348
10766 6963
10766 8464
10791 8464
10800 1786
10800 13549
10916 2448
11004 8464
11034 8348
11046 2448
11070 8464
11082 7646
11082 8348
11082 9824
11217 1126
11217 8348
11217 9824
11268 4707
11299 9824
11335 8348
11494 8464
11494 9824
11586 1786
11586 13549
11659 1786
11783 8348
11883 8348
11895 1786
11895 9824
11895 13549
11904 8464
11918 1126
11918 8348
11918 9824
11927 8348
12140 8348
12194 4209
12194 10982
12248 8348
12332 2448
12332 8464
12396 8348
12443 2448
12445 8348
12482 8348
12496 8348
12500 8348
12505 4707
12505 9824
12516 2448
12516 8464
12517 8348
12518 8348
12666 1126
12666 1157
12666 8348
12762 8348
12797 1157
12797 8348
12851 2448
12966 1126
12966 8348
13019 7098
13019 8348
13028 1126
13028 8348
13029 8348
13087 8348
13089 8464
13165 4707
13165 9824
13298 2448
13298 11069
13304 1126
13304 8348
13304 9824
13338 8464
13352 8464
13352 9824
13357 2448
13357 8464
13441 9824
13455 2448
13471 9824
13494 8348
13498 8348
13498 9824
13504 2448
13550 8348
13564 8348
13569 8348
13569 9824
13596 8348
13918 8348
13946 8348
14016 8348
14016 9824
14039 8464
14116 8464
14275 8348
14314 8348
14314 9824
14347 9824
14424 8348
14462 9824
14464 4707
14464 9824
14465 4707
14471 9824
14475 4707
14477 9824
14480 9824
