14541 14541 979
113 4366
115 4366
122 170
122 4366
122 4419
122 5861
122 6945
122 8799
122 9119
158 4366
177 4366
188 4366
188 9119
190 4366
211 8782
225 4366
238 170
238 4366
238 5487
238 8782
241 4366
244 4366
268 4366
300 4366
316 4366
325 4366
337 4366
396 4366
412 4366
412 8782
424 4366
424 8897
427 4366
454 4366
460 4366
470 4100
470 4366
486 4366
497 4366
522 4100
522 4366
522 8782
531 4366
546 4366
550 4366
563 4366
578 4366
584 4366
611 4366
619 4366
647 4366
664 4366
665 4366
697 4366
701 4366
718 4366
723 4366
729 4366
732 4366
749 4366
757 4366
785 4366
812 4366
867 4366
891 4366
957 4366
972 4366
1135 4366
1149 4366
1155 4366
1155 5861
1155 9119
1163 4366
1163 5861
1164 8782
1200 4366
1209 4366
1224 4366
1253 4366
1333 4366
1333 8782
1334 4366
1345 4366
1390 4366
1419 4366
1470 4366
1511 4366
1525 9092
1534 4366
1538 4366
1545 4366
1545 8782
1572 4366
1584 4366
1587 10630
1642 4366
1650 4366
1661 4100
1661 4366
1661 8782
1680 4366
1692 4366
1692 8782
1743 4100
1743 4366
1743 8782
1743 9119
1743 13146
1744 4366
1745 4366
1746 4366
1752 4366
1769 4366
1777 4366
1843 4366
1843 5861
1852 4366
1898 4100
1910 4366
1917 4366
1924 9119
1938 4366
1944 4366
1969 4366
1969 14387
1976 4366
1981 4366
2010 4366
2010 10017
2048 4100
2060 4366
2076 4366
2077 4366
2081 4366
2126 4366
2126 6268
2133 4366
2162 4366
2183 4366
2184 4366
2187 4366
2202 4366
2215 4366
2216 6945
2219 9119
2235 8782
2236 4366
2245 4366
2252 5487
2252 8782
2261 4366
2262 4366
2264 4366
2282 3920
2282 4100
2282 4366
2282 8239
2282 8782
2282 9119
2317 4100
2317 4366
2317 6945
2317 8782
2325 4366
2356 5861
2358 4100
2359 4366
2396 5642
2396 9119
2401 4366
2406 4366
2450 4366
2478 4366
2479 4366
2490 4366
2490 9119
2508 4366
2522 4366
2549 4100
2549 4366
2549 8782
2563 4366
2588 4366
2588 8782
2595 4366
2609 4366
2615 4366
2625 4366
2632 8782
2632 8897
2635 4366
2645 4366
2652 4366
2677 4366
2680 4100
2680 4366
2680 8782
2703 4366
2716 4366
2722 4366
2726 4366
2726 8782
2726 9119
2730 4366
2747 4366
2751 4366
2751 6693
2756 4366
2761 4366
2762 4366
2763 4366
2768 4366
2770 4366
2772 4366
2784 4366
2787 4366
2788 4366
2790 4366
2814 4366
2814 8782
2814 9119
2822 4366
2822 9119
2824 4366
2844 4366
2849 4366
2866 4366
2871 4366
2872 4366
2875 4366
2875 8674
2875 9119
2876 4366
2881 4366
2883 4366
2884 14290
2898 4366
2900 4366
2908 6268
2908 7999
2931 4366
2938 4366
2940 4366
2940 8782
2945 1266
2945 4366
2945 6268
2945 8782
2945 9558
2945 10363
2945 10403
2945 10630
2950 4366
2953 4118
2953 4366
2953 14387
2959 4366
2971 4366
2976 4366
3009 4366
3054 4366
3058 4366
3067 8782
3070 4366
3088 4366
3125 4366
3134 4366
3135 4366
3162 4366
3162 6268
3189 4366
3212 4366
3222 4366
3235 4366
3239 4366
3244 4366
3245 4366
3253 6268
3253 8852
3297 4366
3300 4366
3300 8782
3306 4366
3334 4366
3349 6268
3356 4366
3358 4366
3360 4366
3361 4366
3390 1266
3390 4366
3390 6268
3390 7999
3419 4366
3451 4366
3466 4366
3471 4366
3492 4366
3497 6268
3575 4366
3590 86
3590 4366
3590 6268
3590 7999
3676 4366
3681 4366
3681 6945
3681 8782
3711 4366
3749 4366
3865 4366
3890 4366
3900 4100
3900 4366
3900 8782
3914 4366
3914 6268
3929 4366
3939 4366
3965 4366
3967 4366
4008 4366
4012 4366
4021 4366
4069 4100
4125 4100
4125 9119
4189 4366
4226 4366
4227 4366
4229 4100
4229 4366
4229 8782
4252 4366
4257 4366
4274 4366
4314 4366
4394 8782
4395 4366
4395 9119
4396 9558
4396 10363
4460 4366
4462 14290
4464 4366
4467 4366
4479 14290
4485 4366
4549 8782
4551 4366
4568 4100
4568 4366
4568 8782
4568 9119
4598 4366
4620 4366
4641 4366
4663 4366
4668 6268
4668 9558
4676 4366
4676 8782
4722 4366
4755 4118
4755 4366
4755 6945
4755 8782
4759 4366
4853 4366
4860 4366
4882 10630
4899 4366
4899 6268
4899 10630
4909 4366
4915 9558
4915 10363
4935 4366
4954 10363
4958 4366
4992 4366
5006 4366
5036 4366
5058 4366
5062 4100
5082 4366
5082 9092
5085 4366
5096 4366
5096 8782
5098 4366
5108 4366
5111 4366
5119 4366
5126 4366
5126 9092
5155 6268
5198 4366
5217 4366
5225 4100
5225 9119
5229 170
5229 4366
5229 5861
5229 8799
5236 4366
5236 7999
5236 9558
5236 10403
5254 4366
5254 6268
5260 6268
5298 4366
5301 9119
5305 4366
5307 4366
5307 6268
5322 4366
5345 4366
5381 4366
5387 4366
5425 4100
5430 4366
5448 4366
5479 4366
5489 4366
5490 4366
5529 4366
5549 4366
5549 9119
5560 8897
5564 4366
5572 4366
5573 4366
5604 4366
5605 4366
5607 4366
5607 5487
5619 4366
5629 4366
5639 4366
5648 4366
5680 4366
5683 6945
5724 4366
5739 4366
5763 4366
5771 4366
5827 4366
5828 4366
5832 4366
5832 8782
5832 9119
5869 4366
5880 4366
5893 4366
5896 4366
5983 4100
5983 4366
5983 6945
5983 8782
5992 4366
6014 4366
6029 4366
6032 6945
6043 4366
6048 6268
6050 4366
6052 4366
6059 4366
6059 5435
6059 5861
6059 6200
6059 6945
6061 4366
6075 4366
6085 4366
6122 4366
6122 6268
6140 4366
6165 4366
6165 6945
6167 4366
6170 4366
6178 4366
6181 4366
6220 4366
6226 4366
6242 3920
6250 4366
6251 4366
6253 4366
6271 4366
6276 4366
6285 4366
6291 4366
6294 4366
6302 4366
6335 4366
6335 9119
6354 4366
6362 4366
6397 4366
6411 4366
6444 5861
6516 4366
6541 4366
6547 4366
6558 8782
6572 4366
6572 8782
6572 9092
6595 4366
6641 4366
6641 6268
6641 8852
6641 10630
6642 4100
6675 4366
6675 6268
6675 8782
6681 4366
6687 1266
6687 4366
6687 6268
6687 9558
6687 10363
6687 10630
6709 4366
6720 3920
6720 4100
6720 4366
6720 6945
6722 4366
6744 4366
6763 4366
6776 4366
6790 6268
6790 7999
6809 4366
6813 4366
6815 4366
6822 4366
6831 9119
6832 4366
6838 86
6838 4366
6838 4423
6838 6268
6838 7999
6838 8782
6838 9558
6838 10630
6847 4366
6847 6268
6870 4366
6878 4366
6883 4366
6897 4366
6918 4366
6939 4366
6948 6268
6951 4366
6970 4366
6972 9119
6973 4366
6997 4366
7004 4100
7004 4366
7004 5642
7004 6200
7004 6945
7004 7425
7004 8782
7004 9119
7012 4366
7052 4366
7052 6268
7055 4423
7055 6268
7083 4366
7090 4366
7090 6268
7090 9558
7090 10363
7090 10403
7090 10630
7092 4366
7097 4366
7102 4366
7118 6268
7118 8852
7132 6268
7155 4366
7200 4366
7209 4366
7224 4366
7229 4366
7250 6268
7267 4366
7268 4366
7276 4366
7295 4366
7296 4366
7296 6268
7296 8852
7296 9558
7296 10630
7303 4366
7338 4366
7343 4366
7414 4366
7442 6268
7479 6945
7512 4366
7537 4366
7588 4366
7652 6268
7655 4366
7678 6268
7698 4366
7701 4366
7705 4366
7733 4366
7740 6268
7740 9558
7779 4366
7781 4366
7787 4366
7789 4366
7803 4366
7804 9119
7814 6268
7828 4366
7828 9119
7848 4366
7852 4366
7875 4366
7875 4423
7875 6268
7875 9558
7875 10403
7886 4366
7964 4366
7964 6693
8103 4366
8122 4366
8152 4366
8186 4366
8207 4366
8267 1266
8267 4366
8267 6268
8281 10363
8290 4366
8329 10363
8398 4366
8423 4366
8436 6268
8436 9558
8447 4366
8460 4366
8498 4366
8513 4366
8520 14290
8585 4366
8606 4366
8606 6268
8606 8782
8606 9558
8614 86
8618 4366
8641 4366
8669 4366
8693 4366
8710 4366
8764 8897
8779 4366
8843 4366
8863 4366
8873 4366
8888 4366
8925 4366
8979 4366
8980 4366
8991 4366
8994 4366
8994 6268
9003 4366
9017 4366
9034 4366
9040 4366
9040 8782
9046 1266
9046 4366
9046 6268
9046 9558
9046 10363
9074 4366
9090 4366
9105 4366
9105 6945
9121 9119
9138 4366
9139 4366
9148 10630
9209 4366
9224 4366
9253 4366
9269 8782
9269 8897
9315 4366
9325 9558
9353 4366
9400 4366
9401 6268
9401 9558
9401 10363
9401 10403
9405 4366
9418 4366
9418 5642
9418 8782
9429 4366
9566 4366
9575 4366
9583 4423
9585 4100
9585 4366
9585 9362
9599 170
9599 8799
9599 14290
9605 4366
9742 4366
9758 4366
9761 4366
9770 4366
9775 4366
9807 4366
9810 4366
9901 4366
9947 2389
9947 4366
9947 9119
9970 4366
9975 4366
10032 4366
10034 4366
10036 4366
10036 6268
10036 9558
10070 6268
10082 6268
10112 4366
10112 4423
10112 6268
10134 4366
10134 4423
10134 6268
10144 4366
10149 6268
10149 8852
10173 4366
10178 4366
10178 6945
10190 4366
10207 4366
10214 4366
10214 6945
10219 6268
10219 9558
10219 10363
10219 10630
10226 4366
10236 4366
10309 4366
10310 4366
10331 14290
10346 4366
10357 4366
10360 14290
10410 6945
10516 4366
10535 4366
10535 9558
10535 10403
10619 4366
10619 6268
10619 9558
10619 10363
10619 10403
10619 10630
10654 9558
10654 10403
10683 8782
10702 4366
10708 4366
10714 4366
10772 4366
10792 6268
10795 9558
10856 4366
10886 4100
10886 4366
10886 6945
10886 8782
10886 9092
10892 4366
10898 4366
10933 4366
10933 10017
10953 6200
10953 7425
10953 8782
10966 4366
10988 4366
10995 8782
11042 4366
11042 10343
11050 4100
11050 4366
11063 14290
11098 4366
11145 4366
11179 4366
11201 4366
11234 4366
11236 4366
11277 4100
11277 4366
11277 6945
11277 8782
11346 4366
11348 4100
11348 8782
11367 4118
11367 4366
11380 4366
11514 4366
11535 1266
11535 4366
11588 4366
11698 4366
11698 6268
11698 9558
11698 10363
11698 10403
11698 10630
11736 4366
11745 4366
11796 4100
11796 4118
11796 4366
11796 8782
11796 9119
11811 4366
11839 4366
11856 4366
11857 4366
11862 8782
11862 8897
11878 4366
11937 4366
12003 4366
12023 4366
12036 4366
12061 4366
12083 4366
12110 6268
12110 7999
12111 4366
12131 4366
12133 4366
12227 4366
12249 4366
12316 4366
12333 4366
12383 4100
12383 4366
12383 8782
12390 4366
12424 4366
12444 8782
12525 4366
12543 4366
12550 9558
12556 4366
12557 4366
12577 4366
12590 4366
12625 4366
12683 4366
12694 4366
12698 4366
12738 4366
12774 4366
12853 4366
12856 4366
12856 5861
12862 6945
12867 4366
12874 4100
12874 4366
12874 8782
12894 4366
12898 4366
12917 4366
12933 6945
12933 8782
12939 8782
12944 4366
12999 4366
13107 4366
13107 9558
13107 10363
13130 4366
13152 6268
13167 4366
13214 4366
13214 8897
13218 4366
13237 4366
13268 4366
13274 4366
13300 5861
13306 4366
13307 6268
13307 9558
13307 10363
13310 4366
13310 8782
13311 6268
13311 7999
13331 4366
13355 4366
13414 4366
13415 4366
13424 4366
13424 8782
13450 4366
13459 4366
13473 14290
13475 4366
13514 4366
13539 4366
13539 8782
13568 5556
13568 13146
13603 4366
13605 4366
13814 4366
13948 4366
13973 4366
13988 4366
13988 8897
14003 1266
14003 4366
14003 8782
14028 4366
14033 4100
14033 4366
14052 4366
14057 4366
14067 4366
14071 4366
14072 4366
14087 4366
14089 4366
14100 4366
14262 4366
14263 4366
14284 14290
14299 4366
14299 6945
14306 4366
14306 6268
14491 4366
14517 4366
