14541 14541 8649
50 1779
50 3673
50 4510
50 4669
50 5308
50 8706
50 9112
50 9791
50 13491
51 1698
51 4553
51 6563
51 8454
51 8941
51 9771
51 9791
52 6275
52 9112
52 9791
56 1467
56 4709
56 9791
57 6125
57 6275
57 9791
58 2574
58 6275
58 8454
58 9791
59 825
59 4553
59 6482
59 7810
59 8454
59 9791
60 4553
60 7809
60 8706
60 9791
61 1779
61 3240
61 6222
61 8454
61 9791
61 13491
61 14342
62 2574
62 4553
62 8454
62 8941
62 9791
62 11386
63 825
63 4553
63 5934
63 6482
63 7674
63 7718
63 9791
64 2574
64 4553
64 8454
64 8941
64 9791
64 11386
64 12838
65 2574
65 3240
65 7323
65 7993
65 8454
65 12838
66 1731
66 3240
66 4553
66 9791
67 4669
67 9791
67 13491
68 5934
68 6393
68 7809
68 7810
68 9055
69 4553
69 8454
69 9791
69 9991
71 3240
71 4622
71 9791
71 9991
72 1467
72 1779
72 5934
72 6393
72 9791
73 1779
73 2574
73 4669
73 6449
73 7810
73 8454
73 9791
73 12838
73 12938
73 13491
74 7718
74 7809
74 7810
74 8454
74 9791
74 12995
75 4553
75 6482
75 9791
94 825
94 3240
94 4553
94 4709
94 6125
94 7809
94 7810
94 9791
102 4510
102 6275
102 9112
112 4510
112 4553
112 11169
112 13491
131 6275
131 9112
131 12800
139 3240
139 6125
139 11456
141 1779
141 6434
141 9112
146 6275
146 9112
146 9791
156 1698
156 1731
156 4510
156 6275
156 7619
287 4510
287 8454
287 13491
288 1721
288 4510
288 8454
288 9771
288 10925
288 12446
288 13491
315 2011
315 4510
315 9791
341 4553
341 7809
341 7810
341 9055
341 9791
347 1779
347 4553
347 6563
347 9791
347 12995
351 1698
351 2298
351 3240
351 6275
351 9112
351 12794
377 1557
377 4553
377 8454
377 9791
378 1779
378 8454
378 9791
378 9991
379 1779
379 4510
379 6275
383 8454
383 8941
385 1779
385 6275
385 9112
385 13491
388 1779
388 4510
388 4553
388 6275
388 9112
388 9791
409 4553
409 8454
409 8941
456 1779
456 6275
456 9112
481 1467
481 9991
485 8706
485 9791
525 825
525 7810
525 9791
526 825
526 1467
526 1779
526 9061
526 9791
526 13491
528 4510
528 9791
528 12794
545 2574
545 8416
545 8454
545 9114
545 9791
545 11456
545 12446
549 1698
549 4510
549 7809
549 8454
549 9270
549 9791
554 1698
554 6275
554 8454
554 9112
554 12794
559 1698
559 6275
559 7674
559 7809
559 8454
559 10912
559 12794
572 4553
572 8454
572 8941
585 1779
585 4510
585 10925
613 4510
613 4553
613 4709
613 5934
613 6275
613 9055
613 9791
613 9991
632 4510
632 7993
632 8454
632 9112
640 4669
640 6222
640 13491
666 3240
666 4553
666 5308
666 9791
666 13491
669 825
669 1779
669 3240
669 4510
669 6393
669 9791
669 9991
670 1698
670 4553
670 8454
670 9791
671 4553
671 7323
671 7718
671 9791
679 1731
679 2574
679 3240
679 7323
679 7810
679 8454
679 9791
679 12838
720 1779
720 9791
720 10402
720 11169
720 12995
720 13491
726 4510
726 5934
726 7809
726 7810
726 8706
726 9055
726 9791
726 9991
728 1779
728 4669
728 9791
733 2574
733 3240
733 7993
733 8454
733 9791
736 825
736 3240
736 5934
736 7809
736 7810
738 825
738 4709
738 5934
738 6393
738 6449
738 7809
738 8454
738 11456
739 825
739 7810
739 9791
744 6275
744 6482
744 9791
744 10912
744 12794
744 13138
747 825
747 9791
747 13491
752 825
752 2574
752 5934
752 9791
754 825
754 3240
754 5934
754 7810
754 8706
754 9791
754 11590
754 12838
755 3240
755 9791
755 13491
756 1731
756 3240
756 4510
756 9791
756 13491
759 825
759 4553
759 6125
759 7810
759 8706
760 1779
760 6275
760 9791
760 13491
761 5934
761 7810
761 9791
774 1698
774 4510
774 6275
774 8454
774 9112
788 1779
788 4510
788 13491
817 1731
817 3690
817 7718
829 1698
829 4510
829 5313
829 6275
829 8706
829 9055
829 9791
830 1698
830 4510
830 5313
830 6275
830 8706
830 9055
830 9791
839 1698
839 5313
839 6275
839 8706
839 9055
839 9791
842 1476
842 7718
842 8454
842 9114
842 9991
842 14342
844 1698
844 1731
844 6275
844 8454
844 8706
844 9791
852 1779
852 2298
852 3673
852 4622
852 5308
852 6222
852 9112
852 9791
873 1779
873 3240
873 4622
873 4669
873 9791
873 10402
873 11169
873 13491
892 1698
892 6275
892 7718
915 8454
915 9114
915 12800
935 4510
935 4553
935 9791
935 9991
956 4510
956 6275
956 9112
956 9791
956 12794
956 13138
1010 4669
1010 13491
1011 9991
1011 13123
1025 825
1025 4553
1025 5934
1025 8706
1025 9791
1025 12838
1035 9791
1035 12838
1037 6275
1037 7718
1037 8454
1037 12794
1064 1698
1064 6275
1064 7674
1064 9791
1064 12794
1098 4709
1098 6393
1098 7809
1098 7810
1098 9055
1098 9791
1098 13491
1110 4510
1110 4709
1110 6275
1110 7809
1110 7810
1110 9055
1110 9791
1110 9991
1111 1779
1111 4510
1111 13491
1113 1698
1113 6275
1113 7718
1113 8454
1113 9791
1113 9991
1113 12794
1147 4510
1147 6275
1147 7619
1147 9112
1168 1779
1168 9791
1168 12592
1168 13491
1197 2574
1197 6275
1197 8454
1197 9791
1197 9991
1197 13491
1211 4553
1211 8454
1211 8941
1216 1779
1216 4510
1216 6275
1216 7717
1216 7809
1216 7993
1216 8454
1216 12800
1220 1698
1220 8454
1220 13491
1226 3240
1226 6125
1226 7809
1226 7810
1226 9055
1226 9791
1242 3137
1242 6275
1242 8454
1242 12794
1273 4553
1273 7809
1273 8706
1273 9791
1273 9991
1293 2298
1293 2574
1293 8454
1293 9114
1293 9791
1293 13491
1293 14342
1307 1698
1307 4669
1307 5308
1307 6275
1307 9791
1307 12794
1307 13491
1308 8454
1308 9791
1308 13491
1319 1779
1319 4553
1319 9791
1319 13491
1338 1779
1338 4510
1338 6275
1338 6434
1338 8416
1338 9112
1338 9114
1338 9991
1341 4553
1341 8454
1341 8941
1348 1779
1348 6222
1348 6434
1348 9791
1348 10402
1350 1698
1350 4510
1350 8454
1350 9112
1350 9168
1350 12053
1379 1779
1379 3240
1379 4669
1379 10402
1379 13491
1409 707
1409 1779
1409 7993
1409 13491
1423 1779
1423 4510
1423 6275
1423 7717
1423 9112
1442 1698
1442 6275
1448 6393
1448 8706
1448 9791
1450 1779
1450 4510
1450 6275
1450 7717
1450 7809
1450 7993
1450 8454
1450 12800
1454 1779
1454 4510
1454 9112
1456 5313
1456 6275
1456 8454
1456 9112
1456 9771
1456 10522
1457 5313
1457 6275
1457 8454
1457 9112
1457 12800
1459 4553
1459 9791
1461 1698
1461 4553
1461 9112
1461 9791
1462 4553
1462 4669
1462 4670
1462 6482
1462 9791
1463 1779
1463 4510
1463 6275
1463 6434
1463 9112
1463 9168
1482 4553
1482 4669
1482 7674
1482 9791
1497 825
1497 8454
1497 9791
1497 13491
1503 6275
1503 8454
1503 10589
1503 10912
1503 13491
1528 2011
1528 4622
1528 7810
1528 9791
1528 10402
1531 4553
1531 7810
1531 9791
1533 2011
1533 4553
1533 9791
1548 449
1548 1779
1548 2298
1548 4072
1548 12053
1574 825
1574 4510
1574 6125
1574 6275
1574 7809
1574 9791
1574 9991
1597 2298
1597 2574
1597 6449
1597 8454
1597 9791
1597 14342
1637 825
1637 5934
1637 7718
1637 9791
1639 4553
1639 7718
1639 7810
1639 8706
1639 9791
1640 4553
1640 9791
1647 1779
1647 4510
1647 9112
1647 9771
1655 2574
1655 3240
1655 6449
1655 8454
1655 9791
1655 14084
1655 14342
1664 12794
1666 4510
1666 7809
1666 7810
1666 9791
1666 9991
1704 1779
1704 4510
1704 7619
1704 9791
1704 13491
1707 1698
1707 1779
1707 4510
1707 7619
1707 11048
1707 13491
1708 9791
1709 1698
1709 1779
1709 4510
1709 7619
1709 7993
1709 9112
1709 11048
1709 13491
1710 1698
1710 1779
1710 4510
1710 7619
1710 7993
1710 11048
1710 13491
1715 1698
1715 2574
1715 4622
1715 8454
1715 9112
1715 9791
1715 12446
1716 1721
1716 7718
1716 8416
1716 8454
1716 9114
1716 9991
1716 10863
1716 11456
1716 12446
1716 12794
1716 14342
1719 1698
1719 4510
1719 4553
1719 6275
1719 7809
1719 8454
1719 9168
1719 9791
1719 11893
1741 1779
1741 3910
1741 4669
1741 6393
1741 9791
1741 9991
1741 13491
1741 14346
1755 1779
1755 11169
1755 13491
1770 7718
1770 8706
1770 9791
1770 12838
1780 1698
1780 8454
1780 9791
1788 1402
1788 1779
1788 4399
1788 4510
1788 6393
1788 11169
1790 4510
1790 6903
1790 7718
1790 7993
1790 8454
1802 1779
1802 4669
1802 8706
1802 9791
1802 10925
1802 11169
1802 13491
1804 3137
1804 6275
1804 8454
1804 12794
1805 8454
1805 12838
1823 4553
1823 7718
1823 9791
1825 4510
1825 6125
1825 9055
1825 9791
1825 9991
1832 7810
1832 8454
1832 9791
1832 13491
1834 4072
1834 4553
1834 8454
1834 10863
1834 12603
1835 4072
1835 4553
1835 8454
1835 10863
1835 12603
1837 1721
1837 4510
1837 8454
1837 9771
1837 12446
1851 7718
1851 8454
1851 8941
1851 12603
1851 12838
1851 12995
1853 1467
1853 1779
1853 5934
1853 9061
1853 9791
1853 12838
1858 1557
1858 5934
1858 8706
1858 9791
1858 9991
1882 1779
1882 4510
1882 6275
1882 9112
1883 1779
1883 4510
1883 9112
1883 10925
1884 1779
1884 4510
1884 13491
1885 4510
1885 6275
1885 7993
1885 8454
1885 9112
1885 12800
1892 1779
1892 4669
1892 6434
1892 6906
1892 9404
1892 9791
1892 10402
1892 11169
1892 12053
1892 13171
1892 13491
1908 1779
1908 3240
1908 4553
1908 6903
1908 9791
1908 13491
1908 14342
1943 1731
1943 2574
1943 3240
1943 4072
1943 4553
1943 8454
1943 9791
1973 4510
1973 6275
1973 7717
1973 8454
1973 13491
1979 4510
1979 8454
1979 9114
1979 10925
1979 12446
2003 1698
2003 4510
2003 6275
2013 1557
2013 4669
2013 7810
2013 9055
2013 9791
2028 2011
2028 3240
2028 7718
2028 9791
2028 13491
2066 1698
2066 4510
2066 4553
2066 6275
2066 9791
2082 4553
2082 6275
2082 7809
2082 7810
2082 9791
2083 8454
2083 12446
2108 1731
2108 2574
2108 3240
2108 4072
2108 8454
2108 14342
2168 1779
2168 4510
2168 6275
2168 10925
2200 1292
2200 1731
2200 4553
2200 6482
2200 7718
2200 8454
2200 9791
2250 70
2250 4553
2250 8454
2250 8941
2250 10589
2250 10863
2257 449
2257 4072
2257 8454
2257 10863
2257 12446
2288 1698
2288 6275
2288 8454
2288 9168
2288 12794
2291 1698
2291 6125
2291 6275
2291 7674
2291 7718
2291 8454
2291 9791
2291 10912
2291 12794
2291 12995
2305 1402
2305 1779
2305 4510
2305 9112
2305 9791
2315 1779
2315 4669
2315 8706
2315 11169
2315 13123
2328 1779
2328 4510
2328 13491
2329 1698
2329 1779
2329 4510
2329 7619
2329 9112
2329 11048
2330 541
2330 4465
2330 4553
2330 5934
2330 7810
2330 9791
2330 12838
2340 1779
2340 4510
2340 4849
2340 10925
2340 13491
2355 3240
2355 6903
2355 7810
2355 9791
2355 13491
2374 4553
2374 8454
2374 8941
2374 13491
2377 1698
2377 6434
2377 8454
2377 14342
2382 6125
2382 7810
2382 9791
2407 4465
2407 8454
2407 8706
2407 9114
2407 9791
2407 12603
2407 13491
2437 3240
2437 4553
2437 7674
2437 7718
2437 7810
2437 9791
2437 13491
2462 1779
2462 9791
2462 13491
2464 5934
2467 1779
2467 4510
2467 9791
2469 1698
2469 4553
2469 7718
2469 7809
2469 12794
2481 1698
2481 2574
2481 4072
2481 4553
2481 6563
2481 8454
2481 9791
2493 1402
2498 1779
2498 6434
2503 1698
2503 3137
2503 6275
2503 8454
2503 10912
2503 12794
2504 1779
2504 4510
2504 6275
2504 9112
2504 9791
2515 8454
2534 1698
2534 9791
2539 1779
2539 4072
2539 4669
2539 6434
2539 9112
2546 4553
2546 6434
2546 7718
2546 7810
2546 9791
2547 70
2547 707
2547 7279
2547 8454
2547 13491
2641 1779
2641 4510
2641 13491
2673 1779
2673 2574
2673 3240
2673 4669
2673 7810
2673 8454
2673 14342
2684 1698
2684 4510
2767 4510
2767 4553
2767 4709
2767 6125
2767 6275
2767 7809
2767 9055
2767 9991
2767 13123
2828 3240
2828 8454
2828 9791
2843 825
2843 7809
2843 7810
2843 9055
2843 9791
2970 3137
2970 8454
2970 10912
2970 12794
2978 1698
2978 6275
2978 8454
2978 12794
2986 4072
2986 4553
2986 7718
2986 8454
2986 8941
2986 12838
2996 1698
2996 1779
2996 2298
2996 4553
2996 7809
2996 7810
2996 8706
2996 9791
3007 1698
3007 4553
3007 8454
3040 4510
3040 7717
3040 7993
3040 8454
3040 12446
3040 13491
3043 1731
3043 1779
3043 7810
3043 8706
3043 9791
3043 13491
3105 8454
3105 9791
3105 14342
3133 2574
3133 4510
3133 6275
3133 7993
3133 8454
3133 9791
3133 12800
3153 6482
3153 9791
3153 9991
3187 4709
3187 5934
3187 6125
3187 9055
3187 9791
3188 2574
3188 3240
3188 4553
3188 6449
3188 8454
3188 8941
3188 9791
3192 2574
3192 4553
3192 8454
3192 8941
3192 9791
3196 4510
3196 6275
3196 8706
3196 9791
3196 9991
3218 1779
3218 4510
3218 4553
3218 4709
3218 7810
3218 9991
3218 11169
3251 6125
3251 9991
3251 13123
3262 1292
3262 2574
3262 4553
3262 6482
3262 7718
3262 7810
3262 8416
3262 8454
3262 9791
3276 2011
3276 4553
3276 8706
3276 9791
3276 10402
3276 12838
3283 9791
3337 1779
3337 4669
3337 13491
3340 974
3340 1779
3340 3240
3340 4510
3340 8454
3340 9791
3340 13491
3351 1698
3351 9791
3351 12794
3354 1779
3354 4669
3354 9791
3355 825
3355 9791
3366 1698
3366 4553
3366 7718
3366 12794
3367 4553
3367 6125
3367 6275
3367 7674
3367 7718
3367 7809
3367 9791
3367 10912
3367 12794
3378 4553
3378 8454
3391 4553
3391 7718
3391 9791
3391 12794
3392 1698
3392 7718
3392 9168
3392 12794
3420 1402
3420 1779
3420 4510
3420 9112
3420 9791
3420 12791
3421 1779
3421 4510
3421 13491
3422 8454
3422 9791
3423 4510
3423 6275
3423 7619
3423 9112
3424 1698
3424 1779
3424 4510
3424 7619
3424 9112
3424 11048
3465 1779
3465 4553
3465 7718
3465 9791
3465 13491
3494 1779
3494 4510
3494 6275
3494 13491
3504 825
3504 1731
3504 8706
3504 9791
3504 9991
3506 4553
3506 7674
3506 8454
3506 8706
3506 8941
3506 9791
3511 4510
3511 6275
3511 8454
3511 9112
3516 1557
3516 6125
3516 6393
3516 7809
3516 8706
3516 9791
3539 4510
3539 9791
3539 13491
3541 1779
3541 4510
3541 6275
3542 1779
3542 4510
3542 10925
3562 4669
3562 4709
3562 6125
3562 7809
3562 7810
3562 9791
3576 2574
3576 6903
3576 7993
3576 8454
3576 9791
3576 13491
3602 9791
3628 8454
3628 9112
3628 10589
3632 825
3632 5934
3632 7809
3632 7810
3632 9791
3639 825
3639 6393
3639 7809
3639 7810
3639 8706
3639 9055
3639 9791
3639 12838
3641 4510
3641 4849
3641 6434
3641 8706
3641 9112
3641 9791
3642 4510
3642 6275
3642 8454
3642 10589
3642 12446
3651 1779
3651 4669
3651 9112
3651 9791
3657 70
3657 7993
3657 8454
3668 1779
3668 4465
3668 4669
3668 6434
3668 9791
3668 10402
3672 3240
3672 4465
3672 4669
3672 9791
3672 13491
3674 4553
3674 4669
3674 9791
3675 1779
3675 4669
3675 9791
3675 10925
3675 13491
3678 1779
3678 4510
3678 6482
3678 12794
3678 13138
3679 4553
3679 6125
3679 6275
3679 7810
3679 9055
3679 9791
3679 9991
3679 12800
3699 4510
3699 8454
3699 8941
3699 12446
3709 4553
3709 8706
3709 9791
3713 70
3713 8454
3713 9791
3713 12446
3713 13491
3713 14342
3714 1698
3714 1779
3714 6434
3715 4553
3715 7674
3715 7810
3715 8706
3715 9791
3715 9991
3716 4553
3716 8454
3716 8941
3721 1698
3721 8454
3742 1779
3742 8454
3742 13491
3758 2574
3758 4553
3758 7810
3758 8454
3758 9055
3758 9791
3770 1698
3770 6275
3770 7718
3774 4510
3774 6275
3783 4510
3783 4553
3783 6275
3783 8454
3783 12794
3796 4553
3796 8706
3796 9791
3797 4553
3797 9791
3797 13491
3805 4553
3806 1698
3806 2574
3806 6275
3806 7810
3806 8454
3806 8706
3806 9791
3806 9991
3810 3240
3810 4553
3810 6449
3810 8454
3810 8941
3810 9791
3814 1779
3814 3910
3814 4669
3814 6434
3814 7809
3814 7810
3814 8706
3814 9791
3814 12938
3814 13491
3814 14346
3816 1731
3816 2574
3816 6903
3816 7718
3816 8454
3816 9791
3819 4553
3819 7718
3819 12800
3822 1698
3822 3137
3822 4553
3822 6275
3822 8454
3822 8941
3822 9112
3822 9114
3822 12794
3829 1698
3829 6434
3829 7674
3829 8706
3841 3240
3841 9791
3841 13491
3848 8454
3848 9791
3848 12446
3849 4553
3849 7674
3849 8454
3849 8941
3849 9791
3850 4510
3850 8454
3850 13491
3852 1557
3852 9791
3857 1732
3857 5934
3857 7674
3857 7718
3857 11566
3857 13123
3858 1779
3858 3240
3858 9791
3858 13491
3869 8706
3869 9791
3869 14342
3870 1779
3870 8706
3870 10925
3871 825
3871 3240
3871 7810
3871 9791
3871 12838
3871 13491
3872 1779
3872 4510
3872 6275
3872 7619
3872 13491
3880 9791
3880 13491
3883 1698
3883 1779
3883 4510
3883 6275
3883 6434
3892 1731
3892 4072
3892 8454
3912 1557
3912 6434
3912 8454
3912 9112
3912 10589
3912 12446
3913 1721
3913 1779
3913 4669
3913 8454
3913 10589
3913 12446
3915 1698
3915 1779
3915 4510
3915 6275
3918 825
3918 3240
3918 5934
3918 7810
3918 9791
3918 12838
3918 13491
3919 4553
3919 9791
3919 13491
3921 1698
3921 6275
3921 8454
3921 9991
3922 825
3922 1467
3922 1779
3922 4669
3922 4849
3922 5934
3922 6393
3922 7810
3922 9791
3922 13491
3923 4553
3923 6449
3923 8454
3923 8941
3923 11456
3926 6125
3926 9791
3928 1779
3928 4510
3928 7619
3928 9112
3928 9114
3928 9168
3928 13491
3944 4510
3944 4553
3944 6125
3944 6275
3944 9791
3945 1779
3945 2298
3945 4510
3945 6434
3945 8454
3945 9114
3945 12053
3945 13491
3963 1779
3963 4510
3963 6275
3963 13491
3964 1698
3964 3673
3964 7810
3964 8454
3964 9791
3966 3240
3966 9791
3972 8454
3972 8941
3972 12446
3983 4553
3983 7810
3983 8706
3983 9991
3983 12800
3991 4553
3991 6275
3991 9112
3991 12794
3992 1779
3992 4510
3992 9112
3992 13491
4002 8454
4002 8941
4002 11386
4011 4510
4011 4553
4011 9791
4015 1698
4015 3137
4015 4510
4015 6275
4015 9112
4015 12794
4015 13138
4016 1779
4016 4510
4016 7717
4016 7993
4016 8454
4016 13491
4073 1779
4073 4510
4073 10925
4074 2574
4074 3240
4074 7810
4074 8454
4074 12838
4090 1779
4090 9112
4090 9771
4090 10402
4091 4709
4091 7809
4091 9791
4097 1698
4097 8454
4097 8941
4114 8454
4114 9791
4115 4553
4115 6434
4115 8706
4115 9112
4115 9791
4115 12310
4129 4669
4129 8706
4129 9791
4129 13491
4130 449
4130 3240
4130 4465
4130 4669
4130 6434
4130 9791
4130 10402
4130 11169
4130 12524
4132 1698
4132 3137
4132 6275
4132 8454
4132 12794
4141 8706
4141 10402
4142 1476
4142 4553
4142 7810
4142 9791
4142 9991
4154 825
4154 5934
4154 7392
4154 7718
4154 8706
4154 9791
4174 1698
4174 6275
4174 7718
4174 7809
4174 9055
4174 9791
4174 12794
4186 8454
4186 10589
4186 14342
4188 7392
4188 9791
4188 11590
4192 1779
4192 9791
4192 13491
4193 1731
4193 3240
4193 4072
4193 5934
4193 12838
4212 6275
4212 9112
4212 9791
4215 1779
4215 4510
4215 4553
4215 6275
4215 6482
4215 9791
4215 12310
4215 12995
4222 8454
4222 9791
4233 4553
4233 8454
4233 8941
4267 1698
4267 1779
4267 4510
4267 6434
4267 7619
4267 11048
4279 4510
4279 6275
4279 9791
4279 13491
4281 1779
4281 4669
4281 9791
4281 10402
4281 12524
4281 12838
4286 8454
4286 9791
4286 14342
4289 2298
4289 2574
4289 3240
4289 6482
4289 6903
4289 7674
4289 7718
4289 7993
4289 8454
4289 9791
4289 11590
4289 12838
4310 1698
4310 1779
4310 4510
4310 6275
4310 7717
4310 9112
4323 1698
4323 4669
4323 6482
4323 9791
4342 1779
4342 4510
4342 8454
4342 13491
4343 1779
4343 4510
4343 10925
4347 1731
4347 6275
4347 6482
4347 10912
4347 12794
4347 13138
4359 1779
4359 4510
4359 6125
4359 6482
4359 9791
4359 9991
4388 2574
4388 3240
4388 8454
4388 9791
4414 7718
4414 8454
4414 12446
4414 13405
4424 8454
4424 9791
4437 8454
4437 9791
4453 3240
4453 4510
4453 4553
4453 7279
4453 8454
4453 8706
4453 8941
4453 9791
4453 13491
4463 4669
4463 8706
4463 9791
4463 10402
4473 4510
4473 6393
4473 7809
4473 9055
4473 9791
4473 9991
4477 825
4477 4553
4477 5934
4477 7810
4477 9791
4484 1402
4484 1779
4484 4510
4484 6275
4484 9791
4512 1779
4512 4510
4512 6275
4512 6434
4512 7810
4512 9791
4512 11169
4522 1721
4522 1779
4522 4510
4522 8454
4522 9169
4522 9404
4522 10863
4522 14342
4528 9112
4581 4510
4581 4553
4581 6125
4581 7809
4581 9791
4581 12800
4581 13491
4583 3137
4583 6275
4583 7809
4583 8454
4583 11091
4583 12794
4586 6275
4586 7809
4586 7810
4586 9791
4611 1557
4611 2298
4611 2574
4611 5934
4611 8454
4611 9791
4611 12838
4611 14342
4632 4072
4632 6434
4632 8454
4632 10863
4632 12446
4647 1402
4647 1779
4647 4510
4647 6275
4647 6434
4647 9112
4647 9791
4651 1779
4651 4553
4651 4669
4651 8706
4651 9791
4651 10402
4651 13491
4657 4553
4657 9112
4657 9791
4673 1779
4673 4510
4673 6275
4673 10925
4673 13491
4674 4553
4674 6482
4674 7323
4674 8454
4674 8941
4674 9791
4680 1467
4680 4553
4680 9791
4680 11590
4680 13491
4686 2574
4686 8454
4686 9791
4695 4553
4695 8454
4695 8941
4695 10863
4697 1779
4697 4510
4697 7993
4697 8454
4697 12446
4697 13491
4701 1698
4701 1779
4701 4510
4701 4669
4701 6275
4701 6434
4701 7619
4701 7809
4701 9270
4701 9791
4701 12783
4703 1779
4703 4510
4703 9112
4703 13491
4726 1698
4726 6434
4726 9791
4730 825
4730 1476
4730 5934
4730 6393
4730 7810
4730 8706
4730 9791
4730 9991
4736 3673
4736 9112
4736 12794
4736 13138
4742 1779
4742 6434
4742 13491
4747 70
4747 8454
4749 70
4749 4510
4749 8454
4749 9791
4750 4553
4750 9791
4751 1779
4751 2574
4751 4510
4751 7993
4751 8454
4751 9791
4751 13491
4751 14342
4762 2574
4762 4553
4762 8454
4762 8941
4762 9791
4762 11386
4774 825
4774 6125
4774 7674
4774 9791
4774 9991
4775 8454
4775 9791
4777 1557
4777 2574
4777 6482
4777 8454
4777 9114
4777 9791
4784 4669
4784 6434
4784 9791
4784 10402
4788 1731
4788 2574
4788 4553
4788 8454
4788 8941
4788 9791
4790 1402
4790 1779
4790 6434
4790 9112
4790 11169
4791 8168
4791 9791
4791 9991
4792 1698
4792 9791
4792 11590
4805 1779
4805 4510
4805 8706
4805 9791
4805 9991
4805 10925
4805 11169
4806 1779
4806 4669
4806 8706
4806 10402
4806 11169
4806 13491
4811 1698
4811 6275
4811 6482
4811 9791
4811 10912
4811 12794
4811 13138
4818 1557
4818 1698
4818 1731
4818 6275
4818 7718
4818 9791
4819 1731
4819 2574
4819 6449
4819 8454
4819 8706
4819 9791
4819 12838
4820 1698
4820 6275
4820 9112
4820 12800
4821 4553
4821 7810
4821 8706
4821 9791
4826 825
4826 5934
4826 6482
4826 7718
4826 9791
4827 2574
4827 6393
4827 8416
4827 8454
4827 8706
4827 9791
4827 11456
4828 1779
4828 4510
4828 6275
4828 8454
4828 13491
4829 1698
4829 1779
4829 4669
4829 9791
4830 3240
4830 4510
4830 4553
4830 6275
4830 8454
4830 8941
4830 9791
4830 13491
4832 4553
4832 7718
4832 9991
4834 1557
4834 6275
4834 9791
4834 12800
4835 4709
4835 6275
4835 9791
4838 1779
4838 4465
4838 4553
4838 4669
4838 9404
4838 9791
4838 10402
4838 12524
4839 4510
4839 6482
4839 7717
4839 7810
4839 9791
4839 9991
4841 1698
4841 8454
4855 1779
4855 4849
4855 6393
4855 9791
4855 9991
4857 3137
4857 4510
4857 6275
4857 6482
4857 7619
4857 9112
4857 12794
4857 13138
4863 9991
4865 4553
4865 9791
4869 1779
4869 4510
4869 4669
4869 8706
4869 9112
4869 9791
4873 4510
4873 6275
4873 9112
4873 9771
4875 3137
4875 4510
4875 6275
4875 7619
4875 8454
4875 11048
4875 12794
4877 1779
4877 9791
4877 11169
4877 13491
4884 4553
4884 9791
4885 1779
4885 6434
4885 13123
4887 1779
4887 4669
4887 6125
4887 9791
4887 12838
4889 1779
4889 4510
4889 9991
4889 10925
4889 11566
4893 8454
4916 1698
4916 3137
4916 4510
4916 6275
4916 8454
4916 11091
4916 12794
4920 4510
4920 8454
4920 9112
4920 9791
4922 4553
4922 8454
4922 8941
4922 9791
4924 1779
4924 4553
4924 10402
4924 12524
4928 8454
4928 9791
4928 14342
4933 9112
4949 1698
4949 4669
4949 6275
4949 9112
4951 1402
4951 3240
4951 8706
4951 9791
4952 5934
4952 9791
4952 9991
4952 12794
4955 1779
4955 3137
4955 4510
4955 9112
4955 12794
4955 13138
4959 1779
4959 8454
4959 11169
4959 14342
4960 4669
4960 6482
4960 7810
4960 9791
4960 13491
4961 3137
4961 4510
4961 4669
4961 6275
4961 12794
4963 825
4963 9791
4982 4553
4982 8706
4982 9791
4990 4709
4990 6125
4990 6393
4990 7810
4990 8706
4990 12800
4991 4553
4991 8454
4991 8941
4994 1698
4994 6275
4994 8454
4994 9791
4994 12794
5000 1779
5000 4510
5000 4553
5000 9791
5000 9991
5000 10925
5001 2574
5001 3240
5001 4399
5001 6393
5001 8454
5004 4510
5004 6275
5004 8454
5004 9112
5004 10912
5004 10925
5005 1779
5005 4510
5005 9791
5005 13491
5011 4553
5011 8454
5011 8706
5011 8941
5011 9791
5013 1731
5013 2574
5013 3240
5013 4072
5013 4553
5013 8454
5013 9791
5016 825
5016 1467
5016 6275
5016 8706
5016 9791
5025 4510
5025 6275
5025 8454
5025 9114
5025 12446
5034 3240
5034 7674
5034 7718
5034 7810
5034 9791
5047 1779
5047 4510
5047 9991
5054 4510
5054 6275
5054 6903
5054 8454
5054 13492
5056 1779
5056 4510
5056 10925
5070 2298
5070 3240
5070 6449
5070 8454
5070 12446
5070 12838
5070 13405
5087 2298
5087 6434
5087 8454
5087 8941
5087 12446
5087 14342
5097 1292
5097 2574
5097 4553
5097 6482
5097 7718
5097 9791
5100 4553
5100 8454
5100 8941
5100 10589
5100 12995
5102 1467
5102 3240
5102 5934
5102 6125
5104 4669
5104 6434
5104 9791
5104 10402
5104 11169
5104 12053
5109 1467
5109 6482
5109 9791
5109 13491
5129 3240
5129 9791
5129 9991
5129 13123
5129 13491
5130 449
5130 1779
5130 3240
5130 4072
5130 4669
5130 6434
5130 8454
5130 12446
5131 9112
5131 9791
5131 12794
5131 13138
5133 449
5133 1779
5133 3240
5133 4072
5133 4669
5133 6434
5133 8454
5133 12446
5135 4553
5135 6393
5135 8416
5135 8454
5135 9114
5135 9791
5135 11456
5135 12446
5139 825
5139 5934
5139 6393
5139 6482
5139 7809
5139 7810
5144 1779
5144 4510
5144 4669
5144 6275
5144 7810
5144 9112
5144 9270
5157 825
5157 4553
5157 7718
5157 8454
5157 9791
5162 1698
5162 6275
5162 7809
5162 9791
5166 1698
5166 6275
5166 7809
5166 9791
5166 12794
5168 1467
5168 6125
5168 6393
5168 9791
5170 1779
5170 4669
5170 6434
5170 9791
5172 1698
5172 4510
5172 7619
5172 8454
5172 9791
5177 1779
5177 4510
5177 6275
5177 6434
5177 9112
5177 12794
5177 13138
5182 1779
5182 4510
5182 6275
5182 13491
5188 70
5188 4553
5188 8454
5189 1698
5189 4553
5189 9112
5189 9791
5191 1731
5191 4553
5191 8454
5191 8941
5209 1698
5209 4510
5209 4553
5209 6275
5209 8454
5209 9112
5211 4553
5211 5934
5211 6125
5211 7809
5211 8706
5211 9791
5223 1698
5223 8454
5223 10589
5224 1698
5224 1779
5224 4510
5224 7619
5224 9112
5224 9791
5224 11048
5230 8454
5230 9791
5244 4553
5244 9791
5248 1779
5248 4553
5248 6275
5248 8454
5248 9791
5257 541
5257 7323
5257 8706
5257 9791
5264 2574
5264 3240
5264 4553
5264 8454
5264 8941
5264 9791
5264 14342
5276 1779
5276 4669
5276 4849
5276 9791
5279 4072
5279 4553
5279 7718
5279 9791
5280 1779
5280 4510
5280 9791
5280 9991
5286 7718
5286 8454
5286 9791
5286 10912
5286 12838
5289 1698
5289 4510
5289 8454
5289 9112
5289 9114
5289 12053
5302 1698
5302 3137
5302 4553
5302 7718
5302 8454
5302 12794
5320 1779
5320 4510
5320 6434
5320 8706
5320 9791
5320 10402
5320 11169
5321 1731
5321 2574
5321 4072
5321 6449
5321 8454
5321 12838
5350 4553
5350 6449
5350 8454
5350 8941
5350 12446
5358 4553
5358 8454
5358 8941
5358 9791
5365 1779
5365 9791
5365 9991
5365 14342
5372 1779
5372 4510
5372 6275
5372 8454
5372 10925
5373 1779
5373 6393
5373 9791
5373 11169
5379 1779
5379 4669
5379 9791
5379 11169
5379 13491
5383 825
5383 1467
5383 4553
5383 6125
5389 4553
5389 7810
5389 9791
5393 2574
5393 4553
5393 8454
5393 9791
5393 11386
5395 9791
5397 1698
5397 9112
5397 9791
5397 12794
5397 12838
5397 13138
5404 1698
5404 4510
5404 9112
5404 9791
5404 12794
5404 13138
5405 1779
5405 4510
5405 6275
5405 9112
5405 12791
5422 4072
5422 7718
5422 9791
5422 12838
5485 1292
5485 4553
5485 7718
5485 8454
5491 1779
5491 4510
5491 6275
5491 8706
5491 9112
5492 1698
5492 1779
5492 6434
5492 9112
5493 5313
5493 6275
5494 1698
5494 4669
5494 5313
5494 6275
5495 1698
5495 4669
5495 5313
5495 6275
5496 1698
5496 1779
5496 4669
5496 5313
5496 6275
5496 9112
5496 12053
5506 1779
5506 3137
5506 4510
5506 9112
5506 12794
5506 13138
5507 1698
5507 4669
5507 5313
5507 6275
5511 4510
5511 6482
5511 9791
5511 13491
5521 4510
5521 7993
5521 8454
5521 9112
5532 1698
5532 4510
5532 6275
5532 7993
5532 8454
5534 3240
5534 8454
5534 8706
5534 9791
5537 2574
5537 4553
5537 8454
5537 8941
5537 9791
5550 3240
5550 8454
5550 9114
5550 9791
5550 11456
5550 14342
5553 4553
5553 9791
5569 1779
5569 4510
5569 4849
5569 9791
5569 11169
5575 1779
5575 4669
5575 6434
5575 9168
5575 9791
5575 12053
5578 1698
5578 4553
5578 6563
5578 8706
5578 9791
5582 1476
5582 4510
5582 8706
5582 9791
5582 9991
5595 7809
5595 9791
5596 4510
5596 7993
5596 8454
5597 4553
5597 8454
5597 8941
5597 9169
5599 1779
5599 4510
5599 7993
5599 8454
5599 13491
5610 1698
5610 2574
5610 6434
5610 8454
5610 14342
5612 449
5612 1779
5612 4669
5612 6434
5612 9791
5612 10402
5612 13491
5617 707
5617 1779
5617 4510
5617 4669
5617 6275
5617 9791
5617 13491
5623 1698
5623 1779
5623 4510
5623 6275
5623 7619
5623 9112
5623 9791
5623 11048
5631 2011
5631 3240
5631 4553
5632 1779
5632 4510
5632 6275
5632 6434
5646 4510
5646 4553
5646 6275
5646 7619
5646 7809
5646 12800
5657 1779
5657 4510
5657 8454
5657 13491
5657 14342
5658 825
5658 6393
5658 9791
5658 13491
5668 1779
5668 8454
5668 9112
5668 9114
5668 12446
5668 14342
5670 4510
5670 4553
5670 6275
5670 7717
5670 8454
5670 8706
5670 9270
5670 9791
5670 10912
5670 12800
5671 8454
5673 2298
5673 4553
5673 8454
5673 12446
5674 4510
5674 6125
5674 7809
5674 7810
5674 9791
5674 9991
5681 70
5681 4553
5681 7718
5681 8454
5681 8941
5681 9169
5681 12446
5685 449
5685 1779
5685 4072
5685 6434
5686 7674
5686 9791
5686 13491
5697 1779
5697 4510
5697 4553
5697 13491
5698 1698
5698 4553
5698 4669
5698 6563
5703 707
5703 1779
5703 4510
5703 7279
5703 8454
5703 13491
5717 4510
5717 6125
5717 7279
5717 7810
5717 9791
5717 12800
5717 13491
5722 1779
5722 4510
5722 10925
5726 1731
5726 1779
5726 7810
5726 9791
5726 13491
5729 1779
5729 6434
5729 9791
5731 9791
5731 13491
5756 8454
5767 1698
5767 4553
5767 6275
5767 7809
5786 3240
5786 5934
5786 13123
5792 1779
5792 4510
5803 1779
5803 9061
5803 9791
5844 1698
5844 5313
5844 6275
5844 7674
5844 7809
5844 9791
5844 10912
5844 12794
5875 825
5875 4553
5875 4709
5875 5934
5875 6125
5875 7810
5875 9791
5892 1779
5892 4465
5892 4510
5892 4669
5892 4709
5892 6275
5892 6434
5892 6482
5892 7717
5892 7809
5892 9112
5892 9270
5903 4553
5903 7718
5903 9791
5904 1779
5904 6222
5904 8706
5904 9791
5904 11169
5904 13491
5904 14342
5911 4553
5911 8454
5912 4709
5912 5934
5912 6393
5912 9791
5926 6275
5926 8454
5926 10912
5930 1731
5930 4553
5930 7809
5930 7810
5930 8706
5930 9791
5937 4553
5937 8454
5937 8941
5937 9791
5938 4553
5938 8454
5938 8941
5938 9791
5953 1731
5953 2574
5953 4072
5953 4553
5953 7810
5953 8454
5953 8941
5953 9791
5956 2574
5956 3240
5956 4553
5956 8454
5956 9791
5960 1698
5960 1779
5960 4510
5960 7619
5960 11048
5960 13491
5964 541
5964 8706
5964 9791
5964 12838
5966 4553
5966 7810
5966 9791
5966 9991
5966 13491
5972 8706
5972 9791
5972 9991
5972 13491
5976 1779
5976 4510
5976 9991
5977 8454
5979 1779
5979 4669
5979 6434
5979 7810
5979 8706
5979 9791
5979 10402
5979 13491
5987 1779
5987 4510
5987 4669
5990 4709
5990 7810
5990 9991
5993 4669
5993 7810
5993 8706
5993 9791
5994 2574
5994 3240
5994 5308
5994 8706
5994 9791
5994 13491
5995 4553
5995 7810
5995 8706
5995 9791
5998 1779
5998 4510
5998 6434
5998 6482
5998 9112
6002 1731
6002 4072
6002 4553
6002 7674
6002 7718
6002 8454
6002 8941
6002 9791
6024 4510
6024 7619
6024 11048
6024 12794
6024 13138
6080 1779
6080 9791
6080 13491
6081 1779
6081 6434
6081 7392
6081 9791
6081 10402
6090 1779
6090 4669
6090 5308
6090 9791
6118 4510
6118 6275
6118 8454
6118 9112
6130 541
6130 4669
6130 6275
6130 9112
6130 9791
6130 12938
6159 4510
6159 12794
6159 13138
6160 9791
6160 9991
6160 10402
6169 6275
6169 8454
6169 10311
6169 10589
6169 12794
6172 6449
6172 8454
6184 3240
6184 4669
6184 5308
6184 7718
6184 7810
6184 8454
6184 9791
6184 13491
6188 825
6188 5934
6188 7718
6188 7810
6188 9791
6188 12838
6195 4553
6195 9791
6196 4399
6196 4553
6198 4553
6198 7718
6198 7810
6198 8454
6198 9791
6199 825
6199 3240
6199 5934
6199 6125
6199 6393
6199 7810
6199 9791
6199 12838
6206 1731
6206 1779
6206 3240
6206 4553
6206 8706
6206 9791
6206 13491
6208 1467
6208 5934
6208 7718
6208 8706
6208 9791
6215 1698
6215 4510
6215 4553
6215 4669
6215 5313
6215 6275
6273 1779
6273 4510
6273 4669
6273 7717
6273 8706
6273 9791
6273 10925
6273 13491
6281 1779
6281 4510
6281 4553
6281 6125
6281 6275
6281 7809
6281 8706
6281 9791
6281 13491
6293 6275
6293 6903
6293 7674
6293 7718
6293 8454
6293 9791
6293 10912
6295 1698
6295 8454
6295 14342
6305 1721
6305 4072
6305 6434
6305 8454
6305 10589
6305 10863
6305 12446
6315 8454
6331 1779
6331 2298
6331 2574
6331 8454
6331 9114
6331 9791
6331 14342
6333 1698
6333 8454
6333 9114
6333 14342
6337 1476
6337 6125
6337 7810
6337 9791
6337 9991
6338 4553
6338 7810
6338 8706
6338 9791
6350 3240
6350 4553
6350 8454
6350 8941
6350 9114
6350 9169
6350 9791
6353 5934
6353 6393
6353 9791
6363 1557
6363 2574
6363 3240
6363 8454
6363 9791
6363 12446
6379 1779
6379 4510
6379 6275
6379 7717
6379 10402
6379 11169
6379 13491
6380 4553
6380 6275
6380 8454
6380 9112
6380 12794
6381 2574
6381 4553
6381 6903
6381 8454
6381 8941
6384 825
6384 1732
6384 7674
6384 11566
6384 13123
6394 1731
6394 4072
6394 4553
6394 8706
6394 9791
6400 825
6400 4553
6400 9791
6403 4510
6403 8454
6403 9112
6403 12446
6407 2298
6407 4510
6407 6275
6407 7718
6407 8416
6407 8454
6407 9114
6407 11456
6407 12446
6407 14342
6412 1779
6412 4510
6412 6434
6412 9112
6412 12310
6421 1698
6421 6275
6421 8454
6421 11091
6421 12794
6428 1698
6428 4072
6428 6275
6428 9791
6432 4553
6432 9791
6437 13123
6438 4553
6438 9791
6441 1779
6441 4553
6441 9791
6442 70
6442 7993
6442 8454
6447 6393
6447 8416
6447 8454
6447 9114
6447 9791
6447 11456
6447 12446
6447 13405
6456 8454
6456 9991
6456 11456
6456 12446
6456 14342
6460 1402
6460 1779
6460 4510
6469 1698
6469 4553
6469 7809
6469 8706
6469 9791
6469 12838
6473 6275
6473 6903
6473 8454
6473 12794
6484 1698
6484 4553
6484 7809
6484 9112
6490 1731
6490 3240
6490 5934
6490 6275
6490 6482
6490 6903
6490 9791
6499 1779
6499 4510
6499 6275
6499 9112
6518 1698
6518 3240
6518 7810
6518 9791
6520 1779
6520 4510
6520 4669
6520 6275
6520 10925
6531 1779
6531 4510
6531 6275
6531 9791
6531 13491
6539 9791
6539 9991
6554 1698
6554 8454
6554 8706
6554 9791
6561 2574
6561 3240
6561 4553
6561 4670
6561 6482
6561 8454
6561 8941
6561 9791
6568 8454
6568 13491
6570 1779
6570 2574
6570 4510
6570 4553
6570 5934
6570 7810
6570 8454
6570 8706
6570 9791
6570 13491
6573 1698
6573 4669
6573 7810
6573 8168
6573 9791
6573 13491
6580 1779
6580 4669
6580 9791
6585 1779
6585 3240
6585 7810
6585 9791
6585 13491
6594 6434
6594 12053
6597 1698
6597 1779
6597 4510
6597 4553
6597 6275
6598 1698
6598 1779
6598 4510
6598 6275
6598 6434
6598 7809
6598 12053
6598 12310
6600 4510
6600 6275
6600 8454
6613 1779
6613 4510
6613 6275
6613 6434
6613 8706
6616 70
6616 4553
6616 8454
6616 9169
6621 1779
6621 4510
6621 4669
6621 6275
6621 8706
6621 9791
6621 13491
6637 1721
6637 6275
6637 8454
6637 12794
6650 5934
6650 7810
6650 9791
6660 707
6660 1779
6660 4510
6660 7279
6660 11169
6660 12995
6660 13491
6665 1698
6665 6275
6665 8454
6669 1698
6669 4510
6669 6275
6669 9112
6670 4553
6670 5934
6670 6125
6670 7718
6670 7810
6670 9791
6672 6275
6672 8454
6672 9112
6680 2574
6680 2631
6680 8454
6680 9114
6680 9791
6703 1698
6703 1731
6703 3137
6703 8454
6703 9791
6703 12794
6711 825
6711 7718
6711 9791
6715 825
6715 5934
6715 6125
6715 6482
6715 9791
6715 9991
6735 1698
6735 4510
6735 6275
6751 4553
6751 7674
6751 8454
6751 9791
6751 11456
6765 4553
6765 7993
6765 8454
6773 1779
6773 2298
6773 4510
6773 9114
6773 9791
6773 10402
6773 14342
6780 4510
6780 6125
6780 9791
6780 9991
6783 1698
6783 4553
6783 8454
6783 8941
6783 10589
6789 1779
6789 4510
6789 4553
6789 8454
6810 1779
6810 4510
6810 6275
6810 6434
6810 9112
6812 9791
6812 9991
6818 1698
6818 4510
6818 6275
6818 8454
6818 12794
6819 3137
6819 4510
6819 6275
6819 8454
6819 10925
6819 12794
6821 4553
6821 6449
6821 8454
6821 8941
6828 2298
6828 3240
6828 8454
6828 9404
6828 9791
6828 14342
6830 1698
6830 4510
6830 4553
6830 6275
6830 6482
6830 7717
6830 7810
6830 9791
6830 10003
6842 4669
6842 9791
6859 825
6859 1779
6859 3240
6859 4849
6859 5308
6859 9791
6859 13123
6859 13491
6860 825
6860 4553
6860 5934
6860 6275
6860 7810
6860 9791
6864 825
6864 7809
6864 7810
6864 9791
6865 825
6865 2574
6865 4553
6865 8454
6865 9791
6868 4553
6868 8454
6868 8941
6868 9791
6871 707
6871 1779
6871 4510
6871 7279
6871 8454
6871 13491
6873 1402
6873 1779
6873 4510
6873 4553
6892 825
6892 3240
6892 4553
6892 5934
6892 7718
6892 7809
6892 7810
6892 8454
6892 9791
6892 12446
6900 8454
6900 9114
6902 4553
6902 8454
6902 8941
6902 9791
6904 4669
6904 9791
6904 13491
6922 4510
6922 6275
6922 7619
6922 9112
6922 11048
6925 1698
6925 1779
6925 4510
6925 6275
6925 7619
6925 8454
6925 9112
6925 11048
6941 825
6941 2574
6941 5934
6941 7674
6941 7809
6941 7810
6941 9791
6944 4510
6949 4510
6949 6482
6949 9791
6949 13491
6955 1779
6955 3673
6955 4510
6955 9112
6955 9791
6958 1698
6958 4510
6958 6275
6958 6482
6958 7717
6958 8454
6958 9112
6958 10912
6958 12794
6958 13138
6971 4669
6971 6275
6971 8454
6971 11143
6976 1467
6976 9791
6977 825
6977 4510
6977 4709
6977 5934
6977 6125
6977 6482
6977 7717
6977 7810
6977 9791
6978 4553
6978 7718
6985 4510
6985 6275
6985 6482
6985 7810
6985 8454
6985 12800
6987 2298
6987 2574
6987 3240
6987 6275
6987 8454
6987 9791
6990 1779
6990 4510
6990 9112
6990 9791
6991 825
6991 1467
6991 1779
6991 2574
6991 8454
6991 8706
6991 9791
6991 13491
7000 1779
7000 4669
7000 9112
7000 14346
7010 1698
7010 4510
7010 6275
7010 7619
7010 9112
7010 11048
7040 2574
7040 4553
7040 8454
7040 8941
7040 9791
7040 12603
7040 12995
7053 1779
7053 4669
7053 6434
7053 12053
7058 11590
7058 12838
7064 1731
7064 4553
7064 7810
7064 8706
7065 825
7065 1467
7065 6125
7065 6393
7065 9791
7065 9991
7072 1779
7072 6275
7072 9791
7080 825
7080 5934
7080 7810
7080 9791
7095 1698
7095 4553
7095 8454
7095 8941
7095 14342
7100 4553
7100 9791
7104 1779
7104 4510
7104 6275
7104 9112
7106 5934
7106 9791
7109 1779
7109 4553
7109 4669
7109 9791
7115 1698
7115 4553
7115 6275
7116 9791
7122 2574
7122 4553
7122 8454
7122 8941
7122 9791
7123 825
7123 4553
7123 6125
7123 6482
7123 7810
7123 8706
7123 9791
7124 825
7124 4553
7124 9791
7125 9791
7126 4510
7126 4553
7126 6275
7126 8168
7126 8454
7126 8941
7126 9791
7126 12838
7126 14342
7127 1292
7127 4553
7127 6482
7127 7718
7127 8454
7127 9791
7129 1779
7129 4510
7129 6275
7129 7809
7129 8706
7129 9112
7129 9771
7131 4553
7131 8454
7131 8941
7134 8454
7134 9791
7137 4553
7137 9791
7139 1402
7139 1779
7139 4510
7139 6275
7139 9112
7139 9791
7140 4072
7140 4553
7140 8454
7140 8941
7140 9791
7140 12603
7140 14342
7141 1779
7141 4510
7141 6275
7141 9112
7141 9771
7156 4465
7156 4553
7156 9791
7156 12524
7156 13491
7164 1731
7164 2574
7164 4072
7164 4553
7164 6275
7164 7718
7164 8454
7164 8941
7165 1402
7165 1557
7165 4510
7165 6275
7165 6434
7165 9168
7165 10073
7165 12310
7165 12794
7167 1467
7167 1779
7167 4709
7167 4849
7167 6125
7167 6393
7167 7810
7167 9055
7167 9791
7167 9991
7171 1698
7171 1779
7171 4510
7171 6275
7171 6434
7171 7619
7171 11048
7172 1779
7172 4510
7172 7619
7172 13491
7176 825
7176 4709
7176 5934
7176 6125
7176 6482
7176 9055
7176 9991
7177 1698
7177 1779
7177 4510
7177 7619
7177 7717
7177 13491
7183 4510
7183 6275
7183 8454
7183 9791
7185 1732
7185 7674
7185 13123
7216 825
7216 4510
7216 4553
7216 6125
7216 6275
7216 7809
7216 9791
7216 9991
7216 12838
7231 1779
7231 4669
7231 9791
7231 13491
7233 5934
7233 9791
7251 2574
7251 4553
7251 6903
7251 7993
7251 8454
7251 8941
7251 9791
7259 2574
7259 3240
7259 8454
7259 9791
7259 14084
7285 1779
7285 4510
7285 9991
7289 2298
7289 4510
7289 8454
7289 10589
7289 13123
7292 4553
7292 8706
7292 9791
7298 6275
7298 8454
7301 1779
7301 6393
7301 7810
7301 8706
7301 9791
7301 12995
7320 1779
7320 4510
7320 4669
7320 6434
7320 11169
7325 3240
7325 4399
7325 6125
7325 8454
7325 9791
7325 11456
7325 13123
7333 1698
7333 3137
7333 4510
7333 6275
7333 8454
7333 12794
7335 4709
7335 5934
7335 7810
7335 13123
7350 4669
7350 6434
7355 449
7355 1779
7355 4669
7355 6434
7355 10402
7355 12053
7355 13491
7357 1402
7357 1779
7357 4510
7357 6434
7357 9112
7357 12783
7357 12995
7368 3137
7368 6275
7368 8454
7368 9112
7368 12794
7371 825
7371 1779
7371 4510
7371 5934
7371 8454
7371 9791
7371 13491
7379 1779
7379 6275
7379 8706
7379 9112
7379 9791
7379 10402
7386 1779
7386 3240
7386 9791
7388 1779
7388 4510
7388 9791
7388 9991
7400 3240
7400 4553
7404 2574
7404 3240
7404 7674
7404 7810
7404 8454
7404 9791
7404 11386
7407 4510
7407 6275
7407 8454
7416 3240
7416 4553
7416 8454
7416 8941
7416 9791
7416 11590
7416 14342
7417 4553
7417 6482
7417 7810
7417 9791
7417 9991
7430 1698
7430 4510
7430 4669
7430 6434
7430 9791
7438 1698
7438 3137
7438 6275
7438 8454
7438 12794
7443 9114
7443 9791
7443 12446
7443 14342
7444 4553
7444 7718
7444 9791
7444 12838
7446 6393
7446 9791
7446 9991
7459 6434
7459 9791
7462 4553
7462 9791
7462 9991
7463 1779
7463 4669
7463 9791
7463 13491
7465 1698
7465 3137
7465 6275
7466 1698
7466 3240
7466 7718
7466 9791
7468 4553
7468 9791
7474 1292
7474 4553
7474 6482
7474 7718
7474 9791
7475 2011
7475 4553
7475 7810
7475 9791
7475 12838
7486 1698
7486 6275
7486 8454
7486 9270
7486 9791
7486 14342
7495 825
7495 2574
7495 5934
7495 7392
7495 8454
7495 9791
7495 14084
7511 4510
7511 7809
7511 7810
7511 8706
7511 9791
7511 9991
7533 1467
7533 2574
7533 4553
7533 5934
7533 9791
7533 12592
7538 825
7538 4670
7538 6393
7538 6482
7538 9791
7539 5934
7539 6125
7539 6906
7539 9791
7539 9991
7539 12794
7539 13171
7543 1779
7543 4553
7543 6434
7543 9112
7543 9791
7547 9791
7553 1698
7553 1779
7553 4510
7553 6275
7584 1779
7584 4553
7584 4669
7584 9791
7592 1779
7592 4510
7592 4669
7592 6275
7592 13491
7605 5934
7605 6482
7605 9791
7606 1698
7606 4553
7606 6434
7606 6482
7606 9791
7607 4553
7607 9791
7607 9991
7608 6434
7608 7810
7608 9791
7608 11169
7608 12053
7624 1698
7624 6275
7624 8454
7624 12995
7626 825
7626 4553
7626 6125
7626 6275
7626 7809
7626 7810
7626 9791
7637 4553
7637 6482
7637 6903
7637 9791
7638 3240
7638 9791
7639 4553
7639 6125
7639 6275
7639 6482
7639 7810
7639 9055
7639 9791
7643 9791
7650 4553
7650 7809
7650 7810
7650 8706
7650 9791
7658 7810
7658 9061
7658 9791
7687 1698
7687 1779
7687 4669
7687 10402
7687 11169
7687 12053
7687 13491
7697 6434
7697 9112
7697 11169
7700 2574
7700 3240
7700 8454
7700 9791
7700 13491
7700 14342
7703 1779
7703 4510
7706 7809
7706 11893
7708 1698
7708 4510
7708 4553
7708 4669
7708 8454
7708 9112
7708 9791
7708 12794
7708 13138
7721 4510
7721 7810
7721 8454
7721 9114
7721 9169
7721 9991
7721 12446
7724 3240
7724 4553
7724 8454
7724 8941
7724 12603
7726 4510
7726 6275
7726 8454
7726 9112
7729 4510
7729 4709
7729 9791
7729 9991
7731 1557
7731 1779
7731 3673
7731 4510
7731 6222
7731 7619
7731 9791
7731 13491
7735 2298
7735 4510
7735 6275
7735 7619
7735 7718
7735 8454
7735 11048
7742 4510
7742 6125
7742 9055
7742 9791
7742 9991
7743 825
7743 4510
7743 9055
7743 9791
7743 9991
7743 12800
7744 4510
7744 4553
7744 6125
7744 6275
7744 9791
7749 5934
7749 9055
7749 9791
7749 9991
7756 7809
7756 9055
7756 9791
7756 9991
7758 9791
7762 9791
7762 9991
7768 1698
7768 6275
7768 8706
7768 9270
7768 9791
7771 1557
7771 2574
7771 4553
7771 8454
7771 8941
7771 9791
7791 6275
7791 7810
7791 8706
7791 9791
7792 825
7792 3240
7792 5934
7792 9791
7794 1467
7794 9791
7802 2574
7802 4553
7802 7810
7802 8454
7802 8706
7802 8941
7802 12838
7811 825
7811 1467
7811 1731
7811 9791
7816 4669
7816 8454
7816 9791
7821 1779
7821 2298
7821 4510
7821 6434
7821 8454
7821 12995
7822 70
7822 4553
7822 8454
7822 8941
7822 12603
7825 1779
7825 4510
7825 6275
7825 9112
7825 9791
7825 12791
7825 12800
7827 4510
7827 4709
7827 6275
7832 1779
7832 4510
7832 6275
7832 7810
7832 8706
7832 11169
7832 12800
7839 1779
7839 6275
7839 7809
7839 7993
7839 8454
7839 9270
7839 9991
7839 14342
7841 825
7841 5934
7841 6125
7841 6482
7841 9791
7841 12800
7841 13491
7843 3240
7843 6482
7843 8454
7843 9168
7843 9791
7843 12794
7843 14342
7849 2298
7849 6275
7849 7809
7849 8454
7849 12446
7863 4553
7863 8454
7863 9791
7868 6275
7868 8454
7868 9114
7868 12446
7868 12794
7871 4553
7871 5934
7871 7810
7871 9791
7876 4553
7876 7809
7876 8706
7876 9791
7876 9991
7882 1698
7882 7718
7882 7809
7882 8454
7882 8941
7882 9168
7882 12794
7882 14342
7915 1779
7915 8706
7915 9791
7915 13491
7919 1779
7919 4669
7919 9791
7919 12592
7919 13491
7930 1292
7930 1731
7930 1779
7930 4510
7930 4553
7930 6482
7930 7718
7930 8454
7930 9791
7959 1779
7959 4510
7960 825
7960 3240
7960 13123
7992 1698
7992 4510
7992 4553
7992 8454
7992 13491
8002 4709
8002 7810
8002 8706
8002 9055
8002 9791
8011 1698
8011 6275
8011 6482
8011 10912
8011 12794
8011 13138
8012 3137
8012 4553
8012 6275
8012 7674
8012 8454
8012 12794
8021 1698
8021 4510
8021 6482
8021 7717
8021 9112
8021 12794
8021 13138
8026 8454
8026 13491
8031 1779
8031 3240
8031 4669
8031 6222
8031 9404
8031 9791
8031 10402
8031 12524
8031 12838
8031 13491
8036 1698
8036 4553
8036 7810
8036 8454
8036 8706
8036 9791
8044 1698
8044 4510
8044 7619
8044 9112
8054 1779
8054 4510
8054 6482
8054 9112
8054 9791
8065 2574
8065 4553
8065 8454
8065 8941
8065 9791
8095 4510
8095 9791
8100 1779
8100 4553
8100 6903
8100 9791
8100 13491
8116 8454
8117 1779
8117 4669
8117 8454
8117 8706
8117 9791
8117 12838
8117 13491
8118 3240
8118 6125
8118 9991
8118 11456
8118 13123
8140 1779
8140 4669
8140 6434
8145 4553
8145 8454
8145 8941
8167 6275
8167 8454
8167 12794
8169 3240
8169 8706
8169 9791
8172 70
8172 8416
8172 8454
8172 11456
8172 14342
8175 1698
8175 1731
8175 4510
8175 6275
8175 7809
8175 8706
8175 9791
8175 11893
8180 1698
8180 1779
8180 3240
8180 4669
8180 9112
8180 9771
8180 9791
8180 10402
8180 12053
8182 1779
8182 3910
8182 4669
8182 8454
8182 10402
8182 11169
8182 14342
8182 14346
8189 1557
8189 1779
8189 4510
8189 4553
8189 4669
8189 10925
8189 11169
8192 4553
8192 7810
8192 8706
8192 9791
8209 4510
8209 6482
8209 7717
8209 12794
8209 13138
8211 4709
8211 6275
8211 9791
8212 4553
8212 7718
8214 4553
8214 7809
8214 8454
8214 8706
8214 8941
8214 9791
8217 1779
8217 8454
8217 13491
8222 825
8222 5934
8222 6125
8222 9055
8222 9791
8222 9991
8228 4510
8228 7619
8228 8454
8228 11048
8228 14342
8234 13123
8240 1698
8240 6275
8240 12794
8244 4553
8244 8454
8244 8941
8244 9169
8244 9791
8244 14342
8252 4553
8252 8454
8252 8941
8257 3240
8277 4510
8277 6482
8277 7717
8277 7810
8277 8454
8277 9114
8277 10003
8277 12446
8277 13491
8299 4553
8299 8454
8299 8941
8299 9791
8299 12603
8315 4553
8315 9791
8315 11590
8315 12800
8315 12838
8331 825
8331 4553
8331 7810
8331 9791
8335 3240
8335 4553
8335 6563
8335 8454
8335 8941
8335 9114
8335 9791
8349 9791
8350 825
8350 4553
8350 7718
8350 7810
8353 1779
8353 4669
8353 4849
8353 9791
8354 1698
8354 1779
8354 4669
8354 8454
8354 10402
8354 12053
8387 9112
8387 9791
8387 13491
8403 1779
8403 4510
8403 4553
8403 8454
8403 8941
8415 1779
8415 4669
8415 4849
8415 6393
8415 9791
8415 10402
8415 13491
8426 1731
8426 4072
8426 5934
8426 7810
8426 9791
8429 1698
8429 4510
8429 6275
8429 8454
8446 1779
8446 4510
8446 13491
8448 4553
8448 9791
8451 4510
8451 6275
8451 6434
8451 6903
8451 8454
8451 12791
8451 14342
8452 8454
8453 1779
8453 4510
8453 4709
8453 6275
8453 7810
8453 9791
8453 9991
8453 13491
8462 1779
8462 4510
8462 4669
8462 10925
8462 13491
8469 1698
8469 4510
8469 6275
8469 8454
8469 9112
8469 9791
8470 1698
8470 4553
8470 6275
8470 9791
8474 1779
8474 4669
8474 6482
8474 9791
8474 10402
8474 13491
8475 1698
8475 8454
8475 9791
8476 1698
8476 6275
8476 8454
8476 9791
8476 12794
8476 13138
8479 4553
8479 8454
8479 9791
8480 825
8480 1779
8480 4510
8480 6393
8480 8706
8480 9791
8482 3240
8482 5934
8482 7674
8482 7718
8482 9791
8486 4510
8486 6275
8486 7810
8486 9791
8488 1731
8488 8454
8488 9791
8491 1698
8491 4510
8491 6275
8491 7619
8491 7717
8491 9112
8492 1779
8492 4510
8492 5313
8492 7619
8492 9112
8506 1779
8506 4669
8506 9791
8506 13491
8517 1779
8517 2574
8517 4510
8517 6275
8517 7993
8517 8454
8517 9112
8517 9791
8528 1779
8528 9791
8528 10402
8543 4553
8543 8454
8543 8941
8549 1779
8549 4510
8549 4553
8549 8454
8549 8941
8549 14342
8555 6275
8555 8454
8555 12794
8558 4553
8558 6275
8558 7809
8558 9791
8558 10311
8558 12794
8559 1698
8559 1779
8559 4510
8559 9791
8559 12800
8562 3240
8562 9791
8562 13491
8565 1698
8565 4510
8565 6275
8565 9791
8565 12995
8566 1698
8566 4510
8566 4553
8566 6275
8566 7619
8566 7717
8566 8454
8566 8941
8567 12794
8567 13138
8570 1779
8570 4510
8570 13491
8577 4553
8577 8454
8577 8941
8577 9791
8589 4553
8589 4669
8589 9791
8594 4510
8594 9112
8594 12794
8594 13138
8603 4553
8603 6449
8603 8454
8603 8706
8603 8941
8603 9791
8621 1698
8621 8454
8621 9168
8621 12794
8645 4553
8645 6482
8645 7809
8645 9791
8652 825
8652 5934
8652 7718
8652 7810
8652 9791
8661 541
8661 825
8661 6125
8661 6393
8661 7810
8661 9791
8664 449
8664 1779
8664 2298
8664 6434
8664 10402
8667 9791
8680 1779
8680 4510
8680 9112
8683 1779
8683 4510
8683 4709
8683 6125
8683 6275
8683 6482
8683 7717
8683 7810
8683 9791
8684 1779
8684 4510
8684 6275
8684 9791
8684 13491
8685 1698
8685 4553
8685 8454
8685 8941
8697 9791
8697 13491
8698 1779
8698 4553
8698 9112
8698 9791
8700 4510
8700 6275
8700 9112
8701 825
8701 1467
8701 8706
8701 9791
8705 1779
8705 4553
8705 4669
8705 7810
8705 8706
8705 9791
8705 13491
8717 449
8717 1779
8717 4072
8717 6434
8721 1779
8721 4510
8721 4669
8721 7717
8721 8706
8721 9791
8721 10925
8721 13491
8747 1698
8747 4510
8747 6275
8747 7619
8747 9791
8747 11048
8748 4510
8748 9112
8754 6275
8755 1779
8755 4510
8755 4669
8755 5308
8755 6222
8755 8454
8755 12446
8755 12838
8755 13491
8755 14342
8755 14346
8758 1698
8758 6275
8760 4553
8760 7718
8760 8454
8766 1698
8766 4510
8766 9112
8766 9791
8766 12794
8770 1698
8770 4553
8770 8454
8770 9112
8770 9771
8770 12794
8771 7993
8771 8454
8772 1698
8772 3137
8772 7674
8772 8454
8772 10912
8776 1698
8776 4072
8776 4510
8776 6275
8776 8706
8777 1698
8777 6275
8780 1779
8780 3673
8780 4510
8780 4849
8780 7619
8780 9112
8780 9791
8780 12838
8786 5934
8786 6125
8786 9791
8786 9991
8787 1779
8787 3910
8787 4669
8787 6482
8787 13491
8787 14346
8788 7810
8788 9791
8791 3240
8791 9991
8791 11456
8791 13123
8792 541
8792 5934
8792 7810
8792 9791
8800 6275
8800 8454
8800 9112
8800 10589
8803 1779
8803 4669
8811 2413
8811 4510
8811 4669
8812 825
8812 1467
8812 6125
8812 7810
8812 9791
8812 13137
8814 4553
8814 8454
8814 8941
8814 9112
8814 10589
8816 8416
8816 8454
8816 8706
8816 9991
8816 11456
8816 12446
8817 4510
8817 7993
8817 8454
8817 9112
8818 1779
8818 4510
8818 4669
8818 6275
8818 9112
8834 6275
8834 6434
8834 9112
8849 1557
8849 2011
8849 3240
8849 4553
8849 6482
8849 7392
8849 8454
8849 9142
8849 9791
8849 12838
8862 825
8862 3240
8862 13123
8862 13491
8874 4510
8874 7993
8874 8454
8880 2574
8880 3240
8880 8416
8880 8454
8880 8706
8880 9114
8880 9791
8880 11456
8880 12446
8880 14342
8883 1779
8883 4510
8883 6434
8883 9112
8885 4553
8885 8454
8885 8941
8886 2574
8886 4553
8886 8454
8886 8706
8886 8941
8898 449
8898 1779
8898 2298
8898 6434
8898 8706
8898 9791
8898 9991
8898 10402
8899 1779
8899 4669
8899 10402
8899 13491
8914 4510
8914 7993
8914 8454
8914 9791
8914 13491
8924 2298
8924 6434
8924 8454
8924 9112
8924 12446
8924 12603
8930 1557
8930 5934
8930 6222
8930 7810
8930 9791
8966 6275
8966 8454
8966 12794
8972 4553
8972 7993
8972 8454
8972 8941
8972 12603
8974 1779
8974 4510
8974 10925
8976 9791
8983 1779
8983 3240
8983 6434
8983 6906
8983 9404
8983 9791
8983 10402
8983 13171
8985 1698
8985 1779
8985 4510
8985 7619
8985 9112
8985 11048
8992 1779
8992 4553
8992 13491
9047 1779
9047 3240
9047 4465
9047 8706
9047 9791
9047 10402
9047 12524
9047 12838
9050 825
9050 1467
9050 5934
9050 9791
9070 1698
9070 3240
9070 4553
9070 6449
9070 8454
9070 9791
9070 12603
9070 14342
9112 9112
9123 825
9123 2574
9123 5934
9123 8454
9123 9791
9152 6125
9152 9791
9152 12800
9162 7674
9162 8454
9162 9791
9177 1779
9177 4510
9177 6275
9177 9112
9178 1779
9178 4510
9178 6275
9178 9112
9178 9771
9186 5934
9186 9791
9191 1779
9191 3910
9191 4669
9191 8454
9191 12446
9191 14346
9202 1779
9202 4510
9202 6275
9202 9791
9202 9991
9213 1779
9213 4510
9213 6393
9213 9791
9213 9991
9213 13491
9221 1731
9221 2574
9221 4553
9221 8454
9221 8706
9221 8941
9221 9791
9223 3240
9223 3690
9223 4553
9223 7674
9223 9791
9223 13491
9230 1779
9230 4510
9230 13491
9236 1779
9236 4510
9236 7993
9236 8454
9236 13491
9256 1698
9256 3137
9256 6275
9256 8454
9256 12794
9259 2574
9259 4510
9259 6275
9259 8454
9259 12794
9259 12800
9260 1698
9260 6275
9260 12794
9272 2298
9272 8454
9274 1779
9274 4510
9274 7993
9274 8454
9274 13491
9281 4553
9293 4553
9293 6275
9293 8454
9293 9791
9300 8454
9308 1698
9308 1779
9308 4510
9308 6275
9308 6434
9308 7619
9308 9791
9316 1779
9316 4510
9316 7279
9316 8454
9316 12995
9316 13491
9326 1698
9326 4553
9326 6275
9326 6482
9326 7718
9326 8454
9326 9791
9327 1779
9328 1698
9328 6275
9328 8454
9331 6275
9331 9791
9331 12800
9332 3137
9332 4510
9332 6275
9332 8454
9332 10003
9332 12794
9332 12838
9333 4510
9333 6125
9333 9791
9333 9991
9340 1557
9340 4669
9340 5308
9340 7809
9340 10402
9340 11169
9341 1779
9341 4510
9341 6275
9341 9112
9367 4553
9367 9791
9379 4553
9379 5308
9379 8706
9379 9791
9379 13491
9387 13123
9389 4510
9389 6275
9389 7810
9389 9055
9389 9791
9393 1467
9393 1779
9393 4849
9393 6393
9393 7810
9393 9791
9393 10925
9394 4553
9394 7809
9394 8706
9394 9791
9428 1779
9428 4510
9428 13491
9431 8454
9431 10589
9431 10863
9431 12603
9434 1779
9434 4669
9434 5308
9434 9791
9434 10402
9434 11169
9444 1698
9444 4553
9444 6275
9444 9791
9453 4553
9453 8454
9453 8941
9454 6275
9454 9791
9454 9991
9455 4510
9455 4553
9455 6275
9455 8454
9455 9112
9455 12794
9455 13138
9456 1779
9456 4510
9456 7619
9456 9112
9457 1779
9457 4510
9457 9791
9467 825
9467 5934
9467 7718
9467 9791
9488 1402
9488 1779
9488 4510
9488 6275
9488 6482
9488 9791
9488 11169
9489 1467
9489 1779
9489 9791
9509 8454
9514 1779
9514 4510
9514 6275
9525 1779
9525 4510
9525 7619
9525 9112
9525 11048
9525 13491
9540 2298
9540 3240
9540 7993
9540 8454
9540 9169
9540 13491
9541 1779
9541 4510
9541 7993
9543 1731
9543 3240
9543 7810
9543 8454
9543 9791
9546 1698
9546 6275
9546 7718
9546 8454
9546 12794
9563 4553
9563 8454
9563 9791
9569 1779
9569 4622
9569 10402
9569 13491
9570 1779
9570 9791
9570 13491
9571 1779
9571 4510
9571 4622
9571 6275
9571 7717
9571 9112
9589 6275
9589 6434
9590 1698
9590 4510
9590 4709
9590 6275
9590 7619
9590 7809
9590 8706
9590 9055
9590 9991
9603 8706
9603 9791
9603 13491
9608 2574
9608 8454
9611 4510
9611 8454
9611 12446
9611 13491
9612 1779
9612 3240
9612 4510
9612 9112
9612 9168
9612 9771
9613 1698
9613 4510
9613 6275
9613 6482
9613 9791
9613 12794
9613 13138
9617 1779
9617 4510
9617 9112
9617 9771
9633 1721
9633 4072
9633 6434
9633 8454
9633 10863
9633 12446
9645 1779
9645 4553
9645 9791
9645 13491
9646 1779
9646 6434
9646 9791
9646 10402
9646 11169
9646 12053
9653 2413
9653 9791
9656 7810
9656 8706
9656 9791
9660 825
9660 8706
9660 9791
9660 9991
9662 3240
9668 1779
9668 4510
9668 7619
9668 7717
9668 8454
9668 13491
9670 4553
9670 8454
9674 4553
9674 9791
9677 1779
9677 8706
9677 9791
9677 13491
9683 1467
9683 1779
9683 5934
9683 6393
9683 7810
9683 9791
9683 9991
9685 3240
9685 4553
9685 4669
9685 7810
9685 8454
9685 9791
9685 13491
9685 14342
9686 4553
9686 8706
9686 12838
9687 1779
9687 4669
9687 9791
9687 13491
9724 1698
9724 6275
9724 9112
9724 9791
9724 12794
9724 13138
9725 1779
9725 3240
9725 4465
9725 4669
9725 10402
9725 12524
9727 1698
9727 1779
9727 3240
9727 4553
9727 4669
9727 6275
9727 7809
9727 8706
9727 9791
9727 13491
9731 1698
9731 3137
9731 4510
9731 6275
9731 12794
9732 1779
9732 6393
9732 7810
9732 9791
9732 10925
9734 1779
9734 4510
9734 9791
9734 13491
9735 8454
9735 12446
9738 4553
9738 8454
9739 4510
9739 4669
9739 8454
9739 10589
9739 13491
9745 825
9745 4622
9745 6275
9745 6903
9751 4669
9751 6449
9751 6482
9751 7718
9751 8454
9751 9791
9751 13491
9774 3240
9774 4669
9774 11169
9774 12053
9784 5934
9784 6125
9784 8706
9796 1698
9796 1779
9796 4510
9796 7810
9796 8454
9796 10402
9798 8454
9798 13491
9801 1698
9801 4510
9801 6275
9801 6482
9801 9791
9801 11893
9828 4553
9828 7809
9828 8454
9828 8706
9828 8941
9828 9791
9832 825
9832 6125
9832 9791
9832 12800
9832 13491
9836 7718
9836 8454
9836 12446
9836 12838
9841 825
9841 7718
9844 1292
9844 4553
9844 4670
9844 6482
9844 9791
9852 1467
9852 1779
9852 4669
9852 6125
9852 9791
9852 13491
9865 825
9865 1467
9865 6125
9865 6393
9865 7810
9865 9791
9887 1698
9887 3137
9887 6275
9887 8454
9887 12794
9892 2574
9892 3240
9892 4622
9892 8454
9892 8706
9892 9791
9892 14084
9893 1779
9893 4510
9893 6275
9893 9991
9904 1698
9904 4669
9904 8454
9904 12794
9910 825
9910 6125
9910 6393
9910 8706
9911 1731
9911 4072
9911 4553
9911 8706
9911 9791
9921 825
9921 6125
9921 9791
9933 1779
9933 4669
9933 5308
9933 6222
9933 7810
9933 8706
9933 9791
9933 11169
9933 13491
9946 4510
9946 6275
9946 8454
9950 1779
9950 4510
9950 6275
9950 9112
9956 3240
9956 5934
9956 7810
9956 9791
9956 12794
9956 12838
9958 4553
9958 7718
9958 8454
9958 9791
9958 12995
9995 3240
9995 4553
9995 9791
10001 2574
10001 4553
10001 8454
10001 8941
10015 1731
10015 4553
10015 7810
10015 8706
10015 9791
10016 4553
10016 7809
10016 7810
10016 8706
10016 9055
10016 9791
10016 9991
10022 1779
10022 4669
10022 9791
10033 449
10033 1779
10033 4510
10033 6434
10041 541
10041 1698
10041 6275
10041 7809
10041 8454
10042 1698
10042 6275
10042 9791
10050 1779
10050 4510
10050 6434
10050 12053
10066 9112
10067 4510
10067 6275
10067 9112
10068 8454
10068 9791
10068 12794
10074 1698
10074 4553
10074 8454
10074 9112
10074 9791
10078 1721
10078 4510
10078 8454
10078 12446
10078 13491
10080 3137
10080 7718
10080 8454
10080 12794
10094 8454
10094 12446
10094 13405
10113 4510
10113 8454
10113 12446
10113 13492
10116 4510
10116 4553
10116 9791
10120 7674
10120 7810
10120 8454
10120 9791
10120 9991
10136 6482
10136 7809
10136 7810
10136 9791
10136 10402
10136 13491
10137 1779
10137 4510
10137 9791
10137 13491
10137 13492
10140 1476
10140 2574
10140 8454
10140 8706
10140 9112
10140 9114
10140 9771
10140 9791
10140 9991
10146 1779
10146 4669
10146 6275
10146 9112
10146 9404
10153 1698
10153 4510
10153 6275
10153 6482
10153 9112
10153 10912
10153 12794
10153 13138
10155 4510
10155 6125
10155 8706
10155 9791
10155 9991
10157 1292
10157 3240
10157 8706
10159 3240
10159 5934
10159 6275
10159 6482
10159 6903
10159 9791
10160 1779
10160 4510
10160 6275
10160 10925
10160 13491
10166 1698
10166 1779
10166 4510
10166 7619
10166 9112
10166 11048
10170 1779
10170 9791
10170 13491
10179 4510
10179 4669
10179 7993
10179 8454
10179 9114
10179 12446
10179 13491
10179 14342
10182 9791
10189 4553
10189 7809
10189 7810
10189 8706
10189 9791
10192 825
10192 5934
10192 9055
10192 9791
10192 12800
10192 13491
10197 4553
10197 7674
10197 9791
10200 3240
10200 6393
10200 9791
10205 4510
10205 6275
10205 9112
10216 6125
10216 6393
10216 7810
10218 2011
10218 2574
10218 4553
10218 8454
10218 8941
10218 9791
10218 12995
10221 6275
10221 8454
10221 9168
10221 12794
10224 825
10224 4553
10224 6125
10224 9791
10225 1698
10225 6275
10229 6393
10229 6482
10229 6903
10229 9791
10229 9991
10231 4553
10231 9791
10231 11590
10231 12838
10247 7810
10247 8706
10247 9791
10247 12838
10250 7809
10259 7810
10261 449
10261 1779
10261 2298
10261 4072
10261 4669
10261 6434
10261 12995
10269 1698
10269 6275
10270 3137
10270 4510
10270 6275
10270 7717
10270 8454
10270 12794
10273 8454
10275 1698
10275 3137
10275 4510
10275 6275
10275 7619
10275 7717
10275 11048
10275 12794
10277 1698
10277 6434
10277 6482
10277 7810
10277 9791
10277 9991
10277 11091
10277 12053
10286 825
10286 7810
10286 13491
10291 1779
10291 3240
10291 4669
10291 8706
10294 2574
10294 3240
10294 6903
10294 8454
10294 9791
10294 11590
10294 12838
10297 1779
10297 4510
10297 13491
10301 4553
10301 8454
10301 9169
10319 8168
10319 8454
10319 9791
10319 12838
10319 12995
10319 14342
10320 7809
10320 7810
10320 8706
10320 9791
10320 12838
10322 2574
10322 3240
10322 8454
10322 9114
10322 9791
10322 12603
10322 12838
10345 1557
10345 8706
10345 9791
10355 1731
10355 2011
10355 5934
10355 9791
10359 1779
10359 4510
10359 9791
10359 10402
10359 13491
10364 3137
10364 8454
10364 10311
10364 12794
10407 1779
10407 4510
10407 6275
10407 8706
10407 9112
10407 9791
10425 1779
10425 9791
10425 13491
10429 4553
10429 6434
10429 7718
10429 8454
10429 9112
10429 12446
10429 14342
10432 9791
10433 3240
10433 4553
10433 7718
10433 9791
10444 4072
10444 7718
10444 8454
10444 8941
10444 9791
10444 10912
10456 1698
10456 6275
10456 6434
10456 9112
10456 9791
10456 12791
10457 1292
10457 4510
10457 4553
10457 4709
10457 5934
10457 6275
10457 6482
10457 7718
10457 9791
10461 1698
10461 4553
10461 6275
10461 7809
10461 8706
10461 9270
10461 9791
10466 1698
10466 1779
10466 4669
10466 6434
10466 8454
10466 9791
10467 8454
10471 1779
10471 5934
10471 6275
10471 9791
10472 1698
10472 1779
10472 4669
10472 12053
10473 5934
10473 9791
10477 1779
10477 8454
10477 13491
10481 1698
10481 1779
10481 4553
10481 4669
10481 6434
10481 9791
10483 4709
10483 5934
10483 6125
10483 7810
10483 9791
10495 1698
10495 1779
10495 6482
10495 8706
10504 1698
10504 4553
10504 4669
10504 8454
10504 8941
10504 12053
10518 4669
10518 6434
10518 9791
10518 10402
10518 11169
10534 1779
10534 4510
10534 7284
10534 7810
10534 9791
10534 9991
10534 10402
10534 12800
10544 1698
10544 1779
10544 4510
10544 8454
10544 9112
10544 12446
10547 4553
10547 5934
10547 7810
10547 10402
10547 13123
10566 1779
10566 4553
10566 4669
10566 4849
10566 6393
10566 8706
10566 9791
10566 13491
10570 2574
10570 4553
10570 8454
10570 9791
10571 6393
10571 8706
10571 9791
10571 13491
10573 1779
10573 9791
10573 13491
10574 449
10574 2298
10574 4669
10574 6434
10574 10402
10574 13491
10575 4553
10575 7810
10575 9791
10585 1731
10585 3240
10585 4072
10585 4553
10585 4669
10585 7810
10585 8706
10590 825
10590 1467
10590 5934
10590 6125
10590 6393
10590 8454
10590 8706
10590 9791
10590 10925
10592 4510
10592 6275
10592 7809
10592 9055
10592 9791
10592 9991
10600 449
10600 2298
10600 6434
10611 1476
10611 7810
10611 8454
10611 8706
10611 9114
10611 9404
10611 9791
10611 9991
10611 14342
10616 1467
10616 6125
10616 9791
10616 13491
10620 449
10620 1779
10620 6434
10620 10402
10620 13491
10621 4553
10621 6125
10621 7809
10621 9991
10624 4510
10624 4709
10624 6125
10624 6275
10624 7810
10624 9791
10624 9991
10626 825
10626 6125
10626 8454
10626 9791
10627 2574
10627 4553
10627 8454
10627 9791
10629 4510
10629 8454
10629 13123
10636 1698
10636 1779
10636 4510
10636 7619
10636 9112
10636 11048
10638 825
10638 1779
10638 4669
10638 6125
10638 9791
10646 5934
10646 9791
10650 4553
10650 7810
10650 8706
10650 9791
10653 2574
10653 8454
10653 8941
10653 9791
10653 11590
10656 1698
10656 6275
10656 9791
10656 10912
10662 7718
10662 12794
10663 1779
10663 3240
10663 4669
10663 6434
10663 8454
10663 9112
10663 10402
10663 12838
10663 14342
10670 8454
10670 9791
10670 14342
10673 1698
10673 4510
10673 6275
10676 4399
10676 4553
10676 9791
10681 1698
10681 3137
10681 12794
10685 707
10685 1779
10685 4510
10685 4669
10685 6275
10693 707
10693 1779
10693 8454
10693 13491
10704 2011
10704 2574
10704 4553
10704 8454
10704 9791
10704 12838
10709 1292
10709 6125
10709 6482
10709 7718
10709 8454
10709 9791
10711 3240
10711 4553
10711 7810
10711 8706
10711 9791
10713 4510
10713 6275
10713 8706
10713 9112
10713 9771
10713 9791
10724 1698
10724 4553
10724 7718
10724 7809
10724 12794
10726 825
10726 4553
10726 7810
10726 9791
10726 13491
10727 9791
10727 12800
10728 4553
10728 7809
10728 7810
10728 8706
10728 9791
10729 1731
10729 9791
10731 1779
10731 5934
10731 9791
10732 4553
10732 7810
10732 9791
10767 7674
10767 7718
10767 7810
10767 9791
10778 1402
10778 1467
10778 9791
10778 9991
10781 4553
10781 6482
10781 7809
10781 7810
10781 8706
10781 9055
10781 9791
10781 9991
10782 825
10782 1779
10782 4510
10782 7810
10782 9791
10782 13491
10783 3137
10783 4510
10783 6275
10783 8454
10783 12794
10785 2574
10785 4553
10785 8454
10785 9791
10785 12838
10788 1467
10788 1779
10788 6125
10788 6393
10788 9791
10794 1698
10794 4510
10794 4553
10794 6275
10794 6482
10794 9270
10794 10912
10794 12794
10794 13138
10798 8454
10798 14342
10802 1779
10802 4510
10802 4669
10802 7619
10802 9791
10802 13491
10803 541
10803 8454
10806 8706
10806 9791
10806 11169
10806 13491
10808 6275
10808 7810
10808 8706
10808 9791
10808 13491
10809 1779
10809 9791
10810 825
10810 7810
10811 3240
10811 8454
10811 9791
10817 1779
10817 4510
10817 8454
10817 9791
10817 13491
10817 14342
10822 9791
10822 13491
10827 1779
10827 4510
10827 6275
10827 7619
10827 8454
10827 9112
10829 8454
10829 9791
10865 1557
10865 4510
10865 8706
10865 9791
10866 4510
10866 4553
10866 6125
10866 6275
10866 8706
10866 9791
10867 7809
10867 9055
10869 1779
10869 4510
10869 4553
10869 9791
10872 825
10872 4510
10872 9791
10874 4510
10874 5313
10874 6275
10874 9112
10877 4553
10877 7718
10877 7809
10877 7810
10877 9791
10878 4553
10878 7810
10878 9791
10884 4553
10884 8454
10884 9991
10902 4510
10902 9112
10902 10311
10902 10912
10902 12794
10902 13138
10903 9791
10904 1779
10904 4510
10904 6275
10904 9112
10904 9991
10905 1779
10905 9791
10905 9991
10906 1698
10906 1779
10906 4510
10906 6275
10906 9112
10910 825
10910 11456
10910 13123
10911 1557
10911 2574
10911 9791
10911 12838
10911 14342
10932 1557
10932 4553
10932 9791
10936 4553
10936 6275
10936 9791
10937 7993
10937 9791
10939 1698
10939 1779
10939 4510
10939 7619
10939 9112
10939 9270
10939 11048
10940 1557
10940 9055
10940 9791
10940 9991
10949 3240
10949 4553
10949 8454
10949 8941
10955 4553
10955 8706
10955 9055
10955 9791
10955 9991
10956 2574
10956 8454
10956 9791
10956 14342
10957 5308
10957 8706
10957 9061
10957 9791
10962 1779
10962 4510
10962 4709
10962 6275
10962 6482
10962 9055
10962 9791
10963 1779
10963 4510
10963 4669
10963 9791
10963 10402
10964 4553
10967 1557
10967 4553
10967 9791
10967 13491
10968 8454
10968 9791
10973 7674
10973 7718
10973 8454
10973 9791
10974 1698
10974 4510
10974 6275
10974 8454
10978 3240
10978 9791
10978 10402
10978 13491
10981 1779
10981 3240
10981 8454
10981 9791
10981 13491
10985 1779
10985 4510
10985 9791
10985 13491
10986 1731
10986 2574
10986 4553
10986 8454
10986 8941
10986 9791
10986 11386
10991 1779
10991 4510
10991 9791
10991 13491
10992 4510
10992 8454
10992 13491
11020 6275
11020 9791
11020 9991
11021 2574
11021 4553
11021 8454
11021 8941
11021 9791
11022 4553
11022 5934
11022 6393
11022 6482
11022 7323
11022 7718
11022 7810
11022 8706
11022 9791
11023 3240
11023 4553
11023 8454
11023 8941
11025 6482
11025 9791
11025 11456
11025 13123
11026 3240
11026 4510
11026 6275
11026 7619
11026 8454
11026 9791
11027 1779
11029 1779
11029 3673
11029 4553
11029 5308
11029 9112
11029 9791
11030 4553
11030 8454
11030 8941
11038 2298
11038 4553
11038 7718
11038 8454
11038 12446
11038 12838
11039 5313
11039 6275
11039 8454
11039 9112
11039 10522
11044 1779
11044 4510
11044 9791
11044 11169
11044 12800
11044 13491
11045 1698
11045 1779
11045 3137
11045 4510
11045 6275
11045 8298
11045 9055
11045 9112
11049 1779
11049 4510
11049 6275
11049 9791
11049 13491
11052 1779
11052 4510
11052 6275
11052 9112
11052 9791
11055 1698
11055 4553
11055 8454
11055 8706
11055 9112
11055 9791
11060 4553
11060 8454
11060 8941
11060 9791
11060 12603
11064 1779
11064 4510
11064 6125
11064 7810
11064 9791
11064 9991
11064 11169
11071 1779
11071 4510
11071 4669
11071 9112
11071 9791
11075 449
11075 1779
11075 4072
11075 4669
11075 6434
11075 12446
11079 4709
11079 5934
11079 6275
11079 9791
11079 9991
11085 5934
11085 7674
11085 13123
11097 1779
11097 4510
11097 7279
11097 9791
11097 10402
11097 13491
11100 1779
11100 4510
11100 6275
11100 8454
11100 10925
11102 1779
11102 4669
11102 9112
11102 10402
11103 1779
11103 4510
11103 9112
11103 13491
11108 1557
11108 8706
11108 9061
11108 9791
11115 2631
11115 4553
11115 6482
11115 9771
11115 9791
11120 8454
11120 12446
11140 4553
11140 8454
11140 8941
11140 9791
11146 5934
11146 9791
11149 9991
11151 6393
11151 7810
11151 9791
11152 4553
11152 4622
11152 8454
11152 9114
11152 9791
11152 12838
11152 14342
11162 4553
11162 8706
11162 9791
11171 449
11171 1779
11171 4669
11171 5934
11171 6434
11171 7809
11171 7810
11171 8706
11171 9791
11171 13491
11173 1779
11173 4510
11173 6275
11173 9791
11173 9991
11173 13491
11181 4553
11181 8454
11181 8941
11182 1779
11182 6434
11183 6275
11183 9791
11184 4510
11184 9112
11184 9791
11186 1779
11186 4510
11186 10925
11207 2574
11207 4553
11207 8454
11207 8941
11207 9169
11207 9791
11210 1557
11210 4553
11210 6903
11210 8454
11210 8941
11210 9169
11210 10073
11212 9791
11241 4553
11241 4709
11241 7809
11241 9791
11243 4510
11243 6275
11243 7674
11243 7718
11243 8454
11251 825
11251 4553
11251 5934
11251 6393
11251 7810
11251 9791
11251 9991
11253 449
11253 1779
11253 4669
11253 6434
11253 10402
11259 4669
11259 8706
11259 9791
11259 13491
11259 14346
11278 1557
11278 4510
11278 8706
11278 9791
11278 9991
11278 10073
11280 1557
11280 1779
11280 3910
11280 4669
11280 5308
11280 8706
11280 9791
11280 12838
11280 13491
11280 14346
11281 2574
11281 4553
11281 8454
11281 8706
11281 9791
11281 12446
11287 1698
11287 1779
11287 4510
11287 6275
11287 9112
11287 9791
11287 9991
11287 12800
11288 1731
11288 7810
11288 9791
11288 9991
11292 1779
11292 9791
11293 1779
11293 4510
11293 7619
11293 9112
11296 6275
11296 8454
11296 12794
11297 4669
11297 9791
11297 13491
11298 4553
11298 7718
11298 9791
11298 13491
11306 1698
11306 1779
11306 4510
11306 6275
11306 7619
11306 9112
11306 9791
11306 11048
11311 4510
11311 4553
11311 9791
11314 1779
11314 4510
11314 4849
11314 8706
11314 9791
11314 9991
11314 10925
11314 11169
11320 9791
11334 4669
11334 6275
11334 9791
11336 8454
11375 1698
11375 4553
11375 6275
11375 8454
11375 9791
11375 13138
11376 1698
11376 6275
11376 12794
11376 13138
11377 4669
11377 11169
11377 13491
11377 14346
11378 1698
11378 4510
11378 4553
11378 8454
11378 12794
11378 13138
11379 1402
11379 1721
11379 2298
11379 4553
11379 8454
11379 9114
11379 12446
11396 1779
11396 5934
11396 9791
11398 2574
11398 8454
11398 9791
11399 1698
11399 6275
11399 8454
11399 12794
11404 1698
11404 6275
11404 7718
11404 8454
11411 1779
11411 4510
11411 4709
11411 5934
11411 6393
11411 6482
11411 8706
11411 9791
11411 13491
11412 9791
11413 6125
11413 13123
11414 4553
11414 8454
11415 6275
11415 9791
11419 1698
11419 1779
11419 3137
11419 4510
11419 6275
11419 9112
11419 12794
11424 4553
11424 7809
11424 8454
11424 9791
11425 4553
11425 5934
11425 9791
11426 5934
11426 7809
11426 8706
11426 9791
11427 7718
11427 9791
11427 13491
11428 1557
11428 8556
11428 9791
11428 9991
11429 1557
11429 9055
11429 9791
11429 12800
11438 4553
11438 7718
11438 8454
11439 449
11439 1779
11439 6434
11439 7810
11439 8454
11439 8706
11439 9114
11439 9791
11439 10402
11439 13491
11439 14342
11444 4510
11444 4553
11444 6275
11444 8454
11445 8454
11445 13491
11446 3137
11446 4510
11446 12794
11447 1779
11447 4510
11447 9791
11447 13491
11451 1779
11451 4553
11451 5308
11451 8706
11451 9791
11451 12995
11451 13491
11458 1779
11458 4510
11458 13491
11458 13492
11459 9791
11462 4553
11462 4669
11462 7810
11462 8706
11462 9791
11462 9991
11481 2574
11481 4669
11481 6482
11481 8454
11481 9791
11481 13491
11481 14084
11485 3240
11485 4553
11485 9791
11490 1779
11490 4510
11490 6275
11490 8168
11490 9791
11490 13491
11495 4553
11495 5934
11495 7809
11495 7810
11495 9055
11495 9791
11495 9991
11505 4553
11505 4669
11505 5308
11505 9791
11511 1779
11511 4072
11511 6434
11511 12053
11512 5934
11512 7810
11512 9791
11512 9991
11512 13491
11518 1779
11518 4510
11518 4669
11518 7619
11518 8706
11518 9112
11518 9791
11518 11048
11518 13491
11546 1779
11546 4510
11546 10925
11580 1698
11580 4553
11580 7718
11580 7809
11580 8454
11580 8941
11580 12446
11580 12794
11589 4510
11589 4709
11589 6275
11589 9791
11594 1698
11594 1779
11594 4510
11594 6275
11595 9112
11595 9142
11595 9791
11612 4553
11612 8454
11612 8941
11612 9112
11623 2574
11623 3240
11623 4465
11623 4553
11623 8454
11623 9791
11623 12603
11623 12838
11625 1698
11625 1779
11625 4510
11625 7619
11625 9112
11625 11048
11626 4510
11626 6275
11626 7619
11640 1698
11640 6275
11640 10912
11649 4510
11649 4553
11649 7619
11649 9112
11649 11048
11653 1779
11653 6434
11653 9112
11664 3910
11664 4510
11664 4669
11664 8454
11664 10589
11664 13491
11664 14346
11666 1698
11666 4510
11666 6275
11666 7619
11666 9112
11666 12053
11671 1779
11671 9791
11671 13491
11677 1698
11677 1779
11677 4510
11677 6275
11677 7619
11677 8454
11677 9112
11677 12053
11679 1698
11679 13138
11680 4510
11680 9112
11680 13491
11681 1779
11681 4510
11681 6275
11681 8454
11681 10925
11681 12446
11685 2574
11685 4553
11685 8454
11685 8941
11685 9791
11687 3240
11687 4553
11687 8454
11687 9791
11688 7674
11688 8454
11688 9791
11689 1698
11689 4510
11689 6275
11689 9112
11689 9352
11691 1698
11691 4510
11691 6275
11691 9112
11692 8454
11692 10589
11692 13123
11694 4510
11694 4553
11694 6482
11694 7717
11694 7810
11694 9791
11694 10003
11700 1698
11700 4510
11700 4553
11700 6275
11700 9112
11700 9352
11705 8454
11705 9791
11706 1698
11706 1779
11706 4510
11706 6434
11707 1779
11707 9791
11710 1779
11710 4510
11710 6434
11713 4709
11713 5934
11713 9791
11716 4510
11716 6482
11716 12794
11716 13138
11723 825
11723 4709
11723 6125
11723 6275
11723 9791
11728 3240
11728 4553
11728 9791
11734 1731
11734 2574
11734 4072
11734 7810
11734 8454
11734 9791
11734 12838
11735 5934
11735 6393
11735 7718
11735 9791
11741 4510
11741 6125
11741 6482
11741 9055
11741 9791
11741 9991
11747 7809
11748 1779
11748 4669
11748 9791
11748 13491
11752 4510
11752 4553
11752 8454
11752 8941
11754 70
11754 1721
11754 7993
11754 8454
11755 1779
11755 4510
11755 4669
11755 6275
11755 8454
11755 9791
11755 13491
11766 1779
11766 4849
11766 6393
11766 6482
11766 7810
11766 9791
11776 1779
11776 4510
11776 7619
11776 9112
11777 4510
11777 6275
11778 1779
11778 8454
11778 13491
11779 2574
11779 4553
11779 6449
11779 8454
11779 8941
11779 9791
11780 1779
11780 4510
11780 6434
11780 9112
11782 1731
11782 2574
11782 7810
11782 8454
11782 9061
11782 9791
11782 13491
11790 2574
11790 4072
11790 4553
11790 4669
11790 6275
11790 8454
11790 9791
11797 1779
11797 4669
11797 6434
11800 1779
11800 6434
11800 8454
11800 8706
11800 9791
11800 14342
11803 1698
11803 4510
11803 6482
11803 12794
11803 13138
11805 1698
11805 3137
11805 6275
11805 7809
11805 8454
11805 11091
11805 12446
11805 12794
11808 4553
11808 7810
11808 8706
11808 9791
11809 1402
11809 4553
11809 4709
11809 7809
11809 7810
11809 9791
11810 8454
11810 9791
11810 13491
11813 2011
11813 4553
11813 7810
11813 8706
11813 9791
11822 6434
11822 7718
11822 9791
11822 12053
11822 13491
11823 8454
11823 9791
11824 4553
11824 9791
11825 1779
11825 4510
11825 9112
11827 1402
11827 1779
11827 4510
11827 6275
11827 9112
11828 4553
11828 8454
11829 9791
11831 7674
11831 7718
11831 8454
11831 10912
11832 9791
11834 4553
11834 9791
11836 1779
11836 3910
11836 4669
11836 8706
11836 9791
11836 10402
11836 14346
11844 8454
11847 4510
11847 6275
11847 9112
11851 8454
11851 13123
11852 825
11852 5934
11852 7674
11852 11566
11852 13123
11860 5934
11860 9791
11876 1779
11876 4465
11876 4553
11876 4670
11876 6482
11876 7810
11876 9791
11876 9991
11876 10925
11876 12524
11886 1698
11886 6275
11886 7993
11886 8454
11886 12794
11900 1779
11900 4510
11900 5313
11900 7619
11900 9112
11900 9991
11906 825
11906 2574
11906 3240
11906 5934
11906 8454
11906 9791
11944 7993
11944 8454
11944 8941
11944 9169
11944 12603
11944 12838
11953 1698
11953 4510
11953 6275
11953 9112
11953 9352
11958 1779
11958 4553
11958 9112
11958 10402
11959 1292
11959 1779
11959 4510
11959 4553
11959 7718
11959 8454
11959 9791
11961 1779
11961 4669
11961 13491
11962 1779
11962 3240
11962 13491
11962 14342
11965 541
11965 4709
11965 5934
11965 6275
11965 9791
11965 9991
11965 12800
11969 1779
11969 4669
11969 6482
11969 7809
11969 13491
11972 3240
11972 4465
11972 4553
11972 6482
11972 8706
11972 9791
11977 4510
11977 6275
11987 1698
11987 4510
11987 6275
11987 7619
11987 7810
11987 9112
11987 11048
12004 4553
12004 6449
12004 8454
12004 8941
12004 9791
12009 1721
12009 2298
12009 6275
12009 6903
12009 6906
12009 7993
12009 8454
12009 9791
12009 13171
12009 14342
12026 1779
12026 4510
12026 9791
12026 9991
12056 1698
12056 4510
12056 6275
12056 9112
12064 1698
12064 1779
12064 3910
12064 4669
12064 7809
12064 9270
12064 12053
12064 13491
12064 14346
12071 825
12071 4553
12071 7809
12071 7810
12071 8706
12071 9791
12072 6275
12072 7674
12072 7718
12072 9791
12072 10912
12072 12794
12074 1779
12074 3673
12074 4510
12074 4669
12074 6275
12074 8706
12074 9112
12074 9791
12075 1779
12075 4669
12075 9791
12075 13491
12093 1779
12093 4553
12093 4849
12093 7810
12093 8706
12093 9791
12093 9991
12093 13491
12147 6275
12147 8454
12147 12794
12148 8454
12148 8941
12149 8454
12149 13491
12154 9112
12154 12791
12158 1779
12158 9791
12160 6275
12160 9791
12166 4553
12166 9791
12168 449
12168 1779
12168 3240
12168 4669
12168 6434
12168 10402
12168 13491
12180 1698
12180 1779
12180 4510
12180 6275
12180 7619
12180 9112
12180 9791
12180 11048
12192 1698
12192 1779
12192 4510
12192 6275
12210 1698
12210 4553
12210 7718
12210 11091
12210 12794
12214 4553
12214 7809
12214 7810
12214 8706
12214 8941
12214 9791
12218 1779
12218 4510
12218 10925
12221 1557
12221 4553
12221 9791
12221 9991
12252 1698
12252 1731
12252 1779
12252 2574
12252 3240
12252 4072
12252 4669
12252 7810
12252 9112
12252 9114
12252 9771
12252 9791
12252 10402
12284 1779
12284 4510
12284 6275
12290 1779
12290 9791
12290 11169
12290 13491
12292 1557
12292 1779
12292 2795
12292 4669
12292 4849
12292 5308
12292 6393
12292 8706
12292 9791
12292 9991
12292 10402
12292 10925
12300 1731
12300 2298
12300 4072
12300 7993
12300 8454
12300 12603
12303 4553
12303 8454
12303 8941
12303 9791
12307 1779
12307 4510
12307 10925
12314 825
12314 7810
12314 9791
12322 9791
12322 13491
12343 1779
12343 4709
12343 5934
12343 8706
12343 9791
12343 13491
12349 825
12349 13123
12350 1779
12350 4510
12350 6222
12350 9791
12350 13491
12352 5934
12352 6393
12352 9791
12352 12838
12354 4399
12354 6434
12354 8454
12354 9112
12354 9168
12354 12794
12355 4553
12355 9791
12357 1779
12357 9791
12358 4553
12358 9791
12358 12838
12364 1779
12364 4510
12364 10925
12365 1779
12365 4510
12365 10925
12366 974
12366 1779
12366 4510
12366 6275
12366 13491
12367 3240
12367 4553
12367 6482
12367 8454
12367 9791
12367 12838
12367 14342
12368 7674
12368 13123
12369 1698
12369 4510
12369 6275
12369 9791
12375 1779
12375 4669
12375 6434
12375 8706
12375 9791
12375 10402
12386 1779
12386 4510
12386 4553
12386 8454
12386 8941
12386 9169
12386 13491
12391 1779
12391 4553
12391 9791
12402 5934
12402 6393
12402 9791
12405 825
12405 9791
12406 1779
12406 2298
12406 4510
12406 4553
12406 6275
12406 7619
12406 8454
12406 9112
12406 9168
12406 12794
12407 8454
12410 9791
12420 4553
12420 8454
12420 9791
12420 12995
12422 2574
12422 4553
12422 8454
12422 8941
12422 9791
12423 1467
12423 9791
12423 9991
12425 1698
12425 4510
12425 6275
12425 8454
12425 9112
12425 12446
12425 12783
12429 1698
12429 9791
12430 6275
12430 7718
12430 8454
12430 9791
12433 1779
12433 4510
12433 4669
12433 6275
12433 6434
12433 9112
12433 9791
12436 2574
12436 3240
12436 4553
12436 8454
12436 8941
12436 9791
12436 12603
12436 12838
12447 1779
12447 4510
12447 6275
12448 9791
12448 12800
12448 13491
12454 1402
12454 1779
12454 3673
12454 6434
12454 8706
12454 9112
12454 9791
12454 12791
12456 8454
12456 9112
12456 12794
12459 1779
12459 9791
12459 13491
12460 6393
12460 9791
12464 8454
12464 9791
12466 4553
12466 8454
12466 9791
12467 1779
12467 4849
12467 10925
12476 4669
12476 9112
12476 9791
12477 8454
12477 9791
12478 9791
12485 1698
12485 1779
12485 4510
12485 6434
12486 4553
12486 7718
12486 8454
12486 9791
12488 8454
12488 12794
12489 1698
12489 4510
12489 6434
12489 8454
12489 9112
12490 1698
12490 8454
12491 1698
12491 4510
12491 6275
12491 9112
12492 8454
12492 9791
12494 9791
12494 13491
12511 4510
12511 6275
12511 9112
12511 9791
12512 4553
12512 8454
12512 9791
12513 9791
12515 4553
12515 7718
12515 8454
12521 4553
12521 9055
12521 9791
12521 9991
12522 8454
12522 12446
12526 1557
12526 4553
12526 7718
12526 8454
12526 8941
12526 9169
12526 10073
12527 1779
12527 4510
12527 9791
12527 13491
12530 4510
12530 7809
12530 7810
12530 9791
12530 9991
12532 1779
12532 4669
12532 7279
12532 9791
12532 10402
12532 11169
12532 13491
12535 5934
12535 6125
12535 9791
12536 4553
12536 8454
12536 9142
12536 9791
12537 1779
12537 9791
12537 13491
12540 4709
12540 5934
12540 9791
12540 9991
12546 1557
12546 4510
12546 6275
12546 9791
12546 9991
12547 1557
12547 4553
12547 7718
12547 8454
12547 8941
12547 9169
12548 1557
12548 4553
12548 6275
12548 7810
12548 8706
12548 9055
12558 2574
12558 6482
12558 8454
12558 9791
12558 12838
12596 1698
12596 6275
12596 8706
12596 9112
12596 9791
12604 1557
12604 2574
12604 6393
12604 9791
12605 1557
12605 4553
12605 8454
12605 8941
12605 9114
12612 8454
12613 1698
12613 6275
12613 6434
12613 8454
12613 9168
12613 12794
12614 4553
12614 9791
12615 1779
12615 4510
12615 4709
12615 6275
12615 6434
12615 9112
12616 4553
12616 8454
12617 9791
12618 5934
12618 6393
12618 6482
12618 9791
12619 4553
12619 7323
12619 7718
12619 9791
12627 1779
12627 4510
12627 6275
12627 9112
12627 12995
12628 4669
12628 6275
12628 9791
12631 9791
12633 1779
12633 6434
12633 8454
12634 4553
12634 9791
12639 4510
12639 7810
12639 7993
12639 8454
12639 9791
12639 13491
12641 4553
12641 8454
12642 8454
12644 9791
12644 12800
12645 1779
12645 4510
12645 6275
12645 9112
12648 4553
12648 8454
12648 9112
12648 9791
12648 12791
12650 9791
12650 13491
12655 1557
12655 4553
12655 8454
12655 8941
12655 9169
12660 8454
12660 13491
12660 14342
12661 1476
12661 4510
12661 6125
12661 6482
12661 9791
12661 9991
12662 1779
12662 4669
12662 6434
12662 11169
12662 12053
12664 4553
12664 8454
12664 9791
12665 1779
12665 6434
12667 1557
12667 1779
12667 4849
12667 9991
12667 10925
12669 9791
12671 9791
12672 4553
12672 8454
12672 9791
12674 5934
12674 8454
12674 9791
12676 4709
12676 9791
12676 9991
12677 1779
12677 4510
12677 9791
12677 13491
12682 4553
12682 5934
12682 6125
12682 7809
12682 7810
12682 8706
12682 9791
12684 1779
12684 9791
12684 13491
12687 4510
12687 8706
12687 9112
12687 9352
12689 4510
12689 6275
12689 9791
12689 9991
12691 1779
12691 4709
12691 9791
12697 4553
12697 7718
12697 8454
12697 8941
12700 1698
12700 1779
12700 6482
12700 7810
12700 8706
12700 9791
12700 13491
12703 1698
12703 7674
12703 8454
12703 12794
12704 1732
12704 7674
12704 7718
12716 1557
12716 1698
12716 4553
12716 8454
12716 8941
12721 2574
12721 3240
12721 6275
12721 6903
12721 8454
12721 9791
12721 12838
12725 6434
12728 9791
12735 7718
12735 9791
12741 2574
12741 9791
12755 8454
12755 9791
12756 1698
12756 4510
12756 6275
12761 1779
12761 5934
12761 8706
12761 9791
12761 13491
12769 2574
12769 3240
12769 8454
12769 9791
12775 4553
12775 8454
12775 9791
12777 1779
12777 4510
12777 9112
12777 9791
12802 825
12802 1557
12802 5934
12802 6125
12802 7810
12802 8706
12802 9791
12802 9991
12806 9791
12810 1779
12810 4510
12810 13491
12832 1779
12832 4669
12832 9791
12832 10402
12832 11169
12833 4553
12833 6449
12833 8454
12833 8941
12833 9791
12863 8454
12863 9791
12877 4553
12877 9791
12877 9991
12880 1698
12880 7718
12880 9791
12880 12838
12881 4553
12881 6275
12881 9991
12882 1779
12882 4669
12882 9791
12882 13491
12884 1557
12884 4553
12884 9791
12885 1731
12885 8454
12891 4510
12891 4553
12891 5934
12891 6903
12891 7279
12891 9791
12891 13491
12896 1779
12896 4510
12896 10925
12899 1779
12899 4510
12899 6275
12899 6434
12899 8706
12899 9112
12899 12783
12906 5934
12906 7674
12906 7718
12906 13123
12925 4553
12925 9791
12927 1779
12927 4510
12927 9791
12943 1698
12943 6275
12943 6482
12943 12794
12950 2574
12950 4553
12950 8454
12950 8941
12950 9791
12956 1698
12956 9791
12961 2574
12961 4553
12961 6449
12961 9791
12967 6393
12967 7718
12967 9791
12967 14342
12968 4553
12968 8454
12991 1779
12991 2298
12991 4510
12991 6275
12991 8706
12991 9112
12991 9791
12991 12838
12996 1557
12996 1779
12996 4669
12996 5308
12996 8706
12996 9791
12996 10402
12996 11169
13026 1779
13026 4669
13026 6434
13026 9112
13026 9791
13083 4553
13083 6275
13083 7674
13083 7718
13083 7809
13083 8454
13083 10912
13083 12794
13094 1557
13094 4553
13094 6275
13094 6903
13094 8454
13094 8941
13094 9114
13094 9169
13094 9791
13095 1779
13095 4510
13095 4553
13095 4669
13095 6275
13095 9791
13095 10925
13095 11169
13096 1476
13096 9791
13096 9991
13097 3240
13097 8454
13097 9791
13098 1698
13098 6275
13098 9112
13098 9791
13099 9791
13100 6434
13100 9112
13113 9791
13113 13491
13115 1557
13115 4553
13115 7810
13115 8706
13115 9791
13117 9791
13117 12800
13129 4510
13129 4553
13129 6275
13129 9791
13129 12800
13133 1698
13133 9112
13133 9791
13134 1779
13134 4669
13134 10402
13134 11169
13139 1779
13140 1557
13140 1731
13140 7810
13140 8706
13140 9791
13140 11386
13141 4553
13141 4669
13141 5308
13141 9791
13143 1557
13143 3240
13143 4553
13143 8454
13143 8941
13144 4553
13144 8454
13149 1476
13149 4622
13149 6275
13149 9791
13149 9991
13154 4669
13154 5308
13154 9791
13154 10402
13154 11169
13161 1779
13161 4669
13161 4709
13161 4849
13161 6393
13161 6482
13161 9791
13161 13491
13164 4553
13164 7809
13164 8454
13164 8706
13166 4510
13166 4670
13166 6482
13166 9055
13166 9791
13166 9991
13169 1698
13169 4510
13169 4669
13169 7993
13169 8454
13169 12446
13169 12794
13169 13491
13169 14342
13187 4553
13187 8454
13187 8941
13187 9791
13189 9791
13189 12800
13190 1698
13190 4553
13190 7718
13190 12794
13191 1557
13191 4553
13191 8454
13191 8941
13191 9169
13191 12603
13192 5308
13192 9791
13195 6125
13195 6275
13195 7809
13195 9055
13195 9791
13195 12995
13196 4553
13196 8454
13196 8941
13196 9791
13199 3240
13199 4510
13199 6275
13199 9112
13199 12794
13199 13138
13201 70
13201 4510
13201 6275
13201 8454
13201 13491
13202 1779
13202 4553
13204 825
13204 1557
13204 5934
13204 7718
13204 9791
13212 1779
13212 4669
13212 13491
13223 4510
13223 6275
13232 1557
13232 2011
13232 4553
13232 9791
13233 825
13233 1557
13233 4510
13233 5934
13233 7809
13233 9791
13233 9991
13235 825
13235 1557
13235 5934
13235 9791
13236 825
13236 1557
13236 7810
13236 9791
13238 1557
13238 9791
13238 9991
13243 1721
13243 2298
13243 7674
13243 7993
13243 8454
13243 9114
13253 7718
13253 8454
13253 9791
13312 1557
13312 7809
13312 8706
13312 9791
13314 1557
13314 1779
13314 4553
13314 4669
13314 8706
13314 9791
13314 10402
13314 11169
13315 1698
13316 1779
13316 9791
13317 4553
13317 8454
13317 8941
13317 10589
13317 10863
13323 4553
13323 7810
13323 8706
13323 9991
13324 7809
13324 7810
13324 9055
13324 9791
13325 4510
13325 6275
13325 9112
13325 9791
13326 7810
13326 9791
13327 4465
13327 4553
13327 8706
13327 9791
13328 1698
13328 1721
13328 4553
13328 6903
13328 8454
13328 8706
13328 8941
13328 9791
13328 12800
13328 12838
13329 3240
13329 8706
13329 9791
13344 4510
13344 9791
13344 9991
13477 1779
13477 4553
13477 9791
13533 1731
13533 4072
13533 6275
13533 7810
13533 8706
13533 9791
13540 2574
13540 4553
13540 7809
13540 7810
13540 8454
13540 8941
13540 9791
13545 449
13545 1779
13545 2298
13545 3240
13545 4072
13545 6434
13548 1731
13548 2298
13548 4072
13548 8454
13548 9791
13554 6275
13554 8454
13554 9112
13554 9771
13555 6275
13555 7718
13555 9791
13555 12794
13571 3240
13571 4510
13571 7810
13571 8706
13571 9991
13577 825
13577 2011
13577 4553
13577 9791
13577 9991
13578 9055
13578 9791
13578 12800
13579 4553
13579 9791
13579 9991
13589 1779
13589 4510
13589 6482
13589 7993
13589 9791
13589 13491
13593 4072
13593 6275
13593 8454
13593 10912
13600 825
13600 4553
13600 5934
13600 6275
13600 7810
13600 8706
13600 9791
13750 4669
13750 9791
13750 13491
13751 4553
13751 6125
13751 9791
13751 12800
13752 6393
13752 9791
13755 6393
13755 8416
13755 8454
13755 9791
13755 11456
13755 12446
13813 1779
13813 2011
13813 4072
13813 4553
13813 9791
13821 8889
13821 9791
13833 5934
13833 7810
13833 8706
13833 9791
13833 13491
13849 4553
13849 8454
13849 8706
13849 9791
13850 1698
13850 6275
13935 1779
13935 4510
13935 13491
13939 4553
13939 6275
13939 7809
13939 8454
13939 8941
13949 4553
13949 8454
13949 9791
13949 12603
13949 12838
13950 4510
13950 4553
13950 4709
13950 6275
13950 8706
13950 9055
13950 9791
13950 9991
13961 1698
13961 2298
13961 6275
13961 6903
13961 8454
13961 9114
13961 12446
13964 4553
13964 7809
13964 8706
13964 9055
13964 9791
13966 4510
13966 6275
13966 7993
13966 8454
13966 9791
13966 12800
13974 4553
13974 6393
13974 9791
13974 9991
13976 1698
13976 4553
13976 8454
13976 8941
13976 12995
13977 1779
13977 3240
13977 5934
13977 6275
13977 8168
13977 9791
13977 12838
13977 13491
13978 9791
13979 1731
13979 2574
13979 8454
13979 9791
13981 1779
13981 4510
13981 6275
13981 13491
13984 4510
13984 4553
13984 9791
13984 9991
13989 825
13989 4510
13989 5934
13989 9791
13989 9991
13990 1402
13990 1779
13990 4510
13991 1779
13991 3910
13991 4510
13991 4669
13991 9791
13991 13491
13992 4709
13992 5934
13992 6125
13992 7810
13992 9055
13992 9791
13992 9991
13993 2298
13993 3240
13993 7718
13993 8454
13993 9114
13993 12446
13993 13405
14005 707
14005 4510
14005 8454
14005 12446
14005 13491
14031 7809
14031 7810
14031 8706
14031 9791
14032 4553
14032 7809
14032 7810
14032 8706
14035 6903
14035 7993
14035 8454
14043 1698
14043 2574
14043 4553
14043 8454
14043 8941
14043 9771
14043 9791
14046 1467
14046 9791
14046 12838
14046 13491
14047 1402
14047 4510
14048 4553
14048 8454
14048 8941
14048 9791
14049 4553
14049 7810
14049 8706
14049 9791
14049 9991
14050 825
14050 4849
14050 5934
14050 6393
14050 9791
14050 9991
14051 2574
14051 7718
14051 7810
14051 8454
14051 8941
14051 9791
14081 825
14081 5934
14081 7810
14081 8454
14086 4510
14086 6393
14086 9791
14103 2298
14103 2574
14103 3240
14103 7993
14103 8454
14103 8706
14103 13491
14103 14342
14119 4510
14119 6125
14119 9791
14119 9991
14120 1731
14120 4622
14120 8706
14120 9791
14121 5934
14121 7718
14121 9791
14122 825
14122 6125
14122 9791
14123 4553
14123 9791
14124 4553
14124 7718
14124 9791
14124 13491
14125 1779
14125 4669
14125 4849
14125 6125
14125 9791
14126 8706
14126 9791
14273 2574
14273 4553
14273 8454
14273 8706
14273 8941
14273 9791
14273 14084
14274 7810
14274 9791
14274 12838
14276 1467
14276 6125
14276 6275
14276 7810
14276 8706
14276 9791
14277 9791
14278 4510
14278 4553
14278 8454
14278 8706
14278 8941
14278 9791
14278 13491
14278 14342
14279 1476
14279 3240
14279 4510
14279 9991
14280 2574
14280 3240
14280 4553
14280 8454
14280 8941
14280 9791
14283 1557
14283 1698
14283 2298
14283 3240
14283 4510
14283 7809
14283 7810
14283 9791
14283 12800
14342 14342
14375 1779
14375 4510
14375 6275
14375 9112
14440 7284
14440 7809
14440 8706
14440 9055
14440 9791
14440 9991
14440 12800
14441 1467
14441 7392
14441 9791
14442 1698
14442 1779
14442 4553
14442 4669
14442 8454
14442 9791
14442 12053
14443 1779
14443 4669
14443 7810
14443 8706
14443 9791
14443 13491
14492 5934
14492 9055
14492 9791
14493 2574
14493 4553
14493 8454
14493 8941
14493 9114
14493 9791
14493 12446
14495 449
14495 1779
14495 4669
14495 6434
14495 9791
14495 10402
14495 11169
14496 2011
14496 6903
14496 9791
14497 2574
14497 7810
14497 8454
14497 9791
14497 9991
14499 4553
14499 8454
14499 8941
14499 9791
14500 3910
14500 4669
14500 4849
14500 6393
14500 9791
14500 13491
14500 14346
14502 4553
14502 8454
14502 9791
14503 2574
14503 7810
14503 7993
14503 8454
14503 8706
14503 9791
14505 1731
14505 4072
14505 7810
14505 9791
14506 5934
14506 9791
