14541 14541 1426
92 1466
92 2695
92 9246
97 510
97 1752
97 4467
97 4958
97 5394
97 5847
97 8157
342 2782
342 6485
342 6808
342 7002
342 7377
342 9663
342 12886
368 2650
368 4357
368 13055
481 701
481 4290
481 6653
481 8636
481 9090
481 10214
516 1898
516 9033
517 3330
517 5641
540 2606
540 3425
540 3933
540 4325
540 5240
540 5504
540 7439
540 14264
703 407
741 2202
741 2995
741 3419
741 12333
748 437
818 7262
819 7262
819 9234
822 2179
822 2715
822 5818
823 662
823 2584
823 4570
823 4732
823 5060
823 5288
823 6468
823 6474
823 6940
823 7084
823 7288
823 8143
880 406
880 2563
880 2623
880 2882
880 3125
880 3815
880 4469
880 4752
880 4810
880 5607
880 6278
880 6485
880 6551
880 7660
880 7828
1037 437
1037 527
1037 2602
1037 11145
1037 12577
1058 2074
1058 2123
1058 2606
1058 2617
1058 3425
1058 10175
1058 14262
1058 14264
1082 2266
1082 3278
1082 3377
1082 3830
1082 4486
1082 5108
1082 6253
1082 12683
1114 6763
1178 6335
1180 5528
1180 6766
1181 1873
1181 5607
1191 1656
1191 5324
1195 115
1195 1636
1195 3134
1195 5810
1195 5932
1195 6584
1195 11050
1230 1139
1230 1671
1230 2416
1230 4008
1230 4220
1324 4958
1324 5641
1324 12005
1411 850
1411 3749
1411 11878
1442 114
1442 470
1442 530
1442 1066
1442 1219
1442 1601
1442 2045
1442 2202
1442 2203
1442 2229
1442 2995
1442 3035
1443 2048
1443 2292
1443 3952
1443 5828
1443 5832
1443 6296
1443 10253
1512 706
1512 2879
1512 5738
1517 1511
1517 3492
1518 6776
1518 14089
1529 2183
1529 5459
1529 5771
1529 6492
1529 8096
1529 8290
1529 8650
1529 8784
1529 9166
1540 3405
1540 4442
1540 4700
1540 5355
1540 5795
1540 5880
1540 8143
1540 8455
1540 8995
1540 9066
1657 5119
1657 7193
1657 9110
1664 2137
1664 2447
1664 3324
1664 4325
1664 5240
1664 5482
1664 14264
1699 405
1699 957
1699 990
1699 2704
1717 1174
1717 2001
1717 2398
1717 2617
1717 4381
1717 8055
1717 9382
1747 6727
1747 7746
1747 7833
1750 1752
1750 7452
1750 7848
1750 11116
1750 12334
1914 367
1914 1519
1914 4462
1914 4810
1914 4992
1914 5488
1914 5804
1914 6485
1914 7757
1995 1919
1995 2373
1995 4377
1995 5075
1995 6005
2014 3070
2014 4162
2014 8669
2205 2204
2205 2468
2205 2626
2205 3377
2205 3905
2205 4395
2327 3110
2327 5604
2327 5605
2353 2354
2353 5445
2353 6464
2353 7117
2419 1164
2419 1778
2419 3028
2440 6640
2440 8254
2496 751
2496 2548
2496 2849
2496 13958
2690 2265
2690 5084
2690 6485
2690 9663
2690 9706
2690 10144
2690 11086
2999 5345
2999 6485
2999 6940
2999 11179
3032 5453
3032 7002
3049 2494
3251 662
3251 727
3251 2580
3251 7997
3363 1318
3416 436
3416 4663
3416 6141
3416 7787
3416 9948
3435 437
3435 2137
3435 2143
3435 2416
3435 3235
3435 4727
3435 5045
3435 5489
3435 5639
3435 6194
3435 6679
3435 6681
3435 8600
3435 9121
3435 9215
3435 10242
3435 14067
3487 2137
3487 11838
3553 4325
3553 5105
3553 5240
3553 7562
3553 14264
3582 2650
3582 7001
3582 8991
3599 3591
3599 5967
3599 8640
3611 6046
3611 6956
3611 11161
3613 319
3613 575
3613 954
3613 999
3613 1374
3613 1410
3613 1453
3613 1690
3613 1781
3613 1869
3613 1900
3613 2051
3613 2074
3613 2189
3613 2610
3613 2738
3613 2745
3613 2757
3613 2768
3613 2776
3613 2814
3613 2853
3613 2910
3613 3148
3613 4257
3613 4615
3613 4993
3613 5381
3613 6390
3613 7011
3613 7237
3613 10061
3613 10314
3613 10346
3613 10966
3613 11000
3613 12344
3613 12731
3613 12749
3613 12917
3613 13218
3706 524
3706 2046
3706 2404
3706 2679
3706 4357
3706 6870
3706 7237
3706 7654
3706 11355
3706 11993
3706 13558
3725 631
3725 4207
3725 11236
3805 325
3805 524
3805 642
3805 913
3805 1636
3805 4351
3805 5944
3805 6555
3805 7787
3825 1300
3825 2788
3825 2883
3825 4491
3825 6069
3825 12694
3825 13198
3889 2606
3889 2964
3889 4641
3889 4653
3889 5482
3889 12683
3968 3986
3968 4469
3968 4992
3968 5465
3968 5594
3968 6681
3968 6876
3968 7867
3968 7997
3968 13825
3969 5489
3969 7833
3969 8254
3970 2135
3970 2251
3970 2363
3970 2681
3970 3362
3970 3419
3970 3610
3970 3623
3970 3984
3970 4355
3970 4434
3970 5417
3970 5528
3970 5577
3970 5835
3970 6808
3970 7002
3970 7660
3970 7997
3970 8088
3970 8405
3970 10190
3970 13167
3971 11857
4091 843
4091 5526
4091 12694
4185 9005
4323 3028
4328 193
4328 470
4328 506
4328 644
4328 743
4328 1376
4328 1743
4328 3051
4328 3636
4328 4411
4328 4598
4328 5416
4328 7227
4328 10857
4328 11106
4328 11993
4328 12533
4328 13130
4332 724
4332 2410
4332 4466
4332 6566
4360 28
4360 2588
4382 1969
4382 2240
4382 4958
4382 5574
4382 6478
4382 6479
4382 9400
4382 12333
4497 1862
4497 5448
4497 5449
4497 5450
4497 6973
4497 9663
4516 1736
4516 3239
4516 5454
4516 5763
4516 5771
4516 5810
4516 5967
4516 6943
4516 8254
4516 9215
4516 12438
4528 6487
4528 8156
4528 11843
4634 3061
4634 4021
4634 5565
4634 5771
4634 8912
4634 14017
4762 1787
4762 3110
4762 3648
4762 3916
4762 5220
4762 13303
4772 3610
4772 5455
4772 5890
4772 7583
4772 7818
4772 8623
4772 8810
4772 8888
4772 9064
4772 10223
4772 10824
4772 13303
4792 451
4792 531
4792 718
4792 3405
4792 5465
4792 8083
4792 10913
4792 12696
4795 5810
4820 428
4820 1331
4820 6566
4835 14033
4845 2365
4845 3998
4867 3330
4867 5594
4867 5992
4867 7263
4867 13620
4886 727
4886 4013
4886 11106
4930 2655
4930 7102
4930 8586
4933 663
4933 2408
4933 2772
4933 10125
4942 6296
4965 28
4965 1519
4965 1910
4965 2609
4965 3290
4965 6464
4965 8412
4965 11179
4980 2417
4980 2715
4980 6003
4980 12008
4987 10196
4987 10898
5026 3801
5026 6625
5026 7016
5026 7163
5026 7507
5026 8884
5026 9790
5026 10868
5063 2472
5068 1696
5068 3046
5068 7288
5068 8096
5131 1919
5131 2435
5131 5818
5131 6752
5131 8822
5143 8418
5257 8553
5310 1769
5395 1644
5395 5105
5395 7229
5395 13475
5436 2748
5436 5490
5436 7698
5436 7789
5436 8207
5436 8564
5436 9810
5436 13973
5447 3197
5460 701
5460 1726
5460 2445
5460 10708
5468 2588
5468 5489
5468 6485
5468 6973
5468 7733
5468 10030
5470 995
5470 4723
5470 5706
5470 7879
5470 8290
5470 9787
5510 2373
5510 5818
5510 6003
5510 6092
5575 2192
5575 5579
5575 9770
5580 5035
5580 7295
5580 13122
5652 1645
5652 2177
5652 2282
5652 2363
5652 2404
5652 2772
5652 3167
5652 3623
5652 3986
5652 5058
5652 5839
5652 7182
5652 7347
5678 544
5678 2404
5678 6478
5678 6681
5678 6808
5678 9397
5678 13105
5696 2882
5829 3048
5829 3595
5829 4727
5829 4968
5829 5416
5829 5944
5829 6324
5829 6369
5829 8412
5829 8580
5829 8608
5829 8623
5829 9476
5829 11963
5829 11991
5831 2117
5831 2649
5831 4210
5831 5098
5831 5481
5831 6480
5831 7200
5831 7414
5831 7689
5831 9917
5831 10236
5831 14056
5831 14059
5834 9497
5858 6808
5865 5724
5865 6809
5865 7655
5865 11141
5923 2778
5923 2867
5923 6720
5923 11534
5963 5855
5988 2615
5988 8181
5988 13486
5990 764
5990 3190
5990 5037
5990 8912
5990 9353
5990 9840
5990 12397
5990 14525
6008 4738
6015 4627
6015 6369
6015 8254
6015 9948
6016 1919
6016 2179
6016 2373
6016 2435
6016 4377
6016 5075
6016 6005
6090 531
6090 2615
6090 11712
6131 1466
6131 7021
6131 14067
6151 578
6151 2245
6151 2776
6151 11231
6151 12557
6232 8181
6274 1034
6274 3288
6274 11215
6287 1638
6287 2203
6287 2322
6287 2458
6287 4391
6287 5094
6287 5105
6287 13506
6325 1414
6325 3711
6325 4575
6325 5486
6325 6335
6325 6681
6325 6800
6325 7002
6325 7155
6325 7632
6325 7753
6325 8015
6325 8383
6325 8888
6325 9003
6325 9924
6342 2383
6342 4377
6342 9969
6342 10035
6439 8157
6439 8965
6443 3278
6443 8055
6443 12972
6481 2593
6481 8111
6481 9616
6532 5108
6532 9450
6665 11912
6665 14260
6738 7746
6739 3278
6739 4801
6739 8923
6739 9382
6739 12007
6947 2957
6947 5465
6947 6547
6947 7200
6979 2472
6983 1034
6983 2087
6983 3933
6983 4325
6983 7439
6983 8893
6983 9421
7056 4377
7056 5136
7056 6005
7057 7448
7066 1222
7066 6224
7066 7741
7066 8103
7066 8851
7066 9575
7066 10223
7066 10563
7066 12278
7066 12556
7336 3330
7336 6194
7336 6624
7336 7046
7336 11991
7580 2617
7580 3324
7580 5639
7580 6267
7580 7562
7580 9382
7580 11838
7617 285
7617 5220
7617 6302
7617 7789
7706 2609
7706 7929
7706 10410
7706 12874
7706 13310
7708 2179
7708 2373
7708 6013
7790 12768
7799 663
7799 3125
7799 3190
7799 4194
7872 338
7872 2101
7872 2474
7872 3390
7872 3722
7872 6675
7872 6687
7872 6838
7872 7118
7872 7214
7901 8156
7901 11843
7928 3636
7928 4351
7928 5692
7928 6541
7928 8103
7928 8110
7928 8991
7928 9016
7928 9089
7928 9595
7928 12397
7963 4293
7963 4440
7995 1584
7995 5572
7995 6480
7995 9484
8009 113
8009 2882
8009 6354
8009 12917
8058 12007
8058 12683
8125 2976
8231 4906
8231 5564
8231 6001
8231 6168
8231 8144
8231 8789
8231 9471
8231 9473
8231 9665
8231 9706
8231 9780
8231 9799
8231 9800
8231 9947
8231 9955
8231 12133
8237 2001
8237 2398
8237 2447
8237 2617
8237 3425
8237 4325
8237 5504
8237 7562
8237 8743
8237 9382
8237 9615
8237 9616
8237 10458
8237 14262
8237 14264
8243 2238
8305 300
8305 437
8305 2398
8305 7265
8305 8055
8308 6926
8349 524
8349 1677
8349 4357
8349 4545
8349 5094
8349 5241
8349 5839
8349 6454
8349 12025
8389 1148
8389 3471
8389 5680
8389 6485
8389 7628
8389 8435
8389 8823
8389 8945
8389 9207
8389 10190
8389 10253
8389 10447
8389 13167
8430 1034
8430 1370
8430 3425
8430 3933
8430 4012
8430 4325
8430 6243
8430 6278
8430 6640
8430 9421
8430 10175
8430 14264
8461 1419
8461 8750
8461 8953
8461 9721
8463 7507
8463 11116
8463 13972
8560 4810
8560 6717
8560 11348
8561 7021
8629 8156
8629 10684
8687 5489
8687 5835
8687 6813
8687 10331
8768 1331
8768 3125
8768 3984
8768 7288
8768 10824
8768 11991
8768 12907
8768 13594
8770 3288
8770 3933
8770 4325
8770 8876
8770 8944
8770 11215
8939 2964
8939 3260
8939 3986
8939 4131
8939 4678
8939 5194
8939 5419
8939 6046
8939 6324
8939 6414
8939 6717
8939 12796
8939 14260
8939 14508
8950 149
8950 4411
8950 8423
8950 9224
9036 4756
9036 10125
9094 10789
9172 436
9172 913
9172 12023
9172 12972
9172 13431
9172 13506
9172 13542
9172 13825
9173 913
9173 4456
9174 1155
9174 10030
9174 11920
9174 11921
9176 1155
9176 10030
9176 11920
9176 11921
9180 11921
9286 5818
9286 12008
9299 577
9299 1162
9299 1163
9299 9963
9331 1924
9331 2519
9331 2844
9331 3178
9331 5029
9331 7746
9331 8623
9341 1562
9341 6973
9341 9005
9343 5084
9388 2793
9388 4162
9388 9447
9388 14056
9388 14072
9388 14088
9388 14089
9424 2472
9556 1671
9556 6243
9556 6501
9556 6547
9556 6721
9556 8893
9556 12749
9556 14262
9556 14263
9607 3239
9607 4256
9607 5522
9607 6031
9607 6851
9607 7001
9607 10953
9607 13167
9609 706
9609 1374
9609 1862
9609 3081
9609 7155
9609 9397
9640 664
9724 6005
9724 6013
9853 2001
9853 2937
9853 6679
9853 8055
9853 8835
9880 415
9880 483
9936 2937
9936 3711
9936 5639
9936 8841
9936 9157
9936 11141
9936 11879
9951 2844
9951 3692
9951 3764
9951 5046
9951 5110
9951 6652
9951 6758
9951 6824
9951 8953
9951 9785
9951 10240
9951 11080
9951 11361
9951 12278
9985 1921
9985 2522
9985 4487
9985 5528
9985 5620
9985 5891
9985 5894
9985 5895
9985 6684
9985 7019
9985 7020
9985 7021
9985 7022
9985 8582
9985 9487
9985 9585
10135 511
10135 2439
10135 2495
10135 3711
10135 6809
10135 7966
10135 12709
10143 2417
10143 2894
10143 5818
10147 1650
10147 5880
10147 6485
10147 8819
10147 10763
10147 10933
10174 7716
10174 8374
10174 8460
10174 8640
10174 8710
10174 9385
10174 10008
10174 11042
10174 11354
10174 11380
10174 11401
10174 11402
10174 11409
10174 12738
10182 524
10182 1638
10182 3203
10182 12587
10250 6031
10250 9016
10250 10763
10250 11072
10269 642
10269 1038
10269 1519
10269 3003
10269 3004
10269 4549
10269 4663
10269 5791
10269 6247
10269 12694
10316 5165
10342 1769
10358 2472
10375 612
10375 2219
10375 2251
10375 5455
10375 5482
10375 6415
10375 8743
10456 758
10456 919
10456 1584
10456 1859
10456 2679
10456 2937
10456 4565
10456 6638
10456 7226
10456 7654
10469 2617
10469 3324
10469 5504
10469 5676
10469 7006
10469 7562
10469 8055
10469 8663
10469 9382
10469 11300
10521 6717
10621 14517
10660 3952
10660 6851
10752 2780
10752 2797
10752 7009
10752 7945
10803 6357
10803 7431
10803 8854
10803 9901
10867 727
10867 1692
11035 667
11180 7679
11180 12534
11372 5849
11422 578
11422 1346
11422 4021
11422 14268
11454 1848
11454 2251
11454 5849
11454 6431
11454 7557
11454 14055
11457 403
11457 415
11457 1553
11457 1767
11457 5045
11457 7281
11457 9253
11457 12683
11467 1370
11467 2416
11467 2458
11467 3065
11467 3933
11467 4012
11467 4325
11467 6043
11467 8944
11467 10290
11491 2090
11491 2780
11491 2797
11491 7009
11491 7945
11592 1584
11592 1822
11592 3371
11592 4442
11593 990
11593 2363
11593 3598
11593 3738
11593 7730
11593 10052
11593 12426
11593 12510
11593 12727
11593 14059
11609 1253
11609 3362
11609 4479
11609 5089
11609 5584
11609 7655
11609 8608
11609 11519
11683 832
11683 2794
11683 2950
11683 3579
11683 3781
11683 4756
11683 4848
11683 5210
11683 5300
11683 8647
11683 9595
11683 10126
11683 10880
11683 11385
11683 11712
11683 11833
11683 13414
11747 241
11747 2615
11747 2635
11747 9634
11747 10125
11747 13414
11803 1933
11803 7334
11837 8873
12085 724
12085 1746
12085 3070
12085 3330
12085 3729
12085 4470
12085 5795
12085 6070
12085 6324
12085 7537
12085 8872
12085 9743
12104 1253
12104 4101
12104 4122
12104 5430
12104 6813
12104 7597
12104 8055
12104 8663
12104 9229
12104 12426
12161 293
12161 530
12161 1601
12161 2135
12161 4958
12161 5332
12161 12023
12372 1584
12372 3330
12372 4101
12372 4653
12372 5585
12372 6690
12372 6843
12372 7263
12372 7264
12372 8377
12372 12886
12372 13055
12423 4008
12423 5455
12423 8635
12423 13274
12457 7655
12457 8881
12457 10282
12457 12174
12484 7060
12484 8612
12484 9253
12629 1607
12629 4290
12629 8096
12658 2179
12658 7334
12658 7448
12659 1888
12659 11993
12659 12886
12659 14083
12737 3045
12737 3405
12737 5448
12737 7017
12737 8455
12737 11519
12737 12869
12737 13541
12756 3239
12756 3272
12905 510
12905 2471
12905 3067
12905 4309
12905 4319
12905 5483
12905 5847
12905 6229
12905 6555
12905 7772
12905 8208
12905 8218
12905 8219
13092 6878
13132 1174
13132 1748
13132 2398
13132 2416
13132 2650
13132 2793
13132 4012
13132 5060
13132 5332
13132 5607
13132 5676
13132 6464
13132 6465
13132 6878
13132 8893
13132 10018
13132 14264
13151 299
13151 504
13151 2786
13151 3148
13151 3163
13151 6720
13151 6838
13263 3492
13263 4545
13263 4688
13263 8043
13266 1192
13266 1419
13266 1941
13266 2396
13266 3114
13266 3242
13266 4568
13266 4570
13266 4571
13266 4572
13266 4575
13266 4576
13266 4577
13266 6808
13266 6956
13266 8090
13266 11161
13418 2216
13418 2232
13418 7288
13515 2192
13765 1575
13765 2169
13765 5832
13765 9538
13765 13740
13765 13931
13987 2782
13987 5241
13987 5416
14001 6485
14001 8520
14073 6487
14082 3244
14082 3477
14082 14083
14127 1419
14127 2942
14127 3729
14127 5894
14127 6112
14127 7031
14127 9585
14127 12005
14261 2046
14261 2177
14261 6322
14261 7803
14261 9116
14261 12333
14344 1283
14344 4325
14344 5240
14344 5504
14344 10018
14344 14262
14344 14264
14345 732
14345 2240
14345 2363
14345 2681
14345 2766
14345 3371
14345 4309
14345 4479
14345 6931
14345 8544
14345 10180
