14541 14541 391
41 9808
82 9808
84 6552
89 9084
96 9808
101 9808
108 6552
153 6552
155 12770
160 11465
201 12770
207 9808
294 4471
352 11523
353 11523
386 10823
413 9239
443 8591
493 11524
520 10582
594 11523
597 11523
598 11523
688 6544
705 11523
767 11523
794 440
813 9808
861 5635
866 5635
886 10823
901 6545
931 5851
932 5851
934 5851
961 5851
964 5851
966 5851
968 5851
1007 11523
1018 5851
1028 8591
1052 6545
1120 9808
1132 9808
1185 12011
1208 12910
1214 6559
1229 10823
1239 6545
1240 6545
1259 12011
1262 9107
1337 10416
1367 9808
1385 9808
1429 12918
1434 5851
1435 6545
1447 9084
1490 6552
1578 13018
1580 10823
1586 477
1605 12770
1606 12770
1684 8542
1706 6545
1718 9808
1771 10582
1792 10582
1893 9107
1972 477
1988 13209
2019 8591
2023 13007
2024 13007
2115 10416
2172 2172
2284 8591
2302 9808
2335 9107
2367 6552
2370 9107
2436 6552
2461 9808
2480 9808
2589 12910
2590 12910
2657 5635
2717 9164
2719 9164
2792 9808
2802 9808
2960 10416
2967 9808
2975 6552
3001 9808
3072 8502
3119 9808
3142 9808
3194 9808
3205 8901
3208 11465
3252 568
3275 9808
3304 9808
3373 9808
3397 6552
3455 9808
3498 9808
3661 10416
3664 6545
3911 6545
3973 10416
4020 8092
4083 6559
4147 6552
4288 9808
4372 5635
4393 9808
4471 9808
4499 13007
4569 5851
4612 9808
4625 9808
5212 5212
5237 5237
5259 12011
5317 10416
5498 5498
5677 10416
5705 9808
5721 13209
5753 4471
5897 9808
6135 10416
6176 11523
6212 5635
6395 9808
6451 6545
6453 6545
6565 10416
6569 10416
6587 9808
6611 6544
6623 10416
6678 6544
6689 9808
6835 6544
7030 6559
7148 10416
7159 9808
7186 10416
7213 6545
7247 6544
7248 6544
7249 6544
7273 8960
7305 8502
7640 8092
7676 10416
7677 10416
7704 10823
7709 8901
7728 11523
7747 12011
7823 10416
7873 10416
7874 10416
7880 6545
7931 9808
7932 6544
7933 6544
7944 6544
7949 6544
8003 6545
8082 10416
8087 10416
8099 10416
8101 11524
8104 11524
8105 11524
8146 9808
8165 12011
8246 10416
8247 10416
8248 10416
8249 10416
8251 11338
8321 8542
8330 11524
8357 10416
8363 10416
8366 10416
8369 11524
8378 9808
8379 8136
8414 10416
8442 8591
8512 12011
8530 11524
8572 10416
8602 9808
8815 8542
8907 10416
8933 7366
9028 5635
9100 11338
9124 11524
9155 9808
9183 5635
9263 11523
9298 9808
9307 10416
9354 5635
9395 10582
9398 8092
9433 6545
9437 8542
9492 12011
9508 10416
9530 10416
9564 11338
9602 8092
9722 5635
9736 7401
9766 11523
9806 10416
9925 10416
9932 9932
9974 10416
9979 10416
9994 8703
10002 6552
10026 10416
10027 11338
10038 11465
10055 6545
10076 11524
10099 9808
10313 9808
10317 6136
10328 8915
10414 6545
10424 9808
10426 9808
10446 6545
10494 5635
10499 5635
10525 5635
10526 5635
10536 12011
10538 12011
10652 9808
10861 9808
10881 8502
10882 8502
10958 11533
11107 6545
11209 9808
11238 12011
11302 6552
11312 10110
11339 11338
11341 11338
11363 12011
11365 9808
11388 6552
11394 9808
11416 12011
11443 9812
11472 6545
11474 9808
11486 6545
11488 8142
11496 12011
11500 9808
11538 10416
11598 11520
11599 10416
11616 12011
11621 8092
11633 8092
11657 9808
11718 9808
11719 10582
11724 9808
11733 6545
11760 2966
11764 9808
11768 9808
11785 12011
11842 9808
11888 4471
11915 12011
11922 6545
11945 10416
11949 8867
11960 9808
12046 8092
12063 9812
12066 9808
12078 12770
12079 12770
12117 9808
12130 9584
12134 568
12137 10105
12182 8092
12183 8092
12185 8092
12206 10543
12216 9821
12230 8960
12234 9594
12285 5851
12337 11338
12395 9808
12414 10823
12520 12011
12523 9808
12565 5851
12582 9808
12589 11465
12657 12011
12673 10416
12754 11524
12767 12011
12771 10416
12784 11523
12815 10416
12820 6552
12826 9808
12871 9164
12872 9808
12883 9164
12901 9808
12914 7222
12948 9808
12962 11524
12971 11523
12980 9808
12997 12011
13021 8591
13064 9808
13120 9808
13124 6552
13170 9808
13186 8092
13203 9808
13337 12011
13345 12011
13348 12011
13354 11523
13370 12011
13400 11523
13430 12011
13438 12011
13451 10823
13456 9107
13488 12011
13497 12011
13553 11523
13559 9808
13576 6552
13581 6552
13583 6552
13601 12011
13609 12011
13615 12011
13617 12011
13618 12011
13674 10416
13741 8502
13748 6552
13829 9808
13830 9808
13875 9808
13876 9808
13943 6552
14019 8518
14092 11523
14094 11523
14196 10416
14209 9808
14343 11338
14352 10416
14356 10416
14501 6545
14536 9107
