14541 14541 322
92 10416
97 10416
342 10416
368 10416
481 10416
516 10416
517 10416
540 10416
703 10416
741 10416
748 10416
818 10416
819 10416
822 5851
823 10416
880 10416
1037 10416
1058 10416
1082 10416
1114 4471
1114 9808
1178 10416
1179 10416
1180 10416
1181 10416
1183 10416
1191 10416
1195 10416
1230 10416
1295 4471
1295 9808
1324 10416
1411 10416
1442 10416
1443 10416
1512 10416
1517 10416
1518 10416
1529 10416
1540 10416
1657 10416
1664 10416
1699 9808
1699 10416
1717 10416
1717 11524
1747 10416
1750 10416
1758 10416
1995 5851
2014 10416
2205 10416
2327 10416
2353 10416
2419 10416
2440 10416
2496 10416
2690 10416
2999 10416
3032 10416
3049 10416
3210 5851
3251 10416
3363 10416
3416 10416
3435 10416
3487 10416
3553 10416
3582 10416
3582 11524
3599 10416
3611 10416
3613 10416
3706 10416
3725 10416
3772 8591
3805 10416
3825 6552
3825 9808
3825 10416
3825 11524
3854 5851
3889 10416
3968 10416
3969 10416
3970 10416
3971 10416
4091 10416
4185 10416
4323 11537
4328 9808
4332 9808
4332 10416
4332 11524
4360 10416
4382 10416
4497 10416
4516 10416
4634 10416
4686 10416
4687 10416
4762 10416
4772 10416
4787 9808
4795 10416
4820 10416
4835 9808
4845 4471
4845 7467
4845 9808
4863 10416
4867 10416
4886 9808
4930 10416
4933 10416
4942 10416
4965 10416
4980 5851
4987 10416
4999 11338
5026 10416
5063 10416
5068 10416
5131 5851
5143 11524
5157 10416
5257 9808
5309 10416
5310 10416
5391 10416
5395 10416
5436 10416
5441 10416
5447 10416
5460 10416
5468 10416
5470 10416
5510 5851
5580 10416
5652 10416
5678 10416
5696 10416
5829 10416
5831 10416
5834 10416
5858 10416
5865 10416
5923 10416
5963 10416
5963 11524
5988 9808
5990 10416
6008 10416
6015 10416
6016 5851
6090 9808
6131 10416
6151 9808
6287 10416
6325 10416
6342 5851
6439 10416
6443 10416
6481 5851
6532 10416
6738 10416
6739 10416
6947 10416
6979 10416
6983 10416
7056 5851
7056 10416
7057 5851
7066 10416
7121 9808
7274 10416
7336 10416
7391 10416
7434 5851
7434 10416
7580 10416
7617 10416
7706 9808
7706 10416
7790 10416
7799 10416
7872 6545
7901 5851
7928 10416
7950 9808
7963 9808
7978 10416
7995 10416
8009 10416
8058 10416
8125 10416
8141 10416
8231 10416
8237 10416
8237 11524
8243 10416
8305 10416
8308 5851
8349 10416
8389 10416
8430 10416
8461 10416
8463 10416
8516 10416
8560 10416
8561 10416
8629 5851
8661 9808
8661 10416
8687 10416
8768 10416
8770 10416
8939 10416
8950 10416
8958 9808
9008 10416
9036 6544
9036 9808
9036 10416
9094 10416
9172 10416
9173 10416
9174 10416
9175 10416
9176 10416
9180 10416
9254 10416
9254 11524
9286 5851
9331 10416
9343 10416
9388 10416
9424 10416
9556 10416
9607 10416
9607 11524
9609 10416
9640 10416
9724 5851
9788 10416
9853 10416
9880 10416
9936 10416
9951 10416
9956 10416
9985 10416
10107 5851
10135 10416
10143 5851
10147 9808
10174 10416
10250 9808
10269 9808
10269 10416
10316 8591
10342 10416
10358 10416
10375 10416
10456 10416
10469 10416
10521 10416
10660 10416
10752 9808
10752 10416
10803 10416
10867 9808
11035 10416
11180 10416
11372 11338
11422 10416
11454 10416
11467 5851
11467 10416
11491 10416
11592 10416
11593 10416
11608 10416
11609 10416
11646 10416
11683 9808
11739 8591
11747 9808
11803 5851
11837 10416
12085 10416
12104 10416
12161 10416
12372 10416
12423 10416
12457 10416
12484 10416
12629 10416
12658 5851
12659 10416
12737 10416
12776 10416
12905 10416
13092 9808
13132 10416
13151 9808
13263 10416
13266 10416
13418 10416
13515 10416
13765 10416
13979 10416
13987 10416
13999 10416
14001 10416
14073 5851
14082 10416
14085 10416
14127 10416
14261 10416
14344 10416
14345 10416
14502 10416
