14541 14541 168
25 11862
43 3036
110 13988
328 2711
609 677
609 7478
677 609
809 6064
809 7896
987 13358
1055 3652
1055 5878
1055 6905
1141 8339
1141 14498
1223 10482
1241 1250
1250 1241
1250 3450
1250 13067
1658 854
1658 9627
1926 10346
1929 7967
2096 12944
2189 2722
2275 5396
2275 11514
2629 13619
2711 328
2711 2734
2711 6226
2716 10346
2722 2189
2722 9717
2730 2835
2730 4909
2730 7012
2734 2711
2755 10346
2819 6128
2835 2730
2835 7012
3036 4705
3143 12913
3448 7967
3652 1055
3652 6899
3956 12988
4539 12594
4626 8112
4909 2730
5233 11643
5396 2275
5421 4539
5566 7111
5629 9138
5648 9604
5823 6988
5823 11460
5878 9560
5962 6207
5962 8434
6064 809
6128 6028
6128 11861
6221 9006
6226 2711
6226 10346
6231 9604
6850 7037
6879 2851
6899 3652
6905 1055
6932 12732
6966 9989
6988 5823
6988 8704
6998 13619
7012 2730
7012 2835
7037 6850
7426 10482
7528 8075
7528 11191
7670 8773
7967 1929
7967 3448
7967 11916
7967 13459
8075 7528
8075 11191
8112 4626
8112 8936
8294 6261
8294 9021
8339 1141
8704 12432
8704 12594
8773 7670
8916 5226
8916 12855
8936 8112
8980 9294
9006 6221
9021 8294
9040 12695
9105 10924
9138 5629
9294 8980
9417 286
9560 1055
9560 5878
9604 5648
9604 6231
9604 11159
9627 1658
9717 2722
9717 12825
9989 6966
10023 6883
10023 13489
10346 1926
10346 2716
10346 2755
10346 6226
10482 1223
10482 5566
10482 7426
10924 9105
11078 9021
11159 9604
11191 7528
11191 8075
11227 12855
11343 12164
11460 7045
11460 11899
11514 2275
11643 5233
11862 25
11899 11460
11916 7967
11916 11996
11996 11916
12164 11343
12432 8704
12444 5561
12594 8704
12695 9040
12732 6932
12825 11156
12855 11227
12913 3143
12944 2096
12988 3956
12988 8112
13067 1250
13358 987
13428 13619
13459 7967
13489 6883
13489 10023
13619 2629
13619 13428
13873 1658
14302 3652
14498 1141
