14541 14541 397
430 903
430 10552
430 10946
430 13242
936 12994
936 13241
936 13244
981 9214
981 12994
981 13020
981 13030
981 13241
981 13244
981 13411
981 13412
981 13413
981 13426
981 13439
1022 9214
1022 13244
1094 9214
1094 13020
1094 13241
1094 13244
1101 9214
1101 13241
1101 13244
1290 9214
1290 12994
1290 13020
1290 13241
1290 13244
1290 13411
1290 13416
1290 13439
1290 13453
1290 14281
1422 903
1422 10552
1422 13242
1422 14265
1422 14269
1608 12994
1608 13244
1703 9214
1703 13020
1703 13030
1703 13244
1703 13412
1703 13416
1703 13426
1703 13427
1703 13439
1703 13440
1977 9214
1977 13244
2511 689
2511 944
2511 963
2511 985
2511 9214
2511 10689
2511 10947
2511 11265
2511 12994
2511 13020
2511 13030
2511 13241
2511 13244
2511 13411
2511 13412
2511 13413
2511 13416
2511 13426
2511 13427
2511 13439
2511 13440
2511 13453
2511 13462
2511 13472
2511 13493
2511 13838
2511 14281
3060 903
3060 10552
3060 13242
3060 14265
3098 903
3098 1430
3098 10552
3098 13242
3098 13462
3098 14265
3098 14266
3980 98
3980 496
3980 903
3980 1432
3980 10552
3980 10946
3980 14266
3980 14271
4102 985
4102 9214
4102 10947
4102 12994
4102 13020
4102 13241
4102 13244
4102 13412
4102 13413
4102 13439
4102 13453
4102 14281
5179 985
5179 12994
5179 13241
5179 13244
5179 13411
5179 13413
5179 13416
5179 13439
5179 13453
5179 13462
5337 9214
5337 12994
5337 13020
5337 13241
5337 13244
5337 13411
5337 13412
5341 9214
5341 10947
5341 12994
5341 13020
5341 13241
5341 13244
5341 13411
5341 13462
5700 12994
5700 13020
5700 13241
5700 13411
5859 9214
5859 12994
5859 13241
5859 13244
5859 13439
6124 9214
6124 13241
6124 13244
6124 13426
6124 14281
6211 9214
6211 10947
6211 11265
6211 12994
6211 13020
6211 13241
6211 13244
6211 13411
6211 13413
6211 13440
6211 13453
6211 13462
6288 9214
6288 12994
6288 13020
6288 13030
6288 13241
6288 13244
6288 13411
6288 13412
6288 13413
6288 13416
6288 13426
6538 9214
6538 12994
6538 13241
6538 13244
6612 903
6612 10552
6612 13242
6612 14266
6612 14269
7145 985
7145 9214
7145 10947
7145 13020
7145 13241
7145 13244
7145 13412
7145 14281
8795 9214
8795 12994
8795 13241
8795 13244
8795 13413
8795 13427
8904 13838
8904 14281
8962 9214
8962 12994
8962 13020
8962 13030
8962 13241
8962 13244
8962 13412
8962 13413
8962 13416
9267 9214
9267 10689
9267 12994
9267 13020
9267 13241
9267 13244
9267 13440
9267 14281
9313 9214
9313 13241
9313 13244
9314 689
9314 13244
9314 13411
9314 13412
9314 13416
9314 13427
9314 13462
9314 13493
9314 14281
9323 98
9323 903
9323 1080
9323 1430
9323 1432
9323 10552
9323 12994
9323 14265
9323 14266
9323 14269
9323 14270
9323 14271
9370 963
9370 9214
9370 13244
9370 13838
9370 14281
9504 9214
9504 12994
9504 13020
9504 13411
9504 13412
9504 13413
9504 13426
9537 689
9537 944
9537 11265
9537 13241
9537 13244
9537 14281
9623 9214
9623 12994
9623 13244
9648 9214
9648 12994
9648 13241
9648 13244
9648 13411
9650 689
9650 963
9650 9214
9650 10689
9650 10947
9650 12994
9650 13020
9650 13241
9650 13244
9650 13413
9650 13416
9650 13427
9650 13440
9650 13453
9650 13472
9650 13493
9650 13838
9650 14281
9767 9214
9767 12994
9767 13241
9767 13244
10326 9214
10326 12994
10326 13020
10326 13030
10326 13241
10326 13244
10326 13411
10326 13412
10326 13413
10326 13416
10326 13439
10381 903
10381 10552
10381 13242
10381 14265
10383 903
10383 13242
10383 14265
10383 14266
10384 903
10384 10552
10384 13242
10384 14266
10385 903
10385 10552
10385 13242
10385 14265
10385 14266
10385 14269
10453 903
10453 1080
10453 10552
10453 14265
10453 14266
10453 14269
10597 903
10597 10552
10597 14265
10680 98
10680 496
10680 903
10680 1430
10680 1432
10680 10552
10680 10946
10680 13242
10680 14265
10680 14266
10680 14269
10680 14270
10680 14271
10688 903
10688 10552
10688 10946
10688 13242
10688 14265
10688 14266
10694 689
11110 689
11110 944
11110 985
11110 9214
11110 10689
11110 12994
11110 13020
11110 13030
11110 13241
11110 13244
11110 13411
11110 13412
11110 13413
11110 13416
11110 13426
11110 13427
11110 13439
11110 13440
11110 13493
11110 13838
11110 14281
11449 985
11449 10947
11449 12994
11449 13241
11449 13244
11449 13427
11449 13439
11449 13440
11449 13453
11449 13462
11549 9214
11549 12994
11549 13241
11549 13244
11549 13411
11549 13412
11550 9214
11550 12994
11550 13020
11550 13244
11873 944
11873 9214
11873 13244
11873 13411
14357 985
14357 9214
14357 13241
14357 13244
