14541 14541 618
311 4436
311 7374
387 42
387 314
387 434
387 1020
387 1665
387 1831
387 1990
387 1991
387 1992
387 2073
387 2389
387 2578
387 2700
387 2946
387 3106
387 3129
387 3847
387 3927
387 3938
387 3982
387 4366
387 4436
387 4447
387 4595
387 5181
387 5664
387 5742
387 5750
387 5778
387 5861
387 6125
387 6332
387 6420
387 6523
387 6534
387 6840
387 6896
387 6945
387 7246
387 7365
387 7369
387 7374
387 7425
387 7672
387 7674
387 7696
387 8497
387 8503
387 8504
387 8510
387 8522
387 8619
387 8746
387 8782
387 8897
387 8908
387 9093
387 9096
387 9109
387 9119
387 9553
387 10106
387 10631
387 10695
387 10735
387 11305
387 11667
387 12057
387 12324
387 12348
387 12752
387 12794
387 13025
387 13408
387 13606
387 13994
387 14359
699 42
699 314
699 434
699 1228
699 1665
699 1831
699 1990
699 1992
699 2073
699 2400
699 2578
699 2946
699 3129
699 3847
699 3982
699 4165
699 4366
699 4436
699 4447
699 4538
699 4595
699 4640
699 5071
699 5742
699 5750
699 5778
699 5868
699 6125
699 6420
699 6523
699 6534
699 6718
699 6770
699 6840
699 6896
699 7246
699 7365
699 7369
699 7374
699 7469
699 7672
699 7674
699 7696
699 7798
699 8121
699 8245
699 8392
699 8497
699 8504
699 8510
699 8746
699 8782
699 8908
699 9091
699 9096
699 9109
699 9160
699 9548
699 9553
699 10631
699 10735
699 11651
699 12057
699 12324
699 12348
699 12752
699 12794
699 12817
699 13025
699 13146
699 13408
699 13633
699 13994
699 14360
1096 42
1096 314
1096 434
1096 1020
1096 1228
1096 1831
1096 1990
1096 1991
1096 1992
1096 2073
1096 2400
1096 2578
1096 2946
1096 3129
1096 3847
1096 3938
1096 3982
1096 4100
1096 4366
1096 4436
1096 4447
1096 4538
1096 4595
1096 4640
1096 5071
1096 5181
1096 5664
1096 5742
1096 5750
1096 5778
1096 6125
1096 6332
1096 6420
1096 6523
1096 6770
1096 6896
1096 6945
1096 7246
1096 7365
1096 7374
1096 7672
1096 7674
1096 7798
1096 8337
1096 8497
1096 8504
1096 8522
1096 8746
1096 8782
1096 8897
1096 9091
1096 9093
1096 9096
1096 9109
1096 9160
1096 10106
1096 10631
1096 10735
1096 11651
1096 12057
1096 12308
1096 12324
1096 12348
1096 12752
1096 12794
1096 13146
1096 13408
1096 13606
1096 13994
1096 14359
1096 14360
1594 2073
1594 3614
1594 4366
1594 4538
1594 4595
1594 7672
1594 7674
1594 7798
1594 8245
1594 8503
1594 9093
1594 10631
1594 12324
1594 13606
1594 14359
1928 4436
1928 10631
1928 10735
1928 12348
2444 4436
2444 7374
3083 2073
3083 2400
3083 4436
3083 4447
3083 4538
3083 4595
3083 5057
3083 5071
3083 6420
3083 6770
3083 7246
3083 7374
3083 8504
3083 8619
3083 9109
3083 13408
3083 14359
3313 3982
3313 4436
3313 7246
3313 10735
3313 12324
3313 12348
3766 1020
3766 4436
3766 7696
3766 8139
3766 8615
3886 42
3886 3129
3886 3614
3886 3847
3886 5181
3886 6523
3886 6534
3886 7674
3886 7994
3886 8496
3886 8497
3886 8619
3886 13025
3886 13606
3886 14359
4022 314
4022 434
4022 1020
4022 1228
4022 1831
4022 1990
4022 1991
4022 1992
4022 2073
4022 2400
4022 2578
4022 2946
4022 3129
4022 3614
4022 3927
4022 3982
4022 4165
4022 4366
4022 4436
4022 4441
4022 4447
4022 4538
4022 4595
4022 4640
4022 5071
4022 5452
4022 5742
4022 5750
4022 5778
4022 6125
4022 6420
4022 6504
4022 7246
4022 7365
4022 7369
4022 7374
4022 7672
4022 7674
4022 7696
4022 7798
4022 8139
4022 8497
4022 8503
4022 8504
4022 8510
4022 8522
4022 8746
4022 9091
4022 9096
4022 9109
4022 9565
4022 10631
4022 11307
4022 11651
4022 11667
4022 12057
4022 12324
4022 12348
4022 12752
4022 13025
4022 13408
4022 13633
4022 13994
4169 7374
4368 42
4368 434
4368 1020
4368 1228
4368 1990
4368 1992
4368 2073
4368 2400
4368 2578
4368 3129
4368 3847
4368 3982
4368 4366
4368 4436
4368 4447
4368 4538
4368 4595
4368 4640
4368 5071
4368 5664
4368 5742
4368 5778
4368 6125
4368 6420
4368 6523
4368 6770
4368 6896
4368 7246
4368 7369
4368 7374
4368 7672
4368 7674
4368 7798
4368 8139
4368 8245
4368 8497
4368 8504
4368 8746
4368 8782
4368 8908
4368 9091
4368 9093
4368 9096
4368 9109
4368 9160
4368 9553
4368 10106
4368 10631
4368 10735
4368 11307
4368 11651
4368 11667
4368 12057
4368 12308
4368 12324
4368 12348
4368 12752
4368 12817
4368 13025
4368 13408
4368 13606
4368 13633
4368 13742
4368 13994
4368 14360
4623 2073
4623 2400
4623 2578
4623 4538
4623 4595
4623 6770
4623 7798
4623 8504
4623 11651
4646 7374
5924 314
5924 434
5924 1020
5924 1228
5924 1520
5924 1992
5924 2073
5924 2400
5924 2578
5924 3347
5924 3938
5924 3982
5924 4366
5924 4436
5924 4447
5924 4538
5924 4595
5924 5071
5924 5742
5924 5750
5924 5778
5924 6420
5924 6770
5924 6896
5924 7246
5924 7369
5924 7469
5924 7672
5924 7798
5924 8139
5924 8245
5924 8497
5924 8504
5924 8510
5924 8746
5924 9091
5924 9093
5924 9096
5924 9160
5924 10106
5924 10631
5924 10735
5924 11651
5924 12324
5924 12348
5924 12752
5924 12817
5924 13408
5924 13633
5924 13994
5924 14360
6382 5181
6382 5313
6382 6523
6382 6534
6382 6840
6382 8496
6382 8499
6382 8619
6382 9097
6382 9553
6382 12794
6382 13025
6382 13606
6382 14359
7861 434
7861 1665
7861 1992
7861 2073
7861 2400
7861 2578
7861 3982
7861 4436
7861 4447
7861 4538
7861 4595
7861 5742
7861 5750
7861 5778
7861 6125
7861 7365
7861 7369
7861 7374
7861 7672
7861 7696
7861 7798
7861 8497
7861 8504
7861 8746
7861 9096
7861 10106
7861 11667
7861 12057
7861 12324
7861 12752
7861 13408
7861 13633
7861 13994
7861 14360
9371 2946
9371 3982
9371 4165
9371 4436
9371 5778
9371 7246
9371 8504
9371 8510
9371 8746
9371 9096
9371 12057
9371 13408
9779 42
9779 3982
9779 7246
9779 10631
9779 10735
9779 12308
9779 12324
9779 12348
10917 1831
10917 1990
10917 4366
10917 4436
10917 4447
10917 5014
10917 5778
10917 6125
10917 6332
10917 6945
10917 7246
10917 7374
10917 8497
10917 8504
10917 8510
10917 8746
10917 9096
10917 12057
10917 13408
10917 13994
10930 314
10930 434
10930 1020
10930 1831
10930 1991
10930 1992
10930 2073
10930 2400
10930 3847
10930 3982
10930 4165
10930 4366
10930 4436
10930 4447
10930 5071
10930 5181
10930 5664
10930 5742
10930 5750
10930 5778
10930 6125
10930 6332
10930 6420
10930 6523
10930 6840
10930 6896
10930 7246
10930 7365
10930 7369
10930 7469
10930 7672
10930 7798
10930 8496
10930 8497
10930 8504
10930 8510
10930 8522
10930 8746
10930 9091
10930 9096
10930 9109
10930 9553
10930 10106
10930 10735
10930 11667
10930 12057
10930 12324
10930 12348
10930 12752
10930 13025
10930 13408
10930 13994
