14541 14541 184
262 262
432 432
3342 3342
3503 12212
4161 4161
6996 6936
11083 11087
11095 9534
11271 12974
11284 11720
11286 11286
11303 11303
11468 14316
11469 14315
11470 14317
11509 14449
11554 11473
11556 14529
11599 11599
11663 2061
11668 11786
11818 14425
11978 1051
11990 14437
12040 14430
12043 13487
12044 9360
12101 1391
12159 2065
12269 12269
12282 14207
12287 10723
12419 12419
12622 12622
12977 11
12981 11940
12984 13399
13008 14197
13011 14199
13013 14202
13022 12468
13023 13754
13104 14205
13106 14211
13108 14013
13110 14213
13135 14214
13174 14320
13175 14323
13178 13744
13183 1337
13184 13986
13287 11665
13318 14145
13321 14090
13339 14079
13340 8061
13373 14158
13376 10854
13379 14160
13383 14169
13384 9372
13385 13983
13387 14176
13388 14177
13389 14179
13390 11910
13392 14184
13395 14186
13396 14188
13398 14190
13402 14238
13403 13406
13434 13434
13458 13458
13519 12217
13522 11572
13525 12188
13527 14135
13531 11938
13532 13586
13536 14195
13562 8857
13627 1756
13630 282
13632 26
13634 12267
13637 13261
13638 10637
13639 21
13642 19
13653 13653
13657 13657
13659 13659
13662 13662
13663 11905
13665 13665
13667 13667
13668 13669
13669 13669
13670 13670
13671 13671
13674 13674
13675 13672
13677 14356
13678 11942
13679 5
13680 0
13682 6300
13683 11943
13685 11941
13687 10751
13689 11261
13691 8333
13694 10742
13696 10740
13699 10733
13704 10725
13707 10722
13708 12764
13709 10721
13710 10719
13714 12263
13715 14538
13721 14531
13724 4283
13725 11558
13729 14527
13733 12262
13738 14515
13756 14514
13757 14513
13759 265
13764 14504
13767 2529
13770 2528
13771 14486
13774 14482
13776 12260
13777 13257
13779 14451
13783 11732
13785 14419
13790 14417
13792 14415
13794 14411
13797 14407
13799 12850
13802 14061
13803 10
13807 2963
13808 14394
13816 9051
13832 13464
13855 255
13856 12705
13857 10779
13858 12163
13861 4219
13864 14353
13865 14349
13870 13538
13881 14313
13883 11316
13888 12016
13889 14297
13896 14285
13898 4432
13899 14286
13903 4009
13905 14248
13906 12241
13907 14245
13911 14241
13913 14236
13914 1133
13915 14231
13919 14221
13922 310
13924 5520
13927 2721
13928 13845
13934 12239
14438 14438
