14541 14541 235
310 1138
310 1845
310 2550
310 13276
310 13277
1051 1138
1051 1845
1051 2550
1051 13276
1051 13277
1133 1138
1133 1845
1133 2550
1133 13276
1133 13277
1337 1138
1337 1845
1337 2550
1337 13276
1337 13277
2526 1138
2526 1845
2526 2550
2526 13276
2526 13277
2528 1138
2528 1845
2528 2550
2528 13276
2528 13277
2529 1138
2529 1845
2529 2550
2529 13276
2529 13277
3973 1138
3973 1845
3973 2550
3973 13276
4161 1138
4161 1845
4161 2550
4161 13276
4161 13277
4219 1138
4219 1845
4219 2550
4219 13276
4219 13277
4283 1138
4283 2550
4283 13276
4283 13277
4408 2550
4408 13276
4408 13277
4432 1845
4432 2550
4432 13276
4432 13277
5474 1138
5474 1845
5474 2550
5474 13276
5474 13277
6300 1138
6300 1845
6300 2550
6300 13276
6300 13277
7340 1138
7340 1845
7340 2550
7340 13276
7340 13277
8333 1138
8333 1845
8333 2550
8333 13276
8333 13277
8857 1138
8857 1845
8857 2550
8857 13276
8857 13277
9271 1138
9271 1845
9271 2550
9271 13276
9271 13277
9372 1138
9372 1845
9372 2550
9372 13276
9372 13277
9534 1138
9534 1845
9534 2550
9534 13276
9534 13277
10303 1138
10303 1845
10303 2550
10303 13276
10303 13277
10746 1138
10746 2550
10746 13276
10746 13277
11261 1138
11261 1845
11261 2550
11261 13276
11261 13277
11345 1138
11345 1845
11345 2550
11345 13276
11345 13277
11473 1138
11473 1845
11473 2550
11473 13276
11473 13277
11572 1138
11572 1845
11572 2550
11572 13276
11572 13277
11599 1138
11599 1845
11599 2550
11599 13276
11599 13277
11630 1138
11630 1845
11630 2550
11630 13276
11630 13277
11672 1138
11672 1845
11672 2550
11672 13276
11672 13277
11889 1845
11889 2550
11889 13276
11889 13277
11910 1138
11910 1845
11910 2550
11910 13276
11910 13277
11940 1138
11940 2550
11940 13276
11940 13277
11941 1138
11941 1845
11941 2550
11941 13276
11941 13277
11942 1138
11942 1845
11942 2550
11942 13276
11942 13277
11945 1138
11945 1845
11945 13276
11945 13277
11946 1138
11946 1845
11946 2550
11946 13276
11946 13277
11947 1138
11947 1845
11947 2550
11947 13276
11947 13277
12016 1138
12016 1845
12016 2550
12016 13276
12016 13277
12188 1138
12188 1845
12188 2550
12188 13276
12188 13277
12212 1138
12212 1845
12212 2550
12212 13276
12212 13277
12242 1138
12242 1845
12242 2550
12242 13276
12242 13277
12260 1138
12260 2550
12260 13276
12260 13277
12262 1138
12262 1845
12262 2550
12262 13276
12262 13277
13754 1138
13754 1845
13754 2550
13754 13276
13754 13277
13840 1138
13840 1845
13840 2550
13840 13276
13840 13277
14013 1138
14013 1845
14013 2550
14013 13276
14013 13277
14196 1138
14196 1845
14196 2550
14196 13276
14196 13277
14356 1138
14356 1845
14356 2550
14356 13276
14356 13277
