14541 14541 574
1279 2392
1279 4320
1279 4322
1279 4883
1279 8681
1279 8891
1279 10199
1322 2392
1322 3382
1322 4320
1322 4321
1322 4322
1322 7602
1322 8132
1322 8891
1322 10199
1819 8891
2006 2392
2006 10901
3006 2392
3006 3382
3006 4320
3006 4321
3006 4883
3006 7602
3006 8681
3006 8891
3024 2392
3024 4320
3024 4321
3024 4322
3024 4883
3024 7113
3024 7602
3024 8132
3024 8891
3024 10199
3025 1125
3025 2392
3025 3382
3025 4321
3025 4322
3025 7113
3025 7602
3025 8132
3025 8891
3026 2392
3026 4320
3026 4321
3026 7113
3026 8132
3026 8681
3026 8891
3026 10199
3467 1125
3467 4320
3467 4321
3467 4322
3467 4883
3467 5148
3467 7113
3467 8681
3467 8891
3546 1125
3546 3382
3546 4320
3546 4321
3546 4322
3546 4883
3546 7113
3546 7602
3546 8891
3615 1125
3615 2392
3615 4320
3615 4321
3615 4322
3615 4883
3615 7113
3615 8681
3615 8891
3615 10199
3620 2392
3620 3382
3620 4320
3620 4321
3620 4322
3620 4883
3620 7113
3620 7602
3620 8132
3620 8681
3620 8891
3620 10199
3649 1125
3649 2392
3649 3382
3649 4320
3649 4321
3649 7113
3649 8132
3649 8681
3649 8891
3650 1125
3650 2392
3650 3382
3650 4321
3650 4322
3650 5148
3650 7113
3650 8132
3650 8891
3650 10199
3877 1125
3877 2392
3877 3382
3877 4322
3877 7113
3877 7602
3877 8132
3877 8681
3877 8891
3879 2392
3879 3382
3879 4321
3879 4322
3879 4883
3879 8132
3879 8681
3879 8891
3879 10199
4138 2392
4138 4320
4138 4321
4138 4322
4138 7602
4138 8132
4138 8681
4138 8891
4138 10199
4743 2392
4743 4320
4743 4321
4743 4322
4743 4883
4743 8681
4743 10199
4789 3382
4789 4320
4789 4321
4789 5148
4789 7113
4789 7602
4789 8681
4789 8891
5149 1125
5149 2392
5149 4321
5149 4322
5149 4883
5149 7113
5149 7602
5149 8681
5149 8891
5149 10199
5245 8891
5246 1125
5246 2392
5246 4320
5246 4322
5246 4883
5246 7113
5246 7602
5246 8891
5816 7602
5905 2392
5905 4320
5905 4321
5905 4322
5905 7602
5905 8132
5905 8681
5905 8891
5905 10199
6144 1125
6144 2392
6144 3382
6144 4321
6144 4322
6144 4883
6144 7602
6144 8681
6144 8891
6144 10199
6334 2392
6334 3382
6334 4320
6334 4321
6334 4322
6334 7113
6334 7602
6334 8132
6334 8681
6334 8891
6334 10199
6674 2392
6674 3382
6674 4320
6674 4322
6674 4883
6674 8132
6674 8681
6674 10199
6992 2392
6992 3382
6992 4321
6992 4883
6992 7113
6992 7602
6992 8132
6992 8681
6992 8891
6992 10199
6993 1125
6993 2392
6993 3382
6993 4320
6993 4321
6993 4322
6993 7602
6993 8681
6993 8891
6993 10199
7146 1125
7146 2392
7146 3382
7146 4321
7146 4322
7146 4883
7146 7113
7146 7602
7146 8132
7146 10199
7541 2392
7541 3382
7541 4320
7541 4321
7541 4322
7541 5148
7541 7113
7541 7602
7541 8132
7541 8681
7541 8891
7541 10199
7754 2392
7754 3382
7754 4320
7754 4321
7754 4322
7754 4883
7754 7113
7754 7602
7754 8132
7754 8891
7908 1125
7908 2392
7908 3382
7908 4320
7908 4321
7908 4322
7908 4883
7908 7113
7908 7602
7908 8132
7908 8681
7908 8891
8049 2392
8049 4322
8049 7113
8049 8681
8049 8891
8049 10199
8050 1125
8050 2392
8050 3382
8050 4320
8050 4321
8050 4322
8050 4883
8050 7113
8050 7602
8050 8681
8050 10199
8266 1125
8266 2392
8266 3382
8266 4320
8266 4321
8266 4322
8266 4883
8266 7113
8266 8681
8266 8891
8266 10199
8268 2392
8268 3382
8268 4320
8268 4321
8268 4883
8268 8132
8268 8681
8268 10199
8269 1125
8269 3382
8269 4320
8269 4321
8269 4322
8269 7113
8269 8681
8269 8891
8269 10199
8283 1125
8283 2392
8283 3382
8283 4321
8283 4322
8283 7113
8283 8132
8283 8681
8283 8891
8380 1125
8380 2392
8380 3382
8380 4321
8380 4883
8380 7602
8380 8681
8380 8891
8574 1125
8574 2392
8574 4321
8574 4322
8574 7113
8574 7602
8574 8132
8574 8681
8576 2392
8576 3382
8576 4320
8576 4321
8576 4322
8576 4883
8576 7113
8576 7602
8576 8132
8576 8681
8576 8891
9193 1125
9193 2392
9193 4320
9193 4321
9193 4883
9193 7113
9193 7602
9193 8132
9194 1125
9194 2392
9194 3382
9194 4320
9194 4321
9194 4322
9194 4883
9194 7113
9194 8132
9194 8891
9194 10199
9280 2392
9280 3382
9280 7113
9280 7602
9280 8132
9280 8681
9280 8891
9280 10199
9351 3382
9351 4320
9351 4322
9351 4883
9351 7113
9351 7602
9351 8681
9351 8891
9351 10199
9666 3382
9666 4320
9666 4321
9666 4322
9666 7602
9666 8132
9666 8681
9666 8891
9666 10199
9671 1125
9671 2392
9671 4320
9671 4883
9671 5148
9671 7602
9671 8132
9671 8681
9671 8891
9671 10199
9681 1125
9681 2392
9681 3382
9681 4320
9681 4322
9681 8132
9681 8681
9681 8891
9682 2392
9682 3382
9682 4320
9682 4321
9682 4322
9682 4883
9682 7602
9682 8132
9682 8891
10029 1125
10029 2392
10029 3382
10029 4320
10029 4321
10029 4322
10029 4883
10029 7113
10029 7602
10029 8132
10029 10199
10057 1125
10057 2392
10057 3382
10057 4320
10057 4322
10057 4883
10057 7602
10057 8681
10057 8891
10057 10199
10914 1125
10914 2392
10914 3382
10914 4321
10914 4322
10914 4883
10914 7113
10914 7602
10914 8132
10914 8891
10914 10199
11015 2392
11015 2530
11015 4320
11015 4322
11015 8891
12032 3382
12032 4320
12032 4321
12032 4322
12032 4883
12032 5148
12032 7113
12032 7602
12032 8681
12032 8891
12032 10199
12069 2392
12069 3382
12069 4320
12069 4321
12069 4322
12069 4883
12069 7113
12069 7602
12069 8681
12069 8891
12069 10199
12082 1125
12082 2392
12082 4320
12082 4321
12082 4322
12082 4883
12082 7113
12082 7602
12082 8132
12082 8681
12082 8891
12094 1125
12094 2392
12094 4320
12094 4321
12094 4322
12094 7113
12094 8891
12094 10199
12213 2392
12213 3382
12213 4320
12213 4321
12213 4322
12213 4883
12213 7113
12213 7602
12213 8132
12213 8891
12213 10199
12222 2392
12222 3382
12222 4321
12222 4322
12222 4883
12222 7113
12222 7602
12222 8132
12222 8681
12222 8891
12222 10199
12225 1125
12225 2392
12225 2530
12225 3382
12225 4320
12225 4321
12225 4322
12225 4883
12225 7113
12225 7602
12225 8132
12225 8681
12225 10199
12315 1125
12315 2392
12315 4320
12315 4321
12315 4322
12315 4883
12315 7113
12315 7602
12315 8681
12315 8891
12960 8891
14369 2392
14369 3382
14369 4320
14369 4321
14369 4322
14369 4883
14369 7602
14369 8681
14369 8891
14369 10199
14370 2392
14370 3382
14370 4320
14370 4321
14370 4322
14370 4883
14370 7113
14370 7602
14370 8681
14370 10199
