14541 14541 4275
13 1915
13 8333
13 10749
16 5474
22 13943
31 4219
31 11572
43 2528
43 12766
45 3973
46 3973
79 8512
80 4625
85 11442
87 10299
104 3179
106 11303
110 5065
111 11271
111 13396
113 3973
114 3973
114 14352
115 2030
115 5474
120 5474
120 7591
120 12242
122 11781
122 13150
125 3973
125 14434
130 445
132 14233
133 10719
133 14195
136 12766
137 3973
148 14338
149 5474
149 8099
154 12766
161 3973
161 10303
161 11599
163 13745
164 11599
165 11665
166 3846
166 4219
166 11261
167 557
167 3973
167 12258
178 14353
181 11947
181 12850
181 14013
184 14196
185 520
187 9925
188 1229
188 11599
188 14041
189 13002
190 14176
198 14148
205 9954
206 11286
206 11442
206 14404
211 4471
211 8512
211 12011
211 13120
220 8724
221 9629
221 11261
221 14338
222 9298
225 5635
229 1188
230 8333
230 11942
230 14338
232 10313
233 5474
233 10399
238 1007
238 6176
238 9808
241 7467
248 3973
267 4569
268 13828
286 12850
293 9271
296 9292
296 12337
297 8251
298 11303
299 5902
302 310
302 3973
302 7591
302 14210
302 14446
313 2528
313 5474
316 3973
316 7467
319 9298
322 11672
325 5474
325 13828
327 3973
333 1051
333 2059
333 2960
333 7823
333 9271
333 11599
333 11930
337 3973
337 5474
338 5474
338 9104
338 11672
340 8333
340 13810
360 11442
360 14362
361 3973
361 7544
363 11286
363 14338
364 12760
365 3973
365 5474
365 8512
366 269
366 6135
367 1915
367 5474
369 353
375 13986
392 6300
392 11442
393 11596
396 432
396 3793
396 3844
396 5474
397 13485
397 14196
401 4471
403 5474
403 10883
405 2122
405 3973
405 11286
406 11638
407 11672
408 7727
412 13150
414 14197
415 1051
415 11672
415 11948
418 5474
418 7467
419 1337
419 3973
419 7676
419 11801
424 3973
424 5065
424 5474
424 7467
424 9534
425 1803
425 2346
427 11948
428 2122
428 9372
428 11303
436 8099
436 14356
437 8099
437 9925
441 9292
448 14137
450 12188
450 14352
451 9155
451 13839
454 11442
460 3973
461 7676
462 7467
470 2960
470 6544
470 13150
473 12079
476 7727
483 14153
486 5474
486 8248
486 11442
497 8414
497 14155
502 13186
507 7752
510 1337
511 7186
514 5474
514 8882
519 10861
522 1052
529 1051
530 7467
531 2975
531 7467
534 9510
534 14286
535 9298
536 3973
536 11286
536 14356
544 14403
546 200
548 1133
550 5474
550 11599
555 14148
563 910
567 11442
577 11261
578 2122
584 2122
584 6623
584 10303
584 12468
601 11442
605 7467
611 8061
611 14212
612 310
619 2346
619 5317
621 9307
621 11442
626 14148
631 1337
631 3973
635 8099
635 8512
635 10861
636 11303
639 13219
639 14162
643 7467
647 8333
647 10751
647 14178
649 1188
651 10327
652 251
654 1188
661 8572
663 9307
663 14196
664 11945
665 5474
665 14516
667 10737
668 12442
682 7467
685 9271
685 14356
690 2528
690 14142
691 1803
693 2526
693 5474
693 8333
694 11947
695 8249
695 8333
700 5474
700 13150
701 1133
701 2334
701 3973
701 5474
710 14238
717 1189
717 7467
717 13828
718 13830
722 9292
723 9292
723 11341
723 11603
723 12325
723 12931
724 3846
725 7467
729 4471
729 8099
730 11442
731 14338
732 2122
732 3973
732 4471
732 6042
732 9521
732 11286
732 14153
737 1960
737 4147
740 3973
749 1188
749 4160
749 11341
749 12337
750 12820
750 13014
751 278
751 6135
753 3973
758 14153
785 103
785 3111
801 5474
801 7467
801 8333
801 10416
801 11509
811 9578
811 12564
812 5474
812 6289
812 8099
812 11442
820 6565
824 2220
824 4495
824 7544
824 11941
824 13754
824 14197
854 10454
867 9979
870 432
870 1133
870 10747
871 5474
871 8371
878 11341
882 432
887 14196
889 7467
890 11341
890 12336
891 8082
896 7630
898 4471
898 9913
898 11520
898 11524
907 12269
913 2975
917 6569
917 11599
918 9530
918 14356
919 14196
920 14303
924 3973
924 11271
924 11607
954 13657
957 2367
957 4471
957 6135
957 14153
959 10736
965 2036
972 11657
972 11764
987 9298
988 9925
988 11630
988 13672
990 5474
990 8099
991 8099
995 5474
998 9925
999 310
999 5474
999 14078
1009 11303
1013 14167
1014 11940
1016 5317
1016 11442
1016 12673
1024 1337
1029 8414
1029 9271
1029 14518
1033 11442
1034 13744
1038 257
1038 2803
1053 3973
1053 7939
1055 1337
1055 8357
1055 8512
1055 11672
1059 2975
1059 7467
1065 3973
1066 11442
1079 8882
1084 3973
1084 11286
1085 5474
1088 3973
1088 12079
1097 4219
1097 11989
1109 8247
1109 11442
1109 14413
1119 13916
1122 14307
1135 2122
1135 3973
1135 8512
1139 432
1139 9271
1142 3973
1143 1051
1148 8371
1149 172
1149 9292
1155 11599
1159 11672
1162 4161
1162 9510
1163 1337
1163 4161
1164 11672
1166 14013
1166 14395
1174 11155
1192 2960
1200 11672
1209 7467
1210 2030
1210 14221
1219 11286
1222 3973
1222 9925
1222 11947
1223 1120
1224 7467
1235 1051
1253 7614
1255 12850
1268 12901
1268 12948
1283 3973
1283 11303
1291 11442
1294 11303
1316 9298
1318 9271
1320 12974
1323 5474
1331 3973
1333 7939
1333 11473
1334 11948
1340 3152
1340 5474
1340 7467
1340 9954
1340 11948
1344 9629
1345 5474
1345 13773
1364 432
1368 3973
1376 432
1387 8414
1387 12262
1387 14197
1388 445
1388 2023
1390 5474
1410 10746
1416 14414
1419 11286
1419 11442
1437 8918
1444 3973
1444 11946
1446 3973
1446 5474
1451 5474
1451 7467
1453 282
1466 14187
1470 5474
1486 2122
1486 5474
1486 8512
1494 271
1494 6995
1494 7727
1511 3973
1511 5474
1519 12217
1524 571
1526 3973
1526 14042
1530 8882
1530 14402
1532 1337
1534 1051
1534 3973
1538 11599
1541 3973
1542 3973
1542 11989
1544 4283
1544 12016
1545 5474
1546 11442
1549 3973
1550 9578
1553 13485
1556 12766
1562 9954
1569 3149
1569 11442
1570 310
1570 13150
1572 3973
1572 9271
1575 9954
1582 11242
1584 3934
1584 5474
1584 9925
1584 13672
1584 14179
1587 10414
1596 14042
1601 3934
1607 11286
1638 310
1638 3973
1642 3973
1642 9983
1642 11889
1642 14196
1643 13485
1645 3973
1645 11286
1650 5474
1651 9307
1652 3973
1652 11286
1658 445
1659 2115
1659 8572
1662 258
1662 8333
1662 9925
1668 8363
1674 14196
1677 3149
1677 3973
1679 10434
1680 5474
1680 11948
1683 4161
1690 10854
1691 11442
1692 4612
1692 5474
1696 3973
1696 11442
1697 14245
1713 11303
1726 8371
1734 10861
1736 13983
1739 13745
1739 14255
1742 2975
1742 4147
1742 11442
1743 8918
1743 12234
1744 8882
1744 9510
1745 8857
1746 5474
1746 7211
1748 14304
1752 3973
1752 8099
1753 10303
1754 277
1754 6300
1767 5474
1769 5474
1772 13464
1776 14350
1777 11442
1778 3973
1778 8366
1778 9974
1778 12266
1781 14514
1782 4471
1782 5474
1785 11442
1801 13470
1806 14111
1807 11286
1808 8882
1809 3973
1829 2528
1829 11946
1829 14514
1830 3973
1830 11442
1836 2391
1836 12766
1842 595
1843 3973
1848 1803
1848 8512
1848 13356
1852 2528
1857 278
1862 4195
1864 11947
1868 1189
1868 13828
1869 11286
1870 14338
1871 14221
1873 1337
1873 5384
1873 13667
1873 14453
1881 6472
1881 14018
1886 3973
1887 10779
1887 11599
1887 12163
1889 14227
1890 9954
1898 3973
1898 11303
1900 5474
1900 6544
1900 11672
1900 14164
1902 8099
1904 4219
1905 1133
1905 5474
1905 8099
1905 13746
1910 5474
1910 13536
1911 9271
1916 266
1916 5474
1916 14518
1921 2461
1921 5474
1922 11942
1923 11442
1923 12705
1924 278
1924 11947
1926 5474
1929 3973
1935 9925
1938 5474
1939 11947
1939 11948
1939 13150
1941 8247
1944 1426
1944 7467
1949 11286
1953 14413
1955 1803
1965 12901
1967 2975
1969 5474
1969 12325
1970 11155
1976 2034
1976 3973
1980 2122
1980 8366
1981 13230
1982 3973
1982 12163
1983 12242
1985 3973
2001 9360
2010 3099
2010 5474
2015 11442
2017 7186
2020 4471
2020 7467
2027 8882
2032 9629
2048 5474
2048 8363
2048 11630
2051 3973
2052 7467
2054 7939
2060 12
2067 12850
2074 1
2074 14146
2076 3973
2076 11948
2077 8099
2077 14351
2079 432
2079 3973
2081 5317
2081 10393
2081 11946
2084 14297
2087 3973
2089 2057
2094 13170
2095 4219
2098 1429
2104 7676
2104 13150
2113 3973
2117 11442
2130 11442
2133 329
2135 11442
2143 3973
2143 11286
2156 14041
2159 3793
2159 3973
2159 11945
2162 5474
2162 8082
2162 8099
2162 11473
2164 13170
2173 3973
2174 8357
2177 23
2178 13286
2183 1133
2184 7472
2185 277
2187 3973
2187 14407
2189 3973
2189 7467
2189 9578
2192 14146
2195 13120
2201 6300
2201 11941
2202 11442
2204 14286
2209 3973
2215 1133
2215 3973
2215 7186
2215 8857
2215 9629
2215 11533
2216 3973
2216 5384
2216 7532
2217 7467
2219 271
2219 11732
2219 14356
2230 4219
2230 14355
2230 14362
2231 2528
2232 5474
2232 8247
2232 9307
2232 12247
2232 13845
2234 5474
2235 3973
2235 5474
2235 11465
2236 1827
2236 5474
2236 7197
2236 7467
2237 7467
2237 8918
2238 10526
2239 7467
2248 8357
2249 5
2249 5474
2251 3973
2251 5474
2252 3973
2253 3845
2255 8247
2255 12850
2259 9979
2259 10303
2261 7467
2261 9510
2262 1120
2262 3001
2262 5474
2262 7532
2264 8082
2264 11286
2264 11442
2265 3973
2265 8099
2265 14153
2269 1960
2270 7873
2277 6135
2277 11522
2279 12079
2282 2023
2282 3973
2282 4471
2282 9084
2282 9108
2282 9913
2282 13209
2292 14438
2293 3149
2293 11442
2294 8518
2309 9
2309 9530
2313 9292
2314 8249
2314 12468
2317 8512
2319 11482
2322 9271
2322 11599
2325 5474
2325 11941
2325 14356
2339 12850
2342 3973
2344 11261
2349 12212
2349 12242
2349 12493
2352 5474
2354 1189
2354 3973
2354 7467
2354 11286
2358 5474
2358 5815
2358 8099
2358 8918
2358 12081
2359 5474
2368 5474
2368 8572
2372 1337
2373 9578
2376 11482
2383 13308
2388 11599
2388 14515
2396 7591
2396 11303
2404 432
2406 7467
2409 11442
2410 11465
2412 968
2414 7676
2414 10303
2416 11948
2423 8512
2423 11785
2424 3973
2424 5474
2424 7873
2424 11286
2429 3973
2435 9578
2443 14153
2445 3793
2445 8099
2458 14014
2460 11242
2468 9983
2471 7467
2471 12766
2472 5317
2474 1165
2477 11442
2478 310
2478 606
2478 3973
2478 5474
2478 14193
2479 11303
2479 14153
2490 8018
2490 11946
2490 12084
2494 11214
2494 11286
2494 14194
2495 11942
2500 2526
2500 3973
2500 14297
2500 14402
2508 9534
2510 310
2510 11672
2510 13664
2519 3973
2519 5474
2519 11538
2522 3818
2522 8523
2522 9530
2522 14407
2538 8857
2540 13286
2541 11442
2548 13470
2554 11572
2554 13917
2562 3973
2562 4219
2562 5474
2562 14352
2563 11948
2570 3973
2572 14167
2577 5635
2577 11704
2580 3973
2581 9808
2584 11599
2588 13150
2595 3973
2602 2122
2602 13150
2604 5474
2606 5474
2606 9124
2609 6472
2610 310
2610 14062
2613 153
2615 7467
2617 12766
2620 14337
2621 11665
2624 4393
2624 11302
2624 11387
2625 1133
2625 11303
2626 13877
2629 2346
2630 9271
2635 8099
2635 11907
2636 7467
2645 5474
2645 14521
2649 3973
2650 4637
2650 14231
2652 11303
2652 11442
2660 7467
2662 12901
2663 1
2663 10746
2663 11934
2677 4408
2677 13150
2678 5733
2678 5897
2679 3973
2680 7467
2680 8099
2680 8512
2680 10426
2680 11946
2681 14514
2682 11442
2685 12339
2686 3973
2686 11286
2689 13170
2698 9919
2698 12766
2701 11286
2701 11442
2702 432
2703 3973
2703 12163
2703 12705
2703 14153
2708 14338
2710 2975
2711 10338
2712 10338
2716 3973
2716 4219
2716 4471
2720 9298
2722 3973
2722 7532
2725 7467
2725 10328
2726 3973
2726 8512
2727 2975
2727 4147
2728 2975
2730 3973
2730 7467
2730 8333
2730 9954
2730 11630
2732 1337
2733 21
2734 3161
2734 7467
2734 11500
2736 5474
2736 11960
2736 13839
2737 7467
2737 11242
2738 8247
2738 14401
2739 1133
2741 2122
2741 8099
2741 11442
2742 13170
2743 2528
2744 7676
2745 813
2746 14257
2747 11286
2748 14153
2750 310
2750 13464
2751 2975
2751 11302
2752 8512
2754 7591
2754 11303
2755 12163
2756 11303
2757 5474
2757 14148
2759 432
2759 13812
2760 10303
2760 13812
2760 14400
2762 7467
2762 11442
2762 11946
2762 12259
2763 5474
2764 14230
2764 14233
2766 14412
2768 13840
2770 606
2772 3973
2773 9271
2773 9629
2776 310
2776 6300
2777 11286
2778 5317
2778 11941
2779 1133
2782 2122
2782 11942
2784 11442
2784 14400
2785 3973
2787 7035
2787 14389
2788 4147
2788 11387
2789 1706
2789 3326
2789 7467
2790 4147
2790 4471
2790 4637
2790 5474
2790 5851
2790 11198
2790 11465
2790 11599
2791 11599
2791 13845
2793 12850
2794 12272
2794 13674
2797 432
2798 10749
2800 11665
2811 7931
2814 11946
2814 14210
2815 13142
2820 9629
2820 11261
2822 3973
2822 7704
2822 11946
2822 12269
2827 310
2827 14449
2829 12736
2829 14147
2835 5317
2836 13286
2837 8099
2837 13674
2842 2596
2842 2960
2844 11286
2844 11442
2845 1133
2846 12269
2847 310
2847 2526
2848 207
2848 3259
2848 8307
2850 14488
2852 12901
2853 18
2853 3973
2854 11442
2855 12901
2859 3973
2861 11303
2862 14219
2865 1337
2865 14325
2866 14401
2867 11665
2868 7467
2871 11442
2872 10084
2872 14339
2875 5474
2876 432
2876 11442
2878 3973
2879 3973
2879 14153
2880 12901
2881 3973
2881 14042
2883 10774
2886 6995
2888 7727
2889 5474
2889 13812
2891 1133
2892 1337
2892 1960
2892 2122
2892 2346
2892 8099
2893 14226
2898 14431
2900 4219
2905 4625
2906 4432
2906 6565
2908 7752
2913 8414
2914 12872
2916 12242
2918 14153
2924 2975
2925 2122
2925 4471
2925 8518
2930 11442
2931 1133
2931 14236
2932 2528
2932 2960
2932 11286
2933 2122
2933 11442
2934 9271
2935 9925
2936 961
2938 1576
2938 9107
2938 10024
2940 9360
2941 11442
2942 3973
2949 13002
2949 14196
2950 4471
2950 5474
2950 14042
2955 5474
2957 1133
2957 11303
2959 5474
2964 12163
2965 9307
2973 2528
2974 1337
2976 12503
2976 14196
2976 14402
2979 3844
2993 3793
2993 3973
2995 9534
3004 7467
3009 3973
3009 5474
3009 6457
3016 5474
3016 9530
3029 6042
3029 10765
3035 5902
3036 2528
3046 3973
3047 10779
3047 14341
3051 7939
3051 12766
3053 3973
3054 5474
3058 2122
3058 14364
3061 8099
3063 8512
3067 2391
3067 5474
3067 7939
3070 5474
3070 14430
3081 11599
3088 2122
3088 8099
3088 8357
3088 11261
3088 14167
3090 11473
3110 3973
3110 8907
3110 11442
3114 3973
3116 3973
3116 14153
3120 5474
3125 8099
3131 11732
3134 5474
3134 14153
3135 7752
3143 4625
3144 14146
3154 10055
3154 11482
3162 1757
3162 7752
3162 11758
3163 12259
3165 6636
3165 10416
3165 11442
3174 14
3174 432
3178 11599
3184 12850
3189 12948
3190 3973
3190 11286
3191 10299
3197 11155
3197 11509
3198 11785
3201 1988
3212 5317
3212 14208
3216 11442
3221 14179
3222 3973
3222 11286
3235 5474
3235 12766
3239 7467
3239 8099
3242 3973
3244 2528
3244 3973
3255 432
3258 3973
3258 14189
3267 11599
3272 14196
3278 2960
3278 11155
3280 7467
3286 11442
3286 11473
3288 9688
3295 2721
3295 14355
3297 5474
3297 11198
3297 11286
3300 8092
3300 8099
3300 8371
3300 9107
3300 9530
3300 11630
3300 11948
3300 12242
3300 14145
3300 14194
3301 3973
3301 11286
3306 986
3306 11657
3317 3973
3318 1803
3319 3973
3322 3793
3322 11303
3322 13559
3330 3973
3330 5474
3330 11442
3334 3973
3334 8099
3334 10084
3334 14362
3341 11945
3344 11286
3344 11442
3344 13892
3349 7752
3358 1133
3358 3973
3358 5474
3358 7676
3358 9508
3358 11538
3358 11946
3358 14315
3360 3973
3360 5474
3360 11442
3361 2070
3361 3973
3361 5474
3362 310
3362 3845
3362 14364
3371 6565
3371 7829
3371 8099
3371 8247
3375 12232
3377 5474
3386 5474
3394 7532
3404 3973
3404 11286
3405 11286
3412 10313
3419 3973
3419 11286
3425 3973
3426 7524
3431 1051
3437 9534
3445 8572
3447 3973
3448 14352
3449 101
3449 11955
3449 13170
3451 432
3451 3973
3451 11303
3451 13150
3453 4408
3466 9372
3468 5
3468 3973
3468 9530
3470 7544
3470 7677
3471 2960
3471 4161
3471 9925
3471 14196
3477 432
3480 3973
3486 11942
3492 5474
3492 14233
3495 3973
3495 5474
3497 4716
3497 6453
3530 7467
3555 13470
3568 5474
3575 4161
3575 7676
3575 13150
3581 11639
3590 8003
3591 1513
3591 9983
3595 10026
3595 10730
3596 13286
3610 12243
3618 12016
3626 14381
3629 12766
3652 4625
3654 2115
3676 5474
3681 445
3681 7467
3681 12079
3684 7467
3692 3973
3711 5474
3711 11665
3717 11233
3719 9954
3722 7280
3722 7752
3722 10416
3729 432
3732 3973
3738 7829
3744 8657
3749 3973
3759 11286
3764 7467
3768 12673
3778 8249
3778 14455
3780 11442
3782 2960
3786 9111
3788 10779
3795 9037
3801 7829
3801 9688
3813 8363
3815 1337
3826 3973
3826 8572
3834 493
3834 9954
3840 4161
3840 13373
3851 7467
3851 10338
3865 13668
3865 14042
3865 14515
3868 1757
3868 10446
3885 12766
3890 6472
3894 12243
3894 14297
3899 5527
3905 3973
3906 8572
3906 9530
3914 6453
3916 1188
3916 11855
3929 5474
3929 11509
3929 12242
3930 12766
3931 8099
3931 9629
3931 14167
3948 3973
3948 14256
3948 14257
3950 13150
3953 3934
3956 5635
3965 8882
3965 14020
3967 8249
3984 1051
3985 11940
3986 12503
3990 14406
3995 3973
3995 5474
3995 11286
3998 11500
4005 3973
4008 3973
4008 5474
4008 12070
4010 11303
4012 265
4012 11945
4012 13219
4014 3973
4018 7939
4021 5474
4021 12766
4070 9508
4077 310
4077 5474
4082 8099
4087 2721
4087 13810
4092 2023
4094 11702
4101 3934
4106 3149
4106 8572
4120 8907
4121 7467
4122 9688
4124 9578
4125 5474
4125 11732
4127 7931
4128 2975
4131 2140
4131 9292
4133 7467
4153 1337
4153 3973
4155 9145
4157 9145
4158 8251
4162 3973
4163 9298
4164 14022
4167 7467
4170 8082
4170 14171
4176 7752
4179 11442
4182 3149
4183 14230
4183 14242
4189 7467
4189 10652
4197 14070
4199 5474
4199 13150
4202 9292
4203 9919
4207 12016
4210 14133
4216 12468
4226 9629
4227 7467
4234 14189
4252 3973
4256 5474
4256 8366
4256 14221
4257 4219
4257 5474
4259 12098
4259 12107
4274 3973
4274 9372
4275 14516
4290 5474
4290 7467
4292 251
4292 2115
4292 9925
4292 10026
4293 6395
4296 3973
4304 11198
4306 557
4306 2056
4306 8378
4306 13744
4315 3973
4315 8357
4315 13986
4319 5474
4319 12232
4326 2122
4326 8572
4326 14164
4337 11442
4339 3973
4351 13559
4355 5474
4355 7467
4355 12079
4355 12744
4357 14339
4364 3973
4364 5474
4364 6300
4367 11442
4377 4569
4380 310
4381 9534
4391 11442
4396 11107
4396 12107
4397 12098
4425 4219
4426 3973
4434 3793
4434 12850
4435 7829
4435 12163
4442 11341
4448 8333
4448 12272
4448 14218
4456 5474
4456 14189
4460 11261
4460 14366
4462 14195
4464 5474
4466 5474
4467 11948
4469 2122
4469 3973
4469 13466
4470 3973
4470 11286
4475 14400
4478 7752
4485 2122
4485 5474
4486 7727
4486 12649
4487 8572
4487 10026
4491 10426
4520 3862
4520 12262
4520 14137
4533 3973
4536 11261
4539 1133
4539 8512
4539 12766
4539 14211
4541 8250
4543 14167
4545 4432
4548 13892
4549 8512
4549 13831
4551 2960
4551 5474
4551 8099
4554 310
4554 1133
4557 7467
4562 14356
4566 6472
4566 14179
4567 11599
4568 11442
4568 12011
4570 14446
4572 432
4572 3973
4575 11303
4577 11442
4577 11473
4579 12257
4580 13754
4582 3973
4584 7544
4584 12468
4588 1337
4588 9307
4598 2122
4601 432
4601 3973
4601 8357
4601 9925
4601 10303
4601 11672
4601 11905
4605 2529
4610 8882
4613 432
4613 5474
4615 8250
4615 14146
4616 9360
4620 8572
4624 8099
4624 14210
4626 4471
4626 11465
4626 12589
4633 3973
4641 8247
4641 11948
4641 14489
4643 275
4645 1133
4645 3973
4645 4408
4645 7030
4645 14196
4649 14233
4653 3973
4656 2035
4663 7186
4663 7829
4663 12016
4664 445
4664 12902
4665 6176
4665 9263
4667 4134
4668 9557
4676 5429
4676 14196
4678 2122
4678 11940
4682 432
4682 3973
4684 5317
4688 12850
4694 11442
4713 14233
4722 3973
4722 8357
4722 9508
4722 9510
4722 11948
4727 9530
4732 12673
4738 14297
4752 5474
4752 11599
4755 3973
4755 5474
4755 12185
4770 7467
4770 9711
4786 11345
4801 11672
4810 3973
4810 5317
4816 3973
4833 1803
4852 14430
4853 1133
4856 14229
4860 14153
4861 9925
4878 3973
4878 11442
4882 10414
4892 7544
4899 6545
4899 14501
4906 432
4906 3973
4914 3973
4914 10303
4935 3973
4935 8572
4935 14398
4937 7676
4939 14363
4943 9292
4944 9292
4958 11599
4964 11442
4968 1051
4968 7467
4975 931
4976 12766
4995 3973
4995 5474
5006 3973
5006 5474
5009 1367
5017 8018
5027 10414
5031 5317
5031 9307
5031 14013
5035 14233
5036 2529
5037 12766
5039 3149
5039 14146
5045 13877
5052 6544
5052 8918
5058 3973
5058 11286
5060 432
5060 3973
5060 8572
5060 10719
5060 11286
5060 12764
5060 13744
5060 14241
5062 8918
5073 11672
5074 11442
5082 13230
5082 14163
5083 7676
5084 1133
5084 5474
5085 1337
5085 1803
5085 2122
5085 2346
5085 5474
5088 5714
5088 10399
5089 14430
5090 432
5093 5474
5093 11672
5094 11442
5096 813
5096 7467
5098 3973
5103 3973
5103 7467
5107 7752
5107 12130
5108 12736
5110 12901
5111 2122
5111 12242
5119 11303
5125 3973
5126 3973
5126 9104
5126 9292
5126 9307
5126 9979
5127 6472
5132 13653
5136 12564
5141 11442
5150 7467
5155 11482
5160 8247
5160 11442
5167 7676
5171 3973
5176 9307
5176 12247
5184 8572
5185 5474
5185 11946
5187 9147
5194 1
5194 272
5198 13286
5198 14153
5217 2122
5217 9530
5221 438
5225 7467
5226 1847
5228 9372
5228 10303
5228 10776
5228 14147
5229 9954
5229 11572
5233 9983
5233 14233
5233 14352
5236 7213
5236 10413
5236 11242
5238 7676
5238 14196
5239 12016
5239 12850
5240 12766
5241 3973
5254 7752
5255 13665
5261 7829
5263 12016
5278 11286
5290 11442
5292 11442
5294 12242
5295 5474
5295 13645
5298 310
5298 8249
5298 14451
5301 11345
5301 13745
5303 8572
5305 5474
5306 11242
5306 14501
5307 7752
5307 8003
5307 9433
5322 10024
5322 14196
5323 11442
5324 9271
5328 9979
5330 2975
5332 11442
5340 11607
5345 275
5345 5474
5355 7829
5357 2122
5357 8099
5357 11442
5360 2528
5376 13844
5380 10303
5381 12255
5387 432
5394 5474
5394 12188
5401 7467
5419 3973
5421 7829
5421 10779
5430 7467
5432 12503
5432 14238
5438 14405
5439 14153
5442 9688
5443 3973
5443 13611
5448 2036
5449 14245
5455 5317
5455 14216
5462 11442
5464 3973
5464 11599
5465 9307
5466 5317
5466 8099
5466 11941
5475 11442
5475 13150
5477 12948
5479 11941
5481 5474
5481 8099
5483 1337
5486 266
5488 3973
5488 11672
5489 5527
5489 10303
5490 1133
5490 6623
5490 14240
5499 10
5503 3973
5509 11599
5519 7939
5525 1915
5529 277
5535 2960
5535 6623
5535 9530
5535 13845
5542 2041
5542 7211
5549 2346
5549 5474
5561 12079
5562 11271
5564 1337
5564 14395
5566 9808
5566 10416
5566 12079
5566 12770
5571 13150
5572 11286
5572 14416
5573 3973
5573 8247
5573 11948
5574 2122
5574 11940
5577 5474
5577 12014
5579 3973
5583 310
5583 5474
5584 5474
5584 5851
5584 8099
5585 12267
5586 240
5586 3973
5591 2526
5593 11442
5593 14414
5603 3973
5605 1133
5605 5474
5605 11948
5605 12262
5607 6176
5607 8857
5607 11303
5614 499
5619 12771
5619 14179
5621 5474
5624 5474
5624 9530
5624 11942
5629 14187
5639 11732
5640 2960
5647 3973
5648 7807
5648 9084
5648 10055
5653 9360
5659 8797
5661 278
5661 7873
5661 14194
5663 11271
5666 432
5672 14337
5675 13668
5676 13485
5680 14312
5682 11599
5692 7467
5715 9372
5715 13654
5718 24
5718 3973
5724 11442
5739 5474
5739 13839
5740 9954
5740 13150
5744 7829
5751 266
5751 8414
5752 7704
5757 1062
5761 14405
5769 14337
5771 5474
5771 14146
5784 13170
5787 5474
5787 11473
5787 14199
5795 8249
5795 12260
5802 3911
5804 10378
5804 14042
5812 7939
5812 12901
5813 1051
5817 10765
5817 12766
5822 7467
5823 8512
5827 8099
5827 11934
5827 14171
5828 2529
5832 5474
5832 11261
5832 13398
5832 14153
5835 265
5835 5474
5839 3973
5840 14437
5841 14419
5849 5344
5850 3793
5850 10416
5855 9954
5857 2975
5869 2975
5870 11421
5873 941
5873 14153
5876 7467
5878 8357
5880 2960
5880 11286
5881 1578
5881 9145
5884 1337
5890 12260
5891 8591
5893 4408
5893 5474
5894 11442
5896 5474
5896 11946
5907 10303
5913 7467
5920 7532
5929 1054
5929 5527
5929 6455
5929 7467
5929 8918
5943 8249
5945 8018
5948 9530
5948 14196
5961 10361
5962 2975
5965 7727
5967 8366
5982 12010
5983 10299
5992 19
5992 13658
6001 11599
6005 13308
6012 11672
6029 2122
6029 5474
6029 8882
6029 14196
6031 5474
6031 7467
6031 8099
6031 14337
6032 2960
6033 14356
6035 11107
6035 12098
6043 7939
6046 266
6046 14153
6048 7752
6049 8657
6050 3973
6050 11442
6053 2528
6054 13559
6055 14400
6056 14513
6057 432
6057 3973
6058 8178
6058 9271
6058 10416
6059 3973
6059 13150
6061 11442
6064 8249
6065 13286
6067 3973
6072 12272
6072 13654
6074 2529
6074 13962
6075 8333
6075 11946
6075 14402
6075 14454
6077 12901
6078 11303
6079 11442
6099 2960
6115 432
6116 1
6119 12163
6120 4140
6120 14409
6122 1239
6122 1337
6122 1706
6122 14109
6122 14286
6127 2346
6129 6626
6147 10749
6147 14153
6152 11442
6165 4372
6165 7467
6166 432
6167 14400
6168 272
6170 14196
6174 14513
6175 3973
6177 477
6177 7467
6177 9834
6177 9913
6177 11946
6177 12766
6178 310
6178 14356
6181 9629
6181 14338
6183 1133
6193 5474
6193 7467
6193 9292
6194 3973
6194 5474
6194 11286
6204 7467
6205 8366
6210 2528
6216 4147
6218 11338
6218 11465
6220 2122
6221 8907
6221 11155
6224 3973
6224 5429
6226 7532
6227 101
6227 8378
6230 11442
6231 8512
6242 8421
6242 8518
6250 1718
6251 5474
6251 9919
6253 2122
6253 14239
6254 9271
6257 5474
6257 8882
6261 3973
6261 11786
6261 14320
6267 14337
6269 5474
6269 7467
6271 2528
6276 5474
6276 11509
6276 14194
6279 6565
6285 2528
6291 7544
6294 9360
6298 3973
6298 10303
6298 11442
6301 5474
6301 12871
6302 5474
6314 5677
6316 2122
6316 14196
6318 10854
6327 11599
6329 11442
6329 14438
6335 277
6335 5474
6335 9530
6347 7752
6354 912
6354 10765
6354 11465
6357 8371
6357 11473
6362 11286
6362 13150
6369 8248
6373 14405
6390 5474
6390 7874
6390 9372
6390 11442
6396 8248
6397 3973
6397 5474
6398 12901
6402 7829
6410 310
6410 14205
6411 3973
6411 5474
6415 2122
6415 7829
6415 8247
6415 9530
6415 9974
6416 11442
6444 932
6445 8249
6462 4372
6462 10395
6464 3973
6465 3973
6474 11442
6474 14400
6476 1051
6477 438
6477 5474
6478 11303
6478 11442
6480 14109
6487 13308
6491 262
6491 9925
6492 7829
6500 2115
6500 7186
6500 12016
6508 3973
6541 3228
6547 4471
6547 5474
6547 10079
6547 11524
6547 12910
6549 11672
6551 11930
6557 11442
6558 10562
6566 13877
6567 3973
6572 9822
6574 4471
6583 3973
6584 12850
6607 3973
6608 7467
6622 12850
6624 11442
6625 3973
6625 5474
6628 3973
6628 11286
6638 8882
6641 2122
6641 7752
6641 11758
6652 3973
6653 1337
6659 4161
6661 262
6662 11442
6679 8366
6681 2034
6681 2053
6681 3973
6687 7752
6687 10414
6692 11442
6709 5474
6710 5819
6712 11557
6719 14169
6720 14167
6727 281
6727 11630
6727 14179
6733 561
6733 12084
6733 12766
6737 6565
6744 5474
6744 8333
6744 14179
6752 9578
6753 310
6759 8249
6763 7467
6763 12678
6766 5474
6767 8907
6769 8907
6776 12240
6776 14210
6779 7467
6785 3973
6803 3973
6808 1051
6813 9372
6815 1133
6815 3973
6815 14514
6816 5474
6816 9145
6817 1915
6817 9307
6822 10303
6823 12859
6824 11303
6829 2346
6829 8378
6829 8572
6829 14531
6831 1447
6831 2023
6831 8018
6832 8378
6832 10861
6832 10883
6836 310
6836 5317
6838 7213
6841 7467
6847 7752
6847 8003
6849 5474
6850 2122
6850 14160
6851 11732
6870 5474
6870 14454
6875 8087
6876 432
6876 3973
6878 14179
6878 14240
6879 13170
6881 4372
6883 3973
6883 10823
6883 13466
6883 14291
6893 8918
6897 5474
6897 7467
6899 8512
6909 13986
6917 3973
6918 12850
6919 3973
6921 8249
6923 8572
6923 13406
6929 11442
6931 5474
6932 5384
6932 10525
6934 13027
6937 2057
6939 7467
6939 12010
6939 14019
6940 5474
6940 14148
6948 11922
6950 3973
6951 606
6951 7591
6956 432
6956 14447
6957 5474
6957 11547
6959 10779
6970 6565
6970 13230
6973 1337
6973 3973
6984 8092
6997 432
6997 5474
6998 9508
6999 2034
6999 3973
6999 11442
6999 13745
7001 4283
7004 7467
7006 8882
7009 3973
7009 7727
7009 14194
7012 3
7012 276
7012 14356
7018 11910
7020 12883
7021 7467
7021 7544
7021 8099
7021 8512
7021 10299
7023 3973
7024 3973
7039 3973
7039 7467
7044 6212
7044 12079
7045 8512
7047 1133
7047 4147
7047 14250
7049 3973
7050 11442
7052 10414
7063 905
7063 12766
7067 172
7067 4471
7067 6544
7067 9155
7069 7775
7069 9232
7075 11286
7078 11672
7083 2053
7083 8357
7083 14447
7084 14353
7085 5474
7089 13812
7092 310
7092 3973
7092 14153
7094 13170
7097 11286
7097 13812
7099 5474
7099 10399
7099 12766
7111 12079
7117 5474
7118 4134
7118 7752
7132 10414
7132 14501
7135 11303
7144 11630
7147 7467
7149 3973
7151 2122
7151 4427
7151 14241
7152 9610
7155 11948
7161 3973
7161 5474
7166 8247
7166 14430
7168 12098
7170 5317
7173 10313
7182 8099
7192 432
7192 3973
7193 3973
7193 14194
7200 606
7200 5474
7200 8882
7206 1337
7206 7704
7206 8357
7207 3973
7207 12766
7208 6626
7208 8357
7208 12242
7209 11473
7214 7752
7224 11341
7226 11286
7229 3973
7237 11345
7237 12974
7237 14042
7239 7467
7262 271
7263 3973
7263 14417
7264 7676
7264 11088
7265 12339
7267 3973
7267 5474
7268 5317
7268 5474
7269 3973
7269 14338
7276 6042
7282 11482
7288 3973
7288 4471
7288 12267
7290 7213
7295 11286
7315 11672
7315 14153
7324 8512
7326 14199
7334 930
7334 934
7339 11785
7347 11672
7347 14254
7349 7829
7358 5474
7370 3973
7372 276
7373 5819
7378 7874
7378 11557
7402 13110
7408 3973
7412 11442
7412 14013
7426 12079
7431 2596
7432 3380
7437 14362
7439 1337
7448 4569
7452 3973
7452 8357
7476 7467
7477 1855
7477 5635
7479 417
7479 12079
7480 1988
7507 5474
7512 8366
7512 14146
7513 12649
7528 5527
7528 10299
7537 5474
7537 8099
7537 8857
7548 6280
7552 9360
7554 3973
7555 3973
7555 12901
7557 13229
7564 13654
7581 1051
7583 11945
7588 2528
7588 11442
7593 11286
7600 2512
7600 3973
7600 12188
7610 11286
7634 2529
7634 9271
7655 3973
7655 4219
7655 5474
7660 14349
7663 7829
7666 10404
7670 12766
7679 7467
7685 4283
7685 8363
7689 5474
7689 11261
7698 7467
7698 7532
7701 5474
7702 2960
7705 11303
7711 432
7716 5317
7716 8357
7716 14109
7719 3973
7722 9688
7723 9983
7723 11392
7723 11947
7730 432
7733 7544
7733 11948
7736 11442
7740 11242
7746 4
7746 11942
7757 1337
7759 13654
7763 11665
7764 3973
7765 3845
7773 7591
7779 3973
7779 11599
7781 5474
7781 14148
7787 3973
7787 11286
7789 3973
7789 4147
7789 9510
7789 14196
7801 7467
7801 12910
7803 14146
7804 8018
7804 9747
7804 12742
7805 4558
7806 3973
7808 803
7808 3973
7812 595
7813 11482
7814 7752
7820 11474
7828 3973
7833 3973
7834 9298
7834 13559
7836 11303
7837 3973
7837 10416
7837 11442
7842 11442
7848 3973
7852 10303
7854 4283
7858 2023
7875 7213
7885 10861
7886 1133
7886 11948
7896 310
7904 266
7934 14179
7936 11442
7946 9578
7964 2975
7964 4147
7965 5
7966 5474
7966 8099
7967 14249
7972 432
7974 11442
7974 14239
7974 14455
7976 3934
7976 7186
7979 1337
7980 1521
7997 5902
7997 11261
7997 14393
8015 8333
8022 3973
8024 1337
8024 5474
8030 3973
8030 11303
8043 2122
8043 11442
8066 5474
8066 8357
8083 14196
8088 3973
8090 8247
8090 8357
8093 5317
8096 13745
8103 4147
8107 1133
8112 13209
8122 14417
8126 8003
8157 3973
8157 14042
8157 14153
8162 5065
8170 7467
8181 7467
8183 11442
8186 1188
8186 8333
8187 1051
8190 7676
8197 11303
8198 12766
8199 145
8199 2150
8199 2256
8199 2721
8199 3973
8199 8512
8199 8657
8199 10317
8199 11286
8199 11555
8205 6300
8207 5474
8207 8333
8207 9292
8207 14196
8208 8882
8216 8087
8218 11442
8220 2526
8262 1337
8262 8357
8267 10446
8273 12325
8275 11155
8292 10303
8293 10303
8293 14196
8294 8087
8294 8357
8294 14289
8309 445
8312 13745
8313 2030
8316 7709
8316 9145
8316 11443
8319 3973
8329 12098
8338 432
8352 14194
8361 3973
8361 11286
8372 7467
8377 12760
8382 11947
8382 14356
8383 4283
8384 3973
8386 5474
8386 10765
8398 6300
8398 14190
8398 14356
8399 7467
8399 13828
8405 432
8405 3973
8410 5474
8410 11934
8412 14187
8413 1337
8417 4372
8418 12766
8423 3973
8423 5474
8423 11286
8424 7829
8434 2975
8436 1049
8443 4716
8443 7752
8447 11947
8460 7340
8473 8882
8489 1337
8498 3818
8498 8247
8498 11303
8513 3973
8513 8099
8535 13986
8536 3973
8536 5474
8536 11442
8544 9954
8546 3973
8547 10765
8551 7186
8584 5474
8584 9954
8585 2157
8585 5474
8586 11345
8590 14352
8597 5474
8606 11242
8613 10303
8618 7939
8618 8371
8620 310
8623 11261
8627 3973
8627 5474
8627 9292
8630 8572
8634 4136
8636 1189
8640 6300
8640 11599
8641 3973
8647 83
8648 12901
8651 262
8651 8414
8656 7752
8656 11758
8658 3973
8668 7939
8669 3845
8669 8099
8676 14216
8693 3973
8693 8247
8702 11442
8704 12011
8710 5474
8710 14109
8719 6176
8733 930
8734 3947
8737 7467
8738 9557
8740 5474
8740 7467
8742 14350
8743 11286
8745 11442
8750 10303
8757 1229
8759 13538
8762 10736
8763 2273
8763 5635
8779 3973
8779 10303
8784 3973
8784 5474
8790 7752
8804 2367
8804 7467
8819 9372
8819 12901
8819 14234
8819 14238
8823 12163
8831 432
8832 4432
8841 1133
8841 5474
8851 13559
8854 269
8863 10746
8863 14155
8866 14400
8870 11946
8871 13754
8872 432
8873 5474
8876 7939
8877 8572
8881 5474
8888 14356
8892 7727
8900 2122
8906 8249
8912 11672
8916 8512
8916 8933
8916 9521
8916 11584
8922 9271
8923 13668
8925 3973
8925 11286
8928 432
8928 11442
8929 9292
8936 10416
8936 11303
8937 5474
8940 11947
8940 14356
8947 11442
8952 557
8952 2122
8952 5474
8953 5317
8953 8099
8953 8523
8956 9292
8963 9925
8964 13406
8965 11286
8965 11442
8979 2528
8979 3973
8980 8200
8980 8378
8994 11482
9002 2975
9002 11442
9002 13356
9003 5317
9003 5474
9006 273
9006 9530
9009 1337
9009 8099
9015 3973
9015 9534
9017 14241
9021 1337
9021 3973
9021 8357
9021 14289
9026 3973
9031 7677
9031 8099
9031 9271
9031 9307
9031 11538
9031 14196
9033 432
9033 13150
9034 9372
9034 11941
9035 9578
9040 7752
9040 9508
9046 11107
9059 12242
9060 4625
9065 7467
9073 12901
9074 7727
9074 13754
9077 8363
9077 9534
9082 1337
9082 6565
9086 5
9086 5474
9086 8099
9086 9530
9088 432
9088 3973
9089 304
9089 590
9089 2122
9090 12901
9095 4625
9099 571
9105 12079
9105 12770
9110 14406
9121 5474
9121 8099
9125 4625
9126 9983
9126 14398
9131 7467
9134 7467
9137 5474
9137 14233
9138 2529
9138 3793
9138 3973
9138 14061
9138 14133
9138 14202
9139 310
9139 11442
9140 7676
9148 10414
9165 12163
9166 5474
9166 8099
9166 14216
9167 5095
9207 11910
9207 12188
9209 11473
9215 3973
9225 310
9225 12255
9238 14096
9240 8414
9244 1337
9246 5474
9246 7829
9246 12163
9249 11442
9262 2975
9262 8512
9265 14176
9268 11242
9269 8512
9269 11599
9276 12163
9277 5474
9294 11303
9295 4625
9302 3973
9315 3973
9325 11242
9342 5474
9342 10719
9353 14196
9358 14320
9364 1027
9366 11948
9373 10414
9375 11482
9382 432
9385 9271
9391 14350
9397 14514
9399 1337
9399 5474
9399 8099
9399 11945
9399 11948
9400 310
9400 2960
9400 3973
9400 5317
9400 8099
9403 11572
9405 1337
9405 7467
9417 7939
9418 7939
9419 8249
9419 11940
9421 3973
9429 5474
9429 9925
9439 11107
9447 3973
9447 11286
9450 11442
9452 2528
9469 3973
9471 7939
9473 11271
9476 14356
9487 254
9487 14179
9493 8099
9493 13674
9493 14356
9497 9979
9501 14534
9511 3973
9518 12046
9539 7677
9539 8366
9551 8512
9560 13672
9566 11286
9566 13150
9566 14193
9567 7939
9568 3973
9568 12766
9575 11303
9576 14227
9577 24
9583 7752
9583 10413
9587 11261
9588 10399
9595 4625
9596 9298
9596 14454
9599 6176
9600 13744
9600 14153
9604 7823
9615 493
9626 1988
9630 2122
9631 7829
9634 294
9634 11365
9642 3973
9644 11442
9658 8247
9692 5474
9692 14337
9697 7591
9699 8512
9705 14187
9717 13744
9721 3973
9721 11303
9730 7676
9742 5474
9742 11286
9742 11473
9743 12016
9746 3973
9758 8247
9758 8371
9758 9360
9758 12016
9758 13150
9759 2302
9759 5474
9759 7467
9759 10303
9759 11089
9759 14196
9763 14146
9765 7532
9768 7752
9770 3304
9770 5474
9770 10883
9775 14223
9780 5474
9780 11941
9787 278
9807 8099
9807 9925
9810 5474
9810 13229
9813 3973
9813 8366
9816 3166
9840 8918
9843 2719
9858 4283
9901 1337
9914 5815
9914 7467
9914 8512
9917 1803
9918 13790
9928 7467
9930 14245
9931 11598
9935 1051
9935 7467
9937 1756
9948 1988
9948 11286
9952 1960
9968 32
9969 6300
9969 11947
9970 12323
9972 432
9972 11442
9975 1133
9975 7340
9975 12011
9981 9307
9981 9954
9988 8246
9989 10762
9989 12079
9993 8512
10005 12240
10008 5474
10011 14513
10012 2529
10013 1915
10014 10777
10019 8512
10023 7823
10030 7939
10032 2975
10034 7727
10036 1239
10036 9557
10036 11242
10039 11303
10043 5429
10043 8099
10043 14061
10047 14239
10054 3973
10054 9954
10060 266
10061 12850
10062 5474
10062 11599
10062 14185
10069 9292
10070 11922
10091 9084
10111 7467
10112 7752
10114 7186
10114 12016
10134 7752
10138 445
10138 7467
10144 5474
10144 14390
10149 7752
10149 10446
10149 12814
10151 6569
10151 12815
10154 11599
10161 12183
10162 7874
10167 3973
10175 11442
10178 9983
10180 5474
10190 3973
10190 5474
10190 14488
10195 9954
10202 9530
10207 5474
10213 2528
10214 7467
10219 7752
10226 432
10226 3973
10236 5474
10236 14430
10240 7532
10242 7186
10243 5474
10245 9578
10253 5474
10272 7727
10282 3973
10282 5474
10300 4625
10309 2122
10309 8248
10309 9530
10309 9806
10309 11572
10309 13388
10318 11672
10323 6946
10329 266
10329 8414
10331 3973
10331 11940
10331 14528
10346 562
10346 2122
10346 5474
10346 5902
10351 4283
10356 8512
10356 10317
10360 14175
10360 14238
10369 6176
10369 10416
10369 11523
10369 11599
10374 4283
10374 10416
10374 11557
10387 12760
10391 278
10391 14196
10398 259
10398 7823
10405 4283
10405 13669
10409 5474
10409 8918
10410 13186
10435 7467
10441 11934
10455 2115
10455 2122
10455 5474
10455 11286
10455 11547
10455 13150
10455 14153
10459 13754
10463 3973
10486 5474
10486 14160
10487 3973
10487 8512
10487 9145
10487 11416
10487 14156
10488 7704
10516 11572
10516 14131
10516 14399
10530 6946
10530 14196
10550 11442
10556 15
10556 12084
10557 3973
10557 5474
10557 11442
10563 9925
10579 14482
10581 7704
10581 9530
10581 11524
10595 11318
10598 10313
10601 813
10601 5474
10615 9530
10617 5474
10617 9271
10618 3973
10642 11599
10654 7213
10683 5474
10683 7467
10684 4283
10696 12901
10702 1189
10706 5474
10706 11572
10706 14133
10708 2122
10708 3845
10708 3973
10708 5474
10708 5714
10708 12011
10714 5474
10715 5474
10756 2122
10759 432
10764 11672
10772 310
10772 5474
10787 8512
10790 6565
10792 7752
10792 12814
10796 7614
10812 10416
10812 11672
10821 11940
10825 9578
10858 432
10864 3973
10864 5474
10864 9688
10879 2035
10885 8249
10892 5474
10892 8333
10892 10749
10892 12766
10898 10038
10899 8572
10913 3973
10913 13150
10915 251
10926 14195
10929 11482
10931 8572
10931 14514
10933 7467
10933 11948
10934 9372
10941 14196
10944 14196
10948 10779
10948 14186
10950 8857
10951 14187
10953 3973
10953 11286
10953 14153
10961 12079
10966 5474
10966 7467
10976 8366
10976 14510
10977 10027
10988 3973
10988 5474
10988 7467
10988 8882
10995 1260
10995 11570
10998 1337
10998 5474
10998 8357
11003 432
11008 9372
11008 11941
11008 12850
11008 13231
11008 14237
11008 14417
11012 11107
11024 10361
11028 8572
11037 11665
11040 2960
11042 7030
11042 14308
11047 13150
11050 13150
11051 7186
11051 9629
11054 3973
11054 8366
11054 9360
11054 14507
11065 11442
11067 2960
11067 11930
11072 5635
11074 11599
11074 11665
11078 8357
11080 7467
11090 12163
11098 11665
11109 14352
11116 3973
11116 7532
11116 12931
11117 11442
11141 2122
11141 5474
11141 11538
11141 14196
11145 1133
11145 5474
11145 9983
11148 13745
11160 9292
11161 11442
11164 14196
11166 4009
11167 12258
11167 14374
11175 5474
11176 9979
11178 9292
11179 11286
11191 8918
11194 13286
11201 7727
11201 9271
11201 11945
11215 4283
11215 11599
11223 1803
11223 9808
11223 11599
11225 258
11225 2122
11225 5474
11225 7544
11225 8414
11225 11945
11225 12649
11225 14153
11234 432
11236 273
11239 3973
11240 3934
11247 1189
11247 5474
11247 10765
11254 1337
11254 5474
11262 11345
11262 14337
11275 6623
11275 14147
11277 8512
11300 3973
11309 5474
11309 8357
11313 7340
11315 5317
11322 11486
11327 2122
11327 7340
11327 7823
11327 8414
11327 11947
11327 14518
11346 5474
11346 14042
11348 13150
11352 7676
11354 11672
11355 11345
11361 1133
11361 7186
11361 11638
11367 14153
11374 251
11374 9530
11380 11442
11420 11605
11441 3973
11441 8099
11441 11286
11441 14212
11450 432
11475 7727
11475 14365
11475 14494
11489 12370
11507 3973
11508 5474
11508 12212
11508 14454
11514 1189
11514 7467
11521 8333
11521 9629
11521 14196
11526 12239
11526 14196
11529 11948
11534 3973
11534 11303
11535 4471
11536 7410
11536 13172
11543 7467
11544 11442
11576 1337
11576 8357
11576 14196
11578 8357
11583 11286
11585 8512
11591 5474
11591 8099
11597 2030
11597 2528
11611 7544
11636 13559
11637 13659
11637 13812
11641 8248
11643 2960
11643 3973
11648 2122
11648 12766
11654 10303
11686 7280
11690 3973
11690 11303
11690 12850
11698 9557
11698 11242
11714 7677
11736 2122
11736 10307
11736 11473
11736 11524
11770 3973
11770 5474
11770 8099
11770 14193
11788 9307
11794 5474
11794 11599
11794 14163
11806 14305
11838 3973
11838 7467
11838 11286
11839 9271
11839 11163
11839 12850
11856 3973
11856 10861
11856 11474
11856 12772
11857 5474
11859 12442
11862 7709
11862 12063
11877 4471
11877 7467
11877 8512
11878 13839
11879 14352
11890 3973
11892 11672
11897 11599
11897 14341
11899 14220
11912 7467
11914 7467
11916 803
11916 8249
11916 11672
11920 1337
11921 2526
11923 3973
11928 4147
11931 11942
11935 7591
11935 9954
11935 12766
11937 7467
11950 8414
11950 8572
11950 13286
11979 14398
11983 13150
11983 14062
11983 14196
11984 7752
11991 7873
11993 2115
11993 4147
11993 6936
11993 8099
12000 14356
12001 12163
12002 3973
12003 7591
12003 11442
12005 432
12008 964
12019 4
12019 2115
12019 4161
12019 11942
12019 12188
12023 11286
12025 11572
12025 13877
12025 14021
12052 3973
12060 11442
12061 1133
12061 5317
12061 7544
12068 3973
12083 10883
12083 11724
12111 11943
12131 9925
12133 2391
12133 5474
12133 11339
12145 262
12145 2803
12145 10399
12162 11940
12162 13257
12162 14132
12162 14178
12162 14182
12174 11630
12174 11905
12199 7829
12227 5474
12227 11538
12249 3973
12249 5474
12253 7532
12278 11442
12289 12098
12316 2556
12333 8414
12333 11948
12333 14146
12333 14194
12334 3194
12334 3973
12334 13754
12351 3973
12360 2122
12376 2034
12380 9028
12383 2110
12383 4372
12383 8512
12383 9711
12383 10299
12388 12135
12390 8099
12390 11286
12397 7467
12424 3846
12431 14413
12434 8371
12434 12766
12437 14414
12439 8099
12440 8371
12441 6544
12444 8512
12470 8249
12510 7829
12519 1337
12519 3973
12519 5474
12525 5474
12528 5474
12543 3973
12543 11672
12545 13120
12545 13827
12555 2346
12557 4408
12557 12016
12577 13839
12585 3973
12587 8333
12587 11889
12587 12975
12590 3973
12590 4443
12590 5474
12590 8099
12590 8882
12590 9806
12590 13399
12591 7727
12591 9925
12591 13672
12591 14338
12593 3973
12594 11665
12606 11599
12606 12493
12609 432
12609 3973
12621 14196
12651 11271
12668 1337
12681 3973
12683 5474
12683 11672
12686 7186
12686 12241
12694 7614
12694 13583
12696 3973
12698 7467
12698 10426
12698 11948
12699 7467
12706 8357
12707 310
12707 3973
12709 3973
12709 13672
12711 7467
12711 8087
12726 9145
12730 445
12730 10115
12730 12079
12731 3973
12731 7467
12748 7467
12749 4147
12763 9298
12765 259
12765 11942
12765 14527
12768 3973
12768 5474
12768 6569
12768 14153
12774 11345
12778 3973
12778 11286
12795 11665
12801 14402
12845 2960
12845 3149
12845 3973
12846 5429
12846 11672
12847 12079
12848 4471
12848 9292
12848 9564
12848 9808
12853 11524
12853 11948
12853 13827
12856 13938
12856 14162
12862 4372
12868 6626
12874 8918
12886 3973
12886 14153
12894 8099
12897 432
12898 5474
12907 1349
12907 7939
12907 9954
12907 13877
12913 2480
12917 5474
12917 11261
12926 5384
12939 5474
12939 11599
12944 1803
12972 207
12976 3973
12988 4372
12988 5635
12988 11601
12988 13470
12992 266
12999 1133
12999 8099
13005 5317
13005 5474
13005 14027
13015 7467
13032 1007
13032 6176
13055 3973
13055 14449
13066 14514
13067 14356
13085 3973
13085 5474
13085 7676
13085 9508
13105 3973
13107 11672
13114 3973
13114 5474
13114 14196
13121 2122
13122 7873
13122 11198
13122 14216
13122 14313
13130 304
13131 254
13131 2122
13131 3973
13157 14158
13162 5474
13193 445
13198 6804
13205 12144
13214 5474
13214 11599
13214 12260
13214 14186
13218 557
13218 5474
13228 861
13234 11286
13237 7467
13239 11442
13246 8857
13264 9578
13268 1426
13268 7467
13271 590
13271 3973
13271 14411
13272 1337
13272 8099
13272 11604
13274 2122
13274 11442
13275 9079
13275 9808
13282 8512
13303 9521
13306 7467
13307 10446
13310 13831
13331 4283
13331 9530
13331 11345
13331 11442
13332 14356
13334 1961
13334 3973
13343 11665
13346 4625
13358 3973
13358 6472
13358 10303
13409 14241
13414 7467
13415 7614
13419 9925
13424 908
13424 13892
13428 3973
13429 445
13431 14146
13446 7939
13454 7467
13459 11286
13459 13952
13473 5474
13473 6300
13475 5474
13475 11345
13475 11572
13475 14153
13489 3973
13489 12850
13489 13845
13489 14417
13490 11303
13499 912
13499 940
13501 6623
13501 14237
13507 7614
13514 11442
13535 12766
13535 14022
13539 9298
13539 10526
13542 269
13542 3973
13542 5474
13542 7873
13552 265
13552 10765
13556 2529
13556 3973
13556 11286
13556 14398
13556 14400
13557 5474
13557 6581
13557 13538
13557 14133
13558 8512
13558 9578
13560 12649
13561 7467
13561 9023
13561 12910
13566 6176
13574 8249
13580 9271
13580 11942
13585 2122
13585 7544
13595 11599
13602 5474
13602 8099
13602 11948
13603 3846
13604 11942
13604 14356
13605 12766
13619 3973
13620 11303
13740 21
13740 5474
13740 7410
13740 10637
13747 1426
13747 4471
13814 7544
13814 8333
13814 10979
13815 432
13853 8918
13873 6455
13931 3846
13936 7467
13937 13485
13942 12079
13948 7544
13957 1803
13957 11504
13958 606
13963 7532
13969 12766
13970 5
13970 3973
13970 14151
13971 12766
13972 3973
13972 8357
13973 2122
13973 8099
13973 9307
13973 14153
13998 3149
13998 3973
14000 6565
14002 2114
14002 7467
14003 1757
14004 432
14007 3973
14009 6176
14017 5474
14023 1568
14024 432
14028 9360
14028 12370
14030 3973
14030 9808
14030 11524
14030 11599
14033 1960
14033 10861
14040 8512
14052 7630
14052 11286
14055 3973
14055 13150
14056 3973
14056 5474
14056 11088
14056 11286
14056 14196
14057 9147
14057 14381
14059 1133
14059 11672
14060 11442
14060 14394
14067 7591
14067 14258
14072 11442
14083 5474
14083 13150
14083 14153
14088 13286
14089 3793
14089 11286
14089 11442
14110 14417
14112 12240
14112 12760
14204 8333
14260 8882
14262 3934
14262 5474
14268 1337
14268 3973
14268 11286
14268 11303
14284 8882
14284 14146
14299 2122
14302 11276
14306 1706
14306 3211
14306 7752
14382 7676
14382 8099
14382 8249
14382 13485
14383 4219
14384 1337
14384 7676
14384 10303
14408 7467
14418 2529
14452 3973
14491 4471
14491 8104
14491 9427
14508 6472
14517 8882
14525 11442
14525 11630
