14541 14541 320
440 4597
440 4599
440 4600
477 4597
477 4599
477 4600
523 4597
523 4599
523 4600
561 4597
561 4600
562 4597
562 4600
571 4600
579 4597
579 4599
579 4600
590 4600
599 4599
620 4597
716 4597
716 4599
1083 4597
1083 4599
1083 4600
1089 4597
1089 4599
1089 4600
1315 4599
1366 4599
1366 4600
2012 4597
2012 4599
2012 4600
2070 4597
2070 4599
2070 4600
2071 4597
2071 4599
2071 4600
2158 4597
2158 4599
2158 4600
2197 4597
2197 4599
2197 4600
2220 4597
2220 4599
2220 4600
2256 4597
2256 4599
2256 4600
2273 4599
3095 4599
3095 4600
3152 4597
3152 4599
3152 4600
3785 4600
3818 4597
3818 4599
3818 4600
4471 4600
4483 4597
4483 4599
4488 4597
4488 4599
4488 4600
4514 4600
5190 4597
5190 4599
5190 4600
5633 4599
5635 4597
5635 4599
5635 4600
5650 4597
5650 4600
5662 4600
5687 4599
5701 4599
5701 4600
5714 4597
5714 4599
5714 4600
5728 4597
5851 4597
5851 4599
5851 4600
5887 4597
5887 4599
5887 4600
6063 4597
6063 4599
6063 4600
6136 4597
6136 4599
6136 4600
6157 4599
6176 4597
6176 4600
6543 4599
6543 4600
6544 4597
6544 4599
6544 4600
6545 4597
6545 4599
6545 4600
6552 4597
6552 4599
6552 4600
6559 4597
6559 4599
6559 4600
6579 4597
6579 4599
6579 4600
6581 4597
6581 4599
6581 4600
7120 4597
7120 4599
7120 4600
7143 4600
7366 4597
7366 4599
7366 4600
7367 4597
7367 4599
7413 4597
7413 4599
7413 4600
7433 4599
7433 4600
7447 4597
7447 4599
7447 4600
7760 4600
7766 4599
7766 4600
7769 4597
7769 4599
7769 4600
7774 4597
7774 4599
7774 4600
7775 4597
7775 4600
8023 4599
8092 4597
8092 4599
8092 4600
8136 4597
8136 4599
8136 4600
8142 4597
8142 4599
8142 4600
8151 4599
8176 4600
8178 4597
8178 4599
8178 4600
8502 4597
8502 4599
8502 4600
8514 4597
8514 4600
8518 4597
8518 4599
8518 4600
8523 4599
8523 4600
8542 4600
8591 4599
8591 4600
8605 4597
8605 4599
8605 4600
8867 4600
8901 4597
8901 4599
8901 4600
8915 4597
8915 4599
8915 4600
8960 4597
8960 4599
8960 4600
9079 4599
9084 4597
9084 4599
9084 4600
9107 4597
9107 4599
9107 4600
9120 4597
9120 4600
9122 4597
9122 4599
9122 4600
9164 4597
9164 4599
9164 4600
9216 4599
9220 4599
9220 4600
9226 4597
9226 4599
9226 4600
9231 4599
9239 4597
9239 4599
9239 4600
9468 4597
9468 4599
9468 4600
9581 4599
9581 4600
9582 4599
9584 4597
9584 4599
9584 4600
9586 4600
9591 4599
9594 4597
9594 4599
9594 4600
9808 4597
9808 4599
9808 4600
9812 4597
9812 4599
9812 4600
9821 4597
9821 4599
9821 4600
9834 4597
9834 4599
9834 4600
9837 4599
9837 4600
9913 4597
9913 4599
9913 4600
9990 4597
9990 4599
9990 4600
10079 4597
10079 4599
10079 4600
10105 4597
10105 4599
10105 4600
10108 4599
10108 4600
10416 4597
10416 4599
10416 4600
10543 4597
10543 4599
10543 4600
10582 4599
10582 4600
10823 4597
10823 4599
10823 4600
10918 4600
11338 4597
11338 4599
11338 4600
11465 4597
11465 4599
11465 4600
11520 4597
11520 4599
11520 4600
11522 4600
11523 4597
11523 4599
11523 4600
11524 4597
11524 4599
11524 4600
11533 4597
11533 4599
11533 4600
11537 4597
11537 4599
11537 4600
12011 4597
12011 4599
12011 4600
12244 4599
12742 4597
12742 4599
12742 4600
12770 4597
12770 4599
12770 4600
12910 4597
12910 4599
12910 4600
12918 4597
12990 4600
13007 4597
13007 4599
13007 4600
13016 4597
13016 4599
13016 4600
13018 4597
13018 4599
13018 4600
13119 4599
13119 4600
13209 4597
13209 4599
13209 4600
