14541 14541 426
51 8288
55 10465
61 8288
146 8288
147 10465
355 10465
377 8288
397 3619
402 10465
406 3619
441 3619
614 2241
614 2285
614 7484
796 2241
796 2285
796 7484
815 10465
837 10465
849 10465
852 8288
859 10465
899 2241
899 2285
900 2285
915 8288
958 2285
1024 3619
1064 8288
1087 10465
1090 2285
1131 2241
1131 7484
1152 10465
1173 7484
1201 10465
1211 8288
1218 10465
1232 7484
1377 10465
1384 2241
1384 2285
1384 7484
1421 10465
1436 10465
1510 2241
1510 2285
1510 7484
1689 10465
1695 2285
1695 7484
1769 3619
1770 8288
1799 10465
1800 10465
1812 10465
1930 10465
1968 10465
1989 10465
2013 8288
2098 3619
2103 2285
2161 10465
2165 7484
2167 10465
2170 2285
2243 2241
2243 2285
2274 10465
2295 10465
2336 10465
2380 2241
2380 2285
2380 7484
2487 2285
2487 7484
2600 2241
2600 2285
2600 7484
2607 10465
2806 10465
2818 10465
2954 10465
2977 2241
2977 2285
2977 7484
3038 10465
3062 2241
3062 2285
3085 2241
3085 2285
3085 7484
3155 2285
3180 2241
3180 2285
3283 8288
3365 3619
3547 10465
3574 2241
3574 2285
3693 2241
3743 10465
3819 8288
3852 8288
3912 8288
3919 8288
4093 2285
4116 10465
4198 7484
4222 8288
4526 2241
4526 2285
4526 7484
4547 2241
4547 2285
4547 7484
4645 3619
4818 8288
4834 8288
4940 2285
5061 10465
5414 10465
5433 2241
5433 2285
5433 7484
5440 2285
5709 2241
5709 2285
5709 7484
5760 10465
5918 2241
5918 2285
5918 7484
6021 2285
6077 3619
6289 10465
6293 8288
6383 2241
6383 2285
6383 7484
6456 8288
6459 2241
6459 2285
6459 7484
6496 2241
6571 2241
6571 2285
6571 7484
6578 2241
6578 2285
6578 7484
6632 2285
6743 2285
7048 2285
7048 7484
7083 3619
7165 8288
7223 7484
7328 2241
7328 2285
7328 7484
7354 2241
7354 2285
7435 2241
7435 2285
7435 7484
7443 8288
7457 10465
7683 10465
7705 3619
7707 2241
7707 2285
7707 7484
7744 8288
7771 8288
7938 10465
7948 2241
7948 2285
7948 7484
8005 2285
8138 7484
8212 8288
8370 10465
8427 2241
8427 2285
8427 7484
8506 8288
8543 8288
8610 2241
8610 7484
8617 3619
8664 8288
8679 10465
8715 2285
8760 8288
8809 10465
8834 8288
8924 8288
8930 8288
8973 10465
8980 3619
8996 2241
9150 10465
9151 2241
9151 2285
9154 7484
9291 3619
9379 8288
9470 2241
9470 2285
9470 7484
9507 2285
9507 7484
9544 11751
9563 8288
9569 8288
9603 8288
9612 8288
9622 2241
9622 2285
9622 7484
9680 2285
9811 10465
9819 10465
9823 10465
9825 10465
9826 10465
9846 10465
9847 10465
9849 10465
9850 10465
9855 10465
9861 10465
9874 10465
9876 10465
9881 10465
9882 10465
9892 8288
9894 2285
10016 8288
10020 2241
10020 2285
10020 7484
10072 2241
10072 2285
10086 10465
10127 3619
10146 8288
10151 3619
10255 2241
10255 2285
10255 7484
10345 8288
10388 2241
10388 2285
10388 7484
10432 8288
10436 2241
10436 2285
10448 10465
10527 10465
10724 8288
10727 8288
10829 8288
10911 8288
10937 8288
10940 8288
10955 8288
10967 8288
10973 8288
11004 10465
11020 8288
11039 8288
11070 10465
11079 8288
11082 10465
11098 3619
11108 8288
11210 8288
11212 8288
11217 10465
11225 3619
11247 3619
11278 8288
11280 8288
11297 8288
11298 8288
11311 8288
11425 8288
11428 8288
11429 8288
11438 8288
11476 2241
11476 2285
11476 7484
11494 10465
11505 8288
11521 3619
11526 3619
11543 3619
11767 2241
11767 2285
11767 7484
11783 10465
11787 2241
11787 2285
11787 7484
11847 8288
11857 3619
11886 8288
11904 10465
11927 10465
11977 8288
12221 8288
12292 8288
12332 10465
12396 10465
12429 8288
12430 8288
12500 10465
12516 10465
12518 10465
12547 8288
12587 3619
12598 2241
12604 8288
12605 8288
12626 2241
12626 2285
12626 7484
12639 8288
12655 8288
12688 2285
12761 8288
12762 10465
12802 8288
12821 2241
12821 2285
12821 7484
12832 8288
12833 8288
12849 2285
12851 10465
12866 10465
12880 8288
12881 8288
12882 8288
12884 8288
12885 8288
12891 8288
12907 3619
12917 3619
12967 8288
12968 8288
13019 10465
13029 10465
13094 8288
13095 8288
13096 8288
13097 8288
13098 8288
13099 8288
13100 8288
13113 8288
13115 8288
13117 8288
13128 2241
13128 2285
13128 7484
13129 8288
13134 8288
13139 8288
13140 8288
13141 8288
13143 8288
13144 8288
13149 8288
13187 8288
13189 8288
13190 8288
13191 8288
13192 8288
13195 8288
13196 8288
13202 8288
13204 8288
13215 2241
13215 2285
13215 7484
13220 2241
13220 2285
13220 7484
13233 8288
13315 8288
13423 2241
13423 2285
13423 7484
13441 10465
13455 10465
13496 2241
13496 2285
13496 7484
13545 8288
13578 8288
13610 2285
13610 7484
13820 3619
13940 7484
13946 10465
13966 8288
13989 8288
13991 8288
13993 8288
14016 10465
14046 8288
14054 2241
14054 2285
14054 7484
14059 3619
14124 8288
14272 2285
14272 7484
14299 3619
14348 2285
14440 8288
14522 2285
