14541 14541 240
48 4436
984 4399
984 5181
1031 7365
1031 8304
1047 4454
1186 1698
1186 5313
1186 7365
1186 9112
1196 1698
1196 5313
1196 7365
1196 8311
1196 9112
1284 7365
1284 11867
1285 582
1285 11867
1452 5313
1452 7365
1452 8311
1452 12949
2271 5313
2271 7365
2323 13045
2586 5313
2586 7365
2586 8311
2586 9112
3087 358
3087 5313
3087 7365
3087 8311
3185 1698
3185 5313
3185 7365
3185 8311
3289 6125
3289 7365
3289 8304
3570 1698
3570 9112
3571 1698
3571 5313
3571 7365
3571 9112
3572 1698
3572 5313
3572 7365
3572 9112
3573 1698
3573 5313
3573 7365
3573 9112
3573 9336
3588 358
3588 1698
3588 5313
3588 7365
3588 8311
3588 9112
3589 1698
3589 5313
3589 7365
3589 9112
3589 9336
3589 13410
3592 1698
3592 5313
3592 7365
3592 9112
3594 1698
3594 5313
3594 7365
3594 9112
3594 9336
3631 7365
3631 8499
3720 5181
3828 7365
3828 11867
4895 5181
4926 7365
4926 11867
4926 12949
4947 1779
4947 5313
4947 7365
4947 8311
4948 5313
4948 7365
4948 8311
4948 13491
5118 7365
5118 11867
5121 7365
5121 8499
5232 5181
5250 5181
5256 5181
5265 5181
5265 12794
5282 14359
5284 4454
5285 14359
5293 14359
5299 7672
5311 5181
5329 7365
5329 11867
5349 5181
5349 14359
5385 5181
5385 14359
5842 1698
5842 5313
5842 7365
5842 9336
5842 13410
6228 11667
6399 1698
6399 2631
6399 5313
6399 7365
6503 14359
6691 7674
6745 13123
6827 1698
6827 5313
6827 7365
6827 8311
6844 1698
6844 5313
6844 7365
6844 9336
6846 5313
6846 7365
6846 8311
6846 9112
7061 1698
7061 5313
7061 7365
7061 9112
7074 5181
7142 1698
7142 7365
7322 5181
7427 7365
7456 4669
7456 5313
7456 7365
7851 1698
7851 9112
7860 4454
7860 5181
7981 5181
7982 810
7984 5181
8060 1698
8060 6434
8060 7365
8060 8311
8060 9112
8074 7365
8253 1992
8327 7365
8327 8304
8332 7365
8332 8499
8365 6420
8457 5181
8626 5313
8626 7365
8626 9112
8723 5313
8723 7365
8723 9112
8723 10128
9461 5181
9462 5181
9462 14359
9480 5181
9625 5181
9625 14359
9675 5181
9675 14359
9719 2073
10658 969
10658 5181
10659 5181
10659 14359
10664 5181
10664 14359
10665 5181
10666 5181
10674 5181
10674 14359
10675 4454
10675 5181
10799 1292
10799 5181
10801 4454
10801 5181
10952 6420
11256 5313
11256 7365
11264 7365
11264 8499
11531 7365
11684 7365
11708 5181
11708 14359
11711 5181
11711 14359
11840 8504
11841 7696
12018 5181
12118 5181
12119 5181
12119 14359
12120 5181
12120 14359
12121 5181
12121 14359
12127 4454
12127 5181
12170 5181
12170 14359
12171 5181
12171 14359
12172 3240
12172 5181
12404 7365
12559 5181
12920 5181
12945 7365
12945 11867
12945 12949
13565 13123
