14541 14541 129
98 4597
98 4599
98 4600
496 4597
496 4599
496 4600
515 4597
515 4599
515 4600
689 4597
689 4599
689 4600
903 4597
903 4599
903 4600
944 4597
944 4599
944 4600
963 4597
963 4599
963 4600
985 4597
985 4599
985 4600
1080 4597
1080 4599
1080 4600
1430 4597
1430 4599
1430 4600
1431 4597
1431 4599
1431 4600
1432 4597
1432 4599
1432 4600
9214 4597
9214 4599
9214 4600
10552 4597
10552 4599
10552 4600
10689 4597
10689 4599
10689 4600
10946 4597
10946 4599
10946 4600
10947 4597
10947 4599
10947 4600
11265 4597
11265 4599
11265 4600
12994 4597
12994 4599
12994 4600
13020 4597
13020 4599
13020 4600
13030 4597
13030 4599
13030 4600
13241 4597
13241 4599
13241 4600
13242 4597
13242 4599
13242 4600
13244 4597
13244 4599
13244 4600
13411 4597
13411 4599
13411 4600
13412 4597
13412 4599
13412 4600
13413 4597
13413 4599
13413 4600
13416 4597
13416 4599
13416 4600
13426 4597
13426 4599
13426 4600
13427 4597
13427 4599
13427 4600
13439 4597
13439 4599
13439 4600
13440 4597
13440 4599
13440 4600
13453 4597
13453 4599
13453 4600
13462 4597
13462 4599
13462 4600
13472 4597
13472 4599
13472 4600
13493 4597
13493 4599
13493 4600
13838 4597
13838 4599
13838 4600
14265 4597
14265 4599
14265 4600
14266 4597
14266 4599
14266 4600
14269 4597
14269 4599
14269 4600
14270 4597
14270 4599
14270 4600
14271 4597
14271 4599
14271 4600
14281 4597
14281 4599
14281 4600
