14541 14541 3229
55 1059
55 2790
55 4756
55 5869
55 8434
55 8851
55 9262
127 1659
144 296
147 397
147 6057
147 10178
147 12162
169 5126
231 2864
231 2932
231 3178
231 3894
231 4722
231 4935
231 4958
231 6253
231 7508
231 9789
231 13585
231 14057
236 401
236 2581
236 5647
280 6894
280 7286
280 10075
280 10482
280 13747
335 6776
355 6117
373 3394
402 7067
402 9585
402 9959
402 9993
402 11213
402 12853
402 13275
402 13333
410 601
410 1808
410 4645
410 5878
410 5884
410 9056
410 9204
410 12778
410 13428
435 3375
452 4573
452 5390
468 117
468 11798
478 1097
478 1668
478 1869
478 8759
479 9148
480 185
480 6076
480 9518
498 8599
498 8952
498 12695
505 312
505 325
505 488
505 503
505 531
505 546
505 586
505 642
505 653
505 743
505 750
505 764
505 843
505 848
505 888
505 1523
505 2262
505 2354
505 2614
505 2615
505 2870
505 3306
505 3386
505 3616
505 4101
505 4133
505 4351
505 4355
505 5082
505 5416
505 5526
505 5683
505 5692
505 6069
505 6247
505 6630
505 6736
505 7315
505 7582
505 7679
505 7956
505 7964
505 8069
505 8110
505 8203
505 8372
505 9315
505 9595
505 9596
505 9634
505 10091
505 10462
505 10702
505 10856
505 11878
505 12554
505 12694
505 13299
505 13588
505 14030
505 14033
505 14517
521 124
521 2084
521 2183
521 2849
521 5572
521 8292
521 8663
547 714
547 14002
552 6923
552 8455
552 11158
558 584
558 758
558 1135
558 2072
558 4723
558 6754
558 7378
558 7471
558 7507
558 8120
558 8334
558 8676
558 9085
558 9763
558 9787
558 10938
558 14088
560 10150
681 3051
681 5221
711 8784
715 3297
715 4913
715 7020
715 13972
766 642
766 644
766 2771
766 6984
766 11877
766 12012
766 13310
777 10000
777 13130
815 5891
815 9981
816 360
816 8218
816 12153
816 13331
816 14030
833 4649
833 5661
833 6411
833 6681
833 6849
833 6962
833 6973
833 7789
833 10391
837 701
837 1410
837 1636
837 2563
837 2887
837 2976
837 3079
837 3190
837 3896
837 3975
837 4545
837 4655
837 4682
837 5060
837 5605
837 5738
837 5761
837 6369
837 6471
837 6547
837 6643
837 6679
837 6815
837 7024
837 7660
837 7894
837 8216
837 9005
837 9417
837 9429
837 11346
837 11838
837 12426
837 12680
837 14056
855 2052
855 2781
855 4184
855 12012
855 12236
855 12763
855 13278
859 1752
859 5453
859 6920
859 7377
859 7512
859 9560
859 9730
859 11179
860 1652
860 4207
860 4462
860 11526
869 12510
874 79
874 171
874 337
874 542
874 659
874 663
874 1466
874 1572
874 1940
874 1949
874 1970
874 2043
874 2183
874 2548
874 2650
874 2743
874 2950
874 3053
874 3190
874 3984
874 4001
874 4106
874 4182
874 5194
874 5220
874 5450
874 5577
874 5585
874 5724
874 5777
874 6064
874 6079
874 6141
874 6465
874 6551
874 6974
874 7002
874 7161
874 7295
874 7540
874 7582
874 7818
874 7924
874 7967
874 8455
874 8779
874 8945
874 9438
874 9743
874 9785
874 10824
874 11172
874 11369
874 11380
874 11641
874 11811
874 11897
874 12497
874 12621
874 12992
874 13105
876 853
876 2450
876 4545
876 4565
876 5604
876 5763
876 9706
876 11402
877 6242
877 8112
893 1013
893 3260
893 5029
893 5058
893 6254
893 8091
893 8947
893 9185
893 10617
893 11057
893 11138
893 11201
893 13419
971 6878
971 12913
973 8055
1021 13747
1042 1601
1042 4101
1042 11597
1045 2177
1045 6776
1045 9577
1081 647
1081 2645
1081 2677
1081 8400
1081 12807
1081 12892
1086 898
1086 2159
1099 222
1099 3003
1099 3004
1099 3239
1099 7476
1099 8763
1099 9999
1100 1963
1100 12083
1100 13278
1134 11051
1144 1659
1144 3220
1152 441
1152 2240
1154 7896
1154 9139
1154 11983
1169 2733
1184 4923
1194 888
1194 2830
1201 749
1201 4202
1213 6769
1218 211
1218 740
1218 3190
1218 3328
1218 5220
1218 5489
1218 5978
1218 7583
1218 8219
1218 8710
1218 10807
1218 11583
1218 12621
1218 12992
1236 1268
1236 1347
1236 4440
1236 9294
1236 9838
1236 10796
1236 11223
1236 12748
1237 1079
1237 1769
1237 3345
1237 3377
1237 4752
1237 6431
1243 8294
1243 8433
1287 40
1287 460
1287 2135
1287 5948
1287 7610
1305 232
1305 8406
1332 11738
1332 14104
1339 1651
1339 2089
1339 6937
1339 12611
1352 1294
1352 1809
1352 2015
1352 2076
1352 2777
1352 2859
1352 3053
1352 3749
1352 4005
1352 4613
1352 4694
1352 5387
1352 6465
1352 6478
1352 7023
1352 7024
1352 7135
1352 7267
1352 8925
1352 8965
1352 9253
1352 10708
1352 10913
1352 12344
1361 764
1361 10683
1392 80
1392 962
1392 8763
1392 9999
1392 11937
1392 12276
1398 11588
1399 6492
1399 13114
1404 9770
1421 12988
1425 12591
1436 2584
1436 3637
1436 10669
1436 10988
1436 13271
1440 8397
1440 13415
1449 9595
1507 10012
1507 11578
1507 11788
1514 7997
1543 220
1543 1838
1543 2709
1543 5403
1543 8648
1543 13333
1559 7020
1559 11067
1669 5126
1669 9717
1673 2649
1673 4292
1673 7540
1673 9501
1673 9733
1678 117
1678 10530
1689 3801
1689 10441
1693 5983
1725 6263
1725 10374
1761 4391
1761 6622
1762 1164
1762 1870
1762 2623
1762 6824
1762 7078
1763 2204
1763 3739
1763 3792
1763 3950
1763 4655
1763 5620
1763 6937
1763 8187
1763 11201
1764 3451
1764 3481
1764 4550
1764 6401
1764 7437
1764 9391
1764 9964
1764 10314
1764 11477
1764 13604
1796 3286
1796 4010
1796 5178
1798 896
1798 2835
1798 5459
1798 6365
1798 6410
1798 6500
1798 6776
1798 11374
1798 12894
1799 1387
1799 2886
1799 5167
1799 5288
1799 7009
1799 7751
1799 8293
1799 14089
1800 1577
1800 1898
1800 7793
1800 11508
1810 1105
1810 2174
1810 4740
1810 6480
1810 11578
1810 11920
1810 12556
1811 6318
1811 7051
1811 11770
1812 673
1812 3438
1812 5743
1812 6937
1812 13957
1813 8651
1813 12131
1814 510
1814 4120
1814 6767
1815 407
1815 3481
1815 6012
1815 7011
1815 7343
1815 8219
1816 8671
1816 11441
1821 2195
1821 5453
1821 6939
1821 12397
1821 13941
1833 3404
1833 6583
1833 11161
1839 2785
1839 2923
1839 4923
1839 5085
1839 5294
1839 5585
1839 5954
1839 5984
1839 5985
1839 6681
1839 8951
1839 10580
1839 11417
1839 11591
1839 13283
1844 3469
1844 5045
1860 4653
1860 6607
1860 9858
1860 12434
1860 12555
1860 12594
1860 14006
1861 6045
1861 10880
1861 13299
1918 8236
1930 322
1930 1650
1930 3686
1930 6668
1930 7452
1989 854
1989 1658
1989 7037
1989 8617
1989 9580
1989 12862
1994 700
1994 5160
1994 6794
1994 8155
1994 9566
1994 10111
1994 12696
1994 12707
2075 1024
2075 1924
2075 1982
2075 2629
2075 3070
2075 4196
2075 5377
2075 5884
2075 6829
2075 8024
2075 9009
2075 9021
2075 10530
2075 11078
2075 11521
2075 11576
2105 651
2105 10595
2116 998
2116 12007
2120 2331
2120 2650
2120 6314
2120 7526
2120 9599
2120 10331
2129 1801
2129 5377
2129 8472
2129 9642
2132 7746
2132 12019
2166 8647
2167 990
2167 1767
2167 3174
2167 3270
2167 5549
2167 9715
2176 5106
2176 8927
2176 10702
2207 9483
2211 2175
2211 4256
2211 13167
2214 1088
2214 4705
2218 991
2218 3019
2218 4894
2218 10818
2233 1200
2233 1312
2233 1535
2233 2088
2233 2782
2233 3245
2233 3328
2233 4714
2233 6404
2233 6405
2233 6692
2233 8177
2233 8965
2233 12590
2233 13237
2233 13972
2254 2410
2254 10121
2263 181
2263 1210
2263 1970
2263 4194
2263 10202
2274 13
2274 1662
2274 3931
2274 4732
2286 511
2286 11051
2295 5425
2299 157
2299 3341
2299 4833
2299 11008
2299 11176
2299 13218
2306 375
2306 13246
2316 425
2316 3555
2316 6998
2316 9182
2318 2198
2318 7912
2336 1162
2336 1163
2336 3654
2336 10697
2336 11014
2336 12590
2338 1748
2338 6147
2338 6753
2343 3440
2343 8015
2343 8552
2360 5187
2360 11239
2364 1572
2364 3438
2364 9606
2375 710
2375 4633
2394 7263
2395 2490
2395 5828
2397 12768
2397 13489
2422 2135
2422 11351
2455 882
2455 1210
2455 1255
2455 1532
2455 1645
2455 2189
2455 2602
2455 2974
2455 2993
2455 3125
2455 3239
2455 4964
2455 6257
2455 7893
2455 8088
2455 8290
2455 8640
2473 28
2473 1370
2473 3481
2473 4425
2473 4958
2473 5706
2473 6112
2473 7084
2488 12698
2489 4682
2489 6815
2491 661
2517 6763
2517 13306
2536 1658
2536 4591
2536 7152
2536 7805
2536 12926
2536 13193
2536 13873
2544 133
2553 206
2553 1294
2553 1671
2553 1949
2553 2015
2553 2479
2553 2625
2553 10818
2553 11534
2553 11690
2553 14072
2559 104
2569 12587
2607 10924
2607 12988
2627 230
2627 11042
2634 3389
2644 14408
2668 584
2668 9009
2675 8273
2676 2682
2676 3216
2676 3330
2676 4572
2676 4577
2676 8152
2687 718
2687 737
2687 11699
2687 12749
2713 665
2713 758
2713 1029
2713 5915
2713 8144
2806 118
2806 125
2806 158
2806 2080
2806 2113
2806 3048
2806 3330
2806 3474
2806 4582
2806 4843
2806 6031
2806 6129
2806 7085
2806 7208
2806 9448
2806 9697
2806 9706
2806 10163
2806 10875
2806 11054
2806 11275
2806 11450
2806 13105
2807 136
2807 489
2807 3300
2807 12746
2818 40
2818 79
2818 501
2818 631
2818 758
2818 1122
2818 1159
2818 1255
2818 1264
2818 1265
2818 1464
2818 1801
2818 1843
2818 1849
2818 2045
2818 2051
2818 2087
2818 2104
2818 2185
2818 2235
2818 2679
2818 3360
2818 3468
2818 3826
2818 3896
2818 4464
2818 4470
2818 4487
2818 4645
2818 4755
2818 4913
2818 5549
2818 5752
2818 5948
2818 6116
2818 6362
2818 6500
2818 6557
2818 6567
2818 6583
2818 6767
2818 6815
2818 6875
2818 6883
2818 6950
2818 6951
2818 7037
2818 7347
2818 7702
2818 7806
2818 7837
2818 7935
2818 8215
2818 8328
2818 8472
2818 8477
2818 8669
2818 8850
2818 9088
2818 9294
2818 9511
2818 9858
2818 10047
2818 10441
2818 10669
2818 10826
2818 10864
2818 11367
2818 11450
2818 11811
2818 11954
2818 12052
2818 12060
2818 12152
2818 12390
2818 12606
2818 12854
2818 12976
2818 13234
2818 13446
2818 13489
2840 6779
2857 611
2857 710
2857 3768
2858 9717
2896 8024
2896 13619
2954 2905
2954 6165
2983 1464
2983 5847
2983 13157
3002 6779
3017 4591
3017 5226
3017 5758
3017 6932
3017 8916
3021 313
3038 2609
3038 3890
3038 4566
3038 5127
3041 5483
3044 3235
3075 2231
3075 5046
3075 7936
3103 9580
3169 5758
3169 7152
3169 12926
3176 2625
3176 4572
3176 11450
3176 12439
3176 14004
3195 7972
3195 13122
3213 14533
3219 662
3219 5377
3226 1679
3226 4124
3233 302
3233 2679
3233 3740
3233 4005
3233 5525
3233 6940
3233 10310
3233 10944
3233 11054
3234 1712
3234 2827
3234 4077
3234 4162
3234 4661
3234 5773
3234 6753
3234 7018
3234 7690
3234 8873
3234 9031
3238 1057
3238 2468
3238 9148
3238 10309
3266 9002
3269 6286
3273 1603
3273 4492
3273 6533
3273 9138
3282 5479
3285 546
3285 683
3285 957
3285 2737
3285 2815
3285 4662
3292 4207
3311 8262
3316 3929
3323 6628
3329 13
3332 589
3332 828
3332 3174
3332 3477
3332 5141
3332 5192
3332 6609
3332 6803
3332 6919
3332 7264
3332 9319
3332 9972
3332 12439
3332 12897
3332 13234
3339 1419
3339 1887
3339 2747
3339 4098
3339 4613
3339 4914
3339 5577
3339 6758
3339 6843
3339 7787
3364 6937
3364 8187
3385 820
3385 1938
3385 3419
3385 3596
3385 4304
3385 4315
3385 7083
3385 9026
3385 9399
3385 9400
3385 9523
3385 14087
3499 524
3547 1677
3547 2703
3547 2955
3547 4309
3547 4435
3547 6119
3547 6194
3547 6492
3547 7800
3547 8630
3547 9165
3547 10178
3547 11090
3547 11355
3547 12001
3547 12869
3560 77
3560 621
3560 2088
3560 2173
3560 3019
3560 3826
3560 5603
3560 6583
3560 6919
3560 6950
3560 8319
3560 12298
3560 13459
3561 636
3561 3451
3561 4153
3561 5187
3561 5314
3561 8405
3638 990
3638 1607
3638 2416
3638 2844
3638 3054
3638 3222
3638 3239
3638 3610
3638 3680
3638 3681
3638 4593
3638 4810
3638 5091
3638 6329
3638 7039
3638 10714
3638 11971
3655 4374
3655 6894
3695 2253
3695 6065
3695 7471
3743 7477
3743 10924
3790 4194
3790 4578
3790 5448
3790 6809
3790 11441
3790 13055
3790 13815
3790 14017
3831 9073
3831 10696
3832 2468
3835 12199
3836 5787
3876 40
3876 1135
3876 3901
3876 13558
3954 3063
3954 5933
3989 9015
3993 1795
3993 4157
3993 8764
3993 9269
3993 10487
3993 13988
4000 8616
4000 10487
4000 12726
4079 11576
4081 4069
4081 5052
4081 5659
4084 6642
4084 12383
4096 2770
4109 2798
4109 8877
4110 448
4110 2104
4110 11262
4110 11526
4116 4306
4116 4816
4116 6468
4116 6731
4116 7037
4116 8646
4116 8781
4116 9296
4116 10075
4116 10154
4116 10463
4116 12696
4116 12738
4126 2711
4126 3280
4126 3306
4137 9717
4144 10082
4144 12067
4145 3782
4145 6928
4145 7778
4159 448
4159 8546
4159 10127
4159 14024
4175 6583
4175 7711
4175 8313
4175 9568
4175 10759
4175 12439
4181 140
4181 785
4181 2752
4181 3198
4181 6010
4181 6173
4181 7858
4181 11250
4181 12035
4181 12827
4200 2277
4200 4645
4201 4688
4201 6324
4213 5724
4213 7773
4213 9448
4230 2163
4231 2931
4231 5084
4231 5641
4231 7266
4253 7858
4261 2234
4261 3445
4261 4536
4261 4727
4261 5609
4261 5948
4261 8608
4261 8623
4261 9730
4261 10915
4261 11409
4268 4010
4268 5682
4284 4584
4291 5835
4291 7193
4291 8398
4291 11597
4291 13116
4291 14262
4313 1163
4313 1323
4313 1371
4313 1386
4313 1713
4313 1917
4313 2096
4313 2372
4313 2478
4313 2492
4313 2500
4313 2579
4313 2845
4313 2853
4313 2889
4313 3676
4313 3763
4313 4475
4313 4714
4313 5295
4313 5563
4313 5961
4313 6397
4313 12944
4313 13460
4330 3405
4330 6785
4336 163
4336 1739
4336 2308
4336 6999
4336 9192
4336 13475
4338 5345
4341 724
4341 1677
4344 392
4344 664
4344 668
4344 2604
4344 2799
4344 7628
4344 8152
4344 13825
4346 5769
4370 631
4375 5907
4375 8613
4390 673
4401 451
4401 6044
4401 9405
4401 9526
4404 2738
4405 5564
4405 6937
4407 13873
4415 87
4415 4106
4415 11063
4420 2908
4420 3497
4420 7875
4420 9046
4430 8377
4430 11164
4433 2764
4433 7092
4501 6943
4501 8641
4501 11040
4501 11159
4515 1055
4515 9021
4515 11063
4517 7588
4517 7722
4524 4995
4537 2376
4537 6060
4537 8827
4537 8994
4537 11535
4537 11730
4556 522
4556 898
4556 1481
4556 1846
4556 2602
4556 2635
4556 2680
4556 3530
4556 4143
4556 4293
4556 4549
4556 5103
4556 6454
4556 6541
4556 6716
4556 6759
4556 8374
4556 8547
4556 11106
4556 12731
4556 13486
4556 13588
4563 10944
4564 1753
4564 3986
4564 5255
4564 5465
4564 6491
4564 6759
4564 7102
4564 7689
4564 8810
4564 11172
4590 406
4590 8122
4603 6956
4608 2209
4608 11401
4617 486
4617 3569
4617 5357
4617 9215
4617 9353
4617 9663
4617 12531
4618 3358
4618 3555
4618 4070
4618 4264
4639 426
4639 750
4639 10702
4642 2957
4642 3035
4642 3268
4642 3648
4642 4700
4642 4853
4642 6031
4642 8041
4642 8819
4642 9297
4642 10144
4642 11361
4642 13508
4648 11536
4660 2659
4660 5648
4660 11912
4666 397
4666 6167
4666 8338
4690 8205
4693 4755
4729 12594
4745 10013
4776 4389
4776 6517
4809 340
4809 1656
4809 4087
4809 8906
4823 2282
4823 12933
4902 2825
4907 9315
4907 10668
4970 448
4970 3295
4970 12275
4970 12531
4973 6290
4988 10223
5012 111
5012 639
5012 7623
5038 1544
5038 3278
5038 6205
5038 8152
5038 9182
5038 13358
5051 158
5051 454
5051 1849
5051 2701
5051 4179
5051 6061
5051 7149
5051 11065
5061 3267
5061 5473
5061 6413
5061 7556
5061 10374
5061 10756
5061 11239
5061 13121
5078 11806
5078 14067
5117 5324
5117 6254
5137 11430
5158 2174
5158 2772
5158 7089
5158 7315
5158 8203
5158 12438
5195 1097
5195 5620
5195 5757
5204 1038
5204 10090
5296 1898
5296 7031
5316 2554
5325 471
5325 1636
5325 4700
5325 5810
5325 7886
5325 9297
5325 10008
5325 11346
5325 14052
5342 1344
5342 4732
5342 8623
5361 114
5361 8157
5362 4220
5375 1455
5375 4468
5375 12525
5399 7090
5399 11274
5409 2399
5411 4381
5411 9030
5411 10243
5411 11098
5413 5035
5414 1155
5414 3437
5414 4148
5414 4170
5414 4411
5414 4610
5414 6123
5414 6301
5414 8010
5414 8515
5414 8774
5414 9496
5414 9787
5414 10408
5414 11037
5414 11223
5414 12145
5414 12360
5414 13218
5414 14264
5423 395
5423 853
5423 4468
5437 5795
5444 5775
5508 2531
5508 2953
5512 2928
5512 2941
5512 3372
5512 8997
5513 2212
5514 906
5514 1331
5514 2662
5514 2787
5514 2880
5514 7507
5514 8399
5514 9090
5514 10139
5514 11385
5515 3474
5515 3492
5515 6690
5515 6883
5523 6060
5523 9375
5523 11730
5567 2104
5567 6883
5567 12052
5567 13489
5601 2215
5601 2541
5601 2949
5601 3419
5601 3591
5601 4194
5601 4469
5601 4737
5601 5184
5601 6112
5601 6732
5601 8352
5601 8613
5601 10223
5601 11597
5601 12426
5601 12556
5601 12696
5601 12778
5601 14030
5601 14525
5611 9789
5622 1690
5622 1736
5622 3901
5622 12898
5627 345
5627 13988
5634 2771
5707 1570
5713 6932
5725 7102
5730 5929
5760 1742
5760 2613
5760 5857
5760 6216
5760 7964
5770 4542
5770 6299
5785 3470
5788 2414
5793 9139
5807 4663
5872 11690
5917 1569
5917 2078
5917 2865
5917 5292
5917 7075
5917 7149
5917 8979
5917 12590
5919 7208
6093 4935
6093 10493
6093 11167
6100 870
6133 7282
6142 487
6142 9294
6142 11920
6142 14028
6187 11897
6209 5295
6214 3091
6214 11254
6272 1778
6272 6271
6272 7716
6289 45
6289 79
6289 171
6289 619
6289 812
6289 1024
6289 1109
6289 1323
6289 1683
6289 1769
6289 1808
6289 1924
6289 1955
6289 1982
6289 2171
6289 2252
6289 2629
6289 3497
6289 3722
6289 3731
6289 3736
6289 4196
6289 4462
6289 4653
6289 5165
6289 5318
6289 5377
6289 5640
6289 5878
6289 5884
6289 6123
6289 6175
6289 6480
6289 6501
6289 6710
6289 6725
6289 6829
6289 6849
6289 7046
6289 7349
6289 7362
6289 8000
6289 8024
6289 8546
6289 8765
6289 8850
6289 9009
6289 9021
6289 9024
6289 9026
6289 9056
6289 9276
6289 9471
6289 9484
6289 9587
6289 9604
6289 9642
6289 9658
6289 10023
6289 10048
6289 10168
6289 10323
6289 10488
6289 10618
6289 10775
6289 10879
6289 10998
6289 11051
6289 11063
6289 11078
6289 11275
6289 11521
6289 11576
6289 11643
6289 11648
6289 11656
6289 11899
6289 12150
6289 12434
6289 12528
6289 12594
6289 12845
6289 13116
6289 13332
6289 13334
6289 13542
6289 13619
6289 14006
6289 14071
6304 5744
6433 5529
6502 3495
6502 5387
6502 5927
6502 6291
6502 7654
6502 7773
6502 10828
6502 14004
6651 4139
6651 5802
6651 6020
6651 6026
6651 7028
6651 7180
6651 7282
6651 8634
6651 9401
6651 9968
6651 10082
6651 11290
6685 2826
6688 1917
6688 2825
6688 2886
6688 5381
6705 3349
6742 3738
6795 415
6887 8765
6980 9021
7199 2849
7258 365
7258 569
7258 990
7258 1656
7258 1938
7258 2388
7258 3054
7258 3110
7258 3290
7258 4575
7258 4852
7258 5360
7258 5466
7258 5718
7258 6276
7258 6290
7258 6746
7258 6800
7258 6815
7258 7097
7258 7655
7258 7705
7258 8068
7258 8152
7258 8361
7258 8384
7258 9121
7258 9137
7258 9139
7258 9473
7258 9573
7258 9721
7258 9917
7258 10008
7258 10447
7258 11254
7258 12747
7258 13107
7258 14060
7270 1745
7270 2500
7270 3697
7270 7033
7270 9397
7270 13066
7353 8872
7380 1323
7380 2682
7380 4077
7380 5338
7380 6032
7380 8590
7380 10938
7380 12174
7380 13740
7380 14284
7380 14299
7411 11262
7428 5093
7428 5743
7428 6508
7428 7343
7428 10331
7428 13542
7470 5614
7470 11655
7673 297
7673 441
7673 723
7673 1149
7673 1787
7673 3916
7673 5425
7673 6684
7673 11160
7683 667
7683 3905
7683 5126
7683 6710
7683 8936
7683 12001
7683 12801
7693 2584
7693 13283
7693 13595
7712 2018
7712 2915
7712 2941
7712 5023
7712 5777
7712 6291
7712 8123
7712 8658
7712 8997
7712 9644
7712 10493
7776 5238
7824 2097
7881 3868
7881 13334
7881 14306
7938 923
7938 1053
7938 1913
7938 3834
7938 4018
7938 9471
7938 9567
7938 10030
7938 12186
7938 13446
7957 22
7957 403
7957 1253
7957 2184
7957 2216
7957 2653
7957 3070
7957 3239
7957 3272
7957 4411
7957 4968
7957 5319
7957 5464
7957 5522
7957 6653
7957 7032
7957 7842
7957 8509
7957 8586
7957 8599
7957 9315
7957 13303
7957 14491
8148 1446
8148 5605
8148 5621
8148 7267
8148 13556
8154 6710
8154 11643
8154 11648
8194 11224
8235 8203
8258 6121
8370 693
8370 4008
8370 6210
8370 7031
8370 7663
8419 1264
8419 7848
8419 9012
8419 10047
8439 636
8439 1159
8439 1446
8439 1530
8439 2076
8439 2143
8439 2162
8439 2354
8439 2363
8439 2404
8439 3222
8439 3244
8439 3952
8439 4470
8439 5464
8439 5573
8439 7263
8439 7267
8439 9253
8439 10282
8439 13556
8439 13594
8458 87
8478 425
8478 4645
8478 5479
8478 7003
8478 9631
8500 1024
8500 9009
8500 10013
8500 10474
8571 1412
8631 5163
8675 1033
8675 2309
8675 2753
8675 3016
8675 5624
8675 7723
8675 13585
8679 2097
8679 3581
8679 4532
8679 4860
8679 5421
8679 5813
8679 6905
8679 7029
8679 7303
8679 8460
8679 8936
8679 8999
8679 9700
8679 10323
8679 10953
8679 11086
8679 11576
8679 12845
8679 13747
8679 14384
8722 124
8722 298
8722 828
8722 1294
8722 1318
8722 1376
8722 1642
8722 1890
8722 1913
8722 2079
8722 2198
8722 2216
8722 2580
8722 2654
8722 3061
8722 3204
8722 5160
8722 6426
8722 6652
8722 7723
8722 7772
8722 8981
8722 9224
8722 9418
8722 10223
8722 11067
8722 11313
8722 12209
8722 12590
8722 12933
8722 14083
8722 14263
8752 3270
8807 6267
8807 7818
8807 12510
8809 588
8809 735
8809 924
8809 1455
8809 1541
8809 1661
8809 1677
8809 2192
8809 2253
8809 2277
8809 2877
8809 2918
8809 2929
8809 2958
8809 3005
8809 3131
8809 3221
8809 3336
8809 3608
8809 3654
8809 3686
8809 3842
8809 3904
8809 3905
8809 3976
8809 4184
8809 4252
8809 4476
8809 4596
8809 5180
8809 5345
8809 5619
8809 5629
8809 5827
8809 5828
8809 5955
8809 6056
8809 6116
8809 6156
8809 6170
8809 6464
8809 6549
8809 6816
8809 6970
8809 7437
8809 7526
8809 7557
8809 7597
8809 7780
8809 7786
8809 7844
8809 7934
8809 8088
8809 8191
8809 8275
8809 8412
8809 8585
8809 8586
8809 8588
8809 8888
8809 9041
8809 9138
8809 9165
8809 9249
8809 9296
8809 9733
8809 9755
8809 10167
8809 10227
8809 10245
8809 10579
8809 10828
8809 11018
8809 11028
8809 11139
8809 11246
8809 11417
8809 11661
8809 11715
8809 11806
8809 12060
8809 12174
8809 12333
8809 13506
8809 13552
8830 2575
8830 11784
8830 13279
8909 1357
8909 9291
8973 2309
8973 2672
8973 6413
9045 198
9045 437
9045 486
9045 524
9045 1677
9045 3336
9045 6116
9045 7997
9045 11074
9045 11648
9045 12380
9150 524
9150 1519
9150 2468
9150 3131
9150 4170
9150 4786
9150 5083
9150 5092
9150 6141
9150 6279
9150 6302
9150 6627
9150 6628
9150 6850
9150 7793
9150 9204
9150 9380
9150 10642
9150 10715
9150 11452
9150 11576
9150 12068
9150 12606
9150 12778
9150 13560
9150 13814
9187 6572
9189 544
9189 7431
9228 327
9228 809
9228 1066
9228 1164
9228 1511
9228 4676
9228 6883
9228 6919
9228 7237
9228 7561
9228 8030
9228 8641
9228 11201
9228 12036
9228 12437
9228 12681
9228 12807
9228 12897
9288 367
9288 665
9288 917
9288 1939
9288 2192
9288 2877
9288 5983
9288 6339
9288 6940
9288 7032
9288 7408
9288 10282
9288 12316
9288 13556
9463 1148
9463 3320
9463 5483
9463 6043
9464 2853
9464 5338
9481 133
9481 181
9481 556
9481 1368
9481 1830
9481 2672
9481 2879
9481 2940
9481 3144
9481 4085
9481 4616
9481 6050
9481 6298
9481 6373
9481 6653
9481 7166
9481 7370
9481 7723
9481 8319
9481 8641
9481 8806
9481 9067
9481 9382
9481 9918
9481 14055
9562 392
9562 3888
9562 4467
9562 9969
9811 77
9811 1542
9811 2077
9811 2716
9811 2872
9811 3014
9811 4260
9811 5091
9811 5459
9811 5525
9811 5991
9811 6170
9811 6732
9811 9148
9811 11262
9811 11993
9811 14452
9819 2259
9819 3610
9819 4456
9819 4541
9819 5328
9819 6555
9819 7155
9819 10008
9819 10369
9819 11963
9819 12111
9823 2439
9823 2588
9823 2850
9823 4964
9823 6710
9823 6726
9823 6962
9823 8774
9823 9358
9823 10004
9823 10786
9823 10812
9823 11050
9823 11159
9823 11441
9825 232
9825 285
9825 401
9825 451
9825 646
9825 676
9825 1734
9825 2020
9825 2052
9825 2575
9825 2581
9825 2832
9825 3851
9825 4167
9825 4227
9825 4574
9825 4626
9825 5390
9825 5461
9825 5647
9825 6044
9825 6045
9825 6066
9825 6425
9825 6763
9825 6878
9825 6894
9825 7004
9825 7286
9825 7426
9825 7476
9825 8397
9825 8406
9825 8647
9825 9405
9825 9432
9825 9526
9825 10482
9825 10880
9825 11116
9825 11247
9825 11784
9825 12253
9825 12698
9825 12699
9825 13268
9825 13278
9825 13306
9825 13415
9825 13747
9825 14408
9826 222
9826 647
9826 717
9826 1674
9826 1963
9826 2261
9826 2581
9826 2851
9826 2852
9826 3356
9826 4306
9826 4598
9826 5096
9826 5869
9826 5913
9826 6073
9826 6227
9826 6269
9826 6748
9826 6879
9826 6984
9826 7212
9826 7290
9826 7834
9826 7973
9826 8434
9826 8460
9826 9604
9826 9987
9826 10000
9826 10300
9826 10357
9826 10505
9826 10855
9826 11353
9826 11877
9826 12012
9826 12060
9826 12796
9826 12825
9826 13332
9826 13415
9826 13560
9826 14302
9829 11585
9830 1223
9830 4626
9830 5461
9830 5647
9830 6066
9830 6425
9830 6574
9830 7426
9830 7476
9830 11389
9830 12699
9830 13278
9830 14408
9831 2020
9831 7004
9831 11247
9833 1734
9833 13130
9842 2928
9842 5089
9842 14071
9846 1848
9846 2791
9846 4255
9846 4485
9846 5449
9846 6397
9846 7033
9846 9917
9846 10586
9849 2219
9849 2368
9849 7151
9849 8382
9849 9937
9849 13121
9850 4943
9850 5126
9850 6193
9850 9064
9850 11178
9855 2562
9855 3318
9855 4197
9855 5088
9855 5394
9855 5588
9855 8635
9855 9207
9855 10236
9855 11275
9855 12275
9855 14052
9857 661
9857 1754
9857 1857
9857 2100
9857 2325
9857 2682
9857 2953
9857 3290
9857 3445
9857 4225
9857 4562
9857 4643
9857 5046
9857 5141
9857 6033
9857 7001
9857 7012
9857 8215
9857 8398
9857 8447
9857 8940
9857 10581
9857 10617
9857 14009
9859 7966
9861 2830
9861 2899
9861 11712
9863 12913
9874 136
9874 154
9874 1836
9874 2050
9874 2698
9874 3029
9874 3629
9874 5522
9874 7551
9874 8198
9874 10248
9874 12434
9874 13969
9874 14023
9874 14491
9875 137
9876 10821
9876 12162
9878 1954
9878 6371
9881 286
9881 1356
9881 3165
9881 4357
9881 4986
9881 5105
9881 5334
9881 5967
9881 6998
9881 7208
9881 7867
9881 8779
9881 9417
9881 11628
9881 12867
9882 848
9882 10462
9886 3906
9886 4601
9886 8963
9886 9717
9886 9813
9886 10127
9886 11260
9886 11382
9886 12801
9890 1300
9890 4626
9961 1300
9961 3426
9961 4089
9961 4944
9961 10196
9961 10898
10065 5509
10065 6972
10065 7049
10065 8328
10065 9056
10065 9469
10065 10769
10065 11024
10065 12584
10086 293
10086 419
10086 529
10086 662
10086 998
10086 1312
10086 1356
10086 1535
10086 1607
10086 1808
10086 2104
10086 2137
10086 2215
10086 2541
10086 2949
10086 2958
10086 3419
10086 3586
10086 3591
10086 4173
10086 4194
10086 4411
10086 4469
10086 4550
10086 4737
10086 5503
10086 5579
10086 5661
10086 5955
10086 6112
10086 6115
10086 6278
10086 6690
10086 6732
10086 6951
10086 7288
10086 7610
10086 7757
10086 8063
10086 8152
10086 8187
10086 8242
10086 8361
10086 8473
10086 8613
10086 8753
10086 9012
10086 9587
10086 9635
10086 9730
10086 10012
10086 10173
10086 10226
10086 10391
10086 10953
10086 10990
10086 11024
10086 11348
10086 11526
10086 11536
10086 11578
10086 11597
10086 11788
10086 12068
10086 12696
10086 12778
10086 14030
10086 14525
10093 5817
10093 8840
10101 3135
10101 3795
10101 3914
10101 6026
10101 6347
10101 7028
10101 9816
10101 10082
10101 11686
10169 2209
10169 2865
10169 10691
10169 11401
10169 12519
10211 697
10211 1572
10211 3438
10211 4431
10211 4782
10211 5787
10211 6140
10211 6712
10211 10210
10212 10011
10230 1782
10230 2229
10230 2237
10230 2365
10230 8937
10448 337
10448 524
10448 696
10448 706
10448 850
10448 1155
10448 1939
10448 2048
10448 2080
10448 2171
10448 2173
10448 2203
10448 2209
10448 2277
10448 2416
10448 2620
10448 2723
10448 2771
10448 2835
10448 2918
10448 3268
10448 3377
10448 3445
10448 3779
10448 4184
10448 4786
10448 5187
10448 5301
10448 5418
10448 5458
10448 5594
10448 5706
10448 5724
10448 5769
10448 5771
10448 5895
10448 6091
10448 6302
10448 6501
10448 6717
10448 6982
10448 6999
10448 7226
10448 7414
10448 7723
10448 7751
10448 7842
10448 8143
10448 8152
10448 8635
10448 8691
10448 8900
10448 9033
10448 9246
10448 9785
10448 10669
10448 10714
10448 10756
10448 10975
10448 11194
10448 11300
10448 11857
10448 11920
10448 11923
10448 12153
10448 12465
10448 12807
10448 13602
10448 14260
10448 14262
10490 6049
10515 535
10515 682
10515 2142
10515 6586
10515 8553
10515 10763
10527 313
10527 870
10527 1029
10527 2414
10527 4596
10527 6549
10527 6998
10527 10013
10527 12594
10614 542
10614 809
10614 870
10614 1549
10614 3404
10614 3477
10614 4682
10614 4705
10614 4737
10614 5666
10614 5922
10614 7730
10614 8338
10614 9500
10632 2472
10632 12334
10679 2387
10679 2852
10679 5812
10679 14302
10686 1552
10686 2293
10686 3468
10686 5827
10686 6166
10686 7370
10686 9390
10686 12519
10686 12542
10766 132
10766 8841
10766 11408
10800 785
10800 6425
10800 9987
10800 12763
10916 1862
10916 6471
10916 8362
10916 9975
11004 5773
11034 4018
11034 6479
11046 7757
11070 77
11070 115
11070 158
11070 454
11070 536
11070 542
11070 569
11070 601
11070 990
11070 1122
11070 1265
11070 1546
11070 1549
11070 1596
11070 1656
11070 1938
11070 1940
11070 2077
11070 2130
11070 2143
11070 2339
11070 2342
11070 2388
11070 2396
11070 2495
11070 2854
11070 2879
11070 3092
11070 3110
11070 3174
11070 3245
11070 3290
11070 3365
11070 3404
11070 3596
11070 3815
11070 4014
11070 4265
11070 4314
11070 4533
11070 4575
11070 4578
11070 4582
11070 4593
11070 4656
11070 4852
11070 4932
11070 5094
11070 5125
11070 5160
11070 5345
11070 5355
11070 5360
11070 5380
11070 5449
11070 5450
11070 5466
11070 5499
11070 5566
11070 5718
11070 5795
11070 5856
11070 5974
11070 6053
11070 6070
11070 6216
11070 6290
11070 6372
11070 6551
11070 6724
11070 6746
11070 6800
11070 6815
11070 6875
11070 7020
11070 7103
11070 7192
11070 7276
11070 7537
11070 7641
11070 7666
11070 7705
11070 7719
11070 7793
11070 7828
11070 7912
11070 8066
11070 8068
11070 8070
11070 8083
11070 8197
11070 8338
11070 8361
11070 8384
11070 8400
11070 8866
11070 8951
11070 9002
11070 9116
11070 9121
11070 9137
11070 9196
11070 9311
11070 9473
11070 9573
11070 9721
11070 9917
11070 9965
11070 9972
11070 10008
11070 10111
11070 10163
11070 10284
11070 10442
11070 10447
11070 10563
11070 10828
11070 11235
11070 11254
11070 11263
11070 11591
11070 11770
11070 11963
11070 11971
11070 11991
11070 12060
11070 12227
11070 12298
11070 12710
11070 12874
11070 13107
11070 13369
11082 1643
11082 2046
11082 2949
11082 5092
11082 5418
11082 5466
11082 6921
11082 7300
11082 7974
11082 8509
11082 9302
11082 10201
11217 4455
11217 8208
11217 8646
11217 10180
11217 13957
11268 4167
11268 4574
11268 6878
11299 611
11299 11475
11494 248
11494 536
11494 1084
11494 1142
11494 1519
11494 1902
11494 3405
11494 4082
11494 4182
11494 5450
11494 5607
11494 5992
11494 6516
11494 6661
11494 6808
11494 8884
11494 11113
11494 11519
11494 13246
11494 13957
11494 13997
11530 646
11530 3851
11586 5526
11586 6227
11586 7286
11659 2785
11659 5096
11659 6671
11659 8267
11783 519
11783 889
11783 3411
11783 5775
11783 5876
11783 7492
11783 7801
11783 11535
11783 13268
11883 3842
11883 4591
11883 5566
11883 6881
11883 7111
11883 10565
11883 11245
11883 11420
11883 13942
11895 285
11895 2052
11895 4128
11895 4290
11895 5648
11895 8851
11895 10482
11895 10509
11895 12276
11895 12699
11895 12825
11904 673
11904 6851
11904 7016
11904 11324
11918 2937
11918 10151
11919 6073
11927 4216
11927 6928
12140 1603
12140 5873
12140 13970
12194 248
12194 428
12194 567
12194 701
12194 1652
12194 1938
12194 2502
12194 2602
12194 2677
12194 2745
12194 2748
12194 3361
12194 3492
12194 5086
12194 5594
12194 6415
12194 9033
12194 10282
12194 10329
12194 11971
12194 12898
12194 12939
12194 13560
12194 13931
12248 827
12248 2164
12248 5570
12332 1911
12332 2258
12332 4311
12332 5324
12332 6692
12332 11201
12394 4216
12394 6928
12394 8900
12394 11109
12396 1024
12396 2837
12396 3739
12396 4601
12396 6533
12396 9009
12396 10034
12396 10142
12396 14059
12443 1985
12443 2973
12443 8083
12443 8433
12443 8986
12443 9078
12443 9901
12443 11275
12496 519
12496 714
12496 4374
12496 4491
12496 6207
12496 6894
12496 8273
12496 9585
12496 9785
12496 10928
12496 12853
12500 177
12500 3998
12500 3999
12500 4548
12500 7973
12500 8763
12505 10567
12516 1525
12516 1546
12516 1873
12516 2097
12516 2793
12516 2933
12516 3167
12516 3480
12516 4264
12516 4656
12516 5254
12516 5486
12516 5528
12516 7023
12516 7151
12516 7896
12516 7979
12516 8190
12516 8676
12516 9405
12516 11158
12516 12894
12516 14268
12517 7173
12517 13442
12518 6207
12518 10928
12762 1532
12762 2020
12762 3652
12762 6077
12762 8753
12762 9060
12762 9073
12762 9295
12762 13346
12762 14302
12797 4939
12797 10034
12797 12591
12866 1926
12866 5961
12866 7629
12866 8765
12866 11576
12866 13268
12966 824
12966 4684
12966 5455
12966 6954
12966 7634
12966 7976
12966 11315
12966 11661
12966 12894
13028 3967
13165 10509
13165 13268
13224 233
13224 428
13224 3081
13224 3946
13224 4641
13224 5082
13224 5896
13224 6032
13224 8564
13224 11141
13298 1769
13298 2917
13298 5165
13298 8433
13298 10391
13304 286
13304 544
13304 1801
13304 2040
13304 2232
13304 2363
13304 2842
13304 2932
13304 3114
13304 3324
13304 7837
13304 9110
13304 9438
13338 2656
13338 6316
13338 8906
13338 11493
13352 3110
13352 5453
13352 6943
13352 7628
13352 8554
13352 10764
13352 11544
13386 12162
13441 8242
13441 9377
13441 11581
13441 11812
13441 13941
13455 663
13455 690
13455 3197
13455 3759
13455 3789
13455 4694
13455 5322
13455 5445
13455 5535
13455 8183
13455 10008
13455 14263
13471 1109
13471 1167
13471 7583
13471 11892
13471 12444
13494 5052
13494 5884
13504 366
13504 1444
13504 2490
13504 2732
13504 2814
13504 3557
13504 4434
13504 5185
13504 5295
13504 6075
13504 6116
13504 6177
13504 7326
13504 7636
13504 11921
13504 12543
13504 12585
13504 14007
13550 427
13550 2406
13550 2771
13550 3003
13550 3781
13550 4290
13550 4815
13550 5225
13550 6250
13550 6356
13550 6454
13550 7022
13550 7622
13550 7698
13550 8181
13550 8851
13550 9376
13550 9765
13550 10683
13550 11353
13550 13162
13550 13211
13550 13541
13564 5226
13564 7152
13569 2494
13569 6445
13569 9493
13596 1836
13918 11156
14016 7805
14016 9993
14039 1164
14039 2510
14039 3295
14039 6140
14039 7800
14039 8284
14039 8546
14039 8905
14039 12275
14039 14024
14058 1658
14058 10365
14116 286
14116 3272
14275 7852
14314 114
14314 450
14314 3286
14314 4210
14314 8383
14314 13475
14314 14052
14456 8434
14456 11353
14456 12012
14456 13332
14459 7820
14462 136
14462 1674
14462 2217
14462 8980
14462 12796
14462 12825
14462 13507
14462 14302
14463 80
14463 6748
14463 7834
14464 222
14464 6227
14464 6984
14464 9987
14464 11389
14466 6879
14466 10000
14466 10357
14466 11325
14466 13415
14467 5869
14467 9551
14468 647
14468 9604
14469 4306
14469 6269
14469 7290
14470 717
14470 2261
14470 7665
14473 11738
14474 11771
14475 12060
14477 10300
14479 448
14479 2581
14479 2851
14479 2852
14479 4598
14480 10855
14480 11877
14481 211
14481 1963
14481 3356
