14541 14541 2643
702 65
702 71
702 74
702 141
702 379
702 525
702 669
702 761
702 1110
702 1111
702 1226
702 1319
702 1454
702 1463
702 1503
702 1574
702 1719
702 1741
702 1755
702 1770
702 1853
702 1858
702 2250
702 2288
702 2291
702 2328
702 2329
702 2382
702 2534
702 2673
702 3196
702 3420
702 3628
702 3642
702 3679
702 3783
702 3852
702 3857
702 3912
702 3913
702 3922
702 4114
702 4115
702 4286
702 4484
702 4522
702 4790
702 4828
702 4832
702 4869
702 5000
702 5104
702 5135
702 5162
702 5671
702 5717
702 5803
702 5903
702 5911
702 5912
702 5976
702 5977
702 6081
702 6206
702 6379
702 6380
702 6381
702 6394
702 6400
702 6484
702 6830
702 6842
702 7000
702 7095
702 7141
702 7156
702 7172
702 7177
702 7233
702 7407
702 7637
702 7742
702 7849
702 7868
702 7876
702 8002
702 8175
702 8350
702 8549
702 8570
702 8698
702 8754
702 8758
702 8772
702 8776
702 8777
702 8834
702 8849
702 8924
702 8985
702 9191
702 9213
702 9221
702 9230
702 9256
702 9281
702 9300
702 9326
702 9328
702 9389
702 9457
702 9509
702 9514
702 9727
702 9739
702 9774
702 9801
702 9946
702 10116
702 10166
702 10221
702 10224
702 10261
702 10407
702 10624
702 10636
702 10877
702 10911
702 10932
702 10939
702 11045
702 11052
702 11108
702 11162
702 11171
702 11183
702 11424
702 11425
702 11495
702 11625
702 11664
702 11688
702 11689
702 11691
702 11700
702 11707
702 11741
702 11752
702 11823
702 11825
702 11844
702 11847
702 11953
702 11969
702 12056
702 12147
702 12322
702 12386
702 12402
702 12405
702 12433
702 12456
702 12485
702 12492
702 12540
702 12674
702 12697
702 12703
702 12704
702 12728
702 12741
702 12777
702 12810
702 12880
702 12896
702 13133
702 13141
702 13236
702 13315
702 13324
702 13577
702 13849
702 13850
702 13935
702 13950
702 13979
702 13981
702 13989
702 13991
702 14047
702 14051
702 14126
702 14278
702 14493
702 14502
704 57
704 61
704 68
704 139
704 613
704 640
704 679
704 720
704 747
704 774
704 817
704 1211
704 1220
704 1341
704 1409
704 1456
704 1457
704 1790
704 1802
704 1834
704 1835
704 1908
704 2003
704 2288
704 2340
704 2493
704 2498
704 2546
704 3105
704 3192
704 3196
704 3421
704 3423
704 3602
704 3714
704 3715
704 3716
704 3770
704 3849
704 3872
704 3883
704 3926
704 3972
704 4002
704 4115
704 4174
704 4215
704 4437
704 4453
704 4463
704 4583
704 4657
704 4695
704 4791
704 4827
704 4885
704 4959
704 5087
704 5168
704 5276
704 5320
704 5365
704 5491
704 5569
704 5578
704 5610
704 5612
704 5658
704 5681
704 5726
704 5767
704 5875
704 5892
704 5911
704 6118
704 6195
704 6199
704 6208
704 6273
704 6381
704 6421
704 6460
704 6484
704 6520
704 6573
704 6597
704 6637
704 6711
704 6751
704 6812
704 6944
704 7053
704 7116
704 7134
704 7333
704 7404
704 7495
704 7533
704 7721
704 7841
704 7871
704 7960
704 8031
704 8116
704 8140
704 8182
704 8189
704 8217
704 8228
704 8244
704 8350
704 8353
704 8486
704 8566
704 8603
704 8652
704 8664
704 8786
704 8800
704 8814
704 8874
704 8972
704 9393
704 9394
704 9434
704 9453
704 9454
704 9660
704 9732
704 9738
704 9836
704 9893
704 9933
704 10001
704 10050
704 10080
704 10179
704 10467
704 10590
704 10592
704 10616
704 10646
704 10729
704 10731
704 10783
704 10817
704 10878
704 10904
704 10957
704 10986
704 10991
704 11039
704 11060
704 11120
704 11140
704 11241
704 11243
704 11253
704 11287
704 11297
704 11396
704 11404
704 11412
704 11447
704 11458
704 11462
704 11512
704 11612
704 11640
704 11677
704 11681
704 11776
704 11805
704 11824
704 11828
704 11944
704 12009
704 12026
704 12074
704 12322
704 12343
704 12349
704 12369
704 12406
704 12425
704 12490
704 12527
704 12537
704 12612
704 12613
704 12619
704 12639
704 12669
704 12674
704 12676
704 12689
704 12700
704 12802
704 12885
704 12896
704 12899
704 12906
704 12927
704 12968
704 13096
704 13097
704 13098
704 13100
704 13115
704 13134
704 13139
704 13144
704 13154
704 13202
704 13312
704 13316
704 13540
704 13600
704 13990
704 14043
704 14081
704 14121
704 14125
800 554
800 559
800 744
800 1113
800 1242
800 1307
800 1804
800 2469
800 2684
800 2978
800 3355
800 3367
800 3391
800 3392
800 3783
800 3822
800 3991
800 4097
800 4132
800 4811
800 4841
800 4875
800 4994
800 5004
800 5166
800 5279
800 5302
800 5393
800 5617
800 5670
800 5926
800 6381
800 6473
800 6669
800 6703
800 6735
800 6818
800 6819
800 7368
800 7438
800 7465
800 7735
800 8011
800 8469
800 8555
800 8558
800 8748
800 8754
800 8758
800 8812
800 8966
800 9293
800 9745
800 10273
800 10662
800 10673
800 10685
800 10724
800 10794
800 10874
800 11184
800 11296
800 11375
800 11376
800 11378
800 11446
800 11580
800 11790
800 11831
800 11886
800 11987
800 12004
800 12072
800 12192
800 12210
800 12314
800 12943
800 13083
841 139
841 545
841 1531
841 1805
841 1825
841 1882
841 1883
841 1884
841 2108
841 2168
841 2843
841 3351
841 3541
841 3542
841 3758
841 3963
841 4889
841 5422
841 7065
841 7183
841 7443
841 7584
841 7729
841 7743
841 8506
841 8930
841 9546
841 9563
841 9892
841 10231
841 10286
841 10575
841 10829
841 10937
841 11298
841 11311
841 11459
841 11546
841 11589
841 11972
841 12218
841 12252
841 12284
841 12292
841 12307
841 12364
841 12365
841 12366
841 12375
841 12667
841 12689
841 12725
841 12833
841 12881
841 13117
841 13143
841 13149
841 13154
841 13191
841 13201
841 13238
841 13314
841 13571
841 13751
841 13752
841 13821
841 13939
841 13974
841 14496
856 51
856 60
856 102
856 146
856 156
856 351
856 379
856 549
856 632
856 761
856 1293
856 1647
856 1788
856 1973
856 1979
856 2066
856 2374
856 2407
856 2996
856 3040
856 3133
856 3187
856 3262
856 3354
856 3494
856 3511
856 3657
856 3709
856 3806
856 3816
856 3848
856 3850
856 3983
856 4015
856 4186
856 4233
856 4342
856 4359
856 4424
856 4686
856 4749
856 4855
856 4961
856 5004
856 5005
856 5157
856 5172
856 5182
856 5191
856 5224
856 5286
856 5358
856 5389
856 5521
856 5578
856 5623
856 5657
856 5717
856 5756
856 5767
856 5930
856 5966
856 6002
856 6160
856 6331
856 6381
856 6403
856 6438
856 6531
856 6554
856 6660
856 6821
856 6865
856 6990
856 7053
856 7116
856 7131
856 7134
856 7139
856 7176
856 7292
856 7301
856 7444
856 7466
856 7533
856 7762
856 7825
856 7832
856 7849
856 7919
856 8140
856 8192
856 8252
856 8277
856 8426
856 8451
856 8462
856 8476
856 8577
856 8771
856 8788
856 8803
856 8817
856 9186
856 9236
856 9274
856 9308
856 9431
856 9569
856 9589
856 9653
856 9668
856 9670
856 9674
856 9784
856 9836
856 9887
856 9904
856 9921
856 10001
856 10068
856 10078
856 10113
856 10116
856 10160
856 10319
856 10355
856 10483
856 10571
856 10798
856 10809
856 10817
856 10869
856 10955
856 10956
856 10967
856 10992
856 11030
856 11055
856 11079
856 11100
856 11120
856 11181
856 11210
856 11414
856 11426
856 11427
856 11640
856 11664
856 11666
856 11679
856 11706
856 11707
856 11728
856 11813
856 11824
856 11834
856 11961
856 12180
856 12300
856 12386
856 12460
856 12488
856 12530
856 12604
856 12614
856 12616
856 12627
856 12642
856 12644
856 12664
856 12665
856 12682
856 12689
856 12877
856 12880
856 12927
856 12961
856 13096
856 13099
856 13140
856 13196
856 13533
856 13750
856 13813
856 13977
856 13978
856 13992
856 14031
856 14123
856 14274
856 14441
856 14492
856 14497
1095 102
1095 1409
1095 5717
1095 5976
1095 6904
1472 2437
1472 3871
1472 3928
1472 6941
1472 7700
1472 8335
1472 8645
1472 9543
1472 9570
1472 9612
1472 13327
1472 14279
1472 14280
1472 14440
1472 14500
1566 50
1566 52
1566 774
1566 1409
1566 2305
1566 2503
1566 2970
1566 3043
1566 3562
1566 3816
1566 3926
1566 4141
1566 4174
1566 4583
1566 4647
1566 4750
1566 4821
1566 4961
1566 5025
1566 5104
1566 5373
1566 5537
1566 5597
1566 5668
1566 5673
1566 5979
1566 6080
1566 6118
1566 6172
1566 6403
1566 6421
1566 6594
1566 6765
1566 6955
1566 7298
1566 7333
1566 7486
1566 7839
1566 8036
1566 8621
1566 8680
1566 9333
1566 9393
1566 9489
1566 9774
1566 10067
1566 10495
1566 10547
1566 10592
1566 10713
1566 10767
1566 11152
1566 11183
1566 11184
1566 11404
1566 11415
1566 11805
1566 11813
1566 11822
1566 11829
1566 12074
1566 12354
1566 12522
1566 12540
1566 12661
1566 12662
1566 12665
1566 12700
1566 13317
2571 4002
2571 6081
2571 9653
2571 10339
2571 13199
2571 13312
2831 9645
3200 72
3200 383
3200 1098
3200 1111
3200 1216
3200 1338
3200 1409
3200 1450
3200 1597
3200 1780
3200 1788
3200 2328
3200 2828
3200 3007
3200 3392
3200 3422
3200 3506
3200 3992
3200 4611
3200 4829
3200 5569
3200 5595
3200 5617
3200 5697
3200 5717
3200 5972
3200 6281
3200 6585
3200 6672
3200 6680
3200 6868
3200 6902
3200 6987
3200 7794
3200 7871
3200 8222
3200 9221
3200 9389
3200 9798
3200 9911
3200 10022
3200 10301
3200 11055
3200 11184
3200 11207
3200 11288
3200 11415
3200 11778
3200 11829
3200 11987
3200 12540
3200 12619
3200 12700
3200 13026
3200 13169
3200 13329
3200 14505
3407 12429
3407 12950
3432 73
3432 679
3432 1409
3432 1459
3432 1832
3432 3105
3432 3713
3432 4192
3432 4751
3432 4774
3432 5892
3432 6199
3432 6490
3432 6561
3432 6751
3432 6830
3432 6892
3432 7404
3432 7475
3432 7639
3432 7650
3432 7841
3432 8217
3432 8228
3432 8315
3432 8685
3432 8786
3432 9394
3432 9589
3432 9751
3432 10179
3432 10261
3432 10425
3432 10504
3432 10566
3432 10653
3432 10785
3432 10903
3432 10964
3432 11288
3432 11415
3432 11462
3432 11748
3432 11876
3432 12467
3432 12512
3432 12613
3432 12616
3432 12669
3432 12674
3432 12676
3432 12682
3432 13134
3433 1461
3433 3262
3433 4212
3433 4775
3433 4949
3433 4952
3433 4960
3433 5731
3433 6432
3433 6469
3433 6830
3433 7064
3433 7123
3433 7400
3433 7416
3433 7539
3433 7802
3433 8697
3433 8791
3433 8849
3433 9685
3433 9687
3433 10286
3433 10322
3433 10477
3433 10626
3433 10728
3433 10903
3433 11396
3433 11412
3433 11481
3433 11694
3433 11705
3433 11728
3433 11766
3433 12464
3433 12558
3433 12616
3433 12634
3433 12769
3433 12925
3434 756
3434 829
3434 830
3434 839
3434 1379
3434 1548
3434 1655
3434 1708
3434 1837
3434 1892
3434 3964
3434 4074
3434 4090
3434 4267
3434 4310
3434 4342
3434 5100
3434 5358
3434 5492
3434 5534
3434 5685
3434 5717
3434 5756
3434 5937
3434 5938
3434 6554
3434 7116
3434 7137
3434 7167
3434 7171
3434 7371
3434 7511
3434 7626
3434 7643
3434 7658
3434 7768
3434 7822
3434 7919
3434 7992
3434 8299
3434 8528
3434 9047
3434 9162
3434 9274
3434 10016
3434 10277
3434 10359
3434 11038
3434 11780
3434 11906
3434 12486
3434 12596
3434 13328
3434 13755
3434 13850
3483 65
3483 1943
3483 2462
3483 3276
3483 4190
3483 4193
3483 4680
3483 4788
3483 5001
3483 5013
3483 5244
3483 6196
3483 6206
3483 6315
3483 6400
3483 6518
3483 6828
3483 6860
3483 7080
3483 7122
3483 7125
3483 7231
3483 7251
3483 7637
3483 8145
3483 8448
3483 8698
3483 8880
3483 9683
3483 9844
3483 10157
3483 10197
3483 10221
3483 10471
3483 10518
3483 10636
3483 10968
3483 11734
3483 12303
3483 12422
3483 12478
3483 12672
3483 12721
3483 12741
3483 12956
3483 13329
3483 14103
3535 1456
3535 1457
3535 3872
3535 4215
3535 4865
3535 5365
3535 5610
3535 5612
3535 6338
3535 6944
3535 7960
3535 8315
3535 11039
3535 11876
3535 12369
3535 12612
3535 12885
3535 13098
3787 2028
3787 6715
3787 7216
3787 7960
3787 10042
3787 11064
3787 11969
3787 12700
3856 679
3856 5211
3856 6860
3856 7064
3856 14081
5003 4839
5003 5511
5003 6949
5457 62
5457 64
5457 892
5457 1338
5457 3668
5457 3921
5457 4016
5457 4188
5457 4281
5457 4342
5457 4473
5457 4736
5457 5047
5457 5276
5457 5646
5457 5717
5457 5792
5457 5976
5457 6350
5457 6670
5457 7285
5457 7357
5457 7543
5457 8054
5457 8426
5457 9589
5457 9617
5457 9656
5457 10218
5457 10359
5457 10629
5457 10726
5457 10872
5457 11103
5457 11490
5457 14005
5518 63
5518 2028
5518 4951
5518 5011
5518 5534
5518 6650
5518 7658
5518 9047
5518 9070
5518 11906
5518 13328
5555 56
5555 59
5555 69
5555 739
5555 1409
5555 2083
5555 3810
5555 4581
5555 5248
5555 5726
5555 6381
5555 6904
5555 7167
5555 9525
5555 9541
5555 9646
5555 9725
5555 9841
5555 9956
5555 10189
5555 10802
5555 12314
5555 12616
5558 2257
5558 2539
5558 3511
5558 3945
5558 4632
5558 4697
5558 5004
5558 5130
5558 5133
5558 6305
5558 7072
5558 7140
5558 7608
5558 7731
5558 7821
5558 7839
5558 9633
5558 10033
5558 10600
5558 11075
5558 14035
5589 68
5589 640
5589 671
5589 728
5589 1409
5589 1908
5589 4289
5589 5578
5589 5726
5589 5786
5589 6338
5589 6447
5589 6573
5589 7919
5589 8217
5589 9540
5589 11120
5589 14103
5651 2355
5651 5553
5651 6384
5651 6447
5651 7355
5651 9341
5651 9662
5765 788
5765 3424
5765 5109
5765 5994
5765 8095
5765 9202
5765 9995
6007 4016
6007 7126
6007 10224
6007 10291
6007 11292
6007 12358
6260 5209
6260 10570
6260 11906
6260 12535
6370 481
6370 2330
6370 7335
6370 7960
6370 9123
6370 10803
6370 12535
6556 379
6556 892
6556 1719
6556 2407
6556 2996
6556 3283
6556 3576
6556 3983
6556 4736
6556 4961
6556 5191
6556 5623
6556 5632
6556 5976
6556 6293
6556 6990
6556 7053
6556 7139
6556 7292
6556 7357
6556 7543
6556 7825
6556 7849
6556 8054
6556 8145
6556 8277
6556 8462
6556 8482
6556 8577
6556 8899
6556 9230
6556 9308
6556 9668
6556 9674
6556 9887
6556 9904
6556 10068
6556 10074
6556 10218
6556 10322
6556 10483
6556 10676
6556 11396
6556 11414
6556 11666
6556 11707
6556 11797
6556 11961
6556 12180
6556 12460
6556 12616
6556 12644
6556 13545
6560 3639
6560 3814
6560 9488
6560 9563
6560 13993
6575 5280
6575 5892
6575 8983
6575 9893
6575 11026
6575 11462
6575 11490
6575 12467
6575 12684
6575 13149
6575 13993
6708 6081
6708 9326
6708 13589
6729 670
6729 756
6729 892
6729 1113
6729 1379
6729 1503
6729 1574
6729 1837
6729 1943
6729 2291
6729 2329
6729 2377
6729 2503
6729 2684
6729 2970
6729 3642
6729 3674
6729 3679
6729 3783
6729 3921
6729 4097
6729 4142
6729 4233
6729 4279
6729 4342
6729 4424
6729 4583
6729 4742
6729 4818
6729 4865
6729 5013
6729 5189
6729 5211
6729 5286
6729 5491
6729 5493
6729 5494
6729 5496
6729 5507
6729 5673
6729 5722
6729 5756
6729 5803
6729 6169
6729 6215
6729 6379
6729 6421
6729 6428
6729 6499
6729 6600
6729 6616
6729 6735
6729 6812
6729 6819
6729 7064
6729 7104
6729 7122
6729 7156
6729 7177
6729 7407
6729 7462
6729 7486
6729 7606
6729 7608
6729 7624
6729 7839
6729 7868
6729 7915
6729 7925
6729 7959
6729 7992
6729 8012
6729 8044
6729 8169
6729 8172
6729 8175
6729 8429
6729 8589
6729 8680
6729 8747
6729 8754
6729 8787
6729 8816
6729 8883
6729 8974
6729 8985
6729 9256
6729 9293
6729 9332
6729 9333
6729 9603
6729 9670
6729 9686
6729 9887
6729 9956
6729 10067
6729 10074
6729 10166
6729 10205
6729 10259
6729 10473
6729 10477
6729 10574
6729 10670
6729 10681
6729 10785
6729 10802
6729 10906
6729 10962
6729 10963
6729 11049
6729 11052
6729 11071
6729 11140
6729 11182
6729 11287
6729 11293
6729 11306
6729 11404
6729 11411
6729 11413
6729 11414
6729 11445
6729 11447
6729 11511
6729 11518
6729 11580
6729 11623
6729 11625
6729 11640
6729 11692
6729 11754
6729 11790
6729 11805
6729 11822
6729 11828
6729 11836
6729 11844
6729 11900
6729 11962
6729 12410
6729 12677
6729 12704
6729 12725
6729 12899
6729 13169
6729 13593
6729 13849
6730 754
6730 1482
6730 3354
6730 4742
6730 5102
6730 5129
6730 5631
6730 6160
6730 6195
6730 6353
6730 6437
6730 6447
6730 6812
6730 7065
6730 7325
6730 7386
6730 7863
6730 7959
6730 8100
6730 8140
6730 8169
6730 8228
6730 8403
6730 8562
6730 9327
6730 9341
6730 9387
6730 9662
6730 10574
6730 10878
6730 10905
6730 11044
6730 11186
6730 11292
6730 11396
6730 11398
6730 11411
6730 11415
6730 11485
6730 11680
6730 11710
6730 11766
6730 11797
6730 11851
6730 11852
6730 12071
6730 12168
6730 12358
6730 12447
6730 12466
6730 12619
6730 12671
6730 13149
6730 13961
7169 1462
7169 2534
7169 3422
7169 6892
7169 11152
7169 13097
7169 14493
7223 5393
7332 873
7332 1409
7332 4830
7332 4857
7332 4865
7332 4873
7332 5976
7332 6428
7332 7825
7332 8415
7332 8470
7332 8480
7332 8482
7332 8549
7332 8972
7332 9444
7332 9656
7332 10200
7332 10670
7332 11334
7332 11398
7332 11444
7332 11741
7332 12009
7332 12075
7332 12355
7332 12357
7332 12700
7361 1482
7361 4873
7361 8603
7361 9047
7361 9387
7361 10477
7361 10481
7361 10483
7361 10653
7361 11103
7361 11182
7361 11451
7361 11748
7361 12391
7361 12448
7560 844
7560 956
7560 1226
7560 1461
7560 1548
7560 4279
7560 4818
7560 4955
7560 5188
7560 5373
7560 5493
7560 5494
7560 5495
7560 5685
7560 6024
7560 6081
7560 6130
7560 6215
7560 8012
7560 8100
7560 8299
7560 8766
7560 8885
7560 8992
7560 9653
7560 9796
7560 9892
7560 10146
7560 10985
7560 11419
7560 11511
7560 11900
7560 12402
7560 12454
7560 13095
7560 13593
7578 6518
7578 12618
7977 94
7977 383
7977 554
7977 559
7977 1025
7977 1111
7977 1113
7977 1242
7977 1307
7977 1338
7977 1409
7977 1780
7977 1788
7977 1804
7977 2257
7977 2469
7977 2684
7977 2828
7977 2978
7977 3007
7977 3355
7977 3367
7977 3391
7977 3822
7977 3926
7977 3991
7977 3992
7977 4132
7977 4347
7977 4632
7977 4697
7977 4747
7977 4788
7977 4875
7977 4920
7977 4994
7977 5379
7977 5617
7977 5697
7977 5726
7977 6305
7977 6442
7977 6473
7977 6490
7977 6669
7977 6672
7977 6680
7977 6780
7977 6904
7977 7115
7977 7176
7977 7233
7977 7368
7977 7438
7977 7735
7977 7792
7977 7839
7977 7871
7977 8429
7977 8555
7977 8558
7977 8680
7977 8700
7977 8748
7977 8812
7977 9070
7977 9293
7977 9387
7977 9541
7977 9633
7977 9911
7977 10050
7977 10616
7977 10673
7977 10685
7977 10704
7977 10724
7977 10802
7977 10874
7977 11120
7977 11184
7977 11288
7977 11447
7977 11766
7977 11790
7977 11827
7977 11829
7977 11831
7977 11886
7977 11987
7977 12072
7977 12210
7977 12349
7977 12532
7977 13026
7977 13169
7977 13253
7977 13984
7977 14035
7977 14505
7985 10481
7985 11102
7985 11186
7985 11447
7985 12527
8201 7606
8201 8453
8201 8862
8201 10159
8201 10676
8201 11320
8201 11653
8201 12906
8202 3841
8202 5129
8202 6985
8202 7459
8202 7843
8202 7915
8202 8172
8202 8667
8202 10294
8202 10663
8202 10676
8202 11026
8202 11413
8202 11415
8202 11451
8202 12367
8224 726
8224 738
8224 1908
8224 3819
8224 3871
8224 4832
8224 8211
8291 10902
8495 131
8495 378
8495 388
8495 456
8495 572
8495 671
8495 842
8495 844
8495 935
8495 1010
8495 1025
8495 1168
8495 1448
8495 1574
8495 1637
8495 1715
8495 1716
8495 2013
8495 2305
8495 2315
8495 2503
8495 2986
8495 3153
8495 3218
8495 3632
8495 3870
8495 3892
8495 3915
8495 3919
8495 3944
8495 3992
8495 4011
8495 4073
8495 4512
8495 4583
8495 4647
8495 4651
8495 4784
8495 4806
8495 4819
8495 4916
8495 4959
8495 4961
8495 4982
8495 5025
8495 5144
8495 5321
8495 5350
8495 5373
8495 5389
8495 5550
8495 5668
8495 5722
8495 5979
8495 6080
8495 6172
8495 6208
8495 6295
8495 6315
8495 6333
8495 6407
8495 6421
8495 6447
8495 6499
8495 6539
8495 6580
8495 6637
8495 6780
8495 6904
8495 7040
8495 7104
8495 7129
8495 7164
8495 7185
8495 7333
8495 7388
8495 7486
8495 7553
8495 7735
8495 7771
8495 7792
8495 7794
8495 7811
8495 8065
8495 8167
8495 8315
8495 8331
8495 8475
8495 8491
8495 8492
8495 8664
8495 8680
8495 8747
8495 8748
8495 8886
8495 8898
8495 8992
8495 9177
8495 9178
8495 9223
8495 9259
8495 9260
8495 9332
8495 9333
8495 9603
8495 9731
8495 9774
8495 9852
8495 9933
8495 9958
8495 10067
8495 10155
8495 10179
8495 10200
8495 10205
8495 10319
8495 10320
8495 10461
8495 10467
8495 10481
8495 10483
8495 10495
8495 10600
8495 10611
8495 10626
8495 10629
8495 10646
8495 10704
8495 10781
8495 10782
8495 10783
8495 10785
8495 10808
8495 10884
8495 10936
8495 10957
8495 10973
8495 11071
8495 11184
8495 11251
8495 11259
8495 11293
8495 11314
8495 11334
8495 11376
8495 11377
8495 11378
8495 11399
8495 11424
8495 11512
8495 11518
8495 11594
8495 11595
8495 11626
8495 11692
8495 11735
8495 11777
8495 11779
8495 11805
8495 11809
8495 11822
8495 11900
8495 11958
8495 11977
8495 12004
8495 12064
8495 12149
8495 12290
8495 12386
8495 12407
8495 12429
8495 12522
8495 12546
8495 12645
8495 12661
8495 12735
8495 12806
8495 12832
8495 13094
8495 13113
8495 13115
8495 13134
8495 13149
8495 13187
8495 13189
8495 13192
8495 13195
8495 13199
8495 13202
8495 13223
8495 13317
8495 13548
8495 13554
8495 13949
8495 13964
8495 14120
8495 14122
8495 14124
8495 14442
8541 1293
8541 1503
8541 2288
8541 8985
8541 10166
8541 11625
8541 11689
8541 11691
8541 11700
8541 11847
8541 11953
8633 11747
8727 3337
8727 4884
8727 4991
8727 5189
8727 5365
8727 5511
8727 5976
8727 5995
8727 6949
8727 7072
8727 7106
8727 7109
8727 7140
8727 7325
8727 7468
8727 7821
8727 8800
8727 8898
8727 9633
8727 9686
8727 10033
8727 10120
8727 10216
8727 10275
8727 10294
8727 10483
8727 10905
8727 11447
8727 11687
8727 11705
8727 11735
8727 12391
8727 12405
8727 12448
8727 12459
8727 12492
8727 12536
8727 12631
8727 12644
8727 12775
8829 9613
9022 1719
9022 3921
9022 4473
9022 5005
9022 5129
9022 5172
9022 5224
9022 5506
9022 5646
9022 5998
9022 6293
9022 6438
9022 6810
9022 8426
9022 8803
9022 8817
9022 8883
9022 9950
9022 10534
9022 12615
9022 13199
9022 13961
9025 75
9025 6337
9664 744
9664 3678
9664 4736
9664 4811
9664 6159
9664 8011
9664 8476
9664 8567
9664 10794
9664 10962
9664 11679
9664 11716
9664 12943
9664 13166
9966 5657
9966 5998
9966 6002
9966 6810
9966 8883
9966 8885
9966 9456
9966 9950
9966 11181
9966 11832
9966 11834
9966 12489
9966 12615
9966 12641
10058 52
10058 67
10058 112
10058 347
10058 545
10058 760
10058 788
10058 844
10058 852
10058 915
10058 1147
10058 1197
10058 1220
10058 1273
10058 1640
10058 1647
10058 1666
10058 1704
10058 1707
10058 1709
10058 1710
10058 1851
10058 2013
10058 2082
10058 2377
10058 2382
10058 2407
10058 2464
10058 2493
10058 2546
10058 2767
10058 3351
10058 3424
10058 3465
10058 3504
10058 3641
10058 3651
10058 3674
10058 3699
10058 3774
10058 3829
10058 3869
10058 3880
10058 3964
10058 4115
10058 4129
10058 4279
10058 4342
10058 4343
10058 4414
10058 4586
10058 4703
10058 4726
10058 4805
10058 4818
10058 4819
10058 4834
10058 4838
10058 4865
10058 4955
10058 4961
10058 5054
10058 5070
10058 5109
10058 5144
10058 5170
10058 5188
10058 5189
10058 5223
10058 5358
10058 5372
10058 5493
10058 5494
10058 5495
10058 5496
10058 5507
10058 5582
10058 5596
10058 5703
10058 5717
10058 5726
10058 5729
10058 5731
10058 5756
10058 5960
10058 6024
10058 6081
10058 6169
10058 6206
10058 6215
10058 6568
10058 6573
10058 6600
10058 6812
10058 6830
10058 6842
10058 6922
10058 6925
10058 6941
10058 6955
10058 6990
10058 6991
10058 7010
10058 7100
10058 7116
10058 7123
10058 7165
10058 7183
10058 7216
10058 7233
10058 7350
10058 7443
10058 7446
10058 7463
10058 7511
10058 7592
10058 7608
10058 7624
10058 7638
10058 7643
10058 7697
10058 7726
10058 7744
10058 7758
10058 7791
10058 7825
10058 7827
10058 7876
10058 7882
10058 8012
10058 8095
10058 8100
10058 8117
10058 8354
10058 8387
10058 8446
10058 8452
10058 8517
10058 8559
10058 8565
10058 8684
10058 8685
10058 8701
10058 8717
10058 8755
10058 8780
10058 8818
10058 8849
10058 8885
10058 8914
10058 9152
10058 9230
10058 9387
10058 9455
10058 9456
10058 9467
10058 9489
10058 9571
10058 9590
10058 9653
10058 9656
10058 9677
10058 9731
10058 9796
10058 9852
10058 9910
10058 10016
10058 10022
10058 10042
10058 10146
10058 10155
10058 10192
10058 10221
10058 10247
10058 10275
10058 10277
10058 10297
10058 10359
10058 10429
10058 10433
10058 10466
10058 10472
10058 10544
10058 10573
10058 10638
10058 10656
10058 10681
10058 10693
10058 10713
10058 10727
10058 10802
10058 10906
10058 10963
10058 10985
10058 11021
10058 11097
10058 11280
10058 11419
10058 11424
10058 11438
10058 11445
10058 11505
10058 11511
10058 11518
10058 11649
10058 11685
10058 11723
10058 11755
10058 11800
10058 11808
10058 11969
10058 12075
10058 12322
10058 12352
10058 12357
10058 12420
10058 12454
10058 12476
10058 12486
10058 12491
10058 12536
10058 12548
10058 12558
10058 12614
10058 12628
10058 12650
10058 12687
10058 12691
10058 12716
10058 12725
10058 12755
10058 12761
10058 12884
10058 13095
10058 13096
10058 13154
10058 13164
10058 13196
10058 13212
10058 13233
10058 13325
10058 13326
10058 13578
10058 13579
10058 13593
10058 13850
10058 14046
10058 14047
10058 14048
10058 14050
10058 14276
10058 14375
10058 14503
10241 6381
10293 744
10293 2684
10293 3392
10293 4347
10293 4581
10293 6293
10293 6735
10293 9541
10293 10364
10293 10444
10293 10794
10293 11446
10293 11580
10293 13026
10372 2200
10372 5097
10372 5485
10372 7474
10436 11424
10478 873
10478 8415
10478 8480
10478 10670
10478 11412
10478 11444
10478 11710
10478 12358
10478 12617
10478 12956
10548 3858
10548 7607
10548 11623
10548 11851
10651 5087
10651 10179
10651 11102
10661 738
10661 1908
10661 3196
10661 3819
10661 3871
10661 6381
10661 8211
10661 8488
10661 10224
10661 10473
10661 10534
12184 3857
12184 3966
12184 4750
12184 4821
12184 5016
12184 5211
12184 6184
12184 7687
12184 9223
12184 10200
12184 10259
12184 10585
12184 10806
12184 10910
12184 11415
12184 11829
12184 12616
12184 12631
12251 1226
12251 2108
12251 5373
12251 6206
12251 6518
12251 6985
12251 7072
12251 7843
12251 7915
12251 8169
12251 8992
12251 9774
12251 10481
12251 10534
12251 10670
12251 10905
12251 11182
12251 11415
12251 12674
12319 61
12319 315
12319 341
12319 377
12319 379
12319 585
12319 640
12319 728
12319 1533
12319 1719
12319 1908
12319 2168
12319 2437
12319 2547
12319 2641
12319 3133
12319 3516
12319 3576
12319 3675
12319 3709
12319 3742
12319 3783
12319 3871
12319 3923
12319 3928
12319 3963
12319 4002
12319 4289
12319 4673
12319 4855
12319 4884
12319 4889
12319 5056
12319 5139
12319 5182
12319 5264
12319 5320
12319 5422
12319 5903
12319 5976
12319 5994
12319 6188
12319 6195
12319 6198
12319 6381
12319 6978
12319 7379
12319 7443
12319 7729
12319 7744
12319 7792
12319 7816
12319 8026
12319 8140
12319 8209
12319 8212
12319 8415
12319 8543
12319 8754
12319 8758
12319 8760
12319 8777
12319 8898
12319 8899
12319 9152
12319 9202
12319 9340
12319 9612
12319 9670
12319 10066
12319 10116
12319 10146
12319 10160
12319 10216
12319 10600
12319 10827
12319 10865
12319 10866
12319 10940
12319 10992
12319 11376
12319 11428
12319 11459
12319 11589
12319 11664
12319 11707
12319 11860
12319 12214
12319 12221
12319 12391
12319 12430
12319 12515
12319 12521
12319 12645
12319 12664
12319 12689
12319 12833
12319 13095
12319 13129
12319 13154
12319 13752
12319 13821
12319 13850
12319 13993
12319 14048
12319 14279
12319 14499
12450 61
12450 68
12450 640
12450 1409
12450 4002
12450 4289
12450 4437
12450 5786
12450 6338
12450 8217
12450 9540
12450 12494
13145 59
13145 66
13145 69
13145 94
13145 1025
13145 1098
13145 1308
13145 1462
13145 2467
13145 3196
13145 3283
13145 3337
13145 3340
13145 3511
13145 3715
13145 3796
13145 3945
13145 4141
13145 4142
13145 4388
13145 4477
13145 4651
13145 4674
13145 4747
13145 4788
13145 4922
13145 4963
13145 5004
13145 5034
13145 5129
13145 5133
13145 5276
13145 5904
13145 5953
13145 5956
13145 5993
13145 6305
13145 6363
13145 6441
13145 6570
13145 6864
13145 6900
13145 7259
13145 7547
13145 7724
13145 7839
13145 7871
13145 8214
13145 8589
13145 8603
13145 9327
13145 9633
13145 9645
13145 9828
13145 10015
13145 10259
13145 10320
13145 10590
13145 10670
13145 10711
13145 10732
13145 10806
13145 10949
13145 11836
13145 11962
13145 12093
13145 12214
13145 12391
13145 12402
13145 12436
13145 12532
13145 12674
13145 12677
13145 13149
13145 13540
13145 13961
13145 14049
13145 14103
13145 14283
13145 14506
13217 1064
13217 2013
13217 3366
13217 3819
13217 5844
13217 7165
13217 7756
13217 10940
13217 12192
13217 12429
13217 12526
13217 12547
13217 13190
13217 13235
13249 10444
13251 6130
13610 12927
13743 666
