14541 14541 129
5986 7762
6371 2534
6506 10827
7236 1883
7236 3758
7236 12218
7236 12307
7913 1113
7913 4959
7913 9379
7913 12429
7913 13115
7913 13154
7913 13189
7913 13253
7914 2013
7916 5681
7916 10016
7916 12515
7916 13154
7916 13235
7926 7165
7954 9563
7954 12292
7954 13113
7954 13149
7954 14276
7962 341
7962 3516
7962 7744
7962 12430
8035 4832
8035 10877
8035 10932
8035 11495
8035 13324
8038 378
8038 2843
8038 3944
8038 5930
8038 7165
8038 7771
8038 9152
8038 10611
8038 10936
8038 11495
8038 11779
8038 13134
8038 13192
8038 13195
8042 13201
8057 1528
8057 13095
8057 13202
8072 3675
8072 13095
8072 13129
8079 1639
8079 5157
8079 13950
8133 3133
8133 3421
8133 4016
8133 5135
8133 5697
8133 6783
8133 7379
8133 11827
8135 671
8135 1350
8135 5286
8135 6295
8135 8914
8135 9272
8135 9281
9451 377
9451 3516
9451 4818
9451 8212
9451 8760
9451 9340
9451 11428
9451 12430
9451 12605
9451 12655
9451 13344
9452 4832
9452 6394
9452 6456
9452 10877
9452 10911
9452 11425
9452 11495
9452 12697
9452 13324
9452 13577
9452 13950
9452 13966
9628 378
9628 485
9628 3944
9628 4959
9628 7771
9628 9434
9628 10936
9628 11779
9628 12735
9628 13134
9628 13195
9628 13202
11148 3869
11148 10345
11148 11424
11148 11438
11148 11505
11148 12221
11148 12697
11148 13212
11272 5912
11272 7165
11272 10911
11272 10932
11272 11108
11272 11429
11272 13141
11272 13236
11272 13315
12051 10829
12051 13191
