14541 14541 1573
22 8956
22 9095
22 12694
77 1085
77 2681
77 3617
77 10934
111 8361
111 12768
113 476
113 2930
113 11050
113 12917
124 167
154 2740
167 887
167 6029
167 7029
167 11327
177 3411
177 10988
178 10310
211 241
241 211
241 8740
248 2602
285 451
297 8207
302 664
302 2204
302 2871
302 7039
302 7808
302 12003
338 1969
338 9758
338 10864
366 4585
366 12543
366 14299
393 2424
393 13005
406 619
406 1162
406 1163
406 2277
406 3221
406 4645
406 6661
406 7092
406 8207
406 8925
406 9225
406 11028
406 11225
406 11328
406 11971
406 12651
406 12668
406 13644
414 536
414 7099
419 11225
425 2265
425 3029
425 3286
425 3952
425 4585
425 6997
425 7276
425 12437
448 406
448 7161
448 9138
451 285
460 2232
460 13556
461 9605
461 10938
462 7611
476 2275
476 2314
476 2716
476 3301
476 4479
476 6997
476 9253
476 11160
497 2929
497 10391
497 12023
510 13602
511 10455
514 8152
514 11857
519 1752
536 414
536 8292
536 9733
555 2098
555 2776
555 3301
555 6065
563 2705
564 1511
564 10133
567 14017
578 1166
584 8520
612 12227
619 406
619 425
619 907
619 11225
621 4210
621 12003
621 14072
626 555
635 2239
639 2098
639 11328
639 11971
652 2761
664 302
664 6055
664 10005
665 3221
700 2443
700 4713
700 10708
701 2443
701 8710
701 10708
706 3617
732 4464
732 6285
732 7268
732 10708
732 13644
750 12749
751 2325
751 4643
753 4274
757 10530
824 13114
850 4210
850 14530
878 6179
878 10683
887 167
887 11327
890 7039
907 619
907 5490
907 5549
907 7099
907 10988
907 13602
924 7716
954 6178
965 1014
987 13358
988 7092
1013 1014
1013 11065
1014 1013
1014 10598
1014 11327
1048 2610
1048 7808
1056 2847
1056 9807
1079 3286
1079 5621
1079 7288
1079 8157
1079 11003
1085 77
1085 1545
1085 2277
1085 4252
1085 8309
1085 12768
1085 13442
1135 4562
1155 3009
1162 406
1163 406
1164 10934
1166 578
1166 2554
1166 2742
1166 3486
1166 4082
1320 13970
1334 9265
1414 5661
1414 6335
1444 1542
1444 2716
1446 10346
1486 11971
1511 564
1538 2871
1538 14060
1542 1444
1545 1085
1545 3058
1545 4643
1545 9761
1570 2443
1570 3344
1570 8823
1570 10708
1575 9538
1575 13931
1584 2265
1584 14299
1607 4846
1671 3929
1680 2443
1680 10708
1680 10934
1680 10988
1680 10998
1680 13931
1713 11441
1726 701
1736 1862
1746 11971
1746 13162
1752 519
1752 2538
1752 7716
1753 1890
1753 9742
1753 9758
1753 10864
1754 3088
1754 10030
1769 1848
1769 2238
1778 619
1778 13814
1822 11493
1848 1769
1848 9733
1848 14268
1862 1736
1873 3360
1886 4610
1886 8913
1886 12706
1887 1910
1887 2354
1887 4292
1888 1937
1890 1753
1910 1887
1910 6415
1910 9253
1910 12683
1924 11521
1926 2117
1937 1888
1937 2754
1937 2979
1937 5587
1937 6065
1944 7039
1944 11514
1953 3163
1969 338
1969 4645
1969 12668
1980 11236
1980 13936
2048 3952
2077 2602
2077 13814
2079 4539
2079 10886
2079 11067
2079 11313
2079 12933
2093 13005
2098 555
2117 1926
2117 3617
2117 4914
2117 14059
2135 3163
2169 4197
2187 13556
2194 2195
2204 302
2204 3905
2204 6402
2204 10934
2204 12768
2216 460
2216 13556
2232 460
2232 555
2232 13556
2237 2239
2237 2610
2237 2853
2237 8273
2237 13539
2238 1769
2238 3110
2239 635
2239 2237
2239 2251
2239 2406
2239 2924
2239 6356
2239 7698
2239 11277
2239 11514
2239 13005
2239 13936
2245 4077
2245 5381
2245 8564
2249 2490
2251 476
2251 2239
2251 2325
2251 2354
2251 3301
2251 3318
2251 4479
2251 5896
2251 6809
2255 8925
2261 2262
2261 2443
2261 3998
2261 4199
2261 6335
2261 9207
2261 11328
2265 425
2265 1584
2265 2748
2265 2884
2265 7850
2265 14284
2268 717
2268 2709
2268 4199
2268 11328
2275 476
2277 406
2277 1085
2277 9758
2277 10864
2292 3952
2292 5828
2292 10708
2307 2610
2314 476
2314 6285
2325 751
2325 2251
2325 4562
2325 4643
2325 5490
2325 13602
2354 1887
2354 2251
2354 3318
2354 9229
2372 3221
2406 2239
2406 3344
2406 8207
2406 10934
2406 13162
2424 393
2424 1545
2443 700
2443 701
2443 1534
2443 1570
2443 1680
2443 2261
2443 2445
2443 2478
2443 6335
2443 6931
2443 7161
2443 9185
2443 9484
2443 10683
2443 10708
2443 11225
2443 12749
2445 700
2445 2443
2445 3952
2445 5529
2445 10708
2471 1451
2471 7089
2474 11984
2477 619
2477 11971
2478 1166
2478 1570
2478 9566
2479 11158
2479 11588
2490 2249
2519 2957
2522 3318
2522 7224
2538 1752
2538 11098
2540 5621
2554 1166
2554 13936
2562 13005
2602 248
2602 2077
2609 2686
2609 13556
2610 1048
2610 2237
2610 2307
2610 2762
2610 4199
2610 7564
2610 7808
2610 12390
2610 12917
2620 2027
2625 5490
2645 7029
2662 1921
2681 77
2682 7063
2686 2609
2691 3865
2703 9547
2703 13489
2705 563
2705 4593
2709 2239
2709 2268
2709 2718
2709 2742
2716 476
2716 1085
2716 10346
2716 11158
2716 11225
2716 11247
2716 13557
2716 13620
2718 612
2718 2709
2718 2757
2718 2761
2718 6719
2718 12036
2722 2575
2727 7144
2727 11225
2727 11971
2727 12390
2740 154
2742 1166
2742 2709
2744 4937
2744 6744
2748 2265
2748 13005
2748 13499
2754 3617
2754 5111
2754 6178
2754 11641
2757 2718
2757 3067
2761 4210
2762 2891
2762 7808
2762 9099
2766 14299
2766 14530
2770 5298
2770 10310
2772 7358
2776 555
2779 6174
2784 2762
2784 2930
2790 2727
2790 3301
2790 3617
2790 7144
2790 8863
2836 4554
2847 5298
2847 9807
2849 11979
2853 2237
2853 10346
2866 10864
2871 302
2871 1538
2871 7651
2871 7808
2871 11003
2882 14268
2884 2265
2888 4525
2890 7268
2890 9758
2891 4554
2898 6766
2910 2709
2910 10864
2912 3344
2912 5132
2912 6855
2924 2890
2924 3344
2924 7161
2924 10913
2924 13162
2925 3344
2930 113
2930 2784
2933 3005
2957 2519
2971 8207
2976 7716
2979 1937
2979 7412
3005 2933
3009 1155
3014 11441
3029 425
3029 1778
3046 7723
3058 1545
3058 3568
3058 5896
3058 6335
3067 2757
3067 3301
3088 1754
3092 2882
3092 3318
3092 3344
3092 3568
3110 2238
3110 5225
3135 6596
3135 8267
3135 11984
3163 1953
3201 14284
3204 6177
3221 406
3221 665
3221 2372
3221 5619
3221 10530
3221 11194
3222 5535
3222 6179
3278 1334
3286 16
3286 425
3286 1079
3301 476
3301 563
3301 2251
3301 2790
3301 3067
3301 3318
3301 3568
3301 4479
3301 5573
3318 2354
3318 3092
3318 3301
3318 5621
3318 8410
3318 11794
3319 11327
3328 3344
3344 907
3344 1570
3344 2406
3344 2912
3344 2924
3344 2925
3344 3092
3344 3328
3344 4464
3344 7039
3344 8956
3344 9758
3344 10864
3344 13005
3360 1873
3360 5896
3360 12898
3377 8152
3377 10346
3377 10530
3411 5740
3411 7358
3411 7493
3471 2396
3471 5738
3471 8435
3471 8823
3480 7092
3486 1166
3568 3092
3568 3301
3568 3318
3608 11794
3608 13473
3617 77
3617 706
3617 2754
3617 2790
3617 5738
3617 7144
3617 8823
3617 13556
3759 4077
3840 11225
3865 2691
3865 7144
3888 7092
3890 13970
3894 5125
3905 2204
3905 4395
3929 407
3929 1671
3929 6057
3929 7092
3929 14000
3952 1767
3952 2048
3952 2249
3952 2443
3952 2445
3952 4125
3952 5832
3952 6800
3952 9253
3952 9758
3952 10708
3952 11141
3952 11225
3952 12768
3998 2261
3999 9758
4005 8520
4077 2245
4077 5381
4082 1166
4082 6744
4098 12696
4121 11441
4122 9692
4125 3952
4197 2169
4199 406
4199 2261
4199 2268
4199 2610
4199 9758
4199 10864
4210 850
4210 1538
4210 14060
4252 1085
4274 753
4274 10455
4292 1887
4292 4554
4395 1166
4395 2204
4395 3905
4464 732
4464 3344
4464 4643
4464 6276
4464 6692
4464 7017
4464 10708
4479 476
4479 3301
4479 5201
4479 7655
4479 13473
4487 13343
4525 2888
4539 11167
4554 2891
4554 4292
4554 12036
4562 1135
4562 2325
4562 5479
4585 366
4585 425
4585 12061
4588 4199
4593 2705
4610 1886
4624 2703
4624 4593
4643 1545
4643 2325
4643 9493
4643 10913
4645 406
4645 1969
4645 6077
4645 11521
4700 5562
4713 700
4713 11158
4722 13272
4846 1607
4846 6547
4906 6001
4909 5920
4914 2117
4937 2744
4937 3301
4937 13473
4944 8207
5098 8520
5111 2754
5111 2768
5111 11236
5125 3894
5125 10938
5125 11098
5125 12680
5132 2478
5132 2912
5132 10708
5160 6897
5160 7039
5201 621
5201 4479
5201 6335
5217 7338
5217 9248
5217 10892
5225 3110
5298 2610
5345 11979
5381 2245
5381 4077
5381 7808
5387 1873
5463 8520
5479 4562
5490 907
5490 2325
5490 2625
5529 2445
5535 3222
5535 7412
5549 425
5549 907
5549 6630
5562 4700
5562 10557
5572 8585
5572 10617
5573 3301
5573 7358
5574 8710
5574 11223
5584 6047
5587 1937
5605 6776
5619 3221
5621 1079
5621 2251
5621 2540
5621 3318
5621 5828
5621 8841
5621 11236
5661 1414
5680 8823
5702 6335
5738 3617
5738 7117
5740 3411
5827 10938
5828 2292
5828 4395
5828 7412
5855 10864
5855 12972
5891 7018
5896 2251
5896 3058
5896 3360
5896 10934
5920 4909
5920 12165
6001 4906
6010 11050
6032 5432
6046 9605
6047 5584
6047 10360
6057 3929
6057 11441
6065 555
6065 1937
6077 4645
6079 11158
6174 2779
6174 11971
6178 954
6178 2754
6178 12917
6179 878
6179 2971
6179 3222
6179 8186
6179 8207
6179 14030
6226 7224
6226 10346
6250 10938
6267 10998
6276 4464
6276 7358
6276 10530
6285 732
6285 2314
6285 8207
6285 12680
6296 3952
6296 9229
6335 268
6335 1414
6335 1680
6335 2261
6335 3058
6335 5201
6335 5702
6335 6800
6335 6997
6335 11328
6335 13271
6356 2239
6362 2204
6362 8290
6402 2204
6414 8710
6415 1910
6464 406
6480 14059
6500 13005
6547 4846
6630 7092
6630 10708
6661 406
6692 4464
6692 8022
6709 14060
6719 2718
6722 9229
6722 10486
6722 10892
6744 4082
6744 9099
6766 2898
6766 9229
6776 5604
6776 5605
6800 3952
6800 6335
6800 7002
6800 12707
6809 2251
6855 2912
6950 11979
6970 10133
6997 425
6997 2709
6997 6335
6997 9758
6997 10864
7002 6335
7002 6800
7002 8383
7018 5891
7029 167
7029 967
7029 1014
7029 2645
7029 10931
7029 11327
7029 11355
7039 890
7039 1944
7039 3344
7039 5160
7039 8152
7046 5583
7063 2682
7083 10998
7089 2471
7092 406
7092 988
7092 2772
7092 3480
7092 3888
7092 3929
7092 6630
7092 10530
7092 11098
7092 11225
7092 12587
7097 3301
7099 414
7099 907
7117 3905
7144 2727
7144 2790
7144 3617
7144 3865
7144 8863
7161 448
7161 2443
7161 2924
7161 11641
7173 519
7193 11441
7207 9082
7224 2522
7224 6226
7224 8399
7224 9099
7224 10601
7224 11878
7224 11901
7268 732
7268 2890
7276 425
7276 12036
7288 1079
7288 13556
7299 5217
7338 5217
7338 9248
7338 12593
7358 514
7358 2772
7358 6276
7358 6354
7358 7655
7358 9566
7358 10683
7412 2979
7412 5535
7412 5828
7412 12917
7493 3411
7557 8881
7564 2610
7611 462
7611 11166
7611 12765
7611 13409
7655 4479
7705 12651
7716 924
7716 2976
7716 8585
7723 3046
7753 13162
7808 302
7808 338
7808 1048
7808 2610
7808 2762
7808 2871
7808 5381
7850 2265
7964 2924
8022 990
8022 6692
8070 5535
8071 11745
8088 13556
8152 514
8152 3377
8152 7039
8157 1079
8186 6179
8186 8956
8207 297
8207 406
8207 2406
8207 2971
8207 4944
8207 6179
8207 6285
8207 12651
8207 13499
8267 3135
8273 2237
8290 6362
8290 13499
8292 536
8309 1085
8361 9605
8383 7002
8399 7224
8410 3318
8435 3471
8435 10253
8520 584
8520 4005
8520 5098
8520 5463
8520 9605
8520 10360
8520 11247
8536 9493
8564 2245
8584 8585
8585 5572
8585 7716
8585 8584
8585 9157
8585 12036
8585 14060
8612 9265
8710 701
8710 5574
8710 6414
8710 7716
8710 10168
8710 11897
8710 12151
8740 241
8740 12174
8756 9547
8757 8940
8823 3471
8823 3617
8823 5680
8823 8945
8823 10190
8841 5621
8863 2790
8863 7144
8863 8940
8881 7557
8925 406
8925 2255
8925 14284
8927 11160
8940 8757
8940 8863
8945 8823
8956 3344
8956 8186
8956 8207
8956 11160
8956 11348
9082 7207
9095 22
9099 2762
9099 6744
9099 7224
9138 448
9138 2682
9138 12651
9139 11225
9139 14017
9157 8585
9185 2443
9185 10708
9185 11770
9196 14060
9207 2261
9207 8823
9207 8945
9207 10447
9225 406
9229 2354
9229 6296
9229 6766
9229 9265
9229 10486
9229 10892
9248 5217
9248 7338
9253 476
9253 1910
9253 3952
9265 1334
9265 8564
9265 9229
9265 10557
9277 8940
9385 11042
9493 4643
9493 8536
9493 10030
9493 12898
9538 1575
9538 13931
9547 2703
9547 8756
9566 2478
9566 3617
9566 7358
9566 12036
9605 230
9605 461
9605 6046
9605 8361
9605 8520
9605 11521
9692 4122
9733 1848
9742 1753
9758 1753
9758 2099
9758 2277
9758 2890
9758 2910
9758 3344
9758 3999
9758 9138
9758 10938
9758 11086
9758 11328
9758 13602
9758 14060
9758 14072
9761 1545
9761 4479
9761 12227
9763 13005
9807 1056
9807 2847
9810 8740
9810 12227
9917 10276
9917 10586
10030 9493
10030 11920
10060 10236
10060 12917
10061 6285
10133 564
10133 6970
10133 10598
10133 12933
10133 12965
10133 13512
10168 8710
10190 9207
10236 3617
10236 10060
10253 2265
10253 8435
10276 9917
10310 2770
10310 13620
10346 1446
10346 2716
10346 2853
10346 3377
10346 6226
10346 10966
10346 12707
10346 13603
10360 850
10360 8520
10360 14530
10391 448
10391 497
10391 14299
10447 9207
10455 511
10455 4274
10455 10513
10455 12651
10455 14083
10486 6722
10486 9229
10486 10557
10486 10892
10513 10455
10530 757
10530 3221
10530 3377
10530 6276
10530 7092
10530 12867
10557 5562
10557 9229
10586 9917
10598 10133
10598 11979
10601 7224
10617 5572
10617 7276
10617 12438
10683 878
10683 2443
10683 7358
10683 10708
10691 11327
10708 700
10708 1570
10708 1680
10708 2292
10708 2445
10708 3952
10708 4464
10708 6630
10708 11225
10708 11247
10708 13814
10864 2277
10864 2866
10864 3344
10864 4199
10864 5855
10864 6997
10864 11086
10864 11328
10886 2079
10892 5217
10892 6722
10892 9229
10892 11745
10913 2924
10913 4643
10931 167
10931 2270
10931 7029
10931 11313
10934 77
10934 302
10934 1085
10934 1164
10934 1680
10934 2406
10934 3617
10934 5896
10938 461
10938 5125
10938 6250
10938 9758
10938 14030
10953 14060
10988 177
10988 907
10988 13644
10998 1680
10998 6267
10998 7083
11003 1079
11003 2871
11003 11839
11028 406
11042 9385
11050 113
11050 6010
11050 12651
11051 9277
11065 11327
11065 11979
11086 9758
11086 10864
11098 2538
11098 5125
11098 7092
11098 11770
11098 12333
11098 13970
11141 3952
11158 2716
11158 5605
11158 6079
11158 12707
11160 476
11160 8927
11160 8956
11160 14017
11167 4539
11179 12696
11194 3221
11223 11519
11225 406
11225 419
11225 2443
11225 2727
11225 3840
11225 3952
11225 7092
11225 7268
11225 9139
11225 11648
11225 11971
11225 13644
11236 476
11236 1980
11236 5621
11247 2716
11247 8520
11247 10708
11247 12036
11277 2239
11279 11879
11313 2079
11313 10931
11327 167
11327 887
11327 3319
11327 7029
11327 10691
11327 10931
11327 11065
11328 406
11328 2261
11328 2268
11328 2610
11328 9758
11328 10864
11348 12651
11355 7029
11441 1713
11441 2610
11441 2974
11441 3014
11441 6057
11441 7193
11493 1822
11514 1944
11514 2239
11519 4479
11521 1924
11521 4645
11521 9605
11526 406
11588 2479
11641 2754
11648 11225
11745 8071
11745 10892
11770 9185
11770 11098
11794 3318
11794 3608
11839 11003
11856 11857
11856 12587
11856 13814
11857 514
11857 3617
11857 9265
11857 11856
11857 12668
11878 3088
11878 7224
11879 11279
11897 8710
11897 11979
11901 7224
11920 10030
11971 406
11971 639
11971 1746
11971 2477
11971 2727
11971 6174
11971 11225
11979 2849
11979 5345
11979 6950
11979 9758
11979 10598
11979 10864
11979 11065
11979 11897
11984 3135
12003 302
12003 621
12023 497
12036 2718
12036 7276
12036 8585
12036 9566
12061 4585
12151 8710
12165 5920
12174 8740
12227 612
12227 9761
12333 11098
12390 2610
12390 2727
12431 11098
12437 425
12438 10617
12543 14299
12587 111
12587 7092
12587 11856
12593 5217
12593 9248
12593 11745
12651 406
12651 2740
12651 5387
12651 7705
12651 9138
12651 10455
12651 11050
12651 11348
12668 406
12668 11857
12680 5125
12680 6285
12680 12917
12683 1910
12694 22
12696 1645
12696 4098
12696 11179
12698 285
12706 1886
12706 7029
12707 6800
12707 10346
12707 11158
12749 750
12749 2443
12765 7611
12768 1085
12768 2204
12848 13558
12867 10530
12898 3360
12898 9493
12917 6178
12917 10060
12917 10934
12917 12680
12933 2079
12933 10133
12965 10133
12972 5855
13005 393
13005 1224
13005 2093
13005 2748
13005 3344
13005 6500
13005 7237
13005 9763
13005 10683
13005 12894
13005 13310
13162 1746
13162 2406
13162 2924
13162 7753
13218 2079
13271 6335
13272 4722
13310 13005
13343 4487
13358 987
13409 7611
13414 13486
13419 5519
13442 1085
13442 2443
13473 4479
13473 4937
13486 13414
13489 2703
13499 1164
13499 2748
13499 8290
13512 10133
13539 2237
13556 460
13556 2187
13556 2216
13556 2232
13556 2609
13556 7288
13556 14072
13557 2716
13558 12848
13602 907
13602 2325
13602 8157
13603 10346
13620 10310
13644 406
13644 732
13644 10988
13644 11225
13814 2077
13814 10708
13931 1575
13931 1680
13931 9538
13936 1166
13936 2027
13936 2239
13936 2275
13936 2554
13970 1320
13970 3890
13970 11098
13970 13605
14000 3929
14017 567
14017 7092
14017 9139
14017 11160
14030 10938
14059 2117
14059 2602
14059 6480
14059 7343
14060 621
14060 1538
14060 4210
14060 5535
14060 6709
14060 8585
14060 9196
14060 10953
14060 11247
14072 621
14072 9758
14072 13556
14083 77
14284 2265
14284 3201
14284 8925
14299 366
14299 1584
14299 10391
14530 10360
