14541 14541 182
69 6506
112 6663
379 7236
383 8137
525 5986
549 11114
572 7492
585 7236
613 9601
670 5184
720 11715
736 11587
738 7492
752 8131
1035 5980
1098 11114
1273 7492
1341 11587
1350 12175
1459 5980
1461 5980
1462 5980
1463 7236
1802 11715
1853 8131
1882 7492
1883 7492
1884 7492
1973 5278
2168 7236
2305 8130
2437 6662
2498 6156
2534 6371
3040 5278
3187 11587
3262 9792
3511 8940
3541 7492
3721 6506
3758 6156
3770 12223
3797 5980
3869 6662
3870 9637
3963 7236
4115 6371
4129 11715
4142 11114
4222 7492
4267 6371
4286 7844
4586 11587
4673 7236
4726 11114
4784 6662
4818 7395
4889 7236
4924 6663
5056 7236
5135 11309
5157 5986
5372 11587
5493 11587
5494 11587
5495 11587
5496 11587
5599 5278
5610 8130
5623 5278
5658 11587
5697 6662
5698 11114
5979 11114
6081 6371
6215 11587
6295 7492
6333 5278
6350 5184
6363 5184
6380 10915
6403 5278
6438 5278
6484 8130
6531 7236
6539 8588
6554 5278
6613 5278
6680 5184
6680 11309
6900 5184
6941 8131
7123 8131
7233 11114
7301 8131
7379 8137
7643 11715
7700 5184
7724 5184
7742 8032
7792 11309
7816 8131
7919 5278
8036 11587
8117 11715
8182 11715
8222 11114
8331 11587
8492 5278
8517 11715
8528 6371
8885 8137
8914 5278
9047 6371
9070 5184
9152 8032
9186 5278
9281 8137
9293 11309
9300 6156
9467 12126
9543 5184
9563 6662
9589 6371
9603 11309
9892 6663
9933 11114
10016 8753
10140 11715
10155 11715
10247 5278
10611 6662
10727 11715
10827 6506
10939 6371
10949 5184
11079 8367
11102 8131
11298 7844
11334 11114
11426 8367
11427 8367
11495 12175
11546 7492
11748 6371
11809 7236
11822 11114
11900 5278
11969 11114
12180 5278
12290 8131
12292 6662
12358 8131
12364 7492
12365 7236
12375 12223
12464 11309
12492 5184
12521 8367
12644 5278
12661 11715
12697 12175
12832 11309
12882 6662
12884 5986
12896 7236
13113 11309
13149 11309
13164 11587
13235 8753
13578 7844
13593 5278
13750 7844
13950 7844
13976 6663
13978 6663
13992 8367
14032 11114
14048 8137
14049 11587
14081 8131
14502 8131
