14541 14541 191
1175 6999
1175 12795
2190 4085
2190 11950
2190 12199
3784 697
3784 12870
6811 887
6811 2322
6811 4676
6811 7611
6811 11526
6811 11637
6811 12587
7321 462
7321 2733
7321 3906
7321 3931
9219 39
9219 85
9219 114
9219 132
9219 407
9219 462
9219 527
9219 564
9219 665
9219 820
9219 1084
9219 1511
9219 1898
9219 1939
9219 2046
9219 2175
9219 2234
9219 2570
9219 2572
9219 2665
9219 2837
9219 2974
9219 3144
9219 3437
9219 3492
9219 3931
9219 3975
9219 4207
9219 4682
9219 5105
9219 5122
9219 6057
9219 6396
9219 6724
9219 7009
9219 7049
9219 7149
9219 8043
9219 8319
9219 8671
9219 9012
9219 9658
9219 9975
9219 10030
9219 10350
9219 11063
9219 12587
9219 12774
9219 13055
9219 13409
9219 13969
9219 14000
9219 14024
9219 14028
12328 45
12328 166
12328 175
12328 176
12328 178
12328 186
12328 189
12328 206
12328 208
12328 209
12328 210
12328 212
12328 221
12328 226
12328 381
12328 533
12328 548
12328 550
12328 574
12328 576
12328 577
12328 601
12328 697
12328 847
12328 1343
12328 1495
12328 2230
12328 2638
12328 2703
12328 2709
12328 2716
12328 2722
12328 2731
12328 2739
12328 2755
12328 2820
12328 2862
12328 2877
12328 2892
12328 2911
12328 2934
12328 3144
12328 3485
12328 3904
12328 4460
12328 4892
12328 4909
12328 5228
12328 5615
12328 5820
12328 5920
12328 6181
12328 6183
12328 6226
12328 6817
12328 6855
12328 7012
12328 7063
12328 7478
12328 7589
12328 7967
12328 8188
12328 8513
12328 9075
12328 9076
12328 9545
12328 9547
12328 9632
12328 9636
12328 9704
12328 9714
12328 9908
12328 10123
12328 10238
12328 10346
12328 10858
12328 10921
12328 10926
12328 11654
12328 11690
12328 11861
12328 12431
12328 12609
12328 13031
12328 13211
12328 13446
12328 13535
12328 13621
12328 13948
12328 13956
12328 14004
12328 14006
12328 14102
12328 14448
13213 7226
13213 7974
13213 10314
14108 114
14108 1097
14108 1364
14108 2265
14108 2471
14108 3904
14108 4542
14108 5744
14108 6119
14108 6179
14108 6181
14108 8564
14108 10062
14108 11353
14108 11983
14108 12696
14108 12801
14108 13265
14108 13454
14108 13740
14108 13971
14108 13972
