14541 14541 936
1136 5714
1136 6552
1136 7401
1136 8092
1136 8381
1136 8518
1136 11338
1136 11465
1136 11537
1595 477
1595 2122
1595 6626
1595 8357
1595 10416
1595 12011
1595 14352
1759 1429
2304 216
2304 1337
2304 1803
2304 2528
2304 2529
2304 4427
2304 6176
2304 8371
2304 9000
2304 11599
2304 11865
2304 12850
2304 13086
2304 13150
2304 13219
2304 13230
2304 13536
2304 13591
2304 13746
2304 13841
2304 14090
2304 14091
2304 14141
2304 14142
2304 14143
2304 14145
2304 14146
2304 14147
2304 14148
2304 14149
2304 14150
2304 14159
2304 14161
2304 14162
2304 14170
2304 14172
2304 14173
2304 14174
2304 14180
2304 14425
2566 2122
2566 7727
2566 7873
2566 8099
2566 8366
2566 9925
2566 9979
2566 10416
3156 3866
3156 5714
3156 5851
3156 6136
3156 6543
3156 6579
3156 6581
3156 7441
3156 8518
3156 12011
3156 12770
3156 12910
3183 3428
3183 5190
3183 6136
3183 6559
3183 6581
3183 6587
3183 8087
3183 8357
3183 8537
3183 9100
3183 9307
3183 9913
3183 10416
3183 11465
3183 12815
3183 14343
5762 5635
5762 5701
5762 6543
5762 6545
5762 7401
5762 8092
5762 11537
5762 12011
5762 12910
7713 440
7713 561
7713 562
7713 571
7713 583
7713 1366
7713 1429
7713 2128
7713 3208
7713 3428
7713 3496
7713 5728
7713 5887
7713 7367
7713 7436
7713 7447
7713 7767
7713 7774
7713 8092
7713 8505
7713 9084
7713 9155
7713 9201
7713 9203
7713 9208
7713 9232
7713 9542
7713 9591
7713 9598
7713 9808
7713 11338
7713 11465
7713 11524
7713 11537
7713 13401
8078 12980
8707 394
8707 440
8707 477
8707 523
8707 561
8707 562
8707 568
8707 571
8707 579
8707 583
8707 587
8707 596
8707 618
8707 620
8707 745
8707 1083
8707 1089
8707 1315
8707 2070
8707 2071
8707 2128
8707 2158
8707 2172
8707 2188
8707 2196
8707 2256
8707 2966
8707 3117
8707 3152
8707 3208
8707 3785
8707 3802
8707 3866
8707 4488
8707 5190
8707 5243
8707 5662
8707 5687
8707 5714
8707 5721
8707 5728
8707 5734
8707 5736
8707 5851
8707 5864
8707 5887
8707 6063
8707 6136
8707 6157
8707 6543
8707 6544
8707 6545
8707 6579
8707 6581
8707 7120
8707 7143
8707 7346
8707 7366
8707 7367
8707 7401
8707 7413
8707 7429
8707 7433
8707 7436
8707 7447
8707 7699
8707 7737
8707 7738
8707 7750
8707 7760
8707 7766
8707 7767
8707 7769
8707 7774
8707 7775
8707 8023
8707 8092
8707 8136
8707 8146
8707 8151
8707 8176
8707 8502
8707 8505
8707 8518
8707 8542
8707 8867
8707 8901
8707 8915
8707 8949
8707 9079
8707 9084
8707 9122
8707 9164
8707 9201
8707 9203
8707 9208
8707 9210
8707 9216
8707 9220
8707 9226
8707 9227
8707 9232
8707 9239
8707 9468
8707 9542
8707 9581
8707 9582
8707 9584
8707 9586
8707 9591
8707 9594
8707 9598
8707 9808
8707 9812
8707 9821
8707 9834
8707 9932
8707 10079
8707 10105
8707 10110
8707 10543
8707 10582
8707 10918
8707 11338
8707 11465
8707 11522
8707 11524
8707 11533
8707 11537
8707 12011
8707 12244
8707 12742
8707 12805
8707 12910
8707 12918
8707 12998
8707 13016
8707 13018
8707 13119
8707 13209
8707 13401
8708 477
8708 523
8708 568
8708 579
8708 587
8708 591
8708 596
8708 599
8708 618
8708 620
8708 716
8708 745
8708 1083
8708 1089
8708 1248
8708 1315
8708 2012
8708 2070
8708 2071
8708 2119
8708 2158
8708 2172
8708 2188
8708 2196
8708 2197
8708 2220
8708 2256
8708 2273
8708 2426
8708 2465
8708 3117
8708 3152
8708 3193
8708 3785
8708 3802
8708 3818
8708 4483
8708 4488
8708 4495
8708 4507
8708 4514
8708 4609
8708 5190
8708 5243
8708 5498
8708 5633
8708 5635
8708 5662
8708 5687
8708 5701
8708 5714
8708 5734
8708 5736
8708 6136
8708 6157
8708 6163
8708 6466
8708 6543
8708 6544
8708 6545
8708 6552
8708 6559
8708 6579
8708 6581
8708 7120
8708 7136
8708 7346
8708 7366
8708 7413
8708 7429
8708 7433
8708 7441
8708 7699
8708 7732
8708 7734
8708 7737
8708 7738
8708 7747
8708 7750
8708 7760
8708 7766
8708 7769
8708 7775
8708 7807
8708 8023
8708 8136
8708 8142
8708 8151
8708 8159
8708 8165
8708 8174
8708 8176
8708 8178
8708 8502
8708 8514
8708 8518
8708 8537
8708 8542
8708 8583
8708 8587
8708 8591
8708 8703
8708 8901
8708 8915
8708 8949
8708 8960
8708 9079
8708 9084
8708 9120
8708 9122
8708 9164
8708 9211
8708 9216
8708 9217
8708 9220
8708 9226
8708 9227
8708 9231
8708 9239
8708 9468
8708 9581
8708 9582
8708 9586
8708 9594
8708 9812
8708 9821
8708 9834
8708 9837
8708 9883
8708 9913
8708 9932
8708 10079
8708 10105
8708 10108
8708 10110
8708 10416
8708 10543
8708 10823
8708 10918
8708 11496
8708 11520
8708 11522
8708 11523
8708 11533
8708 12011
8708 12244
8708 12742
8708 12770
8708 12799
8708 12910
8708 12918
8708 12930
8708 12990
8708 12998
8708 13007
8708 13016
8708 13018
8708 13119
8708 14019
9479 2122
9479 6136
9479 6626
9479 8363
9479 8366
9479 9508
9479 9530
9479 9808
9479 9979
9479 10416
9479 12011
10437 4507
10437 7401
10437 7807
10437 8605
10437 9231
10437 11523
10554 2115
10554 2122
10554 2960
10554 3661
10554 5317
10554 6565
10554 6569
10554 6623
10554 6626
10554 7148
10554 7186
10554 7544
10554 7676
10554 7677
10554 7727
10554 7823
10554 7829
10554 7873
10554 7874
10554 8082
10554 8087
10554 8099
10554 8246
10554 8247
10554 8248
10554 8249
10554 8250
10554 8357
10554 8363
10554 8366
10554 8414
10554 8572
10554 8907
10554 9106
10554 9307
10554 9508
10554 9530
10554 9629
10554 9925
10554 9974
10554 9979
10554 9983
10554 10026
10554 11538
10554 12673
10554 14338
10554 14352
11789 477
11789 591
11789 599
11789 620
11789 2012
11789 4488
11789 4495
11789 5498
11789 5701
11789 6559
11789 7136
11789 7429
11789 7732
11789 7734
11789 8174
11789 8178
11789 8587
11789 8591
11789 9164
11789 9231
11789 9582
11789 9913
11789 10105
11789 10416
11789 11523
11789 12930
11789 12990
11789 13007
11994 2115
11994 2122
11994 2960
11994 3661
11994 5317
11994 6135
11994 6565
11994 6569
11994 6623
11994 6626
11994 7148
11994 7186
11994 7544
11994 7676
11994 7677
11994 7727
11994 7823
11994 7829
11994 7873
11994 7874
11994 8082
11994 8087
11994 8099
11994 8246
11994 8247
11994 8248
11994 8249
11994 8250
11994 8357
11994 8363
11994 8366
11994 8414
11994 8523
11994 8572
11994 8901
11994 8907
11994 9106
11994 9307
11994 9508
11994 9530
11994 9629
11994 9806
11994 9925
11994 9974
11994 9979
11994 9983
11994 10026
11994 10416
11994 11338
11994 11538
11994 12673
11994 12771
11994 12815
11994 14196
11994 14338
11994 14352
12087 561
12087 571
12087 583
12087 2128
12087 5728
12087 5887
12087 6545
12087 8505
12087 8591
12087 9201
12087 9203
12087 9208
12087 9598
12087 10987
12087 11338
12087 11465
12087 11524
12087 13401
12103 32
12103 590
12103 688
12103 930
12103 933
12103 966
12103 976
12103 1052
12103 1434
12103 1447
12103 1586
12103 2024
12103 2115
12103 2122
12103 2172
12103 2960
12103 3661
12103 3664
12103 4078
12103 5237
12103 5317
12103 5662
12103 5705
12103 5728
12103 5897
12103 6135
12103 6176
12103 6565
12103 6569
12103 6623
12103 6626
12103 7030
12103 7148
12103 7186
12103 7544
12103 7676
12103 7677
12103 7709
12103 7727
12103 7747
12103 7823
12103 7829
12103 7873
12103 7874
12103 8082
12103 8087
12103 8099
12103 8146
12103 8246
12103 8247
12103 8248
12103 8249
12103 8250
12103 8251
12103 8357
12103 8363
12103 8366
12103 8411
12103 8414
12103 8523
12103 8572
12103 8907
12103 9100
12103 9106
12103 9145
12103 9211
12103 9307
12103 9433
12103 9508
12103 9530
12103 9564
12103 9578
12103 9629
12103 9806
12103 9883
12103 9920
12103 9925
12103 9974
12103 9979
12103 9983
12103 10026
12103 10027
12103 11339
12103 11465
12103 11520
12103 11538
12103 12134
12103 12337
12103 12673
12103 12771
12103 12814
12103 12815
12103 13916
12103 14338
12103 14352
12103 14409
12105 590
12105 2589
12105 8251
12105 8369
12105 8864
12105 9100
12105 9564
12105 10027
12105 11339
12105 11520
12105 11523
12105 12337
12105 12754
12106 3661
12106 5897
12106 6626
12106 7823
12106 7874
12106 8099
12106 8249
12106 8250
12106 8357
12106 8366
12106 8572
12106 8864
12106 9508
12106 9564
12106 9806
12106 9979
12106 9983
12106 12771
13945 394
13945 1089
13945 3428
13945 4474
13945 5635
13945 5701
13945 5714
13945 6543
13945 6552
13945 6579
13945 8241
13945 8251
13945 8602
13945 9100
13945 9107
13945 9155
13945 9220
13945 9564
13945 9808
13945 11338
13945 11339
13945 11465
13945 12011
13945 12337
13945 12910
14025 1
14025 4
14025 8
14025 21
14025 216
14025 264
14025 266
14025 271
14025 272
14025 277
14025 310
14025 438
14025 1051
14025 1133
14025 1206
14025 1337
14025 1733
14025 1803
14025 1847
14025 2023
14025 2526
14025 2528
14025 2529
14025 2596
14025 2639
14025 2721
14025 3307
14025 3973
14025 4009
14025 4161
14025 4219
14025 4283
14025 4408
14025 4427
14025 5065
14025 5352
14025 5474
14025 5753
14025 5815
14025 6212
14025 6300
14025 6472
14025 7340
14025 7410
14025 7709
14025 7939
14025 7987
14025 8149
14025 8333
14025 8371
14025 8512
14025 8602
14025 8857
14025 9051
14025 9271
14025 9372
14025 9383
14025 9534
14025 9688
14025 9756
14025 9773
14025 10303
14025 10730
14025 10744
14025 10762
14025 10779
14025 10883
14025 11214
14025 11261
14025 11276
14025 11345
14025 11442
14025 11473
14025 11555
14025 11572
14025 11599
14025 11607
14025 11630
14025 11638
14025 11665
14025 11672
14025 11732
14025 11801
14025 11865
14025 11889
14025 11910
14025 11941
14025 11942
14025 11945
14025 11946
14025 11947
14025 12016
14025 12084
14025 12163
14025 12188
14025 12212
14025 12229
14025 12232
14025 12242
14025 12255
14025 12260
14025 12262
14025 12267
14025 12272
14025 12273
14025 12341
14025 12419
14025 12468
14025 12549
14025 12850
14025 12852
14025 12859
14025 12974
14025 13086
14025 13150
14025 13186
14025 13219
14025 13230
14025 13257
14025 13466
14025 13485
14025 13495
14025 13538
14025 13575
14025 13591
14025 13654
14025 13671
14025 13689
14025 13746
14025 13754
14025 13773
14025 13840
14025 13841
14025 13843
14025 13875
14025 13877
14025 13893
14025 13983
14025 14013
14025 14020
14025 14022
14025 14062
14025 14090
14025 14091
14025 14130
14025 14131
14025 14132
14025 14133
14025 14141
14025 14142
14025 14143
14025 14145
14025 14146
14025 14147
14025 14148
14025 14149
14025 14150
14025 14159
14025 14161
14025 14162
14025 14169
14025 14170
14025 14171
14025 14172
14025 14173
14025 14174
14025 14180
14025 14196
14025 14210
14025 14291
14025 14297
14025 14308
14025 14356
14025 14362
14025 14389
14025 14407
14025 14430
14025 14431
14025 14454
14025 14484
