14541 14541 652
310 3891
310 5326
310 5883
310 6833
310 6834
310 7770
310 7788
310 8193
310 8388
310 9241
310 13474
310 13476
445 3891
445 5326
445 5883
445 6833
445 6834
445 7770
445 7788
445 8193
445 8388
445 9241
445 13474
445 13476
794 3891
794 5326
794 5883
794 6833
794 6834
794 7770
794 7788
794 8193
794 8388
794 9241
794 13474
794 13476
1007 3891
1007 5326
1007 5883
1007 6833
1007 6834
1007 7770
1007 7788
1007 8193
1007 8388
1007 9241
1007 13474
1007 13476
1133 3891
1133 5326
1133 5883
1133 6833
1133 6834
1133 7770
1133 7788
1133 8193
1133 8388
1133 9241
1133 13474
1133 13476
1337 3891
1337 5326
1337 5883
1337 6833
1337 6834
1337 7770
1337 7788
1337 8193
1337 8388
1337 9241
1337 13474
1337 13476
1447 3891
1447 5326
1447 5883
1447 6833
1447 6834
1447 7770
1447 7788
1447 8193
1447 8388
1447 9241
1447 13474
1447 13476
1988 3891
1988 5326
1988 5883
1988 6833
1988 6834
1988 7770
1988 7788
1988 8193
1988 8388
1988 9241
1988 13474
1988 13476
3973 3891
3973 5326
3973 5883
3973 6833
3973 6834
3973 7770
3973 7788
3973 8193
3973 8388
3973 9241
3973 13474
3973 13476
4147 3891
4147 5326
4147 5883
4147 6833
4147 6834
4147 7770
4147 7788
4147 8193
4147 8388
4147 9241
4147 13474
4147 13476
4161 3891
4161 5326
4161 5883
4161 6833
4161 6834
4161 7770
4161 7788
4161 8193
4161 8388
4161 9241
4161 13474
4161 13476
4283 3891
4283 5326
4283 5883
4283 6833
4283 6834
4283 7770
4283 7788
4283 8193
4283 8388
4283 9241
4283 13474
4283 13476
4372 3891
4372 5326
4372 5883
4372 6833
4372 6834
4372 7770
4372 7788
4372 8193
4372 8388
4372 9241
4372 13474
4372 13476
5065 3891
5065 5326
5065 5883
5065 6833
5065 6834
5065 7770
5065 7788
5065 8193
5065 8388
5065 9241
5065 13474
5065 13476
5384 3891
5384 5326
5384 5883
5384 6833
5384 6834
5384 7770
5384 7788
5384 8193
5384 8388
5384 9241
5384 13474
5384 13476
5474 3891
5474 5326
5474 5883
5474 6833
5474 6834
5474 7770
5474 7788
5474 8193
5474 8388
5474 9241
5474 13474
5474 13476
5815 3891
5815 5326
5815 5883
5815 6833
5815 6834
5815 7770
5815 7788
5815 8193
5815 8388
5815 9241
5815 13474
5815 13476
6006 5326
6006 5883
6006 7788
6176 3891
6176 5326
6176 5883
6176 6833
6176 6834
6176 7770
6176 7788
6176 8193
6176 8388
6176 9241
6176 13474
6176 13476
6212 3891
6212 5326
6212 5883
6212 6833
6212 6834
6212 7770
6212 7788
6212 8193
6212 8388
6212 9241
6212 13474
6212 13476
6282 3891
6282 5326
6282 5883
6282 6833
6282 6834
6282 7770
6282 7788
6282 8193
6282 8388
6282 9241
6282 13474
6282 13476
7197 3891
7197 5326
7197 5883
7197 6833
7197 6834
7197 7770
7197 7788
7197 8193
7197 8388
7197 9241
7197 13474
7197 13476
7467 3891
7467 5326
7467 5883
7467 6833
7467 6834
7467 7770
7467 7788
7467 8193
7467 8388
7467 9241
7467 13474
7467 13476
7939 3891
7939 5326
7939 5883
7939 6833
7939 6834
7939 7770
7939 7788
7939 8193
7939 8388
7939 9241
7939 13474
7939 13476
8018 3891
8018 5326
8018 5883
8018 6833
8018 6834
8018 7770
8018 7788
8018 8193
8018 8388
8018 9241
8018 13474
8018 13476
8379 3891
8379 5326
8379 5883
8379 6833
8379 6834
8379 7770
8379 7788
8379 8193
8379 8388
8379 9241
8379 13474
8379 13476
8512 3891
8512 5326
8512 5883
8512 6833
8512 6834
8512 7770
8512 7788
8512 8193
8512 8388
8512 9241
8512 13474
8512 13476
8657 3891
8657 5326
8657 5883
8657 6833
8657 6834
8657 7770
8657 7788
8657 8193
8657 8388
8657 9241
8657 13474
8657 13476
8918 3891
8918 5326
8918 5883
8918 6833
8918 6834
8918 7770
8918 7788
8918 8193
8918 8388
8918 9241
8918 13474
8918 13476
9104 3891
9104 5883
9104 6833
9104 6834
9104 7770
9104 7788
9104 8193
9104 8388
9104 9241
9104 13474
9104 13476
9220 3891
9220 5326
9220 5883
9220 6833
9220 6834
9220 7770
9220 7788
9220 8193
9220 8388
9220 9241
9220 13474
9220 13476
9263 3891
9263 5326
9263 5883
9263 6833
9263 6834
9263 7770
9263 7788
9263 8193
9263 8388
9263 9241
9263 13474
9263 13476
9292 3891
9292 5326
9292 5883
9292 6833
9292 6834
9292 7770
9292 7788
9292 8193
9292 8388
9292 9241
9292 13474
9292 13476
9372 3891
9372 5326
9372 5883
9372 6833
9372 6834
9372 7770
9372 7788
9372 8193
9372 8388
9372 9241
9372 13474
9372 13476
9578 3891
9578 5326
9578 5883
9578 6833
9578 6834
9578 7770
9578 7788
9578 8193
9578 8388
9578 9241
9578 13474
9578 13476
9954 3891
9954 5326
9954 5883
9954 6833
9954 6834
9954 7770
9954 7788
9954 8193
9954 8388
9954 9241
9954 13474
9954 13476
10115 3891
10115 5326
10115 5883
10115 6833
10115 6834
10115 7770
10115 7788
10115 8193
10115 8388
10115 9241
10115 13474
10115 13476
10299 3891
10299 5326
10299 5883
10299 6833
10299 6834
10299 7770
10299 7788
10299 8193
10299 8388
10299 9241
10299 13474
10299 13476
11341 3891
11341 5326
11341 5883
11341 6833
11341 6834
11341 7770
11341 7788
11341 8193
11341 8388
11341 9241
11341 13474
11341 13476
11473 3891
11473 5326
11473 5883
11473 6833
11473 6834
11473 7770
11473 7788
11473 8193
11473 8388
11473 9241
11473 13474
11473 13476
11599 3891
11599 5326
11599 5883
11599 6833
11599 6834
11599 7770
11599 7788
11599 8193
11599 8388
11599 9241
11599 13474
11599 13476
11630 3891
11630 5326
11630 5883
11630 6833
11630 6834
11630 7770
11630 7788
11630 8193
11630 8388
11630 9241
11630 13474
11630 13476
11672 3891
11672 5326
11672 5883
11672 6833
11672 6834
11672 7770
11672 7788
11672 8193
11672 8388
11672 9241
11672 13474
11672 13476
11910 3891
11910 5326
11910 5883
11910 6833
11910 6834
11910 7770
11910 7788
11910 8193
11910 8388
11910 9241
11910 13474
11910 13476
11941 3891
11941 5326
11941 5883
11941 6833
11941 6834
11941 7770
11941 7788
11941 8193
11941 8388
11941 9241
11941 13474
11941 13476
11946 3891
11946 5326
11946 5883
11946 6833
11946 6834
11946 7770
11946 7788
11946 8193
11946 8388
11946 9241
11946 13474
11946 13476
12079 3891
12079 5326
12079 5883
12079 6833
12079 6834
12079 7770
12079 7788
12079 8193
12079 8388
12079 9241
12079 13474
12079 13476
12130 3891
12130 5326
12130 5883
12130 6833
12130 6834
12130 7770
12130 7788
12130 8193
12130 8388
12130 9241
12130 13474
12130 13476
12378 3891
12378 5326
12378 5883
12378 6833
12378 6834
12378 7770
12378 7788
12378 8193
12378 8388
12378 9241
12378 13474
12378 13476
12739 3891
12739 5326
12739 5883
12739 6833
12739 6834
12739 7770
12739 7788
12739 8193
12739 8388
12739 9241
12739 13474
12739 13476
12766 3891
12766 5326
12766 5883
12766 6833
12766 6834
12766 7770
12766 7788
12766 8193
12766 8388
12766 9241
12766 13474
12766 13476
13186 3891
13186 5326
13186 5883
13186 6833
13186 6834
13186 7770
13186 7788
13186 8193
13186 8388
13186 9241
13186 13474
13186 13476
13356 5883
13356 9241
14013 3891
14013 5326
14013 5883
14013 6833
14013 6834
14013 7770
14013 7788
14013 8193
14013 8388
14013 9241
14013 13474
14013 13476
14196 3891
14196 5326
14196 5883
14196 6833
14196 6834
14196 7770
14196 7788
14196 8193
14196 8388
14196 9241
14196 13474
14196 13476
14356 3891
14356 5326
14356 5883
14356 6833
14356 6834
14356 7770
14356 7788
14356 8193
14356 8388
14356 9241
14356 13474
14356 13476
