14541 14541 121
117 6581
133 10416
133 13536
161 10416
397 10416
448 10416
448 14338
673 10416
790 6544
1024 10416
1836 11524
1982 10416
2089 10416
3270 10416
3295 10416
3404 10416
3906 10416
4128 9808
4425 10416
4645 6623
4645 9883
4645 10416
4732 10416
5377 8099
5377 10416
5661 10416
5675 10416
5813 8099
5878 10416
5881 8605
5884 10416
6073 9808
6077 9808
6279 10416
6622 12850
6622 13799
6893 8975
6905 10416
6920 9925
6920 10416
6921 9629
6921 10416
6928 10416
6928 11538
7003 10416
7069 12910
7812 11523
8316 11308
8616 8605
8708 5243
8765 11524
8906 10416
8913 2122
8913 10416
9009 10416
9495 11522
9519 8114
9560 9925
9560 10416
9642 8099
9642 10416
9813 10416
9977 8366
9977 10416
10004 10416
10011 8366
10011 10416
10012 8366
10012 8591
10012 10416
10012 11520
10013 8247
10090 8703
10114 10416
10151 12815
10300 9808
10391 9530
10391 10416
10509 10987
10513 11520
10769 10416
11074 14159
11109 10416
11262 10416
11389 394
11400 394
11484 394
11521 10416
11526 10416
11543 561
11543 571
11543 583
11543 2128
11543 3208
11543 4471
11543 5728
11543 5887
11543 8505
11543 9155
11543 9201
11543 9203
11543 9208
11543 9598
11543 11338
11543 11465
11543 11524
11543 13401
11576 10416
11578 10416
11725 12011
12000 10416
12052 3973
12052 8099
12052 10416
12686 6623
12686 10416
13279 9808
13507 9808
14204 5317
14204 10416
14299 2122
