14541 14541 197
152 78
152 604
152 1151
152 1593
152 2109
152 3408
152 5688
152 10362
152 10430
152 10506
152 11542
152 12499
152 12708
152 12720
152 12733
152 12808
1286 78
1286 399
1286 1381
1286 1383
1286 1945
1286 3478
1286 4490
1286 7615
1286 9659
1286 11230
1286 11673
1286 11674
1286 11793
1286 12499
1286 12720
1286 12803
1286 12804
1286 13448
1749 334
1749 604
1749 1381
1749 1547
1749 1593
1749 2109
1749 2361
1749 3478
1749 4088
1749 4490
1749 4780
1749 5688
1749 6448
1749 7612
1749 7615
1749 7631
1749 9386
1749 9425
1749 9659
1749 9777
1749 10344
1749 10430
1749 10506
1749 11208
1749 11542
1749 11674
1749 11793
1749 12114
1749 12309
1749 12499
1749 12708
1749 12803
1749 12804
1749 12808
1749 13448
1945 11673
2244 4490
2244 5688
5099 604
5099 1151
5099 1199
5099 1381
5099 2109
5099 3478
5099 9777
5099 10506
5099 11542
5099 11673
5099 12708
5099 12720
5099 12733
5099 12808
5331 12708
7497 5688
7497 10344
7497 11674
7497 12808
8769 4088
10156 5331
10344 10506
10354 2361
10354 7631
10362 9425
11013 78
11013 604
11013 1151
11013 1199
11013 2109
11013 4780
11013 8984
11013 9425
11013 9659
11013 10506
11013 11542
11013 12708
11013 12720
11013 12803
11359 78
11359 399
11359 604
11359 1593
11359 2361
11359 3408
11359 4490
11359 6448
11359 7612
11359 7631
11359 7969
11359 9386
11359 9425
11359 9659
11359 9777
11359 9884
11359 10083
11359 10430
11359 10506
11359 11506
11359 11542
11359 11793
11359 12708
11359 12720
11793 11673
11952 604
11952 1381
11952 3408
11952 3478
11952 4780
11952 7631
11952 9777
11952 10506
11952 11542
11952 11673
11952 12708
11952 12733
12458 11230
12653 78
12653 604
12653 1151
12653 2109
12653 2361
12653 3408
12653 3478
12653 4780
12653 5688
12653 7631
12653 9386
12653 10083
12653 10362
12653 10506
12653 11542
12653 12499
12653 12708
12653 12720
12653 12733
12653 12804
12653 12808
12804 4490
12808 604
12808 1151
12808 2109
12808 4780
12808 10083
12808 10344
12808 10506
12808 12808
12935 4490
12935 5331
12935 5688
12935 6448
12935 7631
12935 9386
12935 9425
12935 9777
12935 10083
12935 10362
12935 10430
12935 10506
12935 11506
12935 11542
12935 12708
12935 13216
12935 13448
13216 5688
