14541 14541 2744
34 168
34 328
34 393
34 458
34 609
34 635
34 867
34 1202
34 1838
34 2163
34 2221
34 2638
34 2733
34 2789
34 2811
34 2877
34 2892
34 3189
34 3740
34 4069
34 4226
34 5525
34 6054
34 6183
34 6225
34 8916
34 9503
34 9714
34 11326
34 11637
34 11654
34 11846
34 13270
34 14004
34 14026
35 189
35 194
35 206
35 209
35 327
35 348
35 609
35 668
35 797
35 827
35 847
35 906
35 914
35 1056
35 1166
35 1748
35 1843
35 1846
35 2094
35 2164
35 2245
35 2321
35 2409
35 2545
35 2620
35 2688
35 2711
35 2712
35 2722
35 2740
35 2745
35 2760
35 2763
35 2768
35 2773
35 2777
35 2787
35 2789
35 2805
35 2820
35 2827
35 2829
35 2848
35 2867
35 2892
35 2899
35 2911
35 2912
35 2918
35 2935
35 2940
35 2955
35 3189
35 3202
35 3359
35 3686
35 4168
35 4180
35 4559
35 4929
35 5140
35 5570
35 5920
35 6086
35 6225
35 6226
35 6558
35 6584
35 6595
35 7175
35 7224
35 7256
35 8916
35 9035
35 9083
35 9547
35 9636
35 10019
35 10309
35 10601
35 10796
35 10921
35 11236
35 11250
35 11252
35 11319
35 11765
35 12024
35 13210
35 13211
35 13281
35 13301
35 13355
35 13947
35 14100
35 14104
35 14450
116 672
116 1579
116 1872
116 2724
116 2790
116 5338
116 7144
116 7512
116 10196
116 10760
116 10768
116 10898
116 12151
180 187
180 1579
180 6316
180 9337
180 10760
305 895
305 2247
305 2321
305 7224
305 7493
305 11000
305 11231
357 184
357 3865
357 6316
371 420
371 2791
371 7579
453 45
453 53
453 166
453 186
453 187
453 188
453 189
453 190
453 196
453 208
453 209
453 230
453 233
453 338
453 348
453 454
453 466
453 501
453 575
453 576
453 577
453 605
453 635
453 677
453 686
453 697
453 824
453 827
453 867
453 882
453 955
453 959
453 960
453 1056
453 1333
453 1346
453 1415
453 1470
453 1484
453 1495
453 1713
453 1871
453 1935
453 1941
453 1983
453 1986
453 2040
453 2043
453 2164
453 2308
453 2321
453 2339
453 2477
453 2478
453 2483
453 2595
453 2637
453 2652
453 2688
453 2689
453 2699
453 2703
453 2706
453 2712
453 2731
453 2740
453 2742
453 2754
453 2755
453 2758
453 2769
453 2776
453 2789
453 2800
453 2805
453 2815
453 2819
453 2822
453 2835
453 2836
453 2847
453 2853
453 2868
453 2875
453 2889
453 2910
453 2911
453 2916
453 2920
453 2933
453 3077
453 3189
453 3365
453 3448
453 3485
453 3555
453 3953
453 3990
453 4122
453 4226
453 4461
453 4489
453 4605
453 4724
453 4783
453 5142
453 5171
453 5295
453 5381
453 5396
453 5570
453 5615
453 5933
453 5965
453 6014
453 6061
453 6128
453 6181
453 6226
453 6291
453 6516
453 6712
453 6714
453 6744
453 7012
453 7087
453 7299
453 7318
453 7324
453 7338
453 7808
453 7893
453 7967
453 8013
453 8205
453 8513
453 9632
453 9714
453 9775
453 9931
453 10111
453 10123
453 10493
453 10549
453 10858
453 10885
453 11063
453 11236
453 11279
453 11326
453 11654
453 11690
453 11861
453 12003
453 12390
453 12431
453 12976
453 13210
453 13446
453 13459
453 13580
453 13608
453 13956
453 14418
495 2080
495 2621
495 4307
495 6182
495 6494
495 10007
495 10510
495 11858
495 13331
495 13608
500 233
500 421
500 1009
500 3365
500 6181
500 10123
500 12165
500 12581
628 175
628 178
628 186
628 221
628 458
628 533
628 574
628 575
628 710
628 2095
628 2251
628 2750
628 2753
628 2824
628 2826
628 2866
628 2900
628 3148
628 3431
628 5562
628 5828
628 6078
628 6476
628 7256
628 8922
628 9209
628 10346
628 12003
628 12768
628 13535
628 14004
846 106
846 189
846 194
846 289
846 348
846 450
846 605
846 656
846 731
846 795
846 827
846 836
846 881
846 1416
846 1495
846 1784
846 1878
846 1916
846 2027
846 2051
846 2095
846 2127
846 2164
846 2194
846 2230
846 2321
846 2409
846 2595
846 2704
846 2707
846 2708
846 2712
846 2722
846 2730
846 2768
846 2773
846 2824
846 2827
846 2867
846 2884
846 2911
846 2913
846 2940
846 3399
846 3411
846 3484
846 3686
846 3778
846 3865
846 3990
846 4168
846 4938
846 5140
846 5159
846 5570
846 5751
846 5920
846 6054
846 6183
846 6226
846 6595
846 6744
846 7175
846 7224
846 7593
846 7967
846 8006
846 8013
846 8186
846 9547
846 9704
846 10507
846 10601
846 10796
846 10921
846 11514
846 11637
846 11654
846 12024
846 12502
846 13301
846 13355
846 13512
846 13947
846 14004
846 14006
846 14112
846 14450
883 79
883 113
883 188
883 205
883 230
883 303
883 327
883 476
883 550
883 563
883 574
883 605
883 635
883 677
883 870
883 914
883 988
883 1103
883 1400
883 1838
883 1911
883 1929
883 1937
883 1953
883 1974
883 1975
883 2111
883 2127
883 2156
883 2352
883 2386
883 2610
883 2636
883 2704
883 2705
883 2731
883 2739
883 2741
883 2745
883 2771
883 2811
883 2862
883 2872
883 2876
883 2890
883 2900
883 2935
883 3485
883 3486
883 3865
883 4180
883 4226
883 4275
883 4460
883 4525
883 4724
883 4892
883 4938
883 5295
883 5338
883 6050
883 6052
883 6064
883 6079
883 6128
883 6292
883 6714
883 8013
883 8123
883 8424
883 9133
883 9503
883 9753
883 9807
883 9934
883 10005
883 10111
883 10123
883 10238
883 10516
883 10615
883 12061
883 12390
883 12887
883 12917
883 13031
883 13114
883 13281
883 14102
884 290
884 2223
884 2753
884 2825
884 2877
884 2923
884 3888
884 9129
884 11231
884 14026
1002 550
1002 2739
1002 2934
1002 4892
1002 6855
1288 40
1288 190
1288 196
1288 209
1288 226
1288 290
1288 450
1288 550
1288 675
1288 690
1288 696
1288 709
1288 882
1288 954
1288 1686
1288 1720
1288 2018
1288 2178
1288 2433
1288 2501
1288 2691
1288 2732
1288 2747
1288 2817
1288 2835
1288 2862
1288 2864
1288 2872
1288 2920
1288 3268
1288 3466
1288 3555
1288 3686
1288 4221
1288 4655
1288 5442
1288 5499
1288 6714
1288 7175
1288 7669
1288 8205
1288 8642
1288 8779
1288 8837
1288 9545
1288 9605
1288 9718
1288 10096
1288 10921
1288 11017
1288 11031
1288 12219
1288 13065
1288 13355
1288 13956
1288 14382
1303 13
1303 181
1303 220
1303 301
1303 391
1303 617
1303 708
1303 714
1303 801
1303 1202
1303 1417
1303 1579
1303 1870
1303 2223
1303 2540
1303 2545
1303 2606
1303 2824
1303 2836
1303 2866
1303 2872
1303 2895
1303 2933
1303 3203
1303 4489
1303 5140
1303 5499
1303 6014
1303 6054
1303 7017
1303 9035
1303 9185
1303 9503
1303 10760
1303 12111
1303 12145
1303 12203
1303 12236
1303 12424
1303 12557
1303 13270
1303 13442
1303 13937
1304 30
1304 233
1304 289
1304 381
1304 433
1304 693
1304 696
1304 714
1304 808
1304 824
1304 1015
1304 1343
1304 1371
1304 1495
1304 1736
1304 1864
1304 1905
1304 2088
1304 2127
1304 2483
1304 2554
1304 2730
1304 2733
1304 2736
1304 2751
1304 2811
1304 2820
1304 2845
1304 2862
1304 3431
1304 3740
1304 4082
1304 4168
1304 4203
1304 4655
1304 4714
1304 4909
1304 5615
1304 5951
1304 6050
1304 7063
1304 7094
1304 7991
1304 8123
1304 8356
1304 8922
1304 8988
1304 9229
1304 9757
1304 10238
1304 10309
1304 11637
1304 11858
1304 13269
1304 13343
1304 13355
1304 13535
1304 13947
1304 14104
1304 14382
1306 168
1306 188
1306 190
1306 212
1306 229
1306 299
1306 328
1306 649
1306 654
1306 698
1306 906
1306 987
1306 1202
1306 1484
1306 1870
1306 1878
1306 1967
1306 1974
1306 2189
1306 2223
1306 2365
1306 2490
1306 2567
1306 2624
1306 2638
1306 2688
1306 2689
1306 2704
1306 2722
1306 2730
1306 2753
1306 2758
1306 2863
1306 2892
1306 2938
1306 3056
1306 3189
1306 3335
1306 4180
1306 4489
1306 4909
1306 6817
1306 6855
1306 7105
1306 7324
1306 7478
1306 8988
1306 8989
1306 9498
1306 9547
1306 9714
1306 9908
1306 9934
1306 10096
1306 10309
1306 11250
1306 11319
1306 11326
1306 12152
1306 12203
1306 12219
1306 12424
1306 12557
1306 13270
1306 13621
1306 14104
1321 76
1321 166
1321 188
1321 205
1321 210
1321 302
1321 458
1321 708
1321 795
1321 870
1321 882
1321 1400
1321 1478
1321 1838
1321 2386
1321 2478
1321 2610
1321 2705
1321 2738
1321 2753
1321 2755
1321 2771
1321 2777
1321 2817
1321 2872
1321 2891
1321 2916
1321 2920
1321 3148
1321 4380
1321 4525
1321 5820
1321 6078
1321 6079
1321 6516
1321 7579
1321 7695
1321 8071
1321 8513
1321 8552
1321 9753
1321 10061
1321 10238
1321 10860
1321 11914
1321 12390
1321 13114
1321 13157
1321 13580
1321 14026
1403 53
1403 107
1403 229
1403 346
1403 348
1403 416
1403 433
1403 458
1403 605
1403 638
1403 696
1403 698
1403 851
1403 1202
1403 1386
1403 1438
1403 1579
1403 1838
1403 1843
1403 1926
1403 1954
1403 2060
1403 2404
1403 2567
1403 2709
1403 2762
1403 2790
1403 2820
1403 2938
1403 3189
1403 3334
1403 3740
1403 4069
1403 4489
1403 4554
1403 4685
1403 5396
1403 5562
1403 6056
1403 6078
1403 6704
1403 8831
1403 10007
1403 10096
1403 10557
1403 10601
1403 10921
1403 11541
1403 11745
1403 12203
1403 12237
1403 12557
1403 13282
1403 13301
1403 13442
1403 13580
1403 13621
1420 12237
1471 181
1471 338
1471 476
1471 1346
1471 2249
1471 2705
1471 2761
1471 2777
1471 2876
1471 2898
1471 4525
1471 4724
1471 4892
1471 5828
1471 6078
1471 6178
1471 9807
1471 10005
1471 10516
1471 11326
1471 12061
1471 12887
1471 12917
1471 14383
1473 302
1473 2770
1473 2784
1566 324
1581 220
1581 328
1581 987
1581 2189
1581 2704
1581 2731
1581 3077
1581 4429
1581 4929
1581 5171
1581 5228
1581 13006
1817 603
1817 708
1817 847
1817 1416
1817 1720
1817 1974
1817 2409
1817 2624
1817 2899
1817 4781
1817 4995
1817 9075
1817 10601
1817 13947
1912 1872
1912 6050
1912 9337
1912 9769
2107 2768
2107 2847
2107 2867
2107 2883
2107 9742
2199 674
2199 1397
2199 2906
2320 76
2320 229
2320 847
2320 1838
2320 1864
2320 1941
2320 2245
2320 2567
2320 2720
2320 2731
2320 2777
2320 2955
2320 6078
2320 6292
2320 7759
2320 11319
2320 12019
2320 12061
2320 12111
2320 12390
2320 13281
2379 672
2379 2724
2379 2790
2463 1872
2533 458
2533 675
2533 684
2533 2554
2533 2716
2533 3740
2533 5338
2533 6225
2533 12440
2551 53
2551 210
2551 301
2551 348
2551 433
2551 466
2551 576
2551 603
2551 635
2551 708
2551 847
2551 1343
2551 1478
2551 2194
2551 2753
2551 2811
2551 2899
2551 3189
2551 5615
2551 6225
2551 6516
2551 7579
2551 7662
2551 8006
2551 9498
2551 10860
2551 11031
2551 11765
2551 12024
2551 12502
2551 13936
2551 14010
2587 675
2587 2747
2587 2885
2587 4168
2587 4652
2587 6558
2587 7175
2587 8501
2611 107
2611 181
2611 228
2611 301
2611 302
2611 324
2611 338
2611 346
2611 638
2611 639
2611 696
2611 867
2611 1056
2611 1417
2611 1438
2611 1579
2611 2151
2611 2307
2611 2314
2611 2326
2611 2490
2611 2540
2611 2691
2611 2709
2611 2716
2611 2718
2611 2729
2611 2737
2611 2754
2611 2757
2611 2768
2611 2769
2611 2777
2611 2820
2611 2836
2611 2846
2611 2866
2611 2871
2611 2883
2611 3089
2611 5933
2611 6072
2611 6174
2611 6719
2611 6744
2611 7097
2611 7242
2611 7564
2611 7661
2611 7759
2611 8831
2611 9337
2611 9714
2611 9742
2611 10007
2611 10584
2611 11326
2611 11859
2611 11861
2611 12150
2611 12557
2611 12668
2611 13006
2611 13210
2611 14448
2628 808
2628 987
2628 2189
2628 2664
2628 7175
2628 9795
2628 10019
2628 14104
2796 577
2796 2344
2804 3719
2804 5338
2808 53
2808 225
2808 603
2808 609
2808 610
2808 647
2808 687
2808 697
2808 710
2808 797
2808 851
2808 1268
2808 1396
2808 1843
2808 1870
2808 1889
2808 2127
2808 2308
2808 2576
2808 2704
2808 2709
2808 2728
2808 2731
2808 2734
2808 2741
2808 2753
2808 2766
2808 2790
2808 2811
2808 2815
2808 2853
2808 2862
2808 2892
2808 2916
2808 2934
2808 3334
2808 3431
2808 3448
2808 4226
2808 5171
2808 6057
2808 6181
2808 6476
2808 7175
2808 7885
2808 8564
2808 9076
2808 9503
2808 9908
2808 10493
2808 11326
2808 11861
2808 11914
2808 12019
2808 12111
2808 12413
2808 12424
2808 13281
2808 13282
2808 13516
2808 13948
2808 14010
2808 14055
2808 14102
2808 14530
2812 1933
2812 2894
2812 6855
2812 12008
2812 12047
2813 30
2813 635
2813 2221
2813 2892
2813 8356
2813 9076
2813 9714
2813 10123
2813 10238
2813 11231
2813 13516
2860 652
2860 1713
2860 2111
2860 2386
2860 2704
2860 5228
2860 6050
2860 9076
2860 9547
2860 9908
2860 11654
2903 230
2903 731
2903 3399
2903 3778
2903 4448
2903 5751
2903 12024
2961 1905
2961 2740
2961 2877
2961 4180
2961 11003
2982 914
2982 2689
2982 2734
2982 7175
2982 9503
2982 9769
3012 364
3012 450
3012 575
3012 1954
3012 1964
3012 2163
3012 2339
3012 2733
3012 2866
3012 3676
3012 3686
3012 4655
3012 5171
3012 5228
3012 6014
3012 6855
3012 7991
3012 9908
3012 10493
3012 10885
3012 11637
3012 11654
3012 11996
3128 1224
3128 2483
3151 205
3151 1371
3303 176
3303 212
3303 548
3303 709
3303 714
3303 882
3303 1504
3303 1986
3303 2706
3303 2738
3303 3189
3303 3686
3303 4429
3303 4655
3303 4892
3303 5171
3303 5820
3303 5942
3303 9545
3303 9704
3303 9753
3303 9759
3303 10123
3303 11765
3303 11846
3303 13114
3303 13157
3303 13281
3303 14382
3370 53
3370 291
3370 416
3370 567
3370 674
3370 1161
3370 1397
3370 1878
3370 2576
3370 2691
3370 2745
3370 2753
3370 2865
3370 2906
3370 3763
3370 6714
3370 7662
3370 8006
3370 11252
3370 12502
3370 13065
3370 13947
3529 79
3529 196
3529 327
3529 1495
3529 2815
3529 2868
3529 2920
3529 3359
3529 5615
3529 6226
3529 6714
3529 7324
3529 11861
3643 3393
3643 8642
3683 188
3683 210
3683 611
3683 797
3683 851
3683 881
3683 1870
3683 2866
3683 4069
3683 9076
3683 10096
3683 10493
3683 11250
3683 12111
3767 466
3767 851
3767 4461
3767 10860
3767 11914
3767 12047
4023 2567
4023 12024
4093 13
4093 176
4093 225
4093 302
4093 316
4093 698
4093 709
4093 797
4093 1009
4093 1268
4093 1494
4093 2127
4093 2238
4093 2404
4093 2620
4093 2740
4093 2751
4093 2825
4093 2920
4093 3202
4093 3791
4093 5945
4093 6599
4093 7885
4093 8763
4093 8831
4093 9035
4093 9636
4093 9934
4093 10542
4093 11250
4093 12047
4093 13281
4093 13621
4093 14450
4156 2621
4156 11858
4156 13343
4451 709
4451 2040
4451 2738
4451 4724
4451 6014
4451 6079
4451 6220
4451 6516
4451 9775
4451 14055
4683 107
4683 870
4683 2768
4683 2770
4683 13006
4712 290
4712 381
4712 391
4712 454
4712 575
4712 611
4712 694
4712 697
4712 710
4712 731
4712 1048
4712 1438
4712 1776
4712 2018
4712 2088
4712 2638
4712 2708
4712 2709
4712 2730
4712 2732
4712 2740
4712 2759
4712 2787
4712 2820
4712 2825
4712 2845
4712 2862
4712 2868
4712 2913
4712 3399
4712 3888
4712 4275
4712 4714
4712 4892
4712 5140
4712 5965
4712 6719
4712 6753
4712 7242
4712 7662
4712 8123
4712 8417
4712 8551
4712 9129
4712 9605
4712 9720
4712 10238
4712 10584
4712 10615
4712 10909
4712 11901
4712 12111
4712 12165
4712 12440
4712 12581
4712 13948
4712 14026
4715 189
4715 194
4715 416
4715 609
4715 847
4715 1777
4715 2688
4715 2699
4715 2731
4715 2747
4715 2755
4715 2760
4715 2787
4715 2805
4715 2848
4715 2868
4715 2900
4715 2911
4715 2920
4715 3359
4715 4168
4715 5140
4715 5525
4715 6054
4715 7256
4715 10921
4715 11326
4715 11765
4715 11846
4715 11901
4715 12024
4715 12083
4715 13947
4715 14104
4718 458
4718 668
4718 677
4718 693
4718 2704
4718 2745
4718 2769
4718 2876
4718 4929
4718 6055
4718 6476
4718 10238
4718 10909
4718 11003
4718 12024
4718 12145
5072 194
5072 421
5072 467
5072 1720
5072 2002
5072 2688
5072 4122
5072 4479
5072 5217
5072 6057
5072 7299
5072 7318
5072 7338
5072 8612
5072 9229
5072 10486
5072 10557
5072 10892
5072 10921
5072 10928
5072 11279
5072 12593
5072 13473
5333 176
5333 291
5333 1166
5333 1416
5333 1478
5333 1686
5333 2716
5333 2736
5333 2811
5333 4168
5333 5615
5333 6050
5333 6584
5333 7579
5333 9075
5333 9636
5333 9908
5333 10584
5333 11765
5333 12219
5333 13114
5333 13205
5333 13355
5333 13948
5427 381
5427 577
5427 611
5427 1986
5427 2088
5427 2500
5427 2820
5427 2845
5427 4714
5427 9775
5427 11846
5467 652
5467 687
5467 695
5467 1494
5467 2127
5467 2913
5467 3888
5467 4584
5467 6714
5602 194
5602 196
5602 206
5602 209
5602 210
5602 225
5602 299
5602 348
5602 533
5602 574
5602 617
5602 677
5602 797
5602 847
5602 882
5602 914
5602 921
5602 1048
5602 1056
5602 1166
5602 1224
5602 1343
5602 1484
5602 1504
5602 1579
5602 1773
5602 1784
5602 1869
5602 1872
5602 1904
5602 1941
5602 2002
5602 2018
5602 2096
5602 2321
5602 2483
5602 2500
5602 2636
5602 2723
5602 2742
5602 2744
5602 2753
5602 2757
5602 2758
5602 2789
5602 2814
5602 2855
5602 2861
5602 2862
5602 2864
5602 2868
5602 2875
5602 2877
5602 2891
5602 2895
5602 2898
5602 2913
5602 2916
5602 3148
5602 3365
5602 3686
5602 3778
5602 4180
5602 4781
5602 4937
5602 5142
5602 5615
5602 6056
5602 6065
5602 6075
5602 6494
5602 6511
5602 6997
5602 7087
5602 7094
5602 7324
5602 7904
5602 8013
5602 8551
5602 9759
5602 10346
5602 10615
5602 11236
5602 11250
5602 11252
5602 11326
5602 11541
5602 12150
5602 12944
5602 13031
5602 13936
5602 14100
5602 14112
5636 10510
5772 2811
5772 3412
5772 5159
5772 7561
5772 9769
5877 2032
5877 3740
5877 8013
5877 14112
5910 2914
6027 664
6027 2847
6027 7135
6027 7661
6027 8418
6027 10005
6153 2940
6389 76
6389 113
6389 225
6389 340
6389 466
6389 476
6389 609
6389 847
6389 955
6389 959
6389 960
6389 988
6389 1056
6389 1224
6389 1333
6389 1582
6389 1748
6389 1838
6389 1974
6389 2321
6389 2478
6389 2483
6389 2703
6389 2723
6389 2771
6389 2776
6389 2777
6389 2778
6389 2800
6389 2814
6389 2847
6389 2850
6389 2875
6389 2910
6389 3189
6389 3486
6389 3555
6389 4489
6389 4605
6389 5142
6389 6128
6389 6178
6389 7087
6389 7094
6389 7324
6389 9133
6389 9632
6389 10111
6389 10346
6389 10493
6389 10710
6389 11252
6389 12061
6389 12150
6389 12390
6389 12887
6483 53
6483 225
6483 2251
6483 2636
6483 2740
6483 12111
6483 14112
6483 14418
6509 2731
6509 2855
6509 10238
6509 11901
6510 391
6510 714
6510 1343
6510 2914
6510 2930
6510 6225
6510 7690
6510 9769
6510 12024
6525 1495
6525 1974
6525 5442
6527 226
6527 450
6527 691
6527 1776
6527 1905
6527 2500
6527 2703
6527 2920
6527 3016
6527 4226
6527 5039
6527 6182
6527 7063
6527 8013
6527 9076
6527 12219
6527 13621
6527 13956
6528 209
6528 212
6528 328
6528 797
6528 1720
6528 2221
6528 2638
6528 2740
6528 2914
6528 2934
6528 3120
6528 4909
6528 6855
6528 8988
6528 9547
6528 10860
6528 11846
6528 12976
6528 13065
6528 14004
6528 14104
6542 40
6542 176
6542 189
6542 196
6542 212
6542 291
6542 433
6542 548
6542 574
6542 576
6542 603
6542 609
6542 647
6542 652
6542 672
6542 675
6542 687
6542 691
6542 695
6542 696
6542 698
6542 795
6542 799
6542 808
6542 882
6542 895
6542 921
6542 1015
6542 1222
6542 1343
6542 1415
6542 1416
6542 1478
6542 1648
6542 1686
6542 1736
6542 1781
6542 1864
6542 1871
6542 1905
6542 1911
6542 1954
6542 1955
6542 2088
6542 2093
6542 2094
6542 2111
6542 2178
6542 2247
6542 2554
6542 2567
6542 2595
6542 2638
6542 2716
6542 2724
6542 2732
6542 2736
6542 2738
6542 2740
6542 2751
6542 2755
6542 2786
6542 2820
6542 2825
6542 2845
6542 2862
6542 2863
6542 2864
6542 2888
6542 2892
6542 2918
6542 2920
6542 3016
6542 3077
6542 3365
6542 3399
6542 3740
6542 4226
6542 4429
6542 4559
6542 4685
6542 4714
6542 4909
6542 4995
6542 5142
6542 5171
6542 5228
6542 5499
6542 5615
6542 5820
6542 5942
6542 6014
6542 6050
6542 6220
6542 6225
6542 6476
6542 6584
6542 6714
6542 7011
6542 7105
6542 7175
6542 7256
6542 7651
6542 7669
6542 7690
6542 8051
6542 8356
6542 8552
6542 8763
6542 8922
6542 8988
6542 9083
6542 9229
6542 9704
6542 9775
6542 9934
6542 10123
6542 10309
6542 10493
6542 11250
6542 11319
6542 11690
6542 12152
6542 12165
6542 12440
6542 12581
6542 13157
6542 13355
6542 13421
6542 13580
6542 13948
6542 14102
6542 14104
6542 14112
6542 14128
6542 14382
6542 14418
6542 14448
6542 14450
6589 13
6589 687
6589 695
6645 303
6645 672
6645 2724
6645 2747
6645 6639
6645 11326
6646 433
6646 603
6646 609
6646 799
6646 851
6646 1268
6646 1343
6646 6028
6646 7175
6646 7669
6646 14102
6647 45
6647 450
6647 2708
6647 2913
6647 2933
6647 4892
6647 13574
6706 4489
6706 8051
6706 9297
6706 10122
6706 10542
6707 291
6707 675
6707 2914
6707 2923
6707 9075
6707 9769
6741 168
6741 609
6741 635
6741 2094
6741 2731
6741 4909
6741 13270
6741 14026
6877 40
6877 696
6877 1686
6877 1955
6877 2029
6877 2732
6877 4559
6877 5951
6877 6639
6877 7063
6877 8779
6877 13269
6877 13355
6877 13358
6877 13490
6877 14382
6885 228
6885 672
6885 675
6885 870
6885 2194
6885 2195
6885 2724
6885 2737
6885 2747
6885 5396
6885 10507
6885 12390
6886 574
6886 2094
6886 2127
6886 2689
6886 2704
6886 2773
6886 3399
6886 3448
6886 5142
6886 6265
6886 7094
6886 9547
6886 13574
6942 2691
6969 45
6969 76
6969 189
6969 194
6969 206
6969 220
6969 476
6969 617
6969 686
6969 827
6969 914
6969 955
6969 959
6969 960
6969 1333
6969 1397
6969 1484
6969 1838
6969 1986
6969 2156
6969 2164
6969 2245
6969 2321
6969 2352
6969 2478
6969 2483
6969 2699
6969 2712
6969 2758
6969 2769
6969 2771
6969 2777
6969 2800
6969 2814
6969 2815
6969 2819
6969 2822
6969 2829
6969 2846
6969 2847
6969 2850
6969 2868
6969 2875
6969 2910
6969 3486
6969 3555
6969 4092
6969 4307
6969 4431
6969 4461
6969 6128
6969 7087
6969 8551
6969 8779
6969 9934
6969 10061
6969 10111
6969 10238
6969 10346
6969 11250
6969 12047
6969 12061
6969 12390
6969 12887
6969 12944
6969 13355
6975 1911
6975 2002
6975 2032
6975 2695
6975 4183
6975 6516
6975 7904
6975 10909
6975 14010
7196 13490
7341 574
7341 1438
7341 1843
7341 2762
7341 6744
7341 6997
7341 9248
7341 12424
7342 106
7342 168
7342 302
7342 458
7342 639
7342 664
7342 668
7342 672
7342 685
7342 2081
7342 2709
7342 2755
7342 2787
7342 2826
7342 2886
7342 3399
7342 3740
7342 5828
7342 7087
7342 7662
7342 7669
7342 8831
7342 10238
7342 11031
7342 13936
7342 14010
7342 14383
7393 106
7393 206
7393 668
7393 1864
7393 2757
7393 2763
7393 2768
7393 6070
7393 6584
7394 574
7394 691
7394 695
7394 696
7394 1784
7394 1870
7394 2758
7394 3399
7394 4018
7394 8831
7394 11000
7394 13331
7494 1748
7494 1904
7494 1922
7494 2095
7714 4069
7714 5525
7714 6064
7714 7175
7714 9075
7715 2786
7715 2866
7720 291
7720 354
7720 675
7720 2729
7720 6174
7720 8642
7955 1397
7955 6244
8008 391
8008 1905
8008 2088
8008 2127
8008 2867
8008 2920
8008 4714
8008 13355
8053 209
8053 797
8053 954
8053 2433
8053 2545
8053 13065
8127 1748
8127 1843
8127 2927
8127 9035
8163 1838
8163 1869
8163 1937
8163 2477
8163 2895
8163 2935
8163 4489
8163 4525
8163 4783
8163 10111
8163 11541
8163 12390
8163 14102
8184 693
8184 1905
8184 2477
8184 2720
8184 2745
8184 2933
8184 4783
8184 5338
8185 2251
8185 2750
8185 2770
8185 2871
8185 2898
8185 5562
8185 9759
8185 10282
8185 11839
8358 2567
8610 7175
8639 2508
8793 2275
8793 2490
8793 2770
8793 5198
8793 8418
8793 9759
8793 10282
8996 299
8996 2111
8996 2733
8996 2753
8996 2811
8996 3865
8996 4938
8996 6050
8996 6511
8996 12019
9149 6639
9154 220
9154 1397
9154 10346
9261 664
9261 685
9261 2251
9261 2776
9261 2847
9261 2871
9261 5562
9261 6078
9261 7135
9261 7588
9261 8418
9261 8831
9273 230
9273 608
9273 694
9273 1222
9273 1396
9273 1784
9273 1870
9273 2811
9273 2892
9273 2938
9273 3888
9273 4275
9273 5171
9273 6753
9273 8922
9273 12413
9273 12470
9273 13621
9273 14530
9416 106
9416 574
9416 836
9416 1048
9416 1056
9416 1438
9416 2652
9416 2756
9416 2760
9416 2762
9416 2764
9416 2826
9416 2902
9416 3365
9416 4554
9416 5251
9416 6055
9416 6224
9416 6230
9416 6997
9416 7593
9416 7661
9416 9099
9416 9209
9445 2435
9445 12047
9618 1777
9618 2514
9618 2863
9618 5295
9618 7669
9618 9035
9618 12008
9618 12047
9772 2643
9967 811
9967 9035
9967 10892
9967 12593
10058 36
10058 212
10058 285
10058 576
10058 672
10058 1739
10058 1864
10058 2027
10058 2554
10058 2706
10058 2707
10058 2825
10058 2866
10058 3016
10058 4559
10058 4655
10058 5171
10058 5228
10058 6714
10058 7175
10058 7493
10058 7579
10058 8774
10058 12581
10058 13065
10058 14006
10058 14102
10206 2096
10206 2825
10206 2863
10206 4557
10206 11003
10206 12944
10271 190
10271 2778
10271 4892
10271 7175
10332 635
10332 2080
10332 2344
10332 4652
10332 6182
10332 6558
10332 13331
10348 212
10348 11901
10436 2864
10712 421
10712 2514
10893 2002
10893 2017
10893 2029
10893 2223
10893 3399
10893 4226
10893 4431
10893 5499
10893 5965
10893 10909
10893 13574
11011 5114
11478 6817
11478 6855
11478 12047
11478 12383
11678 187
11678 2151
11678 5159
11678 13331
11951 674
11951 2567
11951 3189
11951 7662
12021 208
12021 225
12021 228
12021 691
12021 1280
12021 1416
12021 1438
12021 2018
12021 2189
12021 2247
12021 2326
12021 2638
12021 2707
12021 2709
12021 2722
12021 2732
12021 2734
12021 2740
12021 2745
12021 2746
12021 2751
12021 2759
12021 2768
12021 2777
12021 2790
12021 2820
12021 2825
12021 2836
12021 2865
12021 2889
12021 3016
12021 3865
12021 4018
12021 4380
12021 4559
12021 4995
12021 5338
12021 5621
12021 6056
12021 6070
12021 6719
12021 6964
12021 7063
12021 7144
12021 7224
12021 7242
12021 7661
12021 8123
12021 9337
12021 9498
12021 9978
12021 10007
12021 10768
12021 11000
12021 12047
12021 12083
12021 12219
12021 13210
12021 13535
12021 13621
12381 166
12381 175
12381 190
12381 209
12381 225
12381 230
12381 290
12381 291
12381 302
12381 316
12381 328
12381 416
12381 420
12381 429
12381 550
12381 567
12381 574
12381 690
12381 731
12381 797
12381 801
12381 824
12381 920
12381 954
12381 1161
12381 1386
12381 1415
12381 1740
12381 1777
12381 1904
12381 1967
12381 1983
12381 2002
12381 2080
12381 2095
12381 2127
12381 2249
12381 2576
12381 2704
12381 2734
12381 2735
12381 2739
12381 2740
12381 2751
12381 2761
12381 2762
12381 2768
12381 2784
12381 2833
12381 2836
12381 2862
12381 2864
12381 2891
12381 2930
12381 3448
12381 3466
12381 3791
12381 4203
12381 4380
12381 4413
12381 4557
12381 4892
12381 5031
12381 5178
12381 5442
12381 6065
12381 6516
12381 6599
12381 6714
12381 6719
12381 6855
12381 7105
12381 7478
12381 7662
12381 8013
12381 8051
12381 8205
12381 8763
12381 8831
12381 9644
12381 9714
12381 9759
12381 9775
12381 9908
12381 9934
12381 10122
12381 10309
12381 10542
12381 10860
12381 11003
12381 11017
12381 11765
12381 11846
12381 11916
12381 12083
12381 12151
12381 12668
12381 12709
12381 13006
12381 13065
12381 13270
12381 13281
12381 14004
12381 14010
12381 14040
12381 14055
12381 14102
12381 14104
12381 14383
12475 1015
12475 1773
12475 2790
12475 2832
12475 4557
12475 4781
12475 7105
12475 9757
12475 12024
12475 13331
13225 194
13225 2194
13225 2688
13225 2704
13225 2722
13225 2731
13225 2773
13225 2811
13225 3411
13225 4180
13225 5920
13225 6086
13225 6226
13225 7175
13225 7224
13225 9547
13225 9795
13225 10507
13225 10921
13225 10928
13225 11765
13225 13211
13225 13301
13225 14002
13273 696
13598 1033
13598 1929
13598 1983
13598 2040
13598 2111
13598 2339
13598 2501
13598 3120
13598 3448
13598 4739
13598 5442
13598 6964
13598 10493
13598 11916
13598 13459
13743 230
13743 290
13743 327
13743 550
13743 574
13743 603
13743 611
13743 635
13743 683
13743 697
13743 710
13743 714
13743 808
13743 851
13743 920
13743 987
13743 1838
13743 1843
13743 2275
13743 2689
13743 2703
13743 2709
13743 2728
13743 2766
13743 2848
13743 2916
13743 2940
13743 3334
13743 4221
13743 4413
13743 5171
13743 5298
13743 6028
13743 6056
13743 6182
13743 6714
13743 6744
13743 6997
13743 7105
13743 7808
13743 8988
13743 9248
13743 9297
13743 10549
13743 10921
13743 11031
13743 11326
13743 11861
13743 12413
13743 12424
13743 13006
13743 13270
13743 13460
13743 13516
13743 13947
13743 14104
13743 14530
13823 194
13823 220
13823 290
13823 316
13823 393
13823 550
13823 567
13823 708
13823 801
13823 987
13823 1015
13823 1103
13823 1773
13823 1869
13823 1905
13823 1926
13823 2269
13823 2325
13823 2365
13823 2689
13823 2699
13823 2731
13823 2747
13823 2753
13823 2758
13823 2763
13823 2773
13823 2777
13823 2790
13823 2820
13823 2829
13823 2834
13823 2859
13823 2872
13823 2883
13823 2905
13823 2912
13823 2920
13823 2933
13823 2935
13823 2955
13823 3412
13823 4429
13823 6086
13823 6225
13823 6516
13823 6558
13823 6584
13823 6599
13823 6714
13823 7105
13823 7564
13823 7808
13823 7885
13823 8013
13823 8564
13823 8779
13823 8988
13823 9076
13823 9714
13823 9757
13823 9795
13823 10019
13823 10601
13823 10984
13823 11252
13823 11328
13823 11846
13823 12083
13823 12424
13823 13331
13823 14002
13823 14104
13823 14383
13823 14450
