14541 14541 145
857 2581
1151 4364
1151 9291
1547 268
1547 428
1547 1981
1547 2602
1547 2711
1547 2746
1547 3990
1547 7144
1547 9959
1547 11160
1547 12609
1547 12698
1547 12796
1547 13566
1866 6583
2453 871
3958 684
3958 1224
3958 1944
3958 2292
3958 2331
3958 2424
3958 2740
3958 2742
3958 2883
3958 3419
3958 5254
3958 5680
3958 6242
3958 6937
3958 7083
3958 8704
3958 9277
3958 9733
3958 9758
3958 10683
3958 12023
3958 12439
3958 13541
3958 13644
3958 13820
3958 14517
4088 14204
4490 5787
5173 723
5173 2755
5173 3178
5173 5560
5173 7473
5173 7593
5173 8616
5173 13535
6448 471
6448 631
6448 653
6448 870
6448 1344
6448 2688
6448 2797
6448 4264
6448 6557
6448 10314
6448 10855
6448 11460
6448 14007
7612 1859
7612 2736
7612 6643
7969 5675
8858 659
8858 1312
8858 4133
8858 4655
8858 5187
8858 5377
8858 12846
8858 13055
8858 13275
8858 13535
8858 14491
9245 5675
9245 12686
9245 14204
9659 5675
9659 14533
11013 7097
11542 2688
11542 10314
11674 1697
11674 2111
11674 4641
11674 8069
11676 731
11676 8913
11676 9574
11676 11346
12309 293
12309 538
12309 6181
12309 7812
12309 8751
12309 8765
12309 9519
12309 12907
12780 115
12780 211
12780 338
12780 407
12780 563
12780 751
12780 2292
12780 2424
12780 2790
12780 3092
12780 3301
12780 3711
12780 5991
12780 6335
12780 6547
12780 6766
12780 7017
12780 7144
12780 7207
12780 8597
12780 9229
12780 9277
12780 10934
12780 12068
12780 12917
12780 13499
12780 13820
12957 635
12957 882
12957 1680
12957 3815
12957 7224
12957 11901
12957 13460
13543 327
13543 2626
13543 8273
13543 11578
