14541 14541 358
256 1699
336 818
336 1058
336 1717
336 7580
336 8237
336 9853
862 4999
894 92
894 1443
894 3553
894 3889
894 5923
894 6131
894 6738
894 11457
894 14344
938 1114
938 6151
1205 4528
1205 6342
1205 7057
1205 7901
1439 1295
1439 4787
1439 4845
1439 5257
1439 5988
1439 6090
1439 7950
1439 10147
1439 11747
1439 13092
1492 1699
1492 3611
1492 5923
1515 1517
1515 2327
1515 6325
1515 8243
1751 1750
1751 8125
1751 8463
1751 9299
1956 8141
1956 8516
1956 9424
1956 11608
2191 3049
2191 3582
2191 4820
2191 4933
2191 4980
2191 9254
2191 10521
2816 6532
2816 8058
2816 9640
2831 741
2831 4835
2831 7121
2831 10867
3030 3210
3033 7057
3033 11372
3130 8243
3130 12776
3325 6665
3325 11467
3331 10147
3521 1717
3521 3210
3521 7057
3521 8237
3521 9853
3627 1995
3627 4980
3691 5510
3750 2999
3750 7336
3750 8516
3750 12737
4278 540
4278 3889
4278 14344
4373 6983
4373 11372
4400 3210
4400 3969
4400 7056
4400 7434
4400 7708
4400 11467
4400 11803
4531 1114
4531 6151
4836 1699
5215 818
5215 7057
5215 10660
6164 7872
6252 7057
6252 10316
6252 11739
6326 748
6326 818
6326 819
6326 3210
6326 6983
6326 7057
6326 14344
6370 97
6370 481
6370 1518
6370 4516
6370 4772
6370 4792
6370 4863
6370 4987
6370 5990
6370 6439
6370 7066
6370 7928
6370 8792
6370 9951
6370 10135
6370 11085
6370 12863
6370 13266
6370 13418
7645 3825
7675 5143
7675 7978
7675 14085
8291 703
8291 823
8291 880
8291 1180
8291 1195
8291 1324
8291 1512
8291 1517
8291 2014
8291 2327
8291 2496
8291 3970
8291 3971
8291 4185
8291 4634
8291 4795
8291 4867
8291 5068
8291 5460
8291 5580
8291 5652
8291 5831
8291 6983
8291 7058
8291 7391
8291 7706
8291 7995
8291 8349
8291 8463
8291 9174
8291 9176
8291 9343
8291 9388
8291 10174
8291 10269
8291 10342
8291 11035
8291 11422
8291 11609
8291 11837
8291 12161
8291 12372
8291 12756
8291 14001
8291 14082
8633 1699
8633 3251
8633 7391
8633 7799
8633 11491
9235 10316
9899 3049
9899 5310
9899 5865
9899 9173
9899 9175
9899 9180
9899 11457
9899 11646
9939 1699
10406 1699
10406 7057
10436 342
10436 516
10436 540
10436 1037
10436 1178
10436 1179
10436 1180
10436 1181
10436 1230
10436 1529
10436 1747
10436 1914
10436 2690
10436 4360
10436 4942
10436 5309
10436 5441
10436 5470
10436 5652
10436 5678
10436 5858
10436 6008
10436 6274
10436 7391
10436 7790
10436 8768
10436 9788
10436 10342
10436 10752
10436 11646
10436 13263
10436 13987
10436 13999
10436 14261
10773 3049
10773 5310
10773 5865
10773 6131
10773 6738
10773 8561
10773 12457
10969 3049
10969 5068
11206 10147
11206 13092
11358 540
11358 748
11358 819
11358 1082
11358 1183
11358 1664
11358 2205
11358 2353
11358 2440
11358 3210
11358 3487
11358 4382
11358 5963
11358 6443
11358 6739
11358 7617
11358 8231
11358 8950
11358 9094
11358 9343
11358 9556
11358 9607
11358 9880
11358 10375
11358 12905
11358 13765
11358 14344
11358 14345
12346 1699
12346 13151
12362 97
12362 481
12362 3825
12362 4845
12362 5257
12362 6090
12362 6983
12362 7950
12362 7963
12362 8661
12362 8958
12362 9036
12362 10147
12362 10250
12362 10621
12362 11085
12362 13092
12598 517
12598 741
12598 818
12598 819
12598 1191
12598 1411
12598 1512
12598 2419
12598 3032
12598 3363
12598 3706
12598 3725
12598 3968
12598 3969
12598 4091
12598 4497
12598 4687
12598 4930
12598 5395
12598 5447
12598 5468
12598 5696
12598 5834
12598 6287
12598 6325
12598 7391
12598 8009
12598 8389
12598 8430
12598 8687
12598 9008
12598 9254
12598 9609
12598 9985
12598 10182
12598 10342
12598 10456
12598 11454
12598 11592
12598 12423
12598 12484
12598 13132
12598 14082
12828 3825
12829 5143
12829 9008
12829 9788
12836 6983
12836 10174
13249 8009
13249 12104
13251 1758
13251 5063
13251 8939
13252 3599
13252 4762
13252 5068
13252 8141
13256 3825
13256 6947
13256 8461
13256 9254
13256 10521
13256 12085
13256 12629
13468 3435
13468 3889
13468 8058
13468 8237
13468 8430
