14541 14541 160
145 10317
145 12079
394 7467
523 12229
561 8307
568 12134
579 11761
596 9111
716 13484
745 7306
814 2300
1019 9578
1083 11850
1089 8200
1522 9104
1855 445
2044 12081
2071 8657
2102 7709
2150 12079
2197 11756
2256 12086
2273 12173
2418 10328
2426 12084
2482 8018
2966 11760
3095 11753
3152 13142
3193 11905
3193 12238
3193 13670
3428 10401
3428 11077
3496 1170
3496 4625
3866 7536
4471 7467
4488 2803
4495 12226
4779 5527
4779 8918
4779 9711
5190 6282
5235 9521
5243 11033
5633 5637
5635 445
5662 12139
5701 12143
5851 9578
5864 11237
5887 10393
5908 445
5928 12229
6068 1447
6068 12081
6068 12753
6136 10317
6138 5384
6138 11571
6157 12205
6303 482
6303 10317
6466 9973
6544 8918
6545 11758
6552 4147
6559 7030
6579 12232
7222 13186
7366 8933
7367 12169
7401 9736
7413 9515
7433 10399
7441 2297
7738 12235
7774 12207
8092 13186
8114 445
8142 11488
8146 1960
8373 2300
8502 9973
8523 12269
8591 1028
8605 7709
8867 11949
8901 7709
8915 10328
8932 2300
8932 8918
8932 10394
8960 12230
8975 8918
9023 12137
9084 8018
9107 11601
9120 12196
9122 482
9155 4625
9211 12135
9216 11163
9220 9220
9226 10971
9227 12428
9239 4327
9584 12130
9594 12234
9808 7467
9821 12216
9834 12138
9837 10508
9913 12048
9920 9920
9990 417
10031 445
10104 13773
10110 11312
10298 10298
10416 14196
10543 12206
10582 7197
10823 7704
10918 9531
10987 4716
10987 11482
10987 11758
11193 1160
11193 3068
11193 8845
11193 11192
11308 7709
11308 9145
11331 10328
11338 11781
11465 10038
11520 11598
11522 1509
11523 1007
11524 8371
11537 9104
11853 9602
11853 13186
12011 8512
12393 12840
12620 8512
12742 14220
12744 6946
12770 12079
12910 3068
12910 8845
12910 11192
12936 2480
12990 7181
12998 9708
13007 2023
13016 10095
13018 1578
