14541 14541 851
33 1004
33 2246
33 5291
33 8521
33 8935
33 9984
33 10511
95 33
95 629
95 993
95 8911
105 8911
179 105
179 1563
179 3536
179 8609
179 9696
179 13647
183 622
183 623
183 12529
199 95
199 105
199 444
199 657
199 772
199 8911
199 9014
199 12679
203 1176
203 6866
203 8094
203 8173
203 14433
331 4719
332 4654
343 8521
444 5199
513 444
513 8911
513 13614
537 1590
543 8911
553 5868
553 10698
580 1158
580 10148
580 13647
580 14433
622 1005
622 3708
622 5291
622 9014
622 12529
622 12679
623 1005
623 3708
623 5291
623 8935
623 9014
623 12529
624 12529
629 33
629 6336
629 8911
630 1107
630 8935
630 9197
655 657
655 1485
655 5363
655 8609
655 8911
655 12463
657 5199
657 8911
719 95
719 629
719 1001
719 10843
719 12050
721 95
721 199
721 3864
721 8160
721 8794
721 8911
721 9014
742 2026
769 3924
769 6336
769 7941
771 444
771 780
772 2026
772 8911
772 9014
773 629
773 1130
773 5291
773 6336
773 8521
773 10561
773 12529
775 6336
775 7245
775 8160
775 10511
775 14396
779 444
780 444
781 105
781 8160
781 8911
786 444
787 95
787 629
787 8160
787 12583
834 8911
943 655
943 5363
943 6336
943 8609
943 10843
993 199
993 444
993 772
993 2026
993 8521
993 8911
993 9014
994 742
994 8521
1001 95
1001 8609
1001 11746
1003 1401
1003 6336
1003 7245
1003 9532
1003 11746
1004 630
1004 1107
1004 8935
1005 1004
1005 3338
1005 8935
1006 623
1006 5291
1006 12529
1017 8173
1017 10148
1017 12809
1017 13513
1107 9197
1130 95
1130 629
1130 6336
1130 8521
1130 11746
1130 13967
1153 8094
1153 14433
1158 8094
1158 8521
1158 14433
1176 2246
1176 8094
1176 8521
1176 10511
1176 14433
1282 95
1282 8160
1282 8521
1282 8794
1373 6366
1373 12529
1401 6336
1433 4654
1433 6336
1433 13567
1469 183
1469 622
1469 5868
1469 12529
1475 444
1475 627
1475 5868
1475 9014
1475 11497
1485 5868
1485 8911
1498 4654
1498 4837
1498 12529
1499 622
1499 12529
1500 9014
1500 12679
1516 12472
1561 4757
1561 8521
1563 6366
1571 95
1571 629
1571 5970
1571 6452
1571 8911
1571 10176
1571 11746
1590 12472
1591 5199
1654 33
1654 199
1654 6366
1654 6866
1654 8521
1654 8609
1654 8794
1654 8911
1654 14396
1681 7337
1681 8521
1681 13063
1727 9621
1727 12050
1727 13350
1727 13513
1727 13647
1728 6366
1728 9621
1824 6336
1824 13109
1879 5868
1879 8879
1903 1591
1903 9984
2021 5868
2021 13967
2026 444
2026 2033
2026 4266
2033 9984
2112 5868
2118 444
2118 627
2118 1475
2118 5868
2118 9014
2138 95
2138 8521
2138 8735
2138 13063
2224 5868
2246 8173
2246 8911
2246 11746
2272 5868
2384 8911
2454 629
2521 95
2521 629
2521 721
2521 6723
2521 8911
2765 2112
2765 5868
2765 6366
2765 13513
2897 12472
2907 12472
3022 624
3022 12529
3023 3122
3023 3853
3023 12809
3023 13350
3074 1004
3074 1879
3074 3853
3074 5291
3074 5868
3074 8794
3074 12050
3074 12529
3074 12679
3074 13513
3115 14433
3122 1563
3122 9621
3122 13647
3207 993
3207 8521
3207 13872
3243 12529
3243 12679
3271 3924
3271 6114
3515 9014
3533 623
3533 12529
3578 1499
3578 12529
3583 657
3634 2026
3708 12679
3853 1004
3853 1005
3853 5291
3853 5868
3853 8879
3853 8935
3853 8943
3853 9621
3853 10148
3853 12050
3853 12529
3853 12809
3864 8911
3864 13872
3884 6336
3884 8521
3884 8911
3924 6336
3924 13109
3937 95
3937 629
3937 8261
3937 8521
3937 10176
3937 13647
3941 623
3941 5291
3941 7621
3941 12529
4075 3515
4075 4135
4075 12679
4171 10148
4266 5199
4498 8160
4498 8911
4498 9794
4530 6452
4530 14015
4555 199
4555 8609
4607 775
4607 8911
4717 657
4717 8911
4757 1005
4837 627
4840 12679
4874 8521
4874 8911
4946 2897
4946 5970
4998 657
5069 6336
5069 8521
5069 13336
5080 580
5080 1130
5080 6336
5080 13647
5080 14422
5123 12050
5145 8861
5147 1824
5147 7255
5205 179
5205 6366
5205 9696
5205 11746
5205 12809
5291 3853
5291 12679
5363 655
5363 8911
5367 6336
5367 12472
5368 3924
5368 6336
5368 12798
5368 13109
5369 6336
5378 513
5378 769
5378 6336
5378 13063
5402 4654
5402 6336
5402 7337
5402 8521
5581 1824
5581 3924
5581 6336
5581 12798
5590 622
5590 3207
5590 12529
5630 95
5630 629
5654 11746
5723 4757
5723 10148
5745 622
5745 623
5745 1499
5745 12529
5782 5291
5782 5868
5782 9014
5868 8524
5899 12679
5936 12050
5970 3853
6039 580
6039 13511
6114 5069
6114 6150
6114 6336
6114 7337
6114 8911
6114 13063
6114 13109
6143 8521
6150 7337
6150 8521
6150 13063
6258 8911
6336 5363
6336 8911
6336 14015
6336 14396
6366 3708
6366 3941
6366 5291
6366 10148
6366 12679
6366 14433
6406 1903
6406 8911
6452 33
6452 95
6452 6336
6452 8173
6452 8521
6452 13063
6548 657
6723 33
6723 95
6723 629
6723 8094
6723 8521
6723 8794
6866 8911
7245 2384
7245 6336
7245 14396
7255 1003
7255 1401
7255 1824
7255 6336
7255 10254
7255 12472
7255 12798
7337 1130
7337 6336
7337 8521
7337 13109
7423 622
7423 623
7423 12529
7453 10965
7453 12529
7453 12809
7596 6336
7596 12529
7621 3708
7621 9019
7621 10148
7648 657
7648 2033
7657 657
7657 13647
7831 5402
7838 657
7838 3536
7866 3536
7866 8609
7866 12679
7870 627
7941 4946
7941 12050
7986 12463
8094 3708
8094 5291
8094 8160
8094 8521
8094 8794
8094 8911
8094 8935
8094 9197
8094 10511
8160 8911
8173 8911
8261 33
8261 8521
8274 3924
8274 5868
8274 6336
8274 12798
8320 772
8320 8911
8320 13614
8336 629
8336 11757
8336 14396
8344 773
8344 1130
8344 6336
8344 8902
8344 8911
8344 8934
8344 12529
8344 13109
8395 9014
8395 12529
8521 772
8521 8911
8521 10511
8521 14396
8573 95
8573 657
8573 8521
8609 199
8609 444
8609 1001
8609 3536
8609 5868
8609 8911
8649 95
8649 8094
8649 8173
8649 8261
8649 8521
8649 10561
8728 8911
8735 95
8735 199
8735 993
8735 4874
8735 8521
8735 8911
8785 4654
8785 8521
8785 13567
8794 8911
8794 9014
8794 9984
8794 12472
8794 12473
8820 3924
8820 5402
8820 6336
8820 11582
8861 2026
8865 9621
8902 6336
8902 13109
8911 772
8911 5199
8934 622
8934 623
8934 5291
8934 6336
8934 8521
8934 8609
8934 8911
8934 9621
8934 11757
8934 12529
8934 14396
8935 9197
8935 9984
8943 1005
8943 8935
9010 33
9010 199
9010 772
9010 779
9010 4874
9010 8521
9010 8911
9010 9014
9010 13063
9014 12679
9019 3708
9019 10148
9042 623
9042 1006
9042 3022
9042 12529
9071 12050
9472 8609
9472 8911
9472 11746
9532 1401
9532 6336
9532 7337
9572 33
9572 3536
9572 12529
9572 13513
9593 8521
9593 13063
9621 3941
9621 10148
9621 13647
9621 14433
9696 6366
9696 9621
9696 10148
9696 12050
9696 13647
9723 4654
9723 8785
9723 13063
9782 1004
9782 3853
9782 7453
9782 10965
9783 8911
9839 95
9839 8911
9912 95
9912 11041
9915 2118
9915 5291
9915 5868
9915 9014
9915 12679
10109 33
10109 1153
10109 5199
10109 8521
10109 10511
10109 12373
10109 14397
10109 14432
10141 199
10141 4874
10141 8521
10141 8911
10141 9014
10141 10511
10176 8911
10188 5868
10222 199
10222 4874
10222 8521
10222 10511
10254 769
10254 1824
10254 3924
10254 6336
10254 14397
10511 199
10511 657
10511 8160
10511 8911
10561 8911
10698 5868
10843 655
10843 1001
10843 6336
10843 8609
10843 12583
10843 14396
10965 1373
11041 95
11041 629
11041 1654
11041 8094
11041 8521
11041 8911
11041 10511
11150 12472
11304 769
11304 5378
11304 6336
11304 8911
11304 11498
11304 12050
11304 12412
11304 13647
11368 12529
11497 5868
11498 8609
11498 8911
11498 11746
11582 3924
11582 6114
11582 6336
11746 444
11746 5363
11746 8609
11746 8911
11746 13967
11746 14396
11757 95
11757 629
11757 6336
11757 7337
11757 8521
11757 8911
11757 13063
11757 14396
11769 721
11769 8160
11769 8794
11769 8911
11769 14433
12017 5868
12050 1001
12050 2246
12050 2897
12050 4946
12050 8609
12050 9621
12281 5782
12327 9984
12412 95
12412 105
12412 629
12412 719
12412 1001
12412 1571
12412 2246
12412 5868
12412 8911
12412 10176
12412 11498
12412 11746
12412 12050
12412 13513
12463 444
12463 2026
12463 4266
12463 5868
12463 7870
12529 622
12583 3536
12583 8609
12583 8794
12583 8911
12583 9839
12607 5868
12679 444
12679 627
12679 9014
12692 5868
12798 1485
12798 6336
12798 11746
12809 1005
12809 9621
12809 12529
13000 657
13000 1824
13000 6336
13063 8521
13102 657
13102 1003
13102 1824
13102 5199
13102 6336
13109 1401
13109 6336
13109 7245
13109 9532
13109 13063
13153 1373
13153 5205
13153 6366
13171 2897
13336 8521
13350 3853
13350 9621
13350 10148
13350 13513
13350 13647
13422 12472
13445 3115
13445 13513
13511 8521
13511 13647
13513 6366
13513 8911
13513 9621
13546 8794
13567 4654
13567 8911
13614 2026
13614 8911
13647 3853
13647 10148
13647 13511
13872 9014
13967 5868
14015 95
14015 6452
14015 8160
14015 8521
14015 8911
14015 13063
14396 4555
14396 8911
14396 9794
14397 33
14397 629
14397 1153
14397 8521
14397 8911
14397 10511
14422 580
14422 629
14422 8173
14422 8521
14422 8911
14422 13647
14422 14396
14432 33
14432 8521
14432 8911
14432 10511
14432 14396
14433 33
14433 2246
14433 8094
14433 8160
14433 8173
14433 8794
14433 8911
14433 10148
14433 13647
14433 14433
14523 14435
