14541 14541 7134
33 30
33 187
33 194
33 291
33 324
33 391
33 675
33 708
33 709
33 797
33 808
33 847
33 1416
33 2605
33 2710
33 2726
33 2727
33 2728
33 2811
33 2868
33 2872
33 2885
33 2891
33 2899
33 2914
33 2923
33 3359
33 4092
33 4168
33 4429
33 4652
33 5171
33 5542
33 6599
33 7170
33 7242
33 8356
33 8501
33 8642
33 9337
33 9498
33 9636
33 9720
33 9769
33 11861
33 12203
33 12219
33 13066
33 13358
33 13421
33 13442
95 184
95 228
95 608
95 672
95 675
95 683
95 1009
95 1323
95 1872
95 2051
95 2352
95 2478
95 2483
95 2605
95 2724
95 2811
95 2819
95 2827
95 3056
95 3466
95 4092
95 4489
95 4685
95 5159
95 6028
95 6086
95 6128
95 6639
95 6671
95 6722
95 7262
95 7561
95 8642
95 8903
95 9337
95 9636
95 9718
95 9988
95 10007
95 10549
95 12151
95 13269
95 13301
95 13331
95 13421
95 13508
95 13516
95 14002
105 188
105 210
105 617
105 2096
105 2164
105 2326
105 2344
105 2386
105 2735
105 2829
105 2863
105 3335
105 3555
105 4557
105 5615
105 8989
105 10096
105 12944
105 13947
105 14100
182 2514
183 76
183 107
183 228
183 501
183 675
183 836
183 1416
183 1417
183 1438
183 2652
183 2705
183 2737
183 2761
183 2763
183 2777
183 2817
183 2825
183 2826
183 2827
183 2836
183 2876
183 2891
183 4554
183 4937
183 6056
183 6070
183 6072
183 6078
183 6086
183 7087
183 7588
183 7593
183 8418
183 8831
183 8838
183 10710
183 11017
183 14002
199 187
199 188
199 672
199 709
199 1872
199 1975
199 2691
199 2724
199 2872
199 2885
199 5951
199 6028
199 6128
199 6639
199 9720
199 10007
199 10238
199 13343
292 188
292 467
292 1357
292 10123
317 93
317 2733
332 13
332 340
332 1740
332 1748
332 1904
332 2789
332 2798
332 6744
332 8071
332 10516
343 2906
343 5077
444 76
444 113
444 166
444 210
444 230
444 393
444 467
444 550
444 567
444 617
444 635
444 639
444 652
444 683
444 690
444 691
444 801
444 870
444 1033
444 1268
444 1357
444 1470
444 1579
444 1850
444 1878
444 1881
444 1889
444 1926
444 2093
444 2221
444 2269
444 2275
444 2350
444 2409
444 2478
444 2624
444 2703
444 2708
444 2711
444 2720
444 2730
444 2734
444 2739
444 2745
444 2750
444 2755
444 2761
444 2773
444 2820
444 2859
444 2861
444 2862
444 2872
444 2883
444 2889
444 2892
444 2905
444 2912
444 2934
444 3077
444 3120
444 3189
444 3268
444 3365
444 3888
444 4448
444 4460
444 4781
444 4892
444 4909
444 5228
444 5396
444 5615
444 6054
444 6064
444 6070
444 6181
444 6182
444 6516
444 6817
444 6855
444 7012
444 7271
444 7662
444 7965
444 9714
444 9775
444 10309
444 10796
444 10858
444 11017
444 11326
444 11654
444 12150
444 12390
444 12944
444 13446
444 13535
444 13574
444 13948
444 14004
444 14006
444 14100
444 14530
513 210
513 381
513 617
513 652
513 691
513 795
513 2178
513 2230
513 2761
513 3778
513 4448
513 4584
513 5942
513 5965
513 6128
513 6147
513 7662
513 7965
513 8186
513 10123
513 10892
513 12165
513 12581
513 13535
513 13621
543 188
543 467
543 2352
543 3189
543 4685
543 8188
543 10640
553 113
553 289
553 2163
553 2275
553 2720
553 2853
553 3990
553 6183
553 6291
553 7589
553 10601
553 10885
553 11637
553 11654
553 12008
553 13937
553 14004
566 206
566 289
566 611
566 1333
566 1713
566 2045
566 2733
566 2743
566 4069
566 4082
566 4605
566 5062
566 5416
566 6247
566 13490
580 107
580 1478
580 7579
580 13516
622 106
622 338
622 2652
622 2756
622 2760
622 2762
622 2784
622 2825
622 2871
622 2876
622 2930
622 6070
622 6078
622 6224
622 6230
622 8831
622 11003
622 13210
623 2757
623 2763
623 2768
623 2769
623 2786
623 6584
623 9742
624 76
624 664
624 668
624 685
624 2764
624 2770
624 2866
624 2886
624 3707
624 5178
624 5298
624 6052
624 10005
627 13
627 166
627 221
627 225
627 340
627 550
627 574
627 575
627 686
627 691
627 695
627 731
627 867
627 1048
627 1357
627 1904
627 2002
627 2095
627 2703
627 2714
627 2759
627 2773
627 2789
627 2824
627 2845
627 2862
627 2866
627 2867
627 2912
627 2933
627 3448
627 4082
627 4183
627 4448
627 4460
627 5525
627 5874
627 5965
627 6064
627 6181
627 6744
627 8205
627 9775
627 10061
627 12061
627 12470
627 13574
629 30
629 76
629 107
629 176
629 184
629 187
629 194
629 228
629 233
629 291
629 303
629 324
629 346
629 354
629 391
629 416
629 420
629 563
629 608
629 638
629 639
629 672
629 675
629 683
629 687
629 690
629 698
629 708
629 709
629 797
629 808
629 836
629 881
629 895
629 955
629 988
629 1009
629 1015
629 1033
629 1161
629 1202
629 1224
629 1280
629 1323
629 1371
629 1438
629 1478
629 1579
629 1648
629 1712
629 1740
629 1843
629 1872
629 1881
629 1905
629 2027
629 2051
629 2080
629 2151
629 2156
629 2194
629 2195
629 2247
629 2314
629 2352
629 2478
629 2483
629 2490
629 2514
629 2554
629 2605
629 2606
629 2620
629 2664
629 2691
629 2699
629 2705
629 2710
629 2724
629 2727
629 2728
629 2729
629 2735
629 2737
629 2744
629 2747
629 2755
629 2761
629 2771
629 2777
629 2790
629 2798
629 2805
629 2811
629 2815
629 2819
629 2827
629 2829
629 2834
629 2864
629 2868
629 2875
629 2885
629 2891
629 2895
629 2905
629 2912
629 2918
629 2923
629 2927
629 3047
629 3056
629 3089
629 3189
629 3411
629 3466
629 3555
629 3865
629 4092
629 4094
629 4168
629 4307
629 4489
629 4652
629 4661
629 4937
629 4938
629 4995
629 5031
629 5198
629 5338
629 5396
629 5542
629 5562
629 5621
629 5773
629 5933
629 5942
629 6028
629 6072
629 6075
629 6086
629 6128
629 6181
629 6182
629 6316
629 6494
629 6599
629 6639
629 6671
629 6719
629 6722
629 6964
629 7017
629 7087
629 7144
629 7170
629 7242
629 7256
629 7262
629 7493
629 7561
629 7564
629 7588
629 7593
629 7651
629 7661
629 7690
629 7759
629 7991
629 8051
629 8356
629 8501
629 8513
629 8642
629 8648
629 8837
629 8903
629 9083
629 9133
629 9185
629 9276
629 9297
629 9337
629 9498
629 9718
629 9720
629 9757
629 9759
629 9769
629 9908
629 10007
629 10111
629 10122
629 10507
629 10542
629 10584
629 10760
629 10768
629 11000
629 11279
629 11514
629 11541
629 11745
629 11858
629 11859
629 11861
629 12024
629 12150
629 12151
629 12219
629 12440
629 12581
629 12593
629 12917
629 13006
629 13269
629 13301
629 13343
629 13358
629 13421
629 13516
629 13608
629 14002
629 14010
629 14104
629 14450
630 4413
655 210
655 303
655 988
655 2819
655 2912
655 3555
655 4685
655 5295
655 5820
655 5942
655 8837
655 8903
655 13157
657 189
657 206
657 210
657 226
657 228
657 233
657 303
657 354
657 683
657 697
657 714
657 731
657 824
657 827
657 845
657 881
657 1166
657 1280
657 1878
657 1881
657 1905
657 1916
657 1975
657 2051
657 2080
657 2156
657 2321
657 2352
657 2500
657 2567
657 2703
657 2707
657 2726
657 2734
657 2735
657 2740
657 2773
657 2790
657 2827
657 2829
657 2855
657 2895
657 2905
657 2912
657 2920
657 2933
657 3399
657 3903
657 4995
657 5077
657 5159
657 5198
657 5820
657 6050
657 6964
657 7063
657 7478
657 7561
657 8763
657 8837
657 9185
657 9276
657 9704
657 9753
657 9908
657 10238
657 10858
657 11690
657 12019
657 12150
657 12431
657 12976
657 13031
657 13157
657 13269
657 13270
657 13331
657 13446
657 13460
657 13516
657 13535
657 13621
657 13947
657 13956
657 14006
657 14010
657 14040
657 14102
719 5542
719 9757
721 220
721 328
721 563
721 605
721 683
721 709
721 847
721 921
721 1323
721 1416
721 1868
721 2163
721 2638
721 2894
721 5114
721 5217
721 6075
721 6719
721 7017
721 7271
721 10007
721 10318
721 10542
721 11279
721 13343
721 13936
742 228
742 230
742 608
742 691
742 799
742 824
742 867
742 955
742 959
742 960
742 1222
742 1280
742 2080
742 2703
742 2724
742 3888
742 5159
742 5951
742 6397
742 6547
742 7561
742 7662
742 9704
742 9988
742 13269
742 13580
742 14382
746 845
746 6744
746 7885
769 420
769 421
769 422
769 1343
769 1478
769 2352
769 2514
769 2742
769 2906
769 3865
770 2739
770 4892
771 3077
771 6855
772 693
772 1736
772 2223
772 2688
772 2811
772 2877
772 4460
772 6181
772 6494
772 9076
772 9632
772 13948
773 30
773 1579
773 1648
773 1773
773 2314
773 2761
773 2829
773 3047
773 9083
773 11859
773 12150
773 14418
775 31
775 53
775 208
775 851
775 921
775 1739
775 2054
775 2729
775 2742
775 2745
775 2766
775 2884
775 2906
775 3334
775 6059
775 6174
775 9605
775 9978
775 10096
775 12413
775 13281
775 14448
775 14530
779 2862
779 6183
780 687
780 2703
780 2820
780 2905
780 3077
780 6855
780 9775
781 808
781 1495
781 1736
781 2386
781 2819
781 5198
781 7271
781 8642
781 12944
781 13355
781 13490
786 210
786 617
786 1889
786 2344
786 2500
786 2624
786 2820
786 3077
786 3189
786 4892
786 6855
787 9133
787 13421
810 36
810 87
810 107
810 140
810 142
810 148
810 186
810 337
810 418
810 542
810 684
810 696
810 1103
810 1281
810 1357
810 1371
810 1582
810 1720
810 1808
810 1940
810 1949
810 1963
810 1970
810 2040
810 2050
810 2072
810 2101
810 2134
810 2153
810 2171
810 2228
810 2280
810 2319
810 2399
810 2460
810 2579
810 2743
810 2781
810 2832
810 2853
810 2941
810 2958
810 3053
810 3198
810 3336
810 3393
810 3550
810 3976
810 4094
810 4106
810 4157
810 4184
810 4265
810 4297
810 4475
810 4476
810 4975
810 5059
810 5062
810 5216
810 5403
810 5777
810 5955
810 6067
810 6074
810 6173
810 6175
810 6867
810 7275
810 7339
810 7540
810 7622
810 7653
810 7858
810 8007
810 8122
810 8225
810 8343
810 8417
810 8424
810 8648
810 8774
810 8779
810 8842
810 8977
810 8990
810 9035
810 9269
810 9635
810 9644
810 9746
810 9755
810 9934
810 10121
810 10124
810 10138
810 10139
810 10408
810 10618
810 10640
810 10929
810 11018
810 11063
810 11099
810 11263
810 11455
810 11507
810 11513
810 11721
810 11730
810 11806
810 12153
810 12383
810 12763
810 13066
810 13278
810 13330
810 13333
810 13358
810 14003
943 346
943 420
943 1343
943 2691
943 3865
943 10760
994 467
994 6494
994 9185
1001 895
1001 1161
1001 1872
1001 2711
1001 2911
1001 4685
1001 6265
1001 7242
1001 7493
1001 7548
1001 13421
1001 14026
1001 14129
1003 433
1003 677
1003 1343
1003 2906
1003 10096
1004 2081
1004 2768
1004 6086
1004 6599
1004 9632
1004 13490
1005 2081
1005 2477
1005 2737
1005 2871
1005 2940
1005 3089
1005 9099
1005 9297
1006 76
1006 2757
1006 2763
1006 2768
1006 2786
1006 6584
1017 675
1017 1371
1017 2664
1017 9795
1017 10122
1107 4413
1130 30
1130 107
1130 233
1130 346
1130 416
1130 420
1130 421
1130 674
1130 1015
1130 1478
1130 1579
1130 1648
1130 1740
1130 2027
1130 2314
1130 2326
1130 2514
1130 2691
1130 2729
1130 2742
1130 2778
1130 2829
1130 2865
1130 2906
1130 4938
1130 6174
1130 6316
1130 7170
1130 7579
1130 7651
1130 7661
1130 9605
1130 10760
1130 11031
1130 11252
1130 11859
1130 12150
1130 13006
1130 13936
1130 14450
1153 2914
1153 4168
1153 4652
1158 675
1158 2705
1158 4429
1158 6714
1176 194
1176 698
1176 708
1176 1400
1176 2433
1176 2731
1176 2868
1176 2940
1176 8988
1176 14104
1282 563
1282 638
1282 847
1282 921
1282 1323
1282 2621
1282 2705
1282 2744
1282 3334
1282 4937
1282 5562
1282 5621
1282 6028
1282 6494
1282 6719
1282 7170
1282 7242
1282 7256
1282 8051
1282 9075
1282 9297
1282 9632
1282 10007
1282 10122
1282 10510
1282 10542
1282 11858
1282 13343
1282 13608
1282 13936
1292 1582
1292 2280
1373 1417
1373 2770
1373 6052
1373 6072
1373 7588
1373 10019
1401 348
1401 677
1433 1740
1433 12502
1469 1438
1469 2825
1469 3089
1469 4489
1469 6078
1469 7967
1475 364
1475 1929
1475 1983
1475 2040
1475 2339
1475 3448
1475 4739
1475 4800
1475 7967
1475 8997
1475 10493
1475 11916
1475 13459
1475 13490
1475 13937
1485 76
1485 187
1485 188
1485 196
1485 303
1485 316
1485 381
1485 466
1485 576
1485 617
1485 906
1485 988
1485 1009
1485 1033
1485 1386
1485 1484
1485 1846
1485 1964
1485 1975
1485 1986
1485 2015
1485 2088
1485 2094
1485 2096
1485 2269
1485 2339
1485 2706
1485 2732
1485 2745
1485 2829
1485 2850
1485 2863
1485 2864
1485 2892
1485 2935
1485 3189
1485 3268
1485 3335
1485 3372
1485 3412
1485 3555
1485 4461
1485 4489
1485 4557
1485 4559
1485 4655
1485 4685
1485 4714
1485 5228
1485 5381
1485 5542
1485 5563
1485 5942
1485 6220
1485 7087
1485 7105
1485 7967
1485 7991
1485 8188
1485 8837
1485 8989
1485 9083
1485 9545
1485 10493
1485 12152
1485 12236
1485 12944
1485 13490
1485 13516
1485 13937
1485 13947
1485 14100
1485 14129
1498 1922
1498 2760
1498 2798
1499 106
1499 664
1499 2718
1499 2756
1499 2760
1499 2763
1499 2764
1499 2769
1499 2770
1499 2784
1499 2786
1499 2825
1499 2871
1499 2876
1499 2930
1499 6224
1499 6584
1499 7135
1499 8831
1499 11003
1499 13210
1500 76
1500 501
1500 567
1500 686
1500 1438
1500 2275
1500 2750
1500 2777
1500 2800
1500 2817
1500 2825
1500 2826
1500 2827
1500 2850
1500 2883
1500 2935
1500 4995
1500 5396
1500 6056
1500 7011
1500 7087
1500 9458
1500 12061
1500 12390
1500 14383
1516 659
1516 5929
1516 14002
1561 391
1561 638
1561 639
1561 2621
1561 2744
1561 4489
1561 6719
1561 9632
1561 10510
1561 12203
1561 13608
1563 675
1563 684
1563 2664
1563 13205
1563 13516
1571 4685
1590 1582
1590 8007
1591 567
1591 864
1591 1048
1591 2643
1591 2706
1591 2910
1591 3202
1591 4226
1591 4489
1591 5114
1591 5198
1591 11326
1591 11637
1591 11654
1654 8356
1672 458
1672 533
1672 11279
1672 12887
1681 1773
1681 2744
1681 6494
1681 6719
1681 7242
1681 10510
1681 13608
1727 1371
1727 13205
1728 6599
1824 576
1824 674
1824 2906
1879 2853
1879 2927
1879 3676
1879 6599
1879 7858
1903 450
2021 1386
2021 3448
2021 7967
2021 11916
2021 12152
2021 13490
2021 13937
2026 13
2026 189
2026 210
2026 225
2026 226
2026 228
2026 230
2026 289
2026 393
2026 429
2026 450
2026 454
2026 467
2026 611
2026 647
2026 652
2026 654
2026 685
2026 687
2026 691
2026 693
2026 694
2026 695
2026 710
2026 731
2026 867
2026 955
2026 959
2026 960
2026 1033
2026 1268
2026 1280
2026 1357
2026 1396
2026 1494
2026 1662
2026 1686
2026 1784
2026 1870
2026 1871
2026 1905
2026 1911
2026 1916
2026 1926
2026 1953
2026 2002
2026 2029
2026 2032
2026 2080
2026 2093
2026 2127
2026 2201
2026 2223
2026 2230
2026 2249
2026 2326
2026 2554
2026 2703
2026 2708
2026 2709
2026 2740
2026 2761
2026 2787
2026 2877
2026 2884
2026 2888
2026 2892
2026 2905
2026 2913
2026 2933
2026 2938
2026 3016
2026 3365
2026 3399
2026 3445
2026 3485
2026 3486
2026 3778
2026 3888
2026 4183
2026 4226
2026 4275
2026 4448
2026 4460
2026 4584
2026 4605
2026 4783
2026 5140
2026 5171
2026 5198
2026 5396
2026 5751
2026 5965
2026 6147
2026 6181
2026 6220
2026 6397
2026 6753
2026 7012
2026 7662
2026 7904
2026 8013
2026 8071
2026 8186
2026 8551
2026 8552
2026 8988
2026 9076
2026 9185
2026 9704
2026 9714
2026 9775
2026 10282
2026 10309
2026 10516
2026 10615
2026 10892
2026 10909
2026 11236
2026 11745
2026 11901
2026 12019
2026 12165
2026 12431
2026 12470
2026 13574
2026 13580
2026 13621
2026 13948
2026 14006
2026 14010
2026 14382
2033 1954
2033 2751
2033 2892
2033 5077
2112 6225
2112 6599
2112 7087
2112 7967
2112 13516
2118 1869
2118 2826
2118 5442
2224 2732
2224 6220
2224 9931
2224 12152
2246 4685
2246 5542
2246 7175
2246 10984
2246 13516
2272 364
2272 3901
2272 7967
2272 13459
2384 847
2384 1878
2384 1975
2384 2624
2384 2766
2384 7478
2384 9083
2384 10309
2384 11319
2384 12581
2384 13442
2454 1712
2454 4661
2454 5773
2454 6599
2454 7690
2454 8642
2454 9337
2454 9718
2454 14104
2521 1712
2521 2386
2521 2811
2521 4661
2521 5773
2521 6671
2521 7690
2521 13956
2573 1904
2573 6857
2897 87
2897 1846
2897 2752
2897 3550
2897 4157
2897 5171
2897 6067
2897 8177
2897 9269
2897 10487
2897 11063
2897 12763
2897 12807
2897 12827
2897 12847
2897 13278
2897 13333
2907 337
2907 2955
2907 3336
2907 5403
2907 8779
2907 10858
2907 12383
2907 12827
3022 664
3022 2764
3022 2770
3022 2886
3022 6052
3022 6178
3022 10005
3023 13205
3055 714
3055 870
3055 2791
3055 6050
3055 6316
3055 6883
3055 7011
3055 13270
3055 13446
3055 13489
3074 2747
3074 6225
3074 6599
3074 13516
3106 407
3106 1415
3106 1511
3106 1782
3106 1965
3106 2060
3106 2878
3106 7695
3106 7834
3106 9972
3115 418
3115 2171
3115 2787
3115 7622
3115 12237
3122 675
3122 13205
3207 324
3207 421
3207 422
3207 2865
3207 2906
3207 6244
3243 458
3243 1056
3243 1904
3243 2916
3243 4380
3243 8564
3243 10346
3243 12061
3243 12424
3247 2752
3247 2781
3247 4157
3247 4936
3247 5403
3247 8177
3247 8764
3247 9269
3247 9989
3247 10487
3247 11063
3247 12383
3247 12763
3247 12807
3247 12862
3247 13278
3247 13333
3298 228
3298 354
3298 12150
3338 2477
3338 2770
3338 2822
3338 2846
3338 2875
3338 6052
3338 10710
3338 11000
3338 11003
3338 11839
3436 13282
3476 122
3476 811
3476 1843
3476 1933
3476 2435
3476 2715
3476 2894
3476 5114
3476 5818
3476 9035
3515 76
3515 106
3515 113
3515 225
3515 299
3515 302
3515 316
3515 458
3515 476
3515 501
3515 574
3515 610
3515 639
3515 664
3515 685
3515 686
3515 710
3515 954
3515 1048
3515 1056
3515 1333
3515 1417
3515 1579
3515 1777
3515 1838
3515 1843
3515 1869
3515 1937
3515 2008
3515 2151
3515 2307
3515 2404
3515 2490
3515 2540
3515 2610
3515 2699
3515 2705
3515 2714
3515 2736
3515 2737
3515 2740
3515 2750
3515 2755
3515 2758
3515 2759
3515 2773
3515 2776
3515 2777
3515 2800
3515 2817
3515 2822
3515 2826
3515 2827
3515 2836
3515 2850
3515 2866
3515 2875
3515 2883
3515 2898
3515 2902
3515 2915
3515 2916
3515 2935
3515 2940
3515 3089
3515 3486
3515 3740
3515 4203
3515 4380
3515 4525
3515 4554
3515 5178
3515 5217
3515 5251
3515 5381
3515 5396
3515 5426
3515 5828
3515 5933
3515 6056
3515 6065
3515 6072
3515 6178
3515 6476
3515 6595
3515 6857
3515 6861
3515 6997
3515 7011
3515 7017
3515 7097
3515 7135
3515 7224
3515 7299
3515 7564
3515 7759
3515 7808
3515 8418
3515 8564
3515 8612
3515 8838
3515 9099
3515 9209
3515 9248
3515 9458
3515 9807
3515 10005
3515 10061
3515 10346
3515 10486
3515 10516
3515 10557
3515 10601
3515 10796
3515 11000
3515 11017
3515 11236
3515 11328
3515 11839
3515 12008
3515 12061
3515 12390
3515 12424
3515 12557
3515 12887
3515 12917
3515 13210
3515 14055
3515 14383
3536 2221
3536 5820
3536 8903
3536 13516
3578 2930
3583 6086
3583 8903
3583 14002
3614 2705
3634 230
3634 647
3634 652
3634 3778
3634 7662
3634 10615
3708 76
3708 186
3708 189
3708 212
3708 225
3708 229
3708 533
3708 574
3708 576
3708 577
3708 610
3708 649
3708 654
3708 845
3708 847
3708 864
3708 1048
3708 1103
3708 1416
3708 1504
3708 1777
3708 1970
3708 1974
3708 2008
3708 2307
3708 2404
3708 2545
3708 2740
3708 2773
3708 2845
3708 2900
3708 2940
3708 3431
3708 6714
3708 6744
3708 7087
3708 7094
3708 7224
3708 8123
3708 10346
3708 11231
3708 12111
3853 675
3853 6599
3853 6719
3853 13205
3864 328
3864 4180
3924 674
3924 1648
3924 2492
3924 2514
3924 2906
3924 3719
3924 3865
3937 184
3937 420
3937 1648
3937 2790
3937 2829
3937 2865
3937 4685
3937 6050
3937 6316
3937 9129
3937 9337
3937 9908
3937 13490
3941 1103
3941 1417
3941 2008
3941 2714
3941 2737
3941 2777
3941 2836
3941 2875
3941 6599
3941 7564
3941 7759
3941 9035
3941 10493
3941 11000
3941 13270
3941 13516
3941 14040
4075 186
4075 574
4075 710
4075 1048
4075 1781
4075 1869
4075 2738
4075 2916
4075 3686
4075 5442
4075 6476
4075 7011
4135 338
4135 476
4135 686
4135 1056
4135 2738
4135 2776
4135 2787
4135 2846
4135 2875
4135 2916
4135 2940
4135 9099
4135 9807
4135 10019
4135 10710
4171 225
4171 1103
4171 2008
4171 2404
4171 7224
4171 7256
4171 8356
4218 5062
4218 6599
4266 1935
4266 6397
4498 13
4498 76
4498 189
4498 205
4498 206
4498 212
4498 226
4498 229
4498 303
4498 316
4498 381
4498 454
4498 466
4498 611
4498 649
4498 654
4498 683
4498 696
4498 710
4498 795
4498 801
4498 1048
4498 1202
4498 1333
4498 1582
4498 1864
4498 1869
4498 2018
4498 2163
4498 2308
4498 2478
4498 2490
4498 2706
4498 2709
4498 2712
4498 2722
4498 2736
4498 2738
4498 2741
4498 2758
4498 2773
4498 2787
4498 2883
4498 2892
4498 2916
4498 2938
4498 3203
4498 3334
4498 3431
4498 3486
4498 3686
4498 3791
4498 4180
4498 4461
4498 4724
4498 4909
4498 5039
4498 5615
4498 6075
4498 6079
4498 6595
4498 7808
4498 8763
4498 8922
4498 9099
4498 9503
4498 9759
4498 10309
4498 10318
4498 10601
4498 10858
4498 11000
4498 11279
4498 11690
4498 11846
4498 11901
4498 12024
4498 12083
4498 12976
4498 13270
4498 13621
4498 14102
4530 1323
4555 906
4555 1009
4555 2730
4555 2835
4555 2911
4555 3268
4555 5820
4555 6265
4555 6511
4555 7012
4555 9545
4555 13031
4555 14128
4592 76
4592 113
4592 186
4592 194
4592 225
4592 299
4592 302
4592 476
4592 610
4592 639
4592 686
4592 954
4592 1048
4592 1056
4592 1166
4592 1333
4592 1417
4592 1777
4592 1843
4592 1974
4592 2008
4592 2251
4592 2404
4592 2490
4592 2540
4592 2610
4592 2705
4592 2716
4592 2740
4592 2758
4592 2773
4592 2776
4592 2777
4592 2787
4592 2814
4592 2822
4592 2836
4592 2861
4592 2875
4592 2898
4592 2910
4592 2915
4592 2930
4592 2935
4592 2940
4592 3486
4592 4380
4592 4479
4592 5114
4592 5178
4592 5217
4592 5381
4592 5426
4592 5933
4592 6052
4592 6065
4592 6072
4592 6599
4592 6722
4592 6744
4592 6997
4592 7087
4592 7135
4592 7224
4592 7299
4592 8564
4592 8612
4592 9099
4592 9229
4592 9807
4592 10019
4592 10061
4592 10346
4592 10486
4592 10516
4592 10557
4592 10601
4592 10892
4592 11000
4592 11236
4592 11745
4592 11839
4592 11896
4592 12008
4592 12061
4592 12424
4592 12440
4592 12557
4592 12593
4592 12887
4592 12917
4592 13473
4592 14383
4607 31
4607 2729
4607 2865
4607 2872
4607 6174
4607 6244
4654 13
4654 340
4654 1748
4654 2046
4654 2789
4654 2798
4654 3063
4654 4082
4654 4183
4654 4460
4654 6181
4654 6744
4654 7102
4654 7561
4654 8205
4654 10516
4654 12236
4698 2545
4698 2955
4698 3189
4698 4082
4704 113
4704 476
4704 563
4704 686
4704 1166
4704 1777
4704 2251
4704 4479
4704 5114
4704 5217
4704 5933
4704 6744
4704 7299
4704 7318
4704 7338
4704 7893
4704 8612
4704 9229
4704 9248
4704 10486
4704 10516
4704 10557
4704 10892
4704 11279
4704 11745
4704 12593
4704 12887
4704 12917
4704 13473
4717 881
4757 501
4757 638
4757 2081
4757 3077
4757 3089
4757 6052
4757 6704
4757 11017
4757 11514
4757 12203
4837 1904
4837 1922
4837 8205
4837 12061
4840 212
4840 229
4840 316
4840 649
4840 654
4840 795
4840 959
4840 960
4840 1033
4840 1838
4840 2060
4840 2163
4840 2230
4840 2307
4840 2308
4840 2433
4840 2478
4840 2540
4840 2689
4840 2705
4840 2731
4840 2758
4840 2848
4840 2883
4840 2892
4840 2912
4840 3056
4840 3466
4840 3486
4840 4275
4840 4489
4840 4724
4840 5031
4840 5140
4840 5198
4840 5396
4840 6050
4840 6054
4840 7087
4840 8922
4840 10318
4840 10858
4840 11000
4840 11326
4840 12917
4840 13442
4840 14006
4840 14102
4874 187
4874 714
4874 1009
4874 2638
4874 2726
4874 2731
4874 2872
4874 4429
4874 6050
4874 6265
4874 6714
4874 7271
4874 8513
4874 8988
4874 9545
4874 9908
4874 10238
4874 10318
4946 987
4946 6558
4946 8779
4946 13333
4998 1872
4998 5159
4998 6547
4998 7561
4998 13331
5014 14003
5080 107
5080 421
5080 422
5080 674
5080 1478
5080 1740
5080 2326
5080 2514
5080 2729
5080 2791
5080 2829
5080 2865
5080 2906
5080 3334
5080 3719
5080 6174
5080 7170
5080 7579
5080 11252
5080 13006
5123 190
5123 1954
5123 2171
5123 2545
5123 2567
5123 2732
5123 2751
5123 2955
5123 3719
5123 4975
5123 7885
5123 9035
5123 9934
5123 10984
5123 11250
5123 12237
5123 13442
5145 13
5145 113
5145 205
5145 206
5145 212
5145 229
5145 429
5145 450
5145 649
5145 654
5145 710
5145 882
5145 988
5145 1033
5145 1202
5145 1333
5145 1415
5145 1494
5145 1777
5145 1781
5145 1869
5145 2095
5145 2365
5145 2404
5145 2736
5145 2738
5145 2740
5145 2773
5145 2787
5145 2845
5145 2861
5145 2916
5145 2927
5145 3466
5145 3486
5145 3686
5145 4069
5145 4380
5145 4724
5145 5031
5145 5396
5145 5442
5145 5933
5145 6061
5145 6595
5145 7224
5145 8205
5145 8763
5145 8838
5145 8922
5145 10346
5145 10601
5145 10892
5145 11236
5145 11896
5145 13282
5145 13442
5145 14055
5199 45
5199 189
5199 226
5199 327
5199 429
5199 450
5199 454
5199 467
5199 501
5199 635
5199 647
5199 683
5199 690
5199 697
5199 731
5199 870
5199 881
5199 955
5199 959
5199 960
5199 1033
5199 1166
5199 1357
5199 1801
5199 1881
5199 1905
5199 1911
5199 1916
5199 2002
5199 2029
5199 2032
5199 2080
5199 2201
5199 2350
5199 2372
5199 2477
5199 2545
5199 2624
5199 2703
5199 2708
5199 2726
5199 2737
5199 2740
5199 2750
5199 2771
5199 2829
5199 2875
5199 2877
5199 2892
5199 2905
5199 2912
5199 2933
5199 3203
5199 3399
5199 3485
5199 4183
5199 4783
5199 5198
5199 5199
5199 5396
5199 5499
5199 6064
5199 6181
5199 6182
5199 6292
5199 6397
5199 6516
5199 7012
5199 7063
5199 8763
5199 9185
5199 9988
5199 11000
5199 11690
5199 12019
5199 12150
5199 12431
5199 13446
5199 13574
5199 14004
5199 14104
5199 14382
5205 684
5205 6599
5205 9035
5205 9605
5205 9795
5205 10019
5205 11250
5291 76
5291 166
5291 175
5291 178
5291 186
5291 188
5291 196
5291 212
5291 225
5291 229
5291 302
5291 303
5291 533
5291 548
5291 567
5291 574
5291 576
5291 577
5291 610
5291 649
5291 654
5291 795
5291 836
5291 1048
5291 1417
5291 1438
5291 1484
5291 1504
5291 1648
5291 1773
5291 1843
5291 1926
5291 2015
5291 2275
5291 2344
5291 2350
5291 2699
5291 2736
5291 2755
5291 2758
5291 2773
5291 2777
5291 2798
5291 2817
5291 2824
5291 2826
5291 2827
5291 2829
5291 2845
5291 2853
5291 2859
5291 2862
5291 2864
5291 2883
5291 2918
5291 2927
5291 2935
5291 3089
5291 3148
5291 3189
5291 3268
5291 3431
5291 3740
5291 3904
5291 4489
5291 4655
5291 5563
5291 5942
5291 6014
5291 6220
5291 6599
5291 6817
5291 6964
5291 6997
5291 7087
5291 7564
5291 7759
5291 7965
5291 8188
5291 9632
5291 9636
5291 10346
5291 10493
5291 10601
5291 11017
5291 11859
5291 12111
5291 12424
5291 13282
5291 14112
5291 14128
5291 14383
5291 14418
5312 1777
5312 2910
5312 7224
5354 2643
5363 188
5363 189
5363 208
5363 209
5363 210
5363 393
5363 421
5363 422
5363 567
5363 609
5363 617
5363 649
5363 672
5363 690
5363 691
5363 799
5363 824
5363 906
5363 988
5363 1268
5363 1343
5363 1846
5363 1878
5363 1889
5363 1905
5363 1916
5363 1926
5363 1975
5363 2093
5363 2221
5363 2269
5363 2478
5363 2500
5363 2567
5363 2624
5363 2689
5363 2691
5363 2703
5363 2705
5363 2711
5363 2712
5363 2720
5363 2722
5363 2724
5363 2730
5363 2734
5363 2735
5363 2739
5363 2742
5363 2745
5363 2761
5363 2773
5363 2820
5363 2835
5363 2889
5363 2912
5363 3077
5363 3189
5363 3268
5363 3486
5363 4652
5363 4909
5363 5217
5363 5381
5363 5615
5363 5820
5363 5942
5363 6054
5363 6128
5363 6182
5363 6494
5363 6639
5363 7012
5363 7478
5363 7662
5363 7991
5363 8188
5363 8837
5363 9185
5363 9545
5363 9704
5363 9714
5363 9908
5363 9978
5363 10123
5363 10584
5363 11319
5363 12165
5363 12413
5363 12431
5363 12581
5363 13031
5363 13157
5363 13460
5363 13947
5363 14006
5363 14010
5363 14100
5363 14102
5363 14530
5367 2096
5367 2567
5367 10096
5367 12237
5367 12944
5368 2492
5368 2514
5369 674
5369 1397
5369 2514
5369 2906
5369 3719
5378 420
5378 1478
5378 2352
5378 6244
5402 674
5402 1773
5402 2514
5402 2906
5402 3763
5402 9297
5581 30
5581 233
5581 420
5581 674
5581 1648
5581 2514
5581 2829
5581 2906
5581 3719
5581 6050
5581 6244
5590 2718
5590 2760
5590 2769
5630 1872
5630 8642
5630 8903
5630 13421
5654 324
5654 4461
5654 7242
5654 12024
5723 1974
5723 2008
5723 2776
5723 6052
5723 6861
5723 7097
5723 7224
5723 9099
5723 10019
5723 11765
5745 106
5745 664
5745 668
5745 2718
5745 2754
5745 2757
5745 2760
5745 2762
5745 2763
5745 2764
5745 2768
5745 2769
5745 2770
5745 2784
5745 2786
5745 2871
5745 6584
5745 9742
5745 10005
5745 11003
5782 220
5782 576
5782 1033
5782 1386
5782 1869
5782 1964
5782 2015
5782 2501
5782 2864
5782 4655
5782 5442
5782 6599
5782 6712
5782 7967
5782 12152
5868 76
5868 113
5868 166
5868 178
5868 186
5868 196
5868 206
5868 220
5868 303
5868 316
5868 328
5868 337
5868 364
5868 381
5868 391
5868 450
5868 548
5868 550
5868 576
5868 610
5868 617
5868 635
5868 659
5868 836
5868 870
5868 906
5868 1033
5868 1048
5868 1056
5868 1386
5868 1438
5868 1484
5868 1494
5868 1648
5868 1713
5868 1809
5868 1846
5868 1917
5868 1929
5868 1955
5868 1974
5868 1983
5868 2015
5868 2029
5868 2040
5868 2043
5868 2088
5868 2111
5868 2127
5868 2163
5868 2171
5868 2228
5868 2275
5868 2350
5868 2433
5868 2501
5868 2624
5868 2689
5868 2720
5868 2732
5868 2733
5868 2734
5868 2743
5868 2755
5868 2758
5868 2817
5868 2820
5868 2826
5868 2829
5868 2834
5868 2845
5868 2853
5868 2859
5868 2863
5868 2866
5868 2883
5868 2892
5868 2900
5868 2920
5868 2927
5868 2941
5868 3268
5868 3335
5868 3372
5868 3448
5868 3485
5868 3676
5868 3686
5868 3740
5868 3888
5868 3901
5868 3904
5868 3990
5868 4380
5868 4431
5868 4557
5868 4559
5868 4605
5868 4655
5868 4800
5868 4871
5868 5062
5868 5228
5868 5295
5868 5381
5868 5396
5868 5499
5868 5563
5868 5570
5868 5777
5868 6014
5868 6061
5868 6064
5868 6182
5868 6220
5868 6599
5868 6712
5868 6817
5868 6964
5868 7011
5868 7063
5868 7589
5868 7858
5868 7967
5868 7991
5868 8123
5868 8837
5868 9746
5868 9759
5868 9775
5868 10493
5868 10796
5868 10858
5868 11017
5868 11637
5868 11654
5868 11916
5868 11996
5868 12008
5868 12145
5868 12152
5868 12390
5868 12692
5868 13157
5868 13282
5868 13442
5868 13459
5868 13490
5868 14004
5868 14055
5899 5396
5936 107
5936 2829
5936 4307
5936 13006
5936 13205
5936 13490
5970 40
5970 233
5970 391
5970 420
5970 1161
5970 1582
5970 1648
5970 1843
5970 2195
5970 2352
5970 2362
5970 2722
5970 2726
5970 2731
5970 2832
5970 2914
5970 3412
5970 5228
5970 5542
5970 5920
5970 5951
5970 6182
5970 6964
5970 7175
5970 7561
5970 7885
5970 7991
5970 8831
5970 8903
5970 9035
5970 9644
5970 10710
5970 13358
5970 13490
5970 13508
5970 13516
5970 13937
6039 107
6039 2914
6039 3365
6039 4307
6039 13516
6114 3719
6114 13490
6143 2621
6202 2751
6258 210
6258 467
6258 691
6258 697
6258 795
6258 799
6258 988
6258 1033
6258 1202
6258 1222
6258 1268
6258 1280
6258 1357
6258 1736
6258 2230
6258 3466
6258 4652
6258 5942
6258 7662
6258 9185
6258 9704
6258 12165
6258 12431
6258 13580
6336 30
6336 53
6336 208
6336 209
6336 233
6336 291
6336 301
6336 346
6336 348
6336 416
6336 420
6336 421
6336 422
6336 433
6336 567
6336 603
6336 608
6336 609
6336 674
6336 677
6336 851
6336 989
6336 1343
6336 1397
6336 1478
6336 1579
6336 1648
6336 1739
6336 1740
6336 1773
6336 1846
6336 2027
6336 2054
6336 2096
6336 2178
6336 2269
6336 2321
6336 2326
6336 2409
6336 2492
6336 2514
6336 2567
6336 2576
6336 2688
6336 2691
6336 2723
6336 2729
6336 2730
6336 2734
6336 2735
6336 2742
6336 2745
6336 2746
6336 2753
6336 2761
6336 2766
6336 2791
6336 2829
6336 2865
6336 2872
6336 2884
6336 2889
6336 2899
6336 2906
6336 3047
6336 3189
6336 3201
6336 3334
6336 3365
6336 3763
6336 3791
6336 3865
6336 4180
6336 5228
6336 5338
6336 5542
6336 6059
6336 6174
6336 6244
6336 6265
6336 6316
6336 6584
6336 6704
6336 7105
6336 7170
6336 7256
6336 7271
6336 7478
6336 7548
6336 7661
6336 7669
6336 8006
6336 9129
6336 9545
6336 9605
6336 9978
6336 10096
6336 10123
6336 10760
6336 10921
6336 10928
6336 11031
6336 11252
6336 11319
6336 12150
6336 12413
6336 12502
6336 12944
6336 13065
6336 13281
6336 13343
6336 13947
6336 14010
6336 14448
6336 14450
6336 14530
6366 225
6366 684
6366 1371
6366 1417
6366 1777
6366 2008
6366 2736
6366 2747
6366 2776
6366 2777
6366 2867
6366 2940
6366 5178
6366 6052
6366 6086
6366 6225
6366 6599
6366 6861
6366 8356
6366 9035
6366 9605
6366 9795
6366 10019
6366 11231
6366 11765
6406 691
6406 795
6406 5942
6406 7965
6452 184
6452 324
6452 3865
6452 4685
6452 4938
6452 6719
6452 7242
6452 9297
6452 9337
6548 2819
6548 6225
6548 9133
6548 13516
6648 563
6649 836
6649 1843
6649 2751
6649 2955
6649 7885
6649 9934
6649 11250
6657 30
6657 1009
6657 1648
6657 2189
6657 2711
6657 2726
6657 2737
6657 2829
6657 2834
6657 2911
6657 5228
6657 6558
6657 7105
6657 7175
6657 8837
6657 8903
6657 9035
6657 9908
6657 13490
6686 617
6686 10123
6723 1872
6723 2051
6723 2156
6723 2811
6723 2819
6723 5159
6723 5217
6723 6086
6723 6547
6723 6964
6723 7561
6723 8903
6723 10549
6723 10796
6723 11514
6866 675
6866 1843
6866 2737
6866 4168
6866 6086
6866 6599
6866 8356
6866 9795
6866 10122
6866 11765
7245 208
7245 677
7245 2567
7245 2865
7245 10096
7245 13947
7255 1740
7255 2171
7255 2545
7255 7548
7337 674
7337 1773
7337 6244
7337 6584
7337 11031
7423 2846
7423 6052
7423 10710
7423 11003
7453 2737
7453 11514
7596 836
7596 2314
7596 2761
7596 6584
7596 6719
7596 7651
7596 7661
7596 9605
7596 11252
7596 12150
7621 1103
7621 1974
7648 609
7648 799
7648 1268
7648 2269
7648 5077
7657 2912
7657 7885
7718 6405
7718 9469
7838 2711
7838 2855
7838 4221
7838 6671
7838 8903
7838 13031
7866 178
7866 186
7866 548
7866 574
7866 2755
7866 14112
7866 14128
7866 14418
7878 710
7878 1494
7941 714
7941 5542
7941 6050
7941 9908
7986 2017
7986 2029
7986 4183
7986 4431
7986 5499
7994 589
7994 798
7994 1264
7994 1265
7994 1801
7994 1949
7994 1985
7994 2060
7994 2595
7994 4182
7994 4265
7994 6067
7994 6404
7994 6405
7994 8819
7994 9469
7994 9635
7994 9644
7994 11063
7994 11507
7994 11811
7994 11954
7994 12012
7994 12383
7994 14007
8094 176
8094 194
8094 220
8094 225
8094 229
8094 391
8094 450
8094 638
8094 639
8094 698
8094 708
8094 709
8094 797
8094 808
8094 847
8094 864
8094 921
8094 1400
8094 1416
8094 1478
8094 1838
8094 1881
8094 1967
8094 1974
8094 2409
8094 2433
8094 2605
8094 2699
8094 2755
8094 2758
8094 2815
8094 2819
8094 2834
8094 2848
8094 2861
8094 2868
8094 2899
8094 2914
8094 2940
8094 3056
8094 3359
8094 3431
8094 4092
8094 4094
8094 4168
8094 4429
8094 5171
8094 6028
8094 6292
8094 6599
8094 6714
8094 7105
8094 7256
8094 7324
8094 7579
8094 8356
8094 8988
8094 8989
8094 9035
8094 9498
8094 9632
8094 9636
8094 11765
8094 12083
8094 12145
8094 12203
8094 12219
8094 12581
8094 13066
8094 13282
8094 13343
8094 13358
8094 13442
8094 13936
8094 14102
8094 14104
8160 13
8160 76
8160 113
8160 166
8160 190
8160 194
8160 212
8160 226
8160 229
8160 301
8160 303
8160 316
8160 328
8160 340
8160 381
8160 416
8160 429
8160 450
8160 466
8160 563
8160 567
8160 603
8160 605
8160 638
8160 654
8160 698
8160 708
8160 709
8160 710
8160 795
8160 797
8160 801
8160 808
8160 847
8160 851
8160 895
8160 921
8160 989
8160 1033
8160 1166
8160 1202
8160 1280
8160 1333
8160 1400
8160 1416
8160 1417
8160 1494
8160 1495
8160 1579
8160 1582
8160 1720
8160 1776
8160 1777
8160 1838
8160 1864
8160 1868
8160 1878
8160 1881
8160 1905
8160 1986
8160 2018
8160 2054
8160 2060
8160 2094
8160 2151
8160 2156
8160 2201
8160 2230
8160 2251
8160 2269
8160 2308
8160 2321
8160 2386
8160 2409
8160 2433
8160 2478
8160 2501
8160 2554
8160 2638
8160 2688
8160 2705
8160 2706
8160 2709
8160 2715
8160 2722
8160 2724
8160 2731
8160 2740
8160 2744
8160 2747
8160 2755
8160 2758
8160 2766
8160 2771
8160 2773
8160 2776
8160 2787
8160 2798
8160 2805
8160 2811
8160 2822
8160 2848
8160 2861
8160 2875
8160 2883
8160 2894
8160 2899
8160 2915
8160 3056
8160 3334
8160 3431
8160 3466
8160 3486
8160 3791
8160 4082
8160 4092
8160 4180
8160 4203
8160 4460
8160 4461
8160 4479
8160 4489
8160 4714
8160 4724
8160 4781
8160 4909
8160 4937
8160 5031
8160 5039
8160 5114
8160 5142
8160 5198
8160 5217
8160 5396
8160 5426
8160 5562
8160 5615
8160 5621
8160 5828
8160 5933
8160 6028
8160 6072
8160 6226
8160 6292
8160 6595
8160 6599
8160 6704
8160 6714
8160 6722
8160 6744
8160 7017
8160 7094
8160 7224
8160 7256
8160 7271
8160 7299
8160 7318
8160 7324
8160 7338
8160 7651
8160 7893
8160 8051
8160 8188
8160 8612
8160 8763
8160 8831
8160 8988
8160 9076
8160 9099
8160 9129
8160 9185
8160 9229
8160 9297
8160 9547
8160 9636
8160 9753
8160 10122
8160 10238
8160 10309
8160 10318
8160 10346
8160 10493
8160 10516
8160 10542
8160 10557
8160 10601
8160 10858
8160 10860
8160 10892
8160 10928
8160 11000
8160 11279
8160 11514
8160 11745
8160 11846
8160 12024
8160 12047
8160 12083
8160 12203
8160 12413
8160 12440
8160 12557
8160 12593
8160 13114
8160 13270
8160 13442
8160 13446
8160 13473
8160 13936
8160 14102
8160 14104
8173 228
8173 675
8173 895
8173 1009
8173 2195
8173 2247
8173 2747
8173 2819
8173 4092
8173 4168
8173 4429
8173 4685
8173 6086
8173 6719
8173 7651
8173 8356
8173 10123
8173 11250
8173 12593
8173 13006
8173 13301
8259 450
8259 611
8259 9718
8261 9337
8274 5542
8278 190
8278 2826
8278 3393
8278 3719
8320 467
8320 691
8320 697
8320 795
8320 1202
8320 1222
8320 1878
8320 1941
8320 2230
8320 2761
8320 5295
8320 6028
8320 12165
8320 12431
8320 12581
8320 13460
8336 188
8336 416
8336 563
8336 638
8336 895
8336 1280
8336 1579
8336 1740
8336 2247
8336 2790
8336 2899
8336 2912
8336 3865
8336 4938
8336 5031
8336 7170
8336 9605
8336 11279
8336 11541
8336 12150
8336 12440
8336 13608
8344 30
8344 233
8344 674
8344 1740
8344 1773
8344 2314
8344 2514
8344 2761
8344 2778
8344 2865
8344 2906
8344 6174
8344 7651
8344 7661
8344 9605
8344 11252
8344 13936
8392 87
8392 542
8392 3550
8392 4069
8392 4157
8392 5403
8392 5525
8392 5796
8392 5929
8392 6022
8392 6067
8392 6966
8392 7479
8392 8764
8392 8779
8392 8916
8392 9269
8392 9644
8392 9989
8392 10487
8392 11063
8392 11227
8392 11228
8392 12383
8392 12763
8392 12807
8392 12855
8392 12862
8392 13160
8392 13193
8392 13278
8392 13333
8392 13988
8395 76
8395 458
8395 686
8395 954
8395 1417
8395 2759
8395 2817
8395 2826
8395 2850
8395 2866
8395 2898
8395 4380
8395 6065
8395 6072
8395 9807
8395 12061
8395 14383
8519 1916
8521 176
8521 184
8521 187
8521 220
8521 324
8521 422
8521 638
8521 639
8521 672
8521 709
8521 836
8521 847
8521 921
8521 1416
8521 1648
8521 1773
8521 1967
8521 2080
8521 2605
8521 2620
8521 2621
8521 2705
8521 2744
8521 2747
8521 2790
8521 2791
8521 2811
8521 2815
8521 2865
8521 2868
8521 2872
8521 2891
8521 2899
8521 2906
8521 2914
8521 2918
8521 2927
8521 3047
8521 3056
8521 3334
8521 3365
8521 3431
8521 3865
8521 4429
8521 4489
8521 4685
8521 4937
8521 4938
8521 5077
8521 5171
8521 5338
8521 6244
8521 6316
8521 6494
8521 6584
8521 6719
8521 6964
8521 7144
8521 7170
8521 7242
8521 7593
8521 8051
8521 8513
8521 8607
8521 8642
8521 9075
8521 9083
8521 9337
8521 9498
8521 9632
8521 9636
8521 9720
8521 9769
8521 10510
8521 10549
8521 10768
8521 11858
8521 12150
8521 12203
8521 12502
8521 12581
8521 12609
8521 13343
8521 13421
8521 13442
8521 13608
8521 13936
8524 370
8524 1785
8524 2638
8524 6079
8524 6803
8524 11839
8524 12976
8534 2664
8534 2737
8534 9133
8534 10584
8573 354
8573 2080
8573 5077
8573 10122
8609 31
8609 168
8609 187
8609 188
8609 212
8609 233
8609 346
8609 393
8609 567
8609 827
8609 881
8609 906
8609 1009
8609 1161
8609 1224
8609 1495
8609 1878
8609 1926
8609 1975
8609 1986
8609 2027
8609 2093
8609 2164
8609 2201
8609 2221
8609 2269
8609 2567
8609 2638
8609 2689
8609 2691
8609 2704
8609 2711
8609 2712
8609 2720
8609 2722
8609 2730
8609 2731
8609 2819
8609 2835
8609 2911
8609 2918
8609 2923
8609 3120
8609 3189
8609 3268
8609 4180
8609 4557
8609 4685
8609 4909
8609 4995
8609 5542
8609 5570
8609 5820
8609 5920
8609 6050
8609 6086
8609 6226
8609 6265
8609 6511
8609 6639
8609 7012
8609 7105
8609 7548
8609 7588
8609 7991
8609 8188
8609 8837
8609 8903
8609 8988
8609 8989
8609 9083
8609 9129
8609 9545
8609 9714
8609 9720
8609 9753
8609 9757
8609 9795
8609 9908
8609 10318
8609 10584
8609 10860
8609 11319
8609 12165
8609 13031
8609 13114
8609 13157
8609 13270
8609 13355
8609 13421
8609 13947
8609 13956
8609 14112
8609 14128
8609 14129
8649 675
8649 2705
8649 2819
8649 3334
8649 3431
8649 4429
8649 4937
8728 696
8728 2492
8728 2723
8728 5228
8728 6244
8728 6516
8728 7991
8728 9129
8728 9718
8728 10318
8735 672
8741 122
8794 13
8794 76
8794 93
8794 106
8794 113
8794 166
8794 178
8794 186
8794 188
8794 189
8794 194
8794 205
8794 206
8794 212
8794 220
8794 225
8794 229
8794 299
8794 301
8794 302
8794 303
8794 316
8794 338
8794 340
8794 429
8794 450
8794 454
8794 458
8794 476
8794 533
8794 563
8794 574
8794 605
8794 611
8794 635
8794 638
8794 639
8794 649
8794 654
8794 664
8794 685
8794 686
8794 690
8794 696
8794 698
8794 709
8794 710
8794 731
8794 795
8794 801
8794 808
8794 811
8794 845
8794 882
8794 923
8794 954
8794 955
8794 988
8794 1033
8794 1048
8794 1056
8794 1103
8794 1166
8794 1202
8794 1280
8794 1333
8794 1400
8794 1415
8794 1416
8794 1417
8794 1470
8794 1484
8794 1494
8794 1495
8794 1504
8794 1579
8794 1582
8794 1686
8794 1712
8794 1713
8794 1736
8794 1748
8794 1776
8794 1777
8794 1781
8794 1809
8794 1838
8794 1843
8794 1864
8794 1878
8794 1904
8794 1933
8794 1937
8794 1967
8794 1974
8794 1975
8794 1985
8794 2018
8794 2060
8794 2094
8794 2095
8794 2111
8794 2127
8794 2151
8794 2156
8794 2163
8794 2189
8794 2201
8794 2221
8794 2247
8794 2249
8794 2251
8794 2275
8794 2280
8794 2307
8794 2308
8794 2321
8794 2350
8794 2352
8794 2365
8794 2404
8794 2433
8794 2435
8794 2478
8794 2490
8794 2501
8794 2540
8794 2545
8794 2595
8794 2605
8794 2610
8794 2637
8794 2638
8794 2643
8794 2664
8794 2688
8794 2699
8794 2704
8794 2705
8794 2709
8794 2714
8794 2715
8794 2716
8794 2722
8794 2726
8794 2731
8794 2732
8794 2736
8794 2738
8794 2740
8794 2741
8794 2750
8794 2755
8794 2758
8794 2768
8794 2771
8794 2773
8794 2776
8794 2777
8794 2787
8794 2789
8794 2814
8794 2817
8794 2822
8794 2836
8794 2845
8794 2846
8794 2848
8794 2850
8794 2853
8794 2861
8794 2867
8794 2868
8794 2871
8794 2875
8794 2877
8794 2883
8794 2889
8794 2898
8794 2900
8794 2902
8794 2905
8794 2910
8794 2915
8794 2916
8794 2920
8794 2927
8794 2930
8794 2933
8794 2935
8794 2938
8794 2940
8794 3016
8794 3089
8794 3202
8794 3203
8794 3301
8794 3365
8794 3372
8794 3399
8794 3411
8794 3431
8794 3445
8794 3447
8794 3466
8794 3486
8794 3686
8794 3707
8794 3904
8794 3931
8794 4069
8794 4082
8794 4092
8794 4122
8794 4180
8794 4203
8794 4226
8794 4265
8794 4380
8794 4460
8794 4479
8794 4489
8794 4525
8794 4554
8794 4557
8794 4605
8794 4655
8794 4685
8794 4724
8794 4783
8794 4871
8794 4939
8794 4995
8794 5039
8794 5114
8794 5140
8794 5142
8794 5178
8794 5198
8794 5217
8794 5251
8794 5298
8794 5381
8794 5396
8794 5426
8794 5542
8794 5615
8794 5621
8794 5828
8794 5920
8794 5951
8794 6014
8794 6052
8794 6065
8794 6072
8794 6079
8794 6086
8794 6178
8794 6220
8794 6226
8794 6476
8794 6511
8794 6595
8794 6599
8794 6704
8794 6714
8794 6722
8794 6744
8794 6817
8794 6857
8794 6861
8794 6997
8794 7017
8794 7063
8794 7087
8794 7094
8794 7097
8794 7135
8794 7224
8794 7256
8794 7262
8794 7271
8794 7275
8794 7299
8794 7324
8794 7412
8794 7564
8794 7759
8794 7808
8794 7885
8794 8071
8794 8122
8794 8205
8794 8418
8794 8564
8794 8607
8794 8612
8794 8838
8794 8922
8794 9076
8794 9099
8794 9129
8794 9133
8794 9185
8794 9209
8794 9229
8794 9248
8794 9276
8794 9458
8794 9503
8794 9547
8794 9636
8794 9753
8794 9775
8794 9807
8794 10005
8794 10019
8794 10061
8794 10111
8794 10238
8794 10309
8794 10318
8794 10346
8794 10486
8794 10516
8794 10549
8794 10557
8794 10601
8794 10796
8794 10858
8794 10892
8794 10921
8794 11000
8794 11017
8794 11231
8794 11236
8794 11279
8794 11326
8794 11328
8794 11514
8794 11730
8794 11745
8794 11765
8794 11839
8794 11896
8794 11901
8794 11979
8794 12003
8794 12008
8794 12019
8794 12061
8794 12083
8794 12145
8794 12236
8794 12344
8794 12390
8794 12424
8794 12440
8794 12557
8794 12593
8794 12609
8794 12887
8794 12917
8794 12976
8794 13114
8794 13210
8794 13211
8794 13270
8794 13355
8794 13442
8794 13446
8794 13473
8794 13936
8794 13956
8794 14002
8794 14006
8794 14055
8794 14102
8794 14104
8794 14382
8794 14383
8820 2514
8861 687
8861 955
8861 1033
8861 1396
8861 1494
8861 2127
8861 2554
8861 2888
8861 2938
8861 3399
8861 3888
8861 4226
8861 4275
8861 5198
8861 5751
8861 6753
8861 8071
8861 8186
8861 8551
8861 8612
8861 9076
8861 10892
8861 11236
8861 11745
8861 11901
8861 13621
8902 674
8902 1015
8902 2865
8902 2906
8902 11031
8911 53
8911 76
8911 113
8911 166
8911 175
8911 176
8911 186
8911 188
8911 189
8911 190
8911 194
8911 206
8911 208
8911 209
8911 210
8911 212
8911 225
8911 226
8911 229
8911 233
8911 291
8911 301
8911 303
8911 316
8911 328
8911 346
8911 381
8911 393
8911 416
8911 420
8911 421
8911 429
8911 433
8911 450
8911 454
8911 466
8911 467
8911 533
8911 550
8911 563
8911 567
8911 574
8911 576
8911 605
8911 608
8911 609
8911 617
8911 635
8911 638
8911 639
8911 647
8911 649
8911 654
8911 664
8911 672
8911 691
8911 696
8911 697
8911 698
8911 708
8911 709
8911 731
8911 795
8911 797
8911 799
8911 801
8911 808
8911 811
8911 824
8911 836
8911 851
8911 864
8911 881
8911 882
8911 895
8911 914
8911 920
8911 921
8911 955
8911 988
8911 989
8911 1009
8911 1048
8911 1103
8911 1166
8911 1202
8911 1224
8911 1268
8911 1280
8911 1323
8911 1333
8911 1357
8911 1371
8911 1400
8911 1415
8911 1416
8911 1438
8911 1484
8911 1495
8911 1579
8911 1648
8911 1720
8911 1736
8911 1740
8911 1776
8911 1838
8911 1843
8911 1846
8911 1868
8911 1878
8911 1881
8911 1905
8911 1916
8911 1926
8911 1941
8911 1967
8911 1974
8911 1975
8911 1985
8911 1986
8911 2015
8911 2051
8911 2054
8911 2060
8911 2088
8911 2093
8911 2094
8911 2127
8911 2151
8911 2156
8911 2171
8911 2189
8911 2201
8911 2221
8911 2223
8911 2228
8911 2230
8911 2247
8911 2269
8911 2275
8911 2280
8911 2308
8911 2314
8911 2321
8911 2350
8911 2352
8911 2362
8911 2372
8911 2386
8911 2409
8911 2478
8911 2483
8911 2490
8911 2500
8911 2514
8911 2540
8911 2545
8911 2567
8911 2576
8911 2606
8911 2620
8911 2624
8911 2636
8911 2638
8911 2688
8911 2689
8911 2691
8911 2699
8911 2703
8911 2704
8911 2705
8911 2706
8911 2707
8911 2708
8911 2709
8911 2710
8911 2712
8911 2714
8911 2716
8911 2720
8911 2722
8911 2723
8911 2724
8911 2727
8911 2728
8911 2729
8911 2730
8911 2731
8911 2739
8911 2740
8911 2741
8911 2753
8911 2755
8911 2761
8911 2766
8911 2773
8911 2777
8911 2778
8911 2787
8911 2789
8911 2800
8911 2815
8911 2820
8911 2824
8911 2829
8911 2835
8911 2836
8911 2845
8911 2848
8911 2853
8911 2859
8911 2861
8911 2862
8911 2875
8911 2877
8911 2883
8911 2884
8911 2892
8911 2894
8911 2899
8911 2905
8911 2912
8911 2914
8911 2920
8911 2927
8911 2933
8911 2934
8911 2938
8911 2940
8911 3016
8911 3047
8911 3056
8911 3120
8911 3189
8911 3268
8911 3334
8911 3335
8911 3365
8911 3411
8911 3431
8911 3466
8911 3486
8911 3555
8911 3707
8911 3740
8911 3778
8911 3791
8911 3865
8911 3903
8911 3981
8911 4092
8911 4180
8911 4429
8911 4448
8911 4460
8911 4461
8911 4489
8911 4652
8911 4655
8911 4685
8911 4714
8911 4724
8911 4783
8911 4871
8911 4909
8911 4929
8911 4938
8911 4939
8911 5031
8911 5140
8911 5142
8911 5159
8911 5171
8911 5217
8911 5228
8911 5295
8911 5381
8911 5396
8911 5426
8911 5562
8911 5563
8911 5615
8911 5621
8911 5751
8911 5820
8911 5920
8911 5942
8911 5951
8911 5965
8911 6028
8911 6050
8911 6054
8911 6070
8911 6072
8911 6075
8911 6086
8911 6128
8911 6147
8911 6174
8911 6181
8911 6182
8911 6220
8911 6226
8911 6397
8911 6511
8911 6516
8911 6584
8911 6595
8911 6599
8911 6639
8911 6704
8911 6714
8911 6744
8911 6817
8911 6861
8911 6964
8911 7012
8911 7017
8911 7087
8911 7094
8911 7097
8911 7170
8911 7224
8911 7256
8911 7262
8911 7271
8911 7275
8911 7324
8911 7478
8911 7493
8911 7564
8911 7588
8911 7651
8911 7662
8911 7669
8911 7759
8911 7858
8911 7885
8911 7965
8911 7991
8911 8013
8911 8188
8911 8513
8911 8607
8911 8763
8911 8837
8911 8922
8911 9075
8911 9076
8911 9133
8911 9185
8911 9545
8911 9547
8911 9632
8911 9636
8911 9704
8911 9714
8911 9753
8911 9775
8911 9908
8911 9978
8911 10111
8911 10122
8911 10123
8911 10238
8911 10309
8911 10318
8911 10346
8911 10542
8911 10584
8911 10601
8911 10710
8911 10760
8911 10768
8911 10858
8911 10860
8911 10892
8911 10921
8911 10928
8911 11000
8911 11017
8911 11252
8911 11279
8911 11541
8911 11690
8911 11730
8911 11745
8911 11846
8911 11859
8911 11861
8911 11914
8911 12008
8911 12019
8911 12047
8911 12083
8911 12145
8911 12150
8911 12165
8911 12203
8911 12219
8911 12236
8911 12237
8911 12413
8911 12424
8911 12431
8911 12440
8911 12557
8911 12581
8911 12593
8911 12609
8911 12944
8911 12976
8911 13031
8911 13114
8911 13157
8911 13211
8911 13269
8911 13301
8911 13343
8911 13355
8911 13442
8911 13446
8911 13460
8911 13473
8911 13535
8911 13580
8911 13608
8911 13621
8911 13936
8911 13947
8911 13948
8911 13956
8911 14004
8911 14010
8911 14100
8911 14102
8911 14104
8911 14112
8911 14382
8911 14383
8911 14448
8911 14450
8911 14530
8934 30
8934 836
8934 1371
8934 1773
8934 2314
8934 2621
8934 2718
8934 2761
8934 2763
8934 2769
8934 2770
8934 2778
8934 2798
8934 2886
8934 4489
8934 6584
8934 6719
8934 7593
8934 7651
8934 7661
8934 9605
8934 12150
8935 186
8935 230
8935 290
8935 393
8935 501
8935 639
8935 1416
8935 1878
8935 1926
8935 2081
8935 2093
8935 2477
8935 2501
8935 2621
8935 2768
8935 2815
8935 2822
8935 2912
8935 2940
8935 3077
8935 3189
8935 3466
8935 3740
8935 4413
8935 4783
8935 4909
8935 9083
8935 9099
8935 9632
8935 10926
8935 11017
8935 11514
8935 11839
8935 12145
8935 12203
8935 13210
8935 13282
8935 13442
8943 664
8943 2081
8943 2871
9010 421
9010 672
9010 683
9010 2724
9010 6639
9014 76
9014 106
9014 113
9014 166
9014 168
9014 175
9014 178
9014 186
9014 189
9014 212
9014 221
9014 225
9014 302
9014 316
9014 381
9014 393
9014 458
9014 533
9014 548
9014 550
9014 567
9014 574
9014 575
9014 576
9014 577
9014 610
9014 639
9014 664
9014 685
9014 686
9014 690
9014 710
9014 795
9014 811
9014 914
9014 954
9014 1048
9014 1056
9014 1346
9014 1400
9014 1417
9014 1470
9014 1484
9014 1494
9014 1504
9014 1579
9014 1777
9014 1781
9014 1838
9014 1843
9014 1850
9014 1869
9014 1904
9014 1916
9014 1926
9014 1937
9014 2008
9014 2015
9014 2060
9014 2093
9014 2095
9014 2151
9014 2221
9014 2223
9014 2251
9014 2275
9014 2307
9014 2344
9014 2433
9014 2477
9014 2540
9014 2610
9014 2624
9014 2643
9014 2703
9014 2705
9014 2707
9014 2708
9014 2709
9014 2720
9014 2736
9014 2738
9014 2739
9014 2740
9014 2755
9014 2758
9014 2759
9014 2768
9014 2773
9014 2777
9014 2787
9014 2800
9014 2817
9014 2820
9014 2824
9014 2825
9014 2826
9014 2845
9014 2846
9014 2850
9014 2853
9014 2859
9014 2862
9014 2864
9014 2875
9014 2883
9014 2886
9014 2892
9014 2900
9014 2916
9014 2934
9014 2935
9014 2940
9014 3077
9014 3089
9014 3120
9014 3148
9014 3189
9014 3411
9014 3431
9014 3486
9014 3686
9014 3707
9014 3903
9014 3904
9014 4122
9014 4460
9014 4554
9014 4655
9014 4724
9014 4783
9014 4871
9014 4939
9014 5178
9014 5217
9014 5251
9014 5298
9014 5396
9014 5442
9014 5563
9014 5942
9014 6014
9014 6064
9014 6072
9014 6220
9014 6817
9014 6997
9014 7011
9014 7017
9014 7135
9014 7224
9014 7256
9014 7271
9014 7564
9014 8205
9014 8418
9014 8564
9014 8607
9014 8612
9014 8838
9014 8922
9014 9099
9014 9209
9014 9229
9014 9714
9014 9775
9014 9807
9014 10005
9014 10061
9014 10346
9014 10486
9014 10493
9014 10516
9014 10796
9014 11000
9014 11017
9014 11236
9014 11326
9014 11514
9014 11730
9014 11839
9014 12003
9014 12061
9014 12111
9014 12390
9014 12424
9014 12593
9014 12887
9014 12917
9014 13157
9014 14055
9014 14102
9014 14112
9014 14383
9014 14418
9019 845
9019 1103
9019 1974
9042 2764
9042 2768
9042 2770
9042 2867
9071 6599
9071 7885
9114 2492
9158 2752
9158 4157
9158 5796
9158 6966
9158 8764
9158 9269
9158 9989
9158 11227
9158 11228
9158 12383
9158 12763
9158 12847
9158 12855
9158 12862
9158 13160
9158 13193
9158 13278
9158 13988
9197 220
9197 391
9197 638
9197 639
9197 1416
9197 2275
9197 2621
9197 2706
9197 2777
9197 2815
9197 4413
9197 6719
9197 9083
9197 9632
9197 10710
9197 11514
9197 12203
9472 168
9472 190
9472 895
9472 1740
9472 1878
9472 2094
9472 2545
9472 4937
9472 5142
9472 7094
9472 7105
9472 7493
9472 10860
9472 11846
9472 12237
9472 14026
9532 677
9532 1773
9532 2178
9532 2829
9532 3201
9532 7669
9532 8006
9532 10096
9532 11031
9532 12502
9572 76
9572 1648
9572 2247
9572 2664
9572 2747
9572 2771
9572 5542
9572 6072
9572 6086
9572 6599
9572 7588
9572 9133
9572 9795
9572 11000
9572 13516
9572 14002
9593 324
9593 2080
9593 9297
9593 10510
9593 13608
9621 675
9621 684
9621 1417
9621 2247
9621 2545
9621 2740
9621 2747
9621 2836
9621 4429
9621 4489
9621 5933
9621 6599
9621 6861
9621 7175
9621 8356
9621 9035
9621 9795
9621 13205
9621 13535
9696 684
9696 811
9696 1371
9696 1417
9696 2664
9696 2751
9696 5542
9696 6599
9696 7885
9696 10019
9696 11250
9723 2798
9782 3399
9782 6599
9782 9099
9782 11252
9782 13516
9783 836
9783 2761
9783 2778
9783 6719
9783 7651
9783 9083
9794 53
9794 175
9794 208
9794 209
9794 289
9794 316
9794 393
9794 450
9794 533
9794 550
9794 574
9794 691
9794 836
9794 864
9794 914
9794 1048
9794 1222
9794 1736
9794 1926
9794 2051
9794 2093
9794 2221
9794 2223
9794 2624
9794 2689
9794 2703
9794 2708
9794 2720
9794 2734
9794 2739
9794 2741
9794 2753
9794 2761
9794 2773
9794 2789
9794 2815
9794 2835
9794 2853
9794 2859
9794 2862
9794 2864
9794 2877
9794 2892
9794 2934
9794 3189
9794 3268
9794 3791
9794 3903
9794 4460
9794 5942
9794 6059
9794 6181
9794 6226
9794 6817
9794 7256
9794 7885
9794 7965
9794 7991
9794 9076
9794 9545
9794 9714
9794 9775
9794 10123
9794 12165
9794 12431
9794 13114
9794 13157
9794 13580
9794 13948
9794 14004
9839 714
9839 1495
9839 2741
9839 2805
9839 3411
9839 4018
9839 5159
9839 6714
9839 6964
9839 7561
9839 8988
9839 9759
9839 10122
9839 13355
9839 13508
9912 672
9912 1872
9912 2819
9912 4489
9912 6028
9912 6128
9912 13936
9915 196
9915 577
9915 836
9915 870
9915 2918
9915 3047
9915 5942
9915 6291
9915 7087
9915 7967
9915 9083
9915 10493
9915 12152
9984 303
9984 1357
9984 1582
9984 1954
9984 2221
9984 2460
9984 2501
9984 2704
9984 2732
9984 2737
9984 2751
9984 2815
9984 2822
9984 2875
9984 3077
9984 3365
9984 4221
9984 4431
9984 4559
9984 5920
9984 7063
9984 7885
9984 8013
9984 9035
9984 10710
9984 11000
9984 11690
9984 11721
9984 12083
9984 13330
9984 13446
9984 13490
9984 14002
9984 14010
10109 9759
10130 698
10141 324
10141 2868
10141 2872
10141 2906
10148 476
10148 675
10148 684
10148 811
10148 864
10148 954
10148 1009
10148 1103
10148 1371
10148 1417
10148 1582
10148 2189
10148 2664
10148 2716
10148 2737
10148 2747
10148 2777
10148 2814
10148 2827
10148 2829
10148 5933
10148 6052
10148 6086
10148 6599
10148 6744
10148 6861
10148 7097
10148 7175
10148 7224
10148 8356
10148 8417
10148 9035
10148 9099
10148 9133
10148 9605
10148 9759
10148 9795
10148 10019
10148 11231
10148 11765
10148 11896
10148 12236
10148 13006
10148 14100
10176 30
10176 107
10176 184
10176 187
10176 228
10176 233
10176 346
10176 420
10176 683
10176 714
10176 987
10176 1009
10176 1648
10176 1872
10176 1881
10176 2051
10176 2096
10176 2195
10176 2352
10176 2514
10176 2605
10176 2691
10176 2711
10176 2712
10176 2722
10176 2730
10176 2819
10176 2829
10176 2832
10176 2872
10176 2911
10176 2914
10176 2918
10176 2927
10176 3047
10176 3359
10176 3372
10176 3412
10176 3719
10176 4092
10176 4685
10176 5228
10176 5542
10176 5570
10176 5920
10176 6050
10176 6086
10176 6182
10176 6226
10176 7105
10176 7175
10176 7991
10176 8642
10176 8837
10176 8903
10176 8989
10176 9035
10176 9337
10176 9636
10176 9718
10176 9908
10176 10507
10176 10584
10176 10860
10176 11859
10176 12083
10176 12440
10176 13114
10176 13269
10176 13355
10176 13421
10176 13490
10176 13508
10176 13516
10176 13535
10176 13947
10176 14129
10188 289
10188 1033
10188 2111
10188 6183
10188 9775
10188 11637
10188 11654
10222 391
10222 4429
10222 9337
10222 9636
10233 113
10233 2156
10233 2490
10233 2814
10233 2822
10233 2846
10233 2875
10233 2910
10233 3202
10233 4069
10233 5945
10233 6052
10233 6704
10233 6997
10233 10710
10233 11000
10233 11289
10233 11896
10254 421
10254 422
10254 1397
10254 2514
10260 2545
10260 4018
10260 4069
10260 4082
10263 2891
10263 4554
10330 228
10330 1872
10330 13331
10330 13516
10511 208
10511 987
10511 989
10511 2094
10511 2247
10511 2321
10511 2514
10511 2688
10511 2709
10511 2729
10511 2731
10511 2766
10511 2872
10511 2899
10511 2906
10511 3189
10511 6050
10511 6174
10511 6714
10511 8988
10511 10921
10511 10928
10511 12413
10511 14104
10555 467
10555 691
10555 697
10555 1222
10555 1357
10555 1905
10555 2708
10555 2933
10555 3888
10555 4995
10555 5499
10555 5942
10555 5951
10555 6147
10555 6181
10555 6397
10555 9704
10555 12431
10555 13580
10558 4783
10561 30
10561 194
10561 228
10561 233
10561 303
10561 567
10561 574
10561 836
10561 1009
10561 1048
10561 1579
10561 1648
10561 1773
10561 2027
10561 2620
10561 2730
10561 2761
10561 2798
10561 2829
10561 2906
10561 2912
10561 2918
10561 3047
10561 3089
10561 3189
10561 4461
10561 4489
10561 5942
10561 6014
10561 6056
10561 7017
10561 7087
10561 7564
10561 7661
10561 7759
10561 8188
10561 8837
10561 9083
10561 11859
10561 12083
10561 12150
10561 14112
10561 14128
10561 14418
10561 14450
10610 168
10610 303
10610 450
10610 501
10610 881
10610 1881
10610 2478
10610 2554
10610 2723
10610 2750
10610 2829
10610 2905
10610 2933
10610 3056
10610 3466
10610 4937
10610 5198
10610 8763
10610 10796
10610 12024
10610 12150
10610 13331
10698 2733
10698 7589
10698 10885
10843 346
10843 567
10843 2691
10843 2819
10843 2827
10843 4092
10843 4685
10843 7588
10843 8837
10843 8903
10843 9795
10843 13421
11041 698
11041 1161
11041 1224
11041 1843
11041 2483
11041 3411
11041 6086
11041 8763
11041 10601
11041 13301
11041 14002
11304 421
11368 2763
11368 2891
11368 9742
11497 1983
11497 3448
11497 4739
11497 4800
11497 7858
11497 7967
11497 9931
11497 10493
11497 11916
11497 11996
11497 12152
11497 13459
11498 40
11498 168
11498 187
11498 233
11498 301
11498 328
11498 346
11498 450
11498 603
11498 683
11498 709
11498 714
11498 827
11498 895
11498 987
11498 1009
11498 1495
11498 1868
11498 1878
11498 1881
11498 2094
11498 2194
11498 2195
11498 2352
11498 2362
11498 2638
11498 2691
11498 2712
11498 2722
11498 2726
11498 2731
11498 2805
11498 2819
11498 2834
11498 2872
11498 2911
11498 3359
11498 3411
11498 4092
11498 4429
11498 4685
11498 4781
11498 5142
11498 5159
11498 5228
11498 5542
11498 5570
11498 6050
11498 7063
11498 7094
11498 7105
11498 7271
11498 7493
11498 7561
11498 8513
11498 8903
11498 8988
11498 8989
11498 9337
11498 9636
11498 9720
11498 9759
11498 9908
11498 10507
11498 10860
11498 10921
11498 11846
11498 12024
11498 12047
11498 12083
11498 13355
11498 13516
11498 13947
11498 14002
11498 14104
11498 14450
11600 2752
11600 2781
11600 4936
11600 7339
11600 9269
11600 11063
11600 11811
11600 12763
11746 168
11746 190
11746 233
11746 301
11746 316
11746 328
11746 466
11746 603
11746 649
11746 799
11746 827
11746 864
11746 895
11746 906
11746 920
11746 987
11746 989
11746 1009
11746 1161
11746 1343
11746 1648
11746 1720
11746 1846
11746 1878
11746 1975
11746 2094
11746 2096
11746 2164
11746 2269
11746 2386
11746 2514
11746 2567
11746 2576
11746 2638
11746 2688
11746 2689
11746 2706
11746 2712
11746 2730
11746 2731
11746 2732
11746 2735
11746 2805
11746 2819
11746 2829
11746 2863
11746 2911
11746 3189
11746 3335
11746 3372
11746 3412
11746 3555
11746 3719
11746 3763
11746 4461
11746 4557
11746 4685
11746 4781
11746 4975
11746 5142
11746 5159
11746 5228
11746 5542
11746 5570
11746 6265
11746 6511
11746 6719
11746 7094
11746 7105
11746 7175
11746 7324
11746 7493
11746 7548
11746 7561
11746 7885
11746 7991
11746 8837
11746 8988
11746 8989
11746 9636
11746 9934
11746 10318
11746 10507
11746 10584
11746 10760
11746 10860
11746 10921
11746 10928
11746 11250
11746 11319
11746 11846
11746 11914
11746 12024
11746 12047
11746 12083
11746 12145
11746 12236
11746 12440
11746 13065
11746 13421
11746 13947
11746 14010
11746 14026
11746 14100
11746 14102
11746 14104
11746 14128
11746 14129
11757 420
11757 683
11757 1015
11757 1579
11757 1740
11757 2247
11757 2691
11757 2790
11757 2895
11757 2927
11757 3865
11757 4938
11757 6056
11757 7144
11757 8642
11757 9337
11757 10760
11757 10768
11757 11541
11757 13535
11757 13608
11757 14450
11769 113
11769 476
11769 533
11769 709
11769 1166
11769 1777
11769 2060
11769 2643
11769 5114
11769 6722
11769 9753
11769 10486
11769 10892
11769 11279
11769 12887
11769 13473
12017 1386
12017 2832
12017 3555
12050 987
12050 1009
12050 1371
12050 1843
12050 1881
12050 2194
12050 2747
12050 2827
12050 2829
12050 2834
12050 3359
12050 3393
12050 3719
12050 4685
12050 5542
12050 6086
12050 6225
12050 6226
12050 6599
12050 6964
12050 7885
12050 8779
12050 8903
12050 8989
12050 9133
12050 10984
12050 11250
12050 13006
12050 13205
12050 13516
12281 220
12281 2433
12281 2864
12281 3056
12281 6599
12327 450
12327 1357
12327 2352
12327 2822
12327 2875
12327 2910
12327 3189
12327 3904
12327 4069
12327 4685
12327 4871
12327 6052
12327 6704
12327 10710
12327 11000
12412 698
12412 4685
12412 5542
12412 13508
12412 13516
12463 303
12463 955
12463 959
12463 960
12463 1911
12463 1935
12463 2002
12463 2017
12463 2029
12463 2032
12463 2326
12463 2350
12463 2724
12463 2829
12463 3399
12463 3888
12463 4183
12463 4226
12463 4275
12463 4431
12463 5295
12463 5499
12463 5965
12463 6397
12463 8551
12463 10909
12463 12470
12463 13157
12463 13574
12463 14382
12472 79
12472 110
12472 166
12472 220
12472 233
12472 337
12472 532
12472 659
12472 895
12472 1386
12472 1388
12472 1582
12472 1648
12472 1720
12472 1917
12472 2029
12472 2043
12472 2171
12472 2194
12472 2228
12472 2350
12472 2501
12472 2752
12472 2834
12472 3555
12472 4069
12472 4082
12472 4157
12472 4203
12472 4431
12472 4781
12472 4936
12472 5062
12472 5525
12472 5796
12472 5846
12472 5870
12472 5929
12472 6022
12472 6226
12472 6803
12472 6966
12472 7044
12472 7479
12472 7885
12472 7991
12472 8123
12472 8648
12472 8764
12472 8779
12472 8916
12472 9035
12472 9133
12472 9269
12472 9759
12472 9934
12472 9989
12472 10487
12472 10493
12472 10858
12472 11227
12472 11228
12472 11721
12472 12152
12472 12236
12472 12237
12472 12847
12472 12855
12472 12862
12472 13160
12472 13193
12472 13211
12472 13278
12472 13988
12473 113
12473 225
12473 299
12473 476
12473 639
12473 811
12473 954
12473 1048
12473 1103
12473 1166
12473 1333
12473 1371
12473 1416
12473 1417
12473 1494
12473 1582
12473 1777
12473 1843
12473 1974
12473 2189
12473 2404
12473 2490
12473 2545
12473 2610
12473 2643
12473 2664
12473 2705
12473 2714
12473 2716
12473 2731
12473 2736
12473 2737
12473 2740
12473 2755
12473 2758
12473 2773
12473 2776
12473 2777
12473 2814
12473 2836
12473 2861
12473 2867
12473 2875
12473 2898
12473 2900
12473 2916
12473 2938
12473 2940
12473 3089
12473 3148
12473 3707
12473 4122
12473 4479
12473 5178
12473 5217
12473 5381
12473 5426
12473 6052
12473 6178
12473 6599
12473 6744
12473 6861
12473 6997
12473 7097
12473 7135
12473 7224
12473 7808
12473 8564
12473 9099
12473 9209
12473 9248
12473 9807
12473 10005
12473 10019
12473 10061
12473 10111
12473 10122
12473 10282
12473 10346
12473 10486
12473 10549
12473 10557
12473 10601
12473 10892
12473 11000
12473 11231
12473 11721
12473 11765
12473 11839
12473 12008
12473 12424
12473 12557
12473 12593
12473 12887
12473 12917
12473 13473
12473 13936
12473 14055
12529 76
12529 106
12529 113
12529 181
12529 302
12529 338
12529 458
12529 501
12529 664
12529 668
12529 685
12529 686
12529 836
12529 847
12529 871
12529 954
12529 1056
12529 1346
12529 1416
12529 1417
12529 1438
12529 1648
12529 1843
12529 1850
12529 1869
12529 1937
12529 2081
12529 2307
12529 2314
12529 2477
12529 2540
12529 2610
12529 2652
12529 2705
12529 2714
12529 2718
12529 2737
12529 2740
12529 2754
12529 2755
12529 2756
12529 2757
12529 2759
12529 2760
12529 2761
12529 2762
12529 2763
12529 2764
12529 2768
12529 2769
12529 2770
12529 2776
12529 2777
12529 2778
12529 2784
12529 2786
12529 2800
12529 2817
12529 2825
12529 2826
12529 2827
12529 2833
12529 2836
12529 2845
12529 2846
12529 2847
12529 2850
12529 2853
12529 2866
12529 2867
12529 2871
12529 2876
12529 2886
12529 2891
12529 2898
12529 2902
12529 2915
12529 2927
12529 2930
12529 2935
12529 3089
12529 3365
12529 3411
12529 3707
12529 3740
12529 4122
12529 4380
12529 4554
12529 4783
12529 5178
12529 5251
12529 5298
12529 5381
12529 5933
12529 6052
12529 6055
12529 6056
12529 6065
12529 6070
12529 6072
12529 6078
12529 6086
12529 6178
12529 6224
12529 6230
12529 6584
12529 6719
12529 6817
12529 6857
12529 6861
12529 6997
12529 7135
12529 7275
12529 7564
12529 7588
12529 7593
12529 7651
12529 7759
12529 7808
12529 8418
12529 8612
12529 8831
12529 8838
12529 9099
12529 9209
12529 9458
12529 9632
12529 9742
12529 9807
12529 10005
12529 10019
12529 10111
12529 10549
12529 10601
12529 10710
12529 11000
12529 11003
12529 11839
12529 12061
12529 12390
12529 12424
12529 12557
12529 12668
12529 12917
12529 13210
12529 13516
12529 14002
12529 14383
12583 1495
12583 1579
12583 2705
12583 2711
12583 2731
12583 2741
12583 2819
12583 2855
12583 4180
12583 6714
12583 8903
12583 9753
12583 13355
12583 13421
12607 364
12607 1386
12607 1917
12607 1983
12607 2043
12607 2339
12607 2732
12607 3448
12607 4739
12607 5563
12607 8997
12607 9931
12607 10493
12607 11916
12607 12152
12679 76
12679 113
12679 166
12679 175
12679 178
12679 186
12679 221
12679 225
12679 458
12679 501
12679 533
12679 548
12679 550
12679 567
12679 574
12679 575
12679 576
12679 577
12679 610
12679 686
12679 690
12679 710
12679 864
12679 870
12679 954
12679 1033
12679 1048
12679 1056
12679 1357
12679 1417
12679 1438
12679 1470
12679 1781
12679 1838
12679 1869
12679 1926
12679 1937
12679 2095
12679 2249
12679 2275
12679 2307
12679 2344
12679 2433
12679 2478
12679 2610
12679 2705
12679 2736
12679 2738
12679 2750
12679 2755
12679 2758
12679 2759
12679 2773
12679 2776
12679 2777
12679 2800
12679 2817
12679 2820
12679 2824
12679 2826
12679 2845
12679 2850
12679 2853
12679 2859
12679 2861
12679 2862
12679 2866
12679 2883
12679 2898
12679 2900
12679 2912
12679 2916
12679 2935
12679 2940
12679 3056
12679 3148
12679 3189
12679 3431
12679 3466
12679 3486
12679 3686
12679 3740
12679 4380
12679 4525
12679 4554
12679 4783
12679 5140
12679 5198
12679 5396
12679 5442
12679 6014
12679 6056
12679 6064
12679 6065
12679 6476
12679 6817
12679 7011
12679 7012
12679 7017
12679 7087
12679 7808
12679 8205
12679 8922
12679 9209
12679 9458
12679 9775
12679 9807
12679 10061
12679 10111
12679 10346
12679 10486
12679 10796
12679 11000
12679 11017
12679 11326
12679 11839
12679 12003
12679 12061
12679 12111
12679 12390
12679 12424
12679 12557
12679 12887
12679 12917
12679 13157
12679 14055
12679 14102
12679 14104
12679 14112
12679 14128
12679 14383
12679 14418
12692 196
12692 289
12692 316
12692 450
12692 2820
12692 2853
12692 2927
12692 3484
12692 3953
12692 3990
12692 6291
12692 10885
12692 14004
12798 233
12798 895
12798 1161
12798 1323
12798 1648
12798 2096
12798 2514
12798 2576
12798 2829
12798 2906
12798 3372
12798 3719
12798 3763
12798 4685
12798 5542
12798 7493
12798 7548
12798 10096
12798 11859
12798 12502
12798 13065
12809 675
12809 1371
12809 2664
12809 9795
12809 13516
13063 184
13063 187
13063 324
13063 420
13063 422
13063 674
13063 836
13063 1773
13063 2080
13063 2621
13063 2747
13063 2791
13063 2906
13063 2918
13063 3865
13063 5077
13063 5338
13063 6244
13063 6316
13063 6494
13063 6584
13063 7242
13063 7579
13063 7593
13063 10510
13063 10768
13063 13490
13063 13608
13102 7548
13102 14010
13109 674
13109 677
13109 1478
13109 1773
13109 2178
13109 2829
13109 2865
13109 2906
13109 3201
13109 3719
13109 3763
13109 3865
13109 6244
13109 6584
13109 7579
13109 7669
13109 8006
13109 11031
13109 11859
13109 12502
13109 13490
13153 2008
13153 2836
13153 6072
13153 6599
13153 9605
13153 10019
13171 1009
13171 1648
13171 2362
13171 2726
13171 2731
13171 2737
13171 2829
13171 2834
13171 2911
13171 5228
13171 8903
13171 9337
13171 9769
13171 11859
13171 13508
13336 2791
13350 1371
13350 13205
13360 36
13360 148
13360 370
13360 1371
13360 1582
13360 2072
13360 2194
13360 4094
13360 8774
13360 9035
13360 10640
13422 397
13422 2927
13422 4936
13422 6966
13422 9989
13422 10487
13422 11228
13422 12383
13422 12763
13422 12847
13422 12855
13422 12862
13422 13160
13422 13193
13422 13278
13422 13988
13445 12237
13481 188
13481 2910
13481 11896
13511 714
13511 1009
13511 1648
13511 6050
13511 8903
13511 9908
13511 10984
13511 13205
13511 13490
13513 76
13513 107
13513 113
13513 675
13513 683
13513 684
13513 864
13513 1009
13513 1371
13513 1417
13513 1838
13513 1843
13513 2189
13513 2195
13513 2247
13513 2545
13513 2664
13513 2716
13513 2737
13513 2740
13513 2747
13513 2771
13513 2777
13513 2819
13513 2826
13513 2827
13513 2829
13513 2927
13513 3089
13513 4168
13513 4307
13513 5142
13513 6072
13513 6086
13513 6174
13513 6226
13513 6599
13513 6714
13513 6861
13513 6964
13513 7087
13513 7094
13513 7097
13513 7175
13513 7224
13513 7561
13513 7564
13513 7588
13513 8356
13513 8903
13513 9035
13513 9099
13513 9133
13513 9605
13513 9759
13513 9795
13513 10507
13513 10984
13513 11231
13513 12236
13513 12440
13513 13516
13513 14002
13513 14100
13513 14383
13546 230
13546 289
13546 882
13546 1495
13546 1713
13546 2111
13546 2595
13546 2733
13546 2740
13546 2853
13546 3676
13546 3953
13546 3990
13546 4605
13546 6061
13546 6183
13546 6291
13546 7589
13546 10601
13546 11637
13546 11654
13546 14004
13546 14102
13567 340
13567 567
13567 1740
13567 1748
13567 2798
13567 7561
13567 10542
13567 11279
13614 210
13614 226
13614 230
13614 450
13614 611
13614 652
13614 687
13614 691
13614 795
13614 799
13614 955
13614 959
13614 960
13614 1222
13614 1268
13614 1280
13614 1396
13614 1495
13614 1776
13614 1905
13614 2230
13614 2500
13614 2703
13614 2707
13614 2724
13614 2761
13614 2766
13614 2829
13614 2884
13614 2938
13614 3016
13614 3399
13614 3778
13614 3888
13614 4460
13614 5751
13614 5942
13614 6147
13614 7662
13614 8071
13614 8186
13614 8551
13614 9185
13614 9276
13614 9704
13614 9753
13614 10238
13614 10309
13614 10615
13614 11745
13614 12413
13614 12431
13614 13157
13614 13535
13614 13621
13614 13956
13614 14010
13614 14382
13614 14530
13647 107
13647 675
13647 1009
13647 1478
13647 1740
13647 1843
13647 2914
13647 3981
13647 6174
13647 7175
13647 7579
13647 13006
13647 13516
13872 175
13872 186
13872 574
13872 1048
13872 2275
13872 6817
13872 13937
13967 188
13967 1386
13967 2863
13967 3448
13967 4685
13967 9129
13967 11916
13967 13490
13967 13937
14015 184
14015 324
14015 1323
14015 4937
14015 7242
14015 8051
14015 9297
14015 9988
14015 10007
14015 10122
14015 10282
14015 10542
14015 12151
14063 2893
14396 30
14396 53
14396 176
14396 187
14396 188
14396 208
14396 209
14396 210
14396 233
14396 291
14396 301
14396 328
14396 346
14396 348
14396 416
14396 421
14396 422
14396 433
14396 466
14396 567
14396 603
14396 605
14396 609
14396 672
14396 677
14396 683
14396 697
14396 709
14396 795
14396 797
14396 799
14396 801
14396 827
14396 851
14396 881
14396 895
14396 906
14396 921
14396 989
14396 1015
14396 1161
14396 1202
14396 1343
14396 1416
14396 1579
14396 1720
14396 1739
14396 1740
14396 1846
14396 1868
14396 1905
14396 1975
14396 2027
14396 2054
14396 2093
14396 2096
14396 2164
14396 2178
14396 2230
14396 2247
14396 2269
14396 2321
14396 2326
14396 2409
14396 2492
14396 2500
14396 2514
14396 2540
14396 2567
14396 2576
14396 2624
14396 2638
14396 2688
14396 2691
14396 2706
14396 2712
14396 2723
14396 2729
14396 2730
14396 2731
14396 2734
14396 2735
14396 2742
14396 2745
14396 2746
14396 2753
14396 2761
14396 2766
14396 2798
14396 2829
14396 2835
14396 2848
14396 2865
14396 2872
14396 2884
14396 2885
14396 2889
14396 2895
14396 2899
14396 2906
14396 2911
14396 3047
14396 3189
14396 3201
14396 3268
14396 3334
14396 3365
14396 3719
14396 3763
14396 3791
14396 3865
14396 4180
14396 4461
14396 4557
14396 4685
14396 4724
14396 4781
14396 4909
14396 4938
14396 5077
14396 5171
14396 5338
14396 5381
14396 5570
14396 5615
14396 6050
14396 6059
14396 6128
14396 6226
14396 6265
14396 6494
14396 6511
14396 6639
14396 7012
14396 7105
14396 7170
14396 7271
14396 7478
14396 7662
14396 7669
14396 7991
14396 8006
14396 8188
14396 8607
14396 8837
14396 8989
14396 9083
14396 9129
14396 9545
14396 9605
14396 9714
14396 9757
14396 9978
14396 10096
14396 10123
14396 10238
14396 10309
14396 10318
14396 10584
14396 10858
14396 10860
14396 10921
14396 10928
14396 11031
14396 11252
14396 11319
14396 11541
14396 11846
14396 12047
14396 12083
14396 12150
14396 12413
14396 12431
14396 12502
14396 12944
14396 13031
14396 13065
14396 13281
14396 13343
14396 13535
14396 13608
14396 13621
14396 13947
14396 14010
14396 14100
14396 14102
14396 14448
14396 14450
14396 14530
14397 291
14397 324
14397 391
14397 422
14397 683
14397 1015
14397 2605
14397 2885
14397 2914
14397 2923
14397 3393
14397 4652
14397 9498
14397 9720
14397 9757
14397 12219
14422 107
14422 184
14422 346
14422 675
14422 920
14422 1478
14422 1740
14422 2247
14422 2729
14422 2791
14422 2865
14422 2914
14422 3981
14422 5542
14422 6174
14422 7170
14422 7579
14422 13006
14422 13516
14432 422
14432 2885
14433 107
14433 168
14433 194
14433 229
14433 302
14433 391
14433 476
14433 639
14433 698
14433 709
14433 864
14433 1103
14433 1400
14433 1417
14433 1478
14433 1843
14433 2404
14433 2490
14433 2714
14433 2715
14433 2755
14433 2758
14433 2777
14433 2805
14433 2819
14433 2875
14433 2914
14433 2915
14433 2940
14433 4168
14433 4429
14433 5114
14433 5142
14433 5178
14433 5217
14433 5251
14433 6028
14433 6072
14433 6086
14433 6292
14433 6599
14433 6714
14433 6722
14433 6744
14433 7175
14433 7224
14433 7256
14433 7299
14433 7579
14433 7885
14433 8356
14433 8417
14433 9035
14433 9099
14433 9133
14433 9297
14433 10019
14433 10282
14433 10892
14433 11514
14433 11765
14433 12003
14433 12593
14433 13270
14433 13446
14433 13473
14435 327
14435 923
14435 1648
14435 2060
14435 2733
14435 3990
14435 4069
14435 4082
14435 6183
14523 458
14523 2643
14523 12887
