14541 14541 141
528 8001
744 1745
744 2001
744 2416
744 2650
744 2937
744 3065
744 3239
744 4325
744 5504
744 7562
744 8055
744 9382
744 10175
744 14264
3678 8822
3678 8877
3678 10272
3678 11374
4347 510
4347 2074
4347 3065
4347 3425
4347 6032
4347 7358
4347 7562
4347 8743
4347 8806
4347 14264
4736 7006
4811 28
4811 441
4811 619
4811 3492
4811 4381
4811 4545
4811 8328
4811 9963
4811 10018
4811 12749
4811 14059
4875 3135
4955 9969
4955 10202
4955 10707
4955 11418
5177 2497
5177 7262
5177 8832
5177 8877
5177 9234
5177 9963
5177 9964
5177 11344
5397 8822
5397 10035
5397 10272
5397 11374
5404 8822
5404 10035
5404 11374
5404 11418
5506 2964
5506 2965
5506 7006
5506 8220
5506 8328
5506 8489
5506 8832
5506 11300
5506 11344
6024 2179
6024 6003
6159 7006
6159 8489
6159 9964
6958 8592
8011 4325
8011 9215
8011 12227
8021 10684
8021 10976
8209 7006
8209 10684
8476 5676
8476 7006
8476 8328
8476 8663
8476 9963
8476 9964
8476 11344
8567 7262
8567 8832
8567 8877
8567 9234
8567 9964
8567 10272
8594 8592
8594 11374
8924 864
9455 8592
9455 8822
9455 11374
9455 11418
9613 8001
9613 8592
9613 8877
9613 10202
9613 11374
9613 11418
9724 8663
9724 9964
9724 10684
9724 10976
10153 8592
10794 1200
10794 1209
10794 1656
10794 2079
10794 2162
10794 2925
10794 6269
10794 8328
10794 10242
10902 8592
11375 9567
11376 9567
11378 9567
11679 7262
11679 8832
11679 8877
11679 9234
11679 9964
11679 10684
11679 10976
11679 11344
11716 8822
11716 10202
11716 10272
11716 11374
11716 11418
