14541 14541 895
135 651
135 790
135 6893
135 7473
135 7801
135 8316
135 9009
135 10011
135 11576
344 4722
344 9495
344 11275
399 10004
399 10769
399 13105
857 12584
1044 289
1044 967
1044 1364
1044 4610
1044 5260
1044 6192
1044 6923
1044 7237
1044 7967
1044 9742
1044 11315
1044 13275
1044 14003
1151 484
1151 735
1151 972
1151 1356
1151 1846
1151 2711
1151 2743
1151 2893
1151 3437
1151 4364
1151 5328
1151 5961
1151 6640
1151 6917
1151 6919
1151 9251
1151 9291
1151 11327
1151 11899
1151 13409
1151 13963
1199 588
1199 2045
1199 4605
1199 6849
1381 85
1381 229
1381 345
1381 2752
1381 3336
1381 3485
1381 4936
1381 6622
1381 6849
1381 6988
1381 8999
1381 10948
1381 12681
1383 1364
1383 1846
1383 5328
1383 7029
1866 1674
1866 6411
1866 6876
1866 7265
1945 54
1945 124
1945 193
1945 405
1945 414
1945 1552
1945 2020
1945 2111
1945 2835
1945 3253
1945 3317
1945 3450
1945 3484
1945 3901
1945 4541
1945 5878
1945 6060
1945 6444
1945 6557
1945 6920
1945 7055
1945 7075
1945 8032
1945 8112
1945 9935
1945 10487
1945 10966
1945 11701
1945 12926
1945 14003
2085 809
2085 2270
2085 2685
2085 3948
2085 5052
2085 6970
2085 8472
2085 12594
2085 12934
2109 85
2109 4124
2109 5526
2109 6207
2109 6831
2109 7237
2109 11916
2109 12577
2244 13246
2244 13605
2283 130
2283 470
2283 1109
2283 1119
2283 1808
2283 2824
2283 2851
2283 3253
2283 3267
2283 3440
2283 4694
2283 5239
2283 5962
2283 6413
2283 6557
2283 6628
2283 8827
2283 8990
2283 11106
2283 11260
2283 12111
2283 12965
2361 544
2361 1523
2361 4220
2361 6533
2453 972
2485 9495
2583 414
2583 1867
2583 2730
2583 2835
2583 3344
2583 4155
2583 4520
2583 7271
2583 7781
2583 11037
2583 12316
2583 13228
2583 13960
3408 5837
3408 6921
3478 1014
3478 3931
3478 4153
3478 13454
4490 405
4490 408
4490 644
4490 735
4490 1088
4490 2192
4490 2654
4490 2695
4490 3267
4490 3906
4490 4220
4490 4478
4490 4658
4490 4856
4490 5239
4490 5846
4490 6012
4490 6074
4490 6116
4490 6817
4490 6850
4490 7237
4490 7837
4490 7850
4490 8590
4490 8900
4490 9642
4490 10012
4490 10535
4490 11215
4490 11262
4490 11355
4490 11714
4490 12519
4490 12681
4490 12726
4490 12763
4490 13105
4490 13234
4490 14452
4521 119
4521 487
4521 504
4521 527
4521 1013
4521 1241
4521 2087
4521 2203
4521 2679
4521 3035
4521 3717
4521 3813
4521 4705
4521 4843
4521 5092
4521 5262
4521 5417
4521 5744
4521 6156
4521 6506
4521 6572
4521 6737
4521 6909
4521 7149
4521 7229
4521 7761
4521 8319
4521 9131
4521 9244
4521 10133
4521 10356
4521 11024
4521 11067
4521 11742
4521 13450
4780 361
4780 3172
5173 5560
5331 137
5331 488
5331 506
5331 577
5331 1801
5331 1807
5331 1981
5331 2212
5331 2234
5331 2293
5331 2423
5331 2659
5331 2660
5331 3431
5331 3447
5331 3933
5331 3940
5331 3965
5331 4133
5331 4394
5331 4912
5331 5073
5331 5203
5331 5672
5331 5743
5331 5764
5331 5870
5331 5881
5331 5913
5331 6129
5331 6462
5331 7013
5331 7049
5331 7050
5331 7552
5331 7967
5331 8303
5331 8515
5331 8733
5331 8737
5331 8921
5331 8981
5331 9551
5331 9999
5331 10013
5331 10598
5331 11215
5331 12542
5331 12730
5331 12807
5331 13193
5331 13264
5331 13428
5331 13459
5331 13941
5331 14071
5568 2722
5568 2784
5568 7144
5568 9519
5568 9742
5669 186
5669 2784
5669 6032
5669 7144
5669 7801
5669 8316
5669 9006
5669 9009
5669 9518
5669 9742
5669 10011
5688 5155
6348 229
6348 8627
6348 12577
6348 13067
6348 13489
6448 1344
6615 10114
7612 1859
7615 121
7615 125
7615 171
7615 225
7615 289
7615 293
7615 529
7615 530
7615 589
7615 1209
7615 1410
7615 1923
7615 2177
7615 2458
7615 2580
7615 2630
7615 2645
7615 4157
7615 4179
7615 4391
7615 5920
7615 6183
7615 6263
7615 6327
7615 6492
7615 6731
7615 6808
7615 6829
7615 7373
7615 7845
7615 9294
7615 9835
7615 9924
7615 9975
7615 10134
7615 10565
7615 10885
7615 11047
7615 11167
7615 11529
7615 11581
7615 11597
7615 11913
7615 12568
7615 13512
7631 550
7631 1645
7631 1652
7631 1886
7631 2782
7631 5563
7631 5603
7631 9113
7631 10323
7631 11138
7631 11921
7631 12380
7631 12796
7631 13501
7895 186
7895 196
7895 651
7895 2722
7895 2784
7895 6032
7895 7473
7895 9742
7895 12686
7969 7476
7969 8397
9312 1347
9312 1658
9312 1925
9312 4155
9312 4539
9312 4589
9312 5106
9312 5438
9312 5823
9312 6500
9312 7144
9312 7781
9312 9006
9312 9105
9312 9405
9312 9518
9312 9519
9312 9959
9312 10162
9312 11275
9312 13331
9312 13960
9425 1059
9425 11227
9425 11228
9654 4120
9659 653
9659 1842
9659 4601
9659 4676
9659 5648
9659 6049
9659 6832
9659 6920
9659 7067
9659 11078
9659 11156
9659 11788
9659 12732
9659 14204
9659 14533
9777 11228
10156 1065
10156 1854
10156 2726
10156 3618
10156 5203
10156 5377
10156 5884
10156 6642
10156 7050
10156 7477
10156 7670
10156 9060
10156 9269
10156 10090
10156 10598
10156 11325
10156 11484
10198 2781
10198 6740
10208 3445
10208 3694
10208 6115
10208 7326
10208 9240
10208 13449
10344 364
10344 2198
10344 2624
10344 6883
10344 11654
10362 375
10362 556
10362 1016
10362 6067
10362 7239
10362 9052
10430 8434
10506 118
10506 4367
10506 9775
10506 13489
11208 548
11208 634
11208 1898
11208 3881
11208 6181
11208 6823
11208 6950
11208 10535
11208 10615
11208 11637
11230 3253
11305 4389
11305 8553
11305 13574
11359 10509
11359 11191
11506 472
11506 1223
11542 471
11542 631
11542 653
11542 1344
11542 2797
11542 4264
11542 6557
11542 10855
11542 11460
11674 1697
11676 164
11676 408
11676 550
11676 615
11676 977
11676 1390
11676 2264
11676 2973
11676 5921
11676 6119
11676 8041
11676 8641
11676 8913
11676 9311
11676 10565
11676 11346
11676 12588
11793 136
11793 229
11793 364
11793 408
11793 462
11793 489
11793 612
11793 631
11793 730
11793 977
11793 1016
11793 1316
11793 1390
11793 1652
11793 2130
11793 2212
11793 2458
11793 2557
11793 2572
11793 2632
11793 2678
11793 2688
11793 2878
11793 3079
11793 3165
11793 3319
11793 3482
11793 3896
11793 4357
11793 4391
11793 4580
11793 5226
11793 5461
11793 5675
11793 6119
11793 6227
11793 6254
11793 6327
11793 6817
11793 6959
11793 7007
11793 7009
11793 7800
11793 7805
11793 7967
11793 8641
11793 8913
11793 8952
11793 8963
11793 9320
11793 9560
11793 9576
11793 10004
11793 10329
11793 10398
11793 10419
11793 10769
11793 10857
11793 10885
11793 11053
11793 11063
11793 11154
11793 11227
11793 11245
11793 11346
11793 11353
11793 11954
11793 12025
11793 12533
11793 12611
11793 12774
11793 12853
11793 12855
11793 13218
11793 13501
11793 13937
12309 232
12309 12411
12458 489
12458 612
12458 2570
12458 3172
12458 5981
12458 6034
12458 6948
12458 7029
12458 10346
12458 10380
12458 10961
12458 11322
12458 12897
12458 13105
12499 39
12499 81
12499 110
12499 114
12499 120
12499 165
12499 198
12499 333
12499 405
12499 426
12499 508
12499 524
12499 542
12499 586
12499 644
12499 722
12499 854
12499 1066
12499 1250
12499 1251
12499 1265
12499 1281
12499 1375
12499 1549
12499 1587
12499 1651
12499 1661
12499 1683
12499 1690
12499 1691
12499 1697
12499 1809
12499 1869
12499 1898
12499 1946
12499 1983
12499 2046
12499 2228
12499 2269
12499 2701
12499 2733
12499 2739
12499 2741
12499 2848
12499 2904
12499 3053
12499 3144
12499 3288
12499 3312
12499 3349
12499 3381
12499 3431
12499 3616
12499 3654
12499 3851
12499 3895
12499 3940
12499 3990
12499 4014
12499 4308
12499 4367
12499 4435
12499 4460
12499 4527
12499 4585
12499 4619
12499 4649
12499 4915
12499 5036
12499 5307
12499 5421
12499 5462
12499 5473
12499 5475
12499 5614
12499 5666
12499 5682
12499 5813
12499 5915
12499 5922
12499 5986
12499 6034
12499 6173
12499 6322
12499 6398
12499 6435
12499 6567
12499 6609
12499 6627
12499 6858
12499 6927
12499 6932
12499 6950
12499 6999
12499 7263
12499 7589
12499 7600
12499 7926
12499 7935
12499 8007
12499 8147
12499 8302
12499 8314
12499 8362
12499 8590
12499 8668
12499 8704
12499 8756
12499 8774
12499 8916
12499 9076
12499 9088
12499 9171
12499 9348
12499 9511
12499 9977
12499 10023
12499 10034
12499 10070
12499 10154
12499 10482
12499 10691
12499 10769
12499 10792
12499 10931
12499 10948
12499 11255
12499 11301
12499 11313
12499 11327
12499 11507
12499 11950
12499 12000
12499 12060
12499 12109
12499 12276
12499 12432
12499 12681
12499 12695
12499 12765
12499 12846
12499 12848
12499 12854
12499 12868
12499 12895
12499 12999
12499 13105
12499 13130
12499 13152
12499 13157
12499 13200
12499 13228
12499 13282
12499 13346
12499 13429
12499 13605
12499 14028
12499 14052
12499 14110
12782 2973
12782 11090
12957 965
12957 1481
12957 4519
12957 6064
12957 10886
12957 12706
12993 22
12993 1159
12993 1359
12993 1911
12993 2552
12993 10886
13267 3448
13267 7812
13267 11937
13448 612
13505 790
13543 427
13543 792
13543 1913
13543 2045
13543 2412
13543 4274
13543 4542
13543 4761
13543 5060
13543 5122
13543 5228
13543 6894
13543 6959
13543 7426
13543 8765
13543 9041
13543 9448
13543 9717
13543 10256
13543 10374
13543 11167
13543 11346
13543 11715
13543 12702
14097 225
14097 544
14097 625
14097 765
14097 828
14097 972
14097 1016
14097 1024
14097 1167
14097 1318
14097 1511
14097 1923
14097 1940
14097 2229
14097 2708
14097 2711
14097 2782
14097 3165
14097 3198
14097 3948
14097 3976
14097 3985
14097 4179
14097 4216
14097 4220
14097 4225
14097 4389
14097 4694
14097 4822
14097 4969
14097 5216
14097 5292
14097 5328
14097 5570
14097 5649
14097 5841
14097 6045
14097 6064
14097 6152
14097 6221
14097 6662
14097 7003
14097 7044
14097 7315
14097 7339
14097 8024
14097 8221
14097 8223
14097 8630
14097 8734
14097 8753
14097 8936
14097 9044
14097 9126
14097 9294
14097 9451
14097 10134
14097 10201
14097 10227
14097 10350
14097 10374
14097 10441
14097 10567
14097 10996
14097 11106
14097 12577
14097 12606
14097 12702
14097 13015
14097 13570
14097 13588
14376 6032
14376 10346
