14541 14541 523
44 5179
88 5179
195 936
213 5179
235 5179
330 5179
390 5179
475 5179
573 5179
645 5179
783 5179
784 5179
791 5179
875 5179
885 5179
1030 5179
1036 5179
1068 5179
1069 5179
1070 5179
1072 5179
1073 5179
1074 5179
1075 5179
1076 5179
1077 5179
1112 5179
1123 5179
1137 5179
1146 5179
1279 13045
1322 13045
1327 5179
1335 5179
1360 936
1363 936
1405 5179
1418 5179
1491 5179
1527 5179
1735 5179
1760 5179
1775 5179
1820 981
1840 5179
1841 5179
1856 13045
1863 981
1865 5179
1891 5179
1894 5179
1895 5179
1897 5179
1920 5179
1951 5179
1952 5179
2131 5179
2152 5179
2402 5179
2428 5179
2430 5179
2431 5179
2432 5179
2476 5179
2523 936
2524 5179
2608 5179
2651 936
2696 5179
2839 5179
2922 5179
2951 5179
2969 5179
2989 5179
2991 5179
2992 5179
3006 13045
3024 13045
3025 13045
3026 13045
3066 936
3069 936
3076 936
3080 936
3094 5179
3138 5179
3171 5179
3215 10694
3224 5179
3248 936
3287 5179
3333 5179
3352 5179
3353 10694
3383 5179
3403 5179
3410 5179
3427 10694
3467 13045
3544 5179
3577 5843
3584 5179
3597 5179
3600 5179
3601 5179
3625 5843
3698 5843
3703 5843
3718 5179
3861 5179
3877 13045
3879 13045
3987 936
4006 5179
4019 5179
4025 5179
4035 5179
4048 5179
4065 5179
4071 5179
4095 5179
4138 13045
4187 936
4258 10694
4276 6612
4350 936
4378 936
4387 936
4406 6612
4428 5179
4602 5179
4650 5179
4696 5179
4731 5179
4744 13045
4758 5843
4760 5179
4769 5843
4785 5843
4794 5843
4798 5843
4803 5843
4817 5843
4854 5179
4864 5843
4950 6612
4978 5179
4983 5179
5002 5179
5020 5179
5022 5179
5024 5179
5030 5179
5033 5179
5044 5179
5164 5179
5169 5179
5200 5179
5202 5179
5247 5179
5249 5179
5356 981
5446 5179
5451 5179
5484 6612
5530 5179
5531 5179
5538 5179
5541 5179
5544 5179
5545 5179
5546 5179
5547 5179
5548 5179
5551 5179
5552 5179
5559 5179
5598 5179
5600 5179
5608 5179
5638 5179
5693 5179
5708 5179
5711 5179
5712 5179
5716 5179
5719 5179
5755 5179
5779 5179
5780 5179
5799 10694
5800 10694
5814 10694
5824 5179
5852 5179
5853 5179
5860 5179
5862 5179
5863 5179
5882 5179
5885 5179
5886 5179
5888 5179
5900 5179
5905 13045
5906 5179
5935 5843
5939 5179
5940 5179
6018 5843
6019 5843
6025 5179
6037 5179
6038 5179
6041 14520
6104 5179
6111 5179
6132 5179
6146 5179
6161 5179
6223 5179
6233 5179
6238 5179
6241 5179
6246 5179
6264 8961
6310 5179
6311 5179
6312 5179
6328 936
6334 13045
6341 5179
6344 936
6358 5179
6368 5179
6376 5179
6378 5179
6392 5179
6522 936
6526 5179
6550 5179
6601 5179
6602 5179
6604 5179
6606 5179
6635 5179
6656 5179
6674 13045
6695 5179
6697 5179
6699 5179
6701 5179
6713 5179
6747 5843
6749 5179
6756 5179
6761 5179
6762 5179
6764 5179
6768 5179
6771 5179
6772 5179
6774 5179
6775 5179
6778 5179
6782 5179
6784 5179
6787 5179
6791 5179
6792 5179
6793 5179
6796 5179
6797 5179
6798 5179
6799 5179
6801 5179
6802 5179
6820 5843
6825 5179
6839 5179
6848 5179
6854 5179
6863 5179
6895 5179
6993 13045
6994 5179
7005 5179
7008 5179
7014 5179
7015 5179
7025 5179
7036 5179
7062 5179
7079 5179
7081 5179
7091 5179
7114 5179
7146 13045
7150 5179
7160 6612
7174 5179
7179 936
7187 5179
7189 5179
7195 5179
7198 5179
7201 5179
7202 5179
7204 5179
7219 5179
7220 5179
7221 936
7238 5179
7252 5179
7253 936
7257 5179
7283 936
7294 5179
7307 981
7310 5179
7387 5179
7389 5179
7418 5179
7419 5179
7420 5179
7421 5179
7450 5179
7481 5179
7482 5179
7504 5179
7514 6612
7515 6612
7516 6612
7517 6612
7519 6612
7520 6612
7541 13045
7542 5179
7558 936
7565 5179
7566 5179
7569 5179
7576 5179
7599 5179
7609 5179
7664 5179
7745 5179
7754 13045
7777 936
7782 5179
7856 5179
7862 5179
7869 5179
7887 936
7905 5179
7908 13045
7909 5179
7910 936
7911 936
8017 5179
8028 5179
8029 5179
8097 5179
8266 13045
8268 13045
8269 13045
8271 936
8283 13045
8287 5179
8306 5179
8324 5179
8325 5179
8326 5179
8345 5179
8346 5179
8380 13045
8394 5179
8402 936
8466 6612
8574 13045
8576 13045
8643 936
8732 936
8860 5179
9053 5179
9057 5179
9193 13045
9194 13045
9266 936
9278 936
9279 6612
9280 13045
9329 5179
9351 13045
9355 936
9356 936
9441 5179
9671 13045
9681 13045
9682 13045
9684 936
9690 936
9691 936
9760 5179
9786 5179
9802 5179
9941 5179
9949 5179
9997 981
10010 5179
10029 13045
10049 5179
10232 5179
10274 5843
10349 10694
10420 5179
10427 5179
10491 5179
10771 5179
10805 6612
10896 5179
10942 5179
11036 6612
11076 981
11092 5179
11111 5179
11112 5179
11142 5179
11157 6612
11189 6612
11332 5179
11356 5179
11371 5179
11407 5179
11440 936
11499 5179
11574 5179
11632 5179
11645 5179
11740 5179
11874 5179
11980 5179
11995 5179
12094 13045
12250 5179
12271 981
12274 13045
12379 5179
12656 5179
12734 5179
12830 6612
12834 6612
12835 6612
12839 6612
12841 6612
12888 5179
12889 5179
12922 5179
12923 6612
12928 5179
12929 5179
12937 6612
12946 6612
12952 6612
12954 6612
12958 6612
12973 6612
13033 981
13034 981
13035 981
13036 981
13037 981
13038 981
13039 981
13040 981
13041 981
13042 981
13043 981
13044 981
13046 981
13047 981
13048 981
13049 981
13050 981
13051 981
13052 981
13053 981
13054 981
13056 981
13057 981
13058 981
13059 981
13060 981
13061 981
13062 981
13069 6612
13070 6612
13071 6612
13072 6612
13073 6612
13074 6612
13075 6612
13076 6612
13077 6612
13078 6612
13079 6612
13080 6612
13081 6612
13082 6612
13226 5179
13341 5179
13353 5179
13465 5179
13467 5179
13480 5179
13607 14520
13646 5179
14369 13045
14370 13045
14371 936
14379 936
14388 5179
14487 5179
