14541 14541 710
181 3625
181 11076
181 13033
181 13036
181 13058
218 885
218 1030
218 1204
218 3224
218 3807
218 4356
218 4760
218 4807
218 12250
218 12889
366 2007
366 9673
1057 2007
1057 3006
1057 4138
1057 6334
1057 8576
1057 9193
1057 9681
1057 11015
1105 1279
1105 1819
1105 2006
1105 2007
1105 3025
1105 5246
1105 8266
1105 9194
1444 9266
1444 9691
1444 11440
1542 11440
1577 4785
1577 13053
1829 13033
1829 13042
2510 13037
2510 13043
2510 13049
2510 13051
2944 12952
2944 13075
2944 13082
3014 8266
3014 12213
3341 1819
3341 8380
3644 44
3644 213
3644 791
3644 1075
3644 6635
3665 5202
3665 9949
3665 10292
3705 1036
3705 1123
3705 4044
3705 4059
3705 4063
3705 5040
3705 6038
3705 8260
4010 13048
4010 13057
4010 13058
4085 3006
4085 8050
4148 13034
4148 13035
4148 13048
4148 13059
4199 44
4199 1112
4199 1841
4199 3769
4199 4760
4199 7869
4199 9053
4588 11076
4588 13052
4860 1279
4881 783
4881 1840
4881 1841
4881 4428
4881 5044
4881 13646
4997 573
4997 1920
4997 2430
4997 3859
4997 5033
4997 7542
4997 11371
4997 11874
4997 12250
4997 12928
5138 213
5138 6358
5153 6161
5153 6409
5153 7189
5153 7194
5153 7205
5153 7215
5153 7219
5153 7238
5153 14487
5330 1527
5330 2992
5330 5024
5330 6695
5330 7542
5330 10942
5330 11371
5330 12889
5330 12928
5340 9279
5340 12839
5340 13074
5340 13077
5343 306
5343 645
5343 6912
5343 6914
5343 6933
5343 8045
5343 8226
5343 8233
5407 4048
5407 6802
5407 6911
5407 8226
5407 8233
5407 12928
5408 6802
5408 6898
5408 6912
5408 8226
5408 8233
5771 12032
6247 4027
6247 4041
6298 4817
6298 13035
6298 13049
6299 13033
6318 6820
6318 11076
6318 13033
6318 13046
6318 13062
6351 213
6410 1322
6410 1363
6410 3080
6410 3546
6410 3877
6410 9193
6410 9355
6410 10029
6410 11440
6410 14370
6410 14379
6643 7146
6643 8380
6643 8574
6755 1841
6755 6368
6755 7364
6755 8029
6755 8440
6755 9199
6755 11332
6755 11574
6836 3987
6836 4187
6836 7558
6836 7910
6836 9356
6836 11440
6836 14379
6999 12032
7003 1279
7003 2007
7003 8574
7003 9194
7041 1335
7041 2476
7041 3094
7041 3138
7041 3287
7041 3769
7041 13226
7147 645
7147 1204
7147 1405
7147 1527
7147 1765
7147 3171
7147 4854
7147 7079
7147 10049
7226 4769
7226 13046
7226 13058
7277 390
7277 2608
7277 3807
7277 4044
7277 4048
7277 4978
7277 5033
7277 7542
7277 9329
7277 10942
7277 11356
7277 11874
7277 12922
7372 1863
7372 13034
7372 13039
7372 13044
7372 13046
7372 13053
7372 13056
7739 3171
7739 3718
7739 4071
7739 7869
7739 9018
7739 9303
7739 11356
7739 11371
7739 12929
7974 3703
7974 13038
7974 13041
7976 3026
7976 12225
7980 4006
7980 6246
7980 6756
7980 9329
7980 10049
7980 11874
7980 14388
8119 1030
8119 1336
8119 1920
8119 2992
8119 3138
8119 3718
8119 3769
8119 4006
8119 4035
8119 4039
8119 7869
8119 12929
8170 1876
8170 4063
8170 4064
8170 6132
8170 6880
8170 7257
8170 8196
8170 8673
8170 12306
8540 1036
8540 2432
8540 3861
8540 5853
8540 10049
8540 12922
8759 9194
8759 10029
9167 4095
9167 10325
9167 12888
9206 3248
9206 7179
9206 7911
9206 11440
9206 14371
9218 1123
9218 1405
9218 1491
9218 3475
9218 4054
9218 12921
9218 13646
9364 1036
9364 1335
9364 1405
9364 3475
9364 4040
9364 7869
9364 10049
9364 13480
9368 1491
9368 1760
9368 2428
9368 4026
9368 5768
9368 11407
9368 12928
9368 13226
9474 3861
9474 4049
9474 4058
9474 4059
9474 4061
9474 7389
9474 8260
9474 11371
9474 13480
9626 573
9626 2432
9626 2992
9626 3859
9626 3951
9626 4035
9626 4807
9626 5030
9705 1036
9705 1335
9705 1405
9705 1649
9705 3807
9705 4032
9705 4071
9705 5033
9705 10049
9705 10942
9728 7204
9728 9441
9728 11248
9728 11407
9729 2430
9729 5169
9729 7204
9729 7755
9729 9760
9729 11407
9729 12656
9843 1589
9843 3600
9843 6911
9843 8226
9843 8233
9843 14388
9943 1775
9943 2951
9943 2987
9943 4048
9943 4061
9943 5853
9943 8659
9943 13126
9952 885
9952 2922
9952 3718
9952 4024
9952 4026
9952 4048
9952 7603
9952 8659
9952 11874
10014 2696
10014 3138
10014 3601
10014 6037
10014 9329
10014 12888
10014 12889
10021 455
10021 1722
10021 2922
10021 5719
10021 7603
10021 9466
10021 13502
10069 1891
10069 1920
10069 2608
10069 4024
10069 6009
10069 7096
10069 11407
10069 13646
10131 1326
10131 1589
10131 6161
10131 6696
10131 7114
10131 7203
10131 7252
10131 10232
10131 11925
10161 44
10161 4602
10161 5789
10161 7455
10161 9053
10161 13297
10161 14436
10171 4812
10171 7572
10171 9283
10171 11407
10171 11466
10314 13058
10500 235
10500 330
10500 7062
10500 9188
10500 9760
10500 10427
10500 13353
10500 14388
10531 573
10531 875
10531 1336
10531 2428
10531 3475
10531 4024
10531 12928
10532 2873
10532 4043
10532 4812
10532 5853
10532 7110
10532 7572
10537 1123
10537 1405
10537 2951
10537 2987
10537 4006
10537 4024
10537 4026
10537 4031
10537 4033
10537 4047
10537 4065
10537 4071
10546 1527
10546 1920
10546 2432
10546 4027
10546 4042
10546 5768
10546 7257
10546 12250
10560 2951
10560 4045
10560 4049
10560 4054
10560 5645
10560 5853
10560 7572
10612 783
10612 1951
10612 4356
10612 4778
10612 6656
10612 6986
10612 7189
10612 7542
10612 7566
10612 10639
10612 11371
10816 1123
10816 1204
10816 4038
10816 4040
10816 4045
10816 4054
10816 4055
10816 4063
10816 6132
10816 6880
10816 7081
10816 7603
10908 390
10908 3951
10908 4028
10908 4062
10908 4329
10908 6240
10908 7905
10977 885
10977 1891
10977 2428
10977 3299
10977 4032
10977 6097
10977 7542
10977 11356
10977 11407
11066 455
11066 2987
11066 3094
11066 3951
11066 4031
11066 4041
11066 4047
11066 4065
11066 4659
11066 7389
11153 1137
11153 2476
11153 3600
11153 3601
11153 5608
11153 5900
11153 6695
11153 7114
11153 10098
11165 330
11165 5860
11165 5900
11165 6695
11165 7195
11165 7755
11165 10232
11165 11613
11165 14487
11324 3025
11324 3026
11324 3877
11461 455
11461 1876
11461 2987
11461 3861
11461 7389
11475 5905
11475 7908
11475 8269
11475 14370
11508 4785
11508 13040
11508 13057
11515 2428
11515 2951
11515 3352
11515 3807
11515 4038
11515 11874
11515 12921
11548 455
11548 875
11548 1336
11548 2951
11548 2987
11548 3352
11548 4024
11548 4042
11548 4057
11548 7079
11548 7198
11548 8931
11573 1036
11573 1891
11573 3094
11573 3666
11573 3861
11573 4006
11573 5885
11573 6089
11573 9804
11573 13126
11573 13480
11577 1936
11577 7202
11577 8027
11577 8526
11577 9786
11577 10268
11577 11407
11636 3299
11636 3769
11636 3951
11636 3988
11636 4039
11636 4046
11636 13226
11722 885
11722 3544
11722 4854
11722 5824
11722 6700
11722 7201
11722 7455
11722 9381
11722 13467
11737 455
11737 1760
11737 2431
11737 3224
11737 3299
11737 3951
11737 4024
11737 4033
11737 4042
11737 4059
11737 4071
11737 7079
11737 10049
11737 12915
11854 3094
11854 3224
11854 3287
11854 3861
11854 4047
11854 4057
11854 4063
11854 4071
11854 7257
11928 1123
11928 1335
11928 1527
11928 2430
11928 2431
11928 3138
11928 4044
11928 4071
11928 4329
11928 10049
11950 3080
12146 1874
12146 3287
12146 4029
12146 4032
12146 4033
12146 4034
12146 4048
12146 4329
12146 8659
12199 8576
12199 12030
12245 1405
12245 1874
12245 3859
12245 4025
12245 4071
12245 7389
12245 9141
12265 1951
12265 4356
12265 5755
12265 7190
12265 7568
12265 7892
12265 9329
12265 10942
12338 2152
12338 4496
12338 4854
12338 5711
12338 6246
12338 9301
12388 455
12388 4034
12388 4042
12388 5768
12388 7252
12388 10295
12388 12922
12388 13126
12388 13480
12409 1335
12409 2430
12409 2431
12409 2951
12409 3138
12409 3475
12409 4046
12409 4054
12409 4071
12409 5024
12409 12921
12610 2922
12610 3171
12610 3333
12610 3718
12610 3859
12610 4067
12610 7504
12610 12250
12795 1360
12795 7558
12795 7777
12795 8271
12795 8402
12795 9266
12795 9356
12795 9684
12795 11440
12812 44
12812 1070
12812 1074
12812 6695
12812 9053
12812 13297
