14541 14541 178
74 10558
670 9808
756 9808
892 9808
1113 9808
1379 9808
1503 9808
1574 9808
1837 9808
1943 9808
2257 9808
2291 9808
2329 9808
2377 9808
2503 9808
2684 9808
2970 9808
3642 9808
3674 9808
3679 9808
3783 9808
3921 9808
4097 9808
4142 9808
4233 9808
4279 9808
4342 9808
4424 9808
4583 9808
4742 9808
4818 9808
5013 9808
5189 9808
5211 9808
5491 9808
5493 9808
5494 9808
5496 9808
5673 9808
5722 9808
5756 9808
5803 9808
6130 8092
6130 10416
6130 11524
6169 9808
6215 9808
6379 9808
6421 9808
6428 9808
6499 9808
6600 9808
6616 9808
6735 9808
6812 9808
6819 9808
7064 9808
7104 9808
7122 9808
7156 9808
7177 9808
7407 9808
7459 9103
7459 9808
7459 10416
7462 9808
7486 9808
7606 9808
7608 9808
7624 9808
7839 9808
7868 9808
7915 9808
7925 9808
7959 9808
7960 5190
7960 5635
7960 5851
7960 8092
7960 8901
7960 9107
7960 9164
7960 9220
7960 9808
7960 10416
7960 12011
7960 13007
7992 9808
8012 9808
8044 9808
8169 9808
8172 9808
8175 9808
8429 9808
8589 9808
8680 9808
8747 9808
8754 9808
8787 9808
8816 9808
8883 9808
8974 9808
8985 9808
9256 9808
9293 9808
9332 9808
9333 9808
9653 10416
9670 9808
9686 9808
9887 9808
10067 9808
10074 9808
10166 9808
10205 9808
10259 9808
10473 9808
10477 9808
10574 9808
10670 9808
10681 9808
10785 9808
10802 9808
10906 9808
10962 9808
10963 9808
11049 9808
11052 9808
11071 9808
11140 9808
11287 9808
11287 10416
11293 9808
11306 9808
11404 9808
11411 9808
11413 9808
11414 9808
11445 9808
11511 9808
11518 9808
11580 9808
11623 9808
11625 9808
11640 9808
11692 9808
11754 9808
11790 9808
11805 9808
11822 9808
11828 9808
11836 9808
11847 10416
11900 9808
11961 10558
11962 9808
12180 8092
12180 10416
12410 9808
12677 9808
12684 568
12684 745
12684 6545
12684 7734
12684 8542
12684 9079
12684 9542
12684 9808
12684 11524
12684 12918
12704 9808
12725 9808
12899 9808
13169 9808
13199 9808
13199 10416
13593 9808
13849 9808
