14541 14541 211
74 1319
131 13554
287 288
287 1837
315 14086
379 585
385 388
388 9178
456 131
585 2641
830 829
839 830
956 14375
1111 13935
1216 1450
1220 8770
1423 14375
1456 11039
1457 1456
1459 1035
1459 3797
1461 1459
1462 3797
1647 9617
1707 1704
1709 1710
1710 1707
1790 11243
1834 9738
1835 1834
1835 9738
1837 288
1882 12364
1883 12307
1884 3542
1973 3040
2168 3963
2329 11625
2641 2168
2978 11886
3421 11458
3424 6925
3511 5004
3542 3541
3639 3632
3783 9256
3829 4726
3883 6598
3915 11594
3963 4889
4016 4342
4073 5722
4414 5070
4583 11805
4632 2257
4673 12365
4730 14279
4742 10620
4916 6421
4916 11805
5004 3511
5056 4673
5133 5130
5177 11679
5182 10160
5223 1220
5224 156
5289 1350
5320 5612
5320 8898
5320 9570
5393 11115
5404 5397
5491 12899
5494 5493
5495 5494
5496 5495
5506 4015
5507 5496
5511 3337
5511 6949
5521 632
5612 8898
5623 5224
5875 68
5976 7285
5998 6810
6215 5507
6273 6621
6305 4632
6412 1454
6421 4583
6421 11805
6520 8721
6531 379
6598 2003
6598 6597
6616 5597
6735 2684
6819 6473
6871 9316
6873 13981
6922 1147
6925 6922
6925 11649
6949 3337
6958 10153
6990 1647
7104 8680
7171 4267
7177 7172
7285 5047
7301 7794
7379 10146
7407 10974
7438 11886
7553 11777
7624 844
7749 13312
8026 3742
8116 3849
8167 10783
8299 5938
8429 6735
8470 6428
8492 11900
8567 5177
8570 1111
8570 13935
8721 6273
8758 8754
8777 8758
8814 11612
8817 632
8817 5521
8883 5998
8883 6810
8899 4281
8974 4073
8985 2329
9274 4016
9332 10270
9444 8470
9570 5612
9570 8898
9617 9612
9633 6305
9735 1780
9950 8883
10067 7104
10094 4414
10116 315
10137 3421
10160 6531
10166 8985
10200 4192
10205 385
10273 4097
10467 6616
10629 11692
10636 8044
10673 8429
10685 5617
10693 6871
10783 2503
10874 8492
10985 11049
11049 4279
11052 7141
11075 5133
11376 11375
11377 11259
11378 11376
11399 4916
11439 7863
11511 1548
11546 12218
11664 9739
11671 10170
11677 11666
11692 7289
11700 11691
11706 9308
11754 8452
11755 7592
11776 3423
11777 13223
11847 12056
11961 8803
12056 11700
12147 3783
12147 9256
12218 1884
12284 12366
12307 11546
12364 12284
12365 1882
12366 1883
12447 7959
12612 1835
12615 9950
12633 7821
12645 6499
12661 10155
12677 2467
12703 8772
12810 6379
13113 9603
13961 12436
14035 13961
14375 9571
