14541 14541 153
126 8901
126 9812
126 11524
197 10416
243 6581
243 8901
243 10416
307 5635
2213 8502
2347 10416
2456 6545
2456 7783
2456 9079
2456 9220
2456 9808
2456 10582
2456 11524
2981 5851
2981 8142
2981 8960
2981 9164
2981 10416
2981 11523
4354 2674
4354 4083
5048 8542
5543 10416
5618 10416
5916 172
6617 12011
6618 10416
6618 13007
6683 8864
6952 8089
6952 9108
7383 10416
7523 9584
7577 562
7577 599
7577 3095
7577 5635
7577 6545
7577 6581
7577 7143
7577 8381
7577 8867
7577 9079
7577 9220
7577 9584
7577 9808
7577 10416
7577 10582
7577 11524
7577 12910
7577 12918
8084 10416
8987 9808
9013 477
9013 4443
9101 5190
9101 5635
9101 11537
9101 13209
9374 3095
9374 5851
9374 6176
9374 6544
9374 7143
9374 8092
9374 8136
9374 8178
9374 8542
9374 8591
9374 8867
9374 9084
9374 9164
9374 9808
9374 10416
9374 10582
9374 11338
9374 11465
9374 11524
9374 12918
9533 10416
9641 10416
10335 8542
10335 12990
10677 2122
11187 8101
11187 8104
11187 8530
11403 10416
11559 477
11559 716
11559 1315
11559 2966
11559 5635
11559 5851
11559 6544
11559 6545
11559 6559
11559 7429
11559 7807
11559 8092
11559 8514
11559 8591
11559 8901
11559 9084
11559 9164
11559 9220
11559 9584
11559 9808
11559 10416
11559 10582
11559 11338
11559 11465
11559 11520
11559 11524
11559 12011
11559 12910
11559 12930
11561 6135
11561 9530
11662 10416
12062 10416
12187 7544
12345 2122
12345 5317
12345 6623
12345 7677
12345 8099
12345 8247
12345 8357
12345 8366
12345 8572
12345 9530
12345 9979
12345 14352
12377 579
12377 1248
12377 7120
12377 8901
12377 9581
12377 9812
12377 9821
12377 10416
12377 11533
12377 13018
12377 13119
12392 10416
12947 11338
14386 10416
14410 10416
