14541 14541 313
0 13680
10 13803
11 12977
12 12986
17 13649
18 13648
19 13642
20 13640
216 13287
223 13528
252 13869
259 13851
262 262
264 13776
265 13738
269 13704
310 13922
606 13528
1051 11978
1133 13914
1337 13183
1391 12101
1756 13627
2031 13529
2034 13528
2036 13531
2037 13532
2056 13809
2057 13806
2061 11663
2346 13180
2528 13770
2529 13767
2596 13528
2721 13927
2963 13807
3146 13335
3250 13530
3342 3342
3973 14438
4161 4161
4195 13897
4219 13861
4283 11556
4637 13727
5429 11510
5474 13286
5520 13924
5660 5660
6300 12286
6636 12156
7630 13869
8061 13340
8857 13562
8882 13286
9051 13816
9271 9271
9372 13384
9688 13760
10084 13862
10637 13638
10721 13709
10722 13707
10723 12287
10730 13685
10733 13699
10734 13697
10736 13698
10738 13697
10740 13696
10742 13694
10751 13687
10776 13379
10854 13376
11087 11083
11088 11083
11089 11083
11155 13697
11198 13885
11214 13110
11261 13689
11316 13883
11473 11554
11504 11471
11572 13522
11607 11271
11617 11083
11720 11284
11732 13783
11786 11668
11865 13287
11889 13627
11905 11905
11909 13390
11910 13390
11930 13529
11938 13531
11940 12981
11942 13678
11943 13683
12016 13888
12163 13858
12217 13519
12241 13906
12242 13901
12256 11773
12259 13795
12260 13776
12266 13636
12272 12272
12419 12419
12442 13290
12493 13394
12503 13695
12705 13856
12736 11271
12760 13785
12764 13708
12850 13799
12974 11271
13219 11271
13230 13286
13257 13777
13261 13637
13356 13391
13399 12984
13406 13403
13457 13335
13466 13135
13470 13795
13487 12043
13538 13870
13586 13532
13613 13390
13645 13645
13653 13653
13654 13654
13657 13657
13658 13658
13659 13659
13662 13662
13667 13667
13669 13668
13670 13670
13671 13671
13672 13672
13744 13178
13745 13286
13746 13293
13754 13023
13812 11509
13840 13286
13841 13806
13845 13928
13893 13678
13983 13385
13985 11285
13986 13184
14013 13108
14042 13914
14061 13802
14079 13339
14090 13321
14091 13286
14098 13388
14109 13180
14117 13805
14130 13522
14131 13522
14132 13522
14133 13522
14134 13522
14141 13287
14142 13288
14143 13290
14144 13290
14145 13318
14146 13286
14148 13286
14149 13286
14150 13286
14151 13286
14152 13286
14153 13286
14154 13286
14155 13286
14156 13286
14157 13286
14159 13379
14160 13379
14162 11271
14163 11271
14164 11271
14165 11271
14166 13383
14167 13383
14169 13383
14170 13335
14171 13335
14172 13384
14173 13384
14174 13384
14176 13387
14177 13388
14178 13388
14179 13389
14180 13390
14181 13390
14182 13390
14184 13392
14185 13395
14186 13395
14189 13398
14191 13398
14195 13536
14197 13008
14198 13009
14199 13011
14201 13011
14202 13013
14207 12282
14211 13106
14212 13110
14213 13110
14215 13136
14218 12963
14221 13919
14222 13923
14230 13915
14231 13915
14232 13912
14233 13914
14234 13402
14235 13402
14236 13913
14238 13402
14239 13911
14240 13911
14243 13910
14244 13908
14245 13907
14249 13905
14253 13902
14285 13896
14286 13899
14291 13180
14292 13180
14293 13180
14294 13180
14295 13181
14296 13182
14313 13881
14315 11469
14319 13176
14320 13174
14321 13175
14322 13175
14323 13175
14324 13176
14325 13176
14326 13176
14327 13176
14328 13176
14329 13176
14331 13179
14341 13865
14349 13865
14350 13865
14351 13865
14353 13864
14355 13861
14362 13862
14389 11554
14390 13861
14391 13858
14394 13808
14395 13808
14398 13803
14399 13803
14401 13799
14405 13797
14406 13797
14407 13797
14411 13794
14412 13794
14413 13793
14414 13793
14415 13792
14416 13790
14419 13785
14420 13785
14430 12040
14434 12049
14437 11990
14444 11509
14445 11998
14446 11509
14447 11509
14449 11509
14482 13774
14486 13771
14489 13770
14504 13764
14514 13756
14515 13738
14526 13731
14527 13729
14529 11556
14531 13721
14532 13720
14537 13716
14538 13715
14539 13713
