14541 14541 361
42 12348
314 4436
314 4538
314 6125
314 7696
314 8746
434 1992
434 2073
434 4366
1020 8497
1831 4436
1831 12057
1990 8746
1990 13025
1991 1992
1991 7672
1991 8522
1992 434
1992 4436
1992 5742
1992 6125
1992 8504
1992 8522
2073 434
2073 4436
2073 4595
2073 7672
2073 8497
2073 8504
2073 8782
2073 9096
2389 9119
2400 7798
2946 3847
2946 9096
3129 3847
3129 5778
3129 6523
3129 8497
3129 8510
3129 8619
3129 12752
3129 13025
3614 7994
3847 3129
3847 4366
3847 4538
3847 5181
3847 6125
3847 6523
3847 8496
3847 8497
3847 9096
3847 12057
3847 12752
3927 7365
3927 8510
3938 8746
3982 3847
3982 4436
3982 6718
3982 7246
3982 10735
3982 12324
3982 12348
4100 8782
4172 5181
4172 8496
4366 3847
4366 5778
4366 6125
4366 6523
4366 6896
4366 8496
4366 8782
4366 10631
4366 12752
4436 1831
4436 2073
4436 3982
4436 5778
4436 6523
4436 7246
4436 7374
4436 7672
4436 7696
4436 8497
4436 8510
4436 8746
4436 9093
4436 9096
4436 9109
4436 10631
4436 10735
4436 11307
4436 12057
4436 12324
4436 12348
4436 13408
4436 13606
4436 13994
4441 4640
4447 7246
4447 9093
4447 9096
4538 314
4538 5742
4595 2073
4595 7798
4595 11651
4640 4441
5071 8746
5181 3847
5181 4172
5181 6523
5181 8496
5181 9096
5181 9553
5742 1992
5742 8746
5750 6125
5750 10631
5750 13606
5778 3129
5778 4366
5778 6125
5778 7369
5778 7672
5778 8497
5778 8504
5778 8510
5778 8782
5778 8908
5778 12057
5861 7674
6125 314
6125 1991
6125 1992
6125 3129
6125 4366
6125 4436
6125 5750
6125 5778
6125 6896
6125 6945
6125 7365
6125 7425
6125 7672
6125 8504
6125 8510
6125 8522
6125 8746
6125 10341
6125 12057
6125 12752
6321 7374
6523 42
6523 4366
6523 4436
6523 5181
6523 6896
6523 7672
6523 7674
6523 12057
6534 8746
6770 10735
6840 7672
6840 12752
6840 13025
6840 13606
6896 4366
6896 6125
6896 6523
6896 8510
6945 6125
6945 7672
6945 13408
7246 3982
7246 4436
7246 12324
7365 3927
7365 7672
7369 5778
7374 4436
7374 6321
7374 8746
7425 6125
7425 8510
7672 1992
7672 2073
7672 4436
7672 5778
7672 6125
7672 6840
7672 6945
7672 7365
7672 8497
7672 8504
7672 8522
7672 9091
7672 9096
7672 10106
7672 13025
7674 5861
7674 6523
7696 314
7696 6125
7696 11305
7798 4595
7798 12324
7994 3614
7994 14359
8496 3847
8496 4172
8496 4366
8496 5181
8496 9097
8497 1020
8497 2073
8497 3129
8497 3847
8497 4436
8497 5778
8497 7672
8497 8619
8497 8746
8497 9096
8497 9128
8497 12057
8497 12752
8497 13025
8497 13606
8504 1992
8504 2073
8504 5778
8504 6125
8504 7672
8504 13994
8510 314
8510 3129
8510 3927
8510 4436
8510 5778
8510 6125
8510 6896
8510 7425
8510 13146
8522 1991
8522 1992
8522 6125
8522 7672
8619 5181
8619 8497
8746 1990
8746 3938
8746 4436
8746 5071
8746 5181
8746 5742
8746 6125
8746 6534
8746 7374
8746 8497
8746 8782
8746 8897
8746 9096
8746 10735
8746 12057
8746 13408
8782 2073
8782 4100
8782 4436
8782 5778
8782 8746
8782 9119
8782 12057
8897 8746
8908 1992
8908 5778
8908 8510
9091 4436
9091 7672
9093 4447
9093 7672
9096 2073
9096 3847
9096 4366
9096 4447
9096 5181
9096 5778
9096 7672
9096 8497
9096 8746
9096 12752
9096 12817
9097 8496
9109 4436
9119 8782
9119 12752
9128 8497
9553 3847
9553 5181
9553 6523
10106 7672
10341 6125
10631 4366
10631 4436
10631 5750
10631 10735
10695 12057
10735 3982
10735 4436
10735 6770
10735 8746
10735 10631
10735 12324
10735 12348
11305 7696
11307 4436
11651 4595
11667 8504
12057 1831
12057 3847
12057 4100
12057 4436
12057 5778
12057 6125
12057 7674
12057 8497
12057 8746
12057 8782
12057 10695
12324 4436
12324 10735
12324 12348
12348 42
12348 3982
12348 9091
12348 10735
12348 12324
12752 3129
12752 6125
12752 6840
12752 8497
12752 9096
12752 9119
12817 9096
12912 14101
13025 1990
13025 3129
13025 6840
13025 7672
13025 8497
13146 1665
13146 8510
13408 4436
13408 6945
13606 6840
13994 4436
14101 12912
14359 7994
