14541 14541 800
55 4147
91 7676
116 9979
127 8572
144 8251
147 6626
169 9307
180 9530
227 11339
231 2122
236 10338
256 8251
280 2792
323 11768
335 5317
336 8099
382 8864
410 8357
453 8099
479 7677
521 7148
558 2122
560 7544
614 8247
681 8369
692 5317
702 2122
711 7829
715 8572
768 7873
777 11724
793 9925
796 6623
796 9979
800 2122
815 493
816 8357
833 8357
837 6623
841 2122
856 2122
859 9925
868 8572
869 6626
874 8099
876 6623
883 8099
893 7823
899 8099
900 9979
946 2792
958 9530
971 13371
973 2115
1021 8247
1026 8363
1039 9629
1042 8366
1045 9974
1081 2122
1086 7823
1087 10434
1090 2122
1093 7544
1099 9808
1117 8099
1118 8099
1131 7677
1134 8357
1144 2115
1145 2122
1152 11339
1154 11538
1156 11538
1173 7829
1175 8099
1184 2122
1194 10426
1203 13021
1213 8099
1218 8907
1231 12871
1232 9578
1237 2122
1249 12337
1254 8357
1263 2122
1287 8099
1305 2792
1317 12230
1332 109
1339 8087
1352 8099
1361 7159
1377 9100
1382 8357
1384 8099
1398 8369
1399 7829
1403 2122
1421 1893
1425 7727
1436 2122
1440 2792
1465 7873
1492 8099
1507 2960
1510 2122
1514 7727
1515 8099
1536 8918
1543 4471
1551 5753
1559 8572
1598 8247
1646 8363
1669 9979
1670 12318
1673 8099
1689 8366
1693 10027
1695 8099
1700 9307
1705 930
1711 8357
1725 8363
1738 7676
1762 8572
1763 6565
1764 7677
1783 2122
1796 8082
1797 8082
1798 5317
1799 7676
1800 8249
1810 8357
1812 8572
1813 9925
1814 8907
1815 8572
1816 8572
1826 2122
1828 5317
1844 12962
1860 8357
1918 8357
1968 8099
1989 861
1994 8099
2004 7148
2075 8357
2103 2122
2116 9925
2120 8363
2129 8099
2147 9106
2149 8366
2154 9806
2165 2717
2166 2792
2170 8082
2207 8357
2214 8099
2218 8099
2233 8099
2243 8366
2263 7544
2274 9629
2281 8572
2286 7186
2295 14343
2299 2122
2306 8572
2318 8099
2336 2115
2338 9629
2343 9629
2360 8247
2375 12673
2380 8366
2393 8099
2394 8247
2395 8366
2397 8247
2415 14338
2421 8249
2422 2960
2442 13021
2449 2122
2452 2122
2455 8099
2473 7677
2487 8572
2489 6623
2491 9530
2505 2122
2517 2792
2518 9530
2520 9925
2535 9925
2544 3661
2553 8099
2559 13749
2569 9629
2600 8246
2603 2122
2627 9530
2634 11657
2646 12936
2668 7873
2675 12325
2676 8099
2687 14458
2713 8414
2806 8099
2807 8369
2818 8099
2831 7467
2857 12673
2858 12673
2896 8357
2901 8099
2909 13021
2954 11500
2972 8249
2977 8099
2983 2122
2984 7148
3002 12936
3008 12523
3013 8250
3017 9354
3020 6623
3021 6623
3038 8369
3041 8369
3042 8369
3044 8369
3062 2122
3073 8099
3075 9925
3078 2122
3082 6623
3085 8249
3103 861
3126 14196
3136 8864
3155 2122
3168 11500
3169 9722
3176 8099
3180 6623
3186 2122
3195 7873
3223 9578
3226 9578
3233 14196
3234 11538
3238 2122
3249 9530
3254 6626
3266 8099
3269 2122
3273 2122
3282 9530
3292 7186
3293 8357
3303 2122
3311 5317
3314 8330
3316 6626
3332 8099
3339 8099
3384 8099
3385 8357
3395 8248
3433 2122
3434 2122
3446 8249
3454 12185
3464 8369
3499 8363
3535 2122
3547 7829
3560 8099
3561 8099
3574 9925
3606 8249
3621 8572
3687 8099
3693 7829
3693 8357
3695 2122
3751 8250
3789 8099
3794 6623
3798 2122
3835 2122
3836 7186
3876 2122
3878 8363
3936 8572
3954 8414
3974 8366
3989 9629
3993 9145
4003 8099
4079 2122
4086 6623
4093 8099
4096 8572
4099 8366
4104 2122
4110 2960
4116 8087
4119 2792
4137 8357
4144 1706
4145 8099
4159 14196
4175 8099
4178 7544
4200 6135
4201 2115
4206 10399
4208 8104
4213 8099
4214 2122
4230 12772
4231 6623
4261 9530
4268 8907
4284 7544
4330 9508
4336 2122
4341 2122
4344 9530
4346 7677
4362 2960
4370 5317
4375 7676
4390 8572
4404 2960
4405 8087
4415 8572
4417 8099
4420 8003
4430 2960
4433 11538
4444 4471
4457 2122
4472 11339
4480 12673
4515 8357
4517 8366
4526 6623
4537 10055
4544 8099
4546 8366
4547 8099
4563 8249
4564 8249
4590 8366
4603 8099
4606 2122
4608 8099
4617 9508
4618 9508
4631 8907
4636 8099
4642 6623
4648 10026
4660 12772
4666 2115
4693 12185
4699 6623
4711 2122
4729 7676
4745 8249
4746 2122
4765 2122
4809 9974
4823 8099
4902 5317
4907 8099
4910 8104
4940 8082
4970 14196
4971 8249
4973 8572
4984 9307
4988 2122
5012 2122
5038 8907
5051 8099
5061 2122
5078 7186
5116 8366
5137 9564
5151 7544
5158 14196
5163 8099
5186 9925
5195 7677
5219 2122
5296 7874
5297 7874
5316 14352
5325 6623
5339 7676
5342 9629
5361 6565
5362 8572
5375 6623
5399 9557
5406 8099
5410 7544
5411 2122
5412 9806
5423 6623
5424 7544
5431 9925
5433 7677
5437 6626
5444 7467
5456 2122
5469 4625
5512 8099
5513 8357
5523 10055
5539 12673
5554 8099
5555 2122
5567 8099
5611 2122
5622 2122
5667 9433
5684 7676
5704 8099
5709 7677
5720 6626
5725 8414
5730 10494
5735 8099
5741 1028
5760 4147
5770 9983
5783 8246
5785 7677
5788 8572
5793 11538
5806 2122
5807 7186
5833 9925
5845 9530
5872 8099
5917 8099
5918 2960
5919 6626
6062 14196
6087 2122
6100 8572
6133 10055
6142 8366
6187 2122
6209 9925
6214 8366
6272 8366
6284 2960
6304 9983
6306 5317
6313 8099
6367 8099
6370 8099
6383 2122
6389 8099
6433 9530
6450 8099
6459 11538
6463 9578
6488 1706
6496 8099
6502 8099
6542 2122
6556 2122
6571 2122
6578 8099
6590 8247
6620 9307
6632 6623
6651 8003
6676 11538
6682 12673
6685 7544
6688 7544
6705 8815
6708 7677
6730 493
6730 2122
6742 6626
6743 2122
6777 2122
6795 8099
6807 9530
6877 2122
6961 9925
6969 8099
6975 8357
6980 8357
6989 2122
7048 2122
7076 2122
7093 2122
7169 8099
7199 7148
7223 8099
7241 8099
7261 8572
7270 8366
7297 2122
7312 2122
7328 8247
7332 2122
7332 4471
7353 8099
7354 7676
7380 2122
7428 8572
7435 8099
7470 7644
7503 2122
7506 2122
7522 2122
7525 7829
7560 2122
7649 11538
7675 8099
7683 8357
7693 2122
7707 9979
7712 8099
7776 9925
7824 8357
7857 8251
7869 13296
7906 9530
7938 8864
7948 6623
7977 2122
7985 2122
7996 9530
7997 7727
8005 2122
8025 2122
8048 9307
8064 8099
8081 2122
8106 9979
8108 2122
8154 8357
8184 8099
8184 9629
8194 2122
8235 1706
8256 8369
8258 8815
8291 8099
8370 8366
8402 2122
8427 2122
8427 8099
8428 8099
8439 8099
8478 2122
8495 2122
8500 9925
8532 2122
8538 8099
8541 2122
8579 8099
8632 9437
8633 9925
8675 9530
8679 8247
8715 8366
8722 2122
8722 8099
8730 8572
8809 2122
8875 8251
8894 2122
8909 8363
8973 9530
9020 9508
9022 2122
9045 2122
9054 6623
9102 8366
9130 8099
9132 2122
9136 2122
9150 2122
9151 2122
9228 8099
9288 2122
9359 493
9392 7676
9416 8099
9463 8864
9464 9979
9470 7148
9470 7823
9470 9925
9481 8099
9494 8082
9507 8099
9562 9530
9622 6623
9680 8099
9701 8357
9819 9979
9826 13120
9830 2792
9831 2792
9842 8099
9846 2122
9849 2122
9855 14352
9857 9530
9859 8414
9874 8369
9875 8101
9876 9806
9877 493
9878 7691
9881 6623
9886 8099
9888 14196
9890 5352
9894 6626
10020 14338
10058 2122
10064 13120
10065 8357
10072 2960
10072 8099
10086 2960
10093 8369
10101 10446
10169 8099
10212 8099
10241 2122
10255 9530
10293 2122
10312 8099
10336 2960
10337 11443
10388 2122
10396 13773
10436 8099
10448 2122
10478 8099
10490 8657
10503 2122
10514 9578
10515 13296
10520 8099
10524 2960
10527 7676
10548 8099
10614 8099
10632 5317
10686 8099
10699 2122
10766 6623
10791 6623
10916 6623
10969 8099
11004 11538
11034 8864
11046 8572
11070 8099
11082 8249
11188 2122
11217 2122
11258 8099
11268 2792
11299 7727
11335 9530
11358 2122
11476 9530
11479 8099
11494 8572
11530 2792
11562 8099
11562 8247
11614 2122
11659 6330
11767 2122
11787 9925
11866 9979
11895 12772
11904 8249
11918 6569
11927 11538
12140 2122
12194 2122
12319 2122
12328 8366
12332 7823
12363 9806
12394 7676
12396 9925
12443 8357
12445 8369
12482 6565
12505 2792
12516 8357
12539 11538
12598 8099
12599 11538
12626 8099
12663 2960
12688 9530
12762 9155
12797 7727
12811 8099
12821 7676
12837 2122
12849 8907
12866 4471
12879 9979
13019 1007
13028 8249
13029 1007
13058 2122
13087 8369
13089 6623
13128 8099
13145 8099
13165 2792
13213 8357
13215 2122
13217 2122
13220 11538
13221 2115
13224 2122
13247 2960
13249 2122
13251 11538
13252 8099
13273 2122
13298 8357
13304 8247
13338 14196
13342 2122
13352 8357
13386 9806
13423 8099
13494 9398
13496 8363
13498 6569
13504 5317
13550 7467
13564 10526
13569 8249
13596 12962
13610 9979
13743 8099
13921 7676
13951 8357
14011 8099
14011 9925
14054 9530
14066 9398
14116 8572
14272 8099
14272 8251
14275 7676
14314 14352
14348 2122
14423 8099
14424 8104
14459 4471
14461 13120
14463 13120
14464 13120
14465 13120
14467 13120
14468 13120
14470 13120
14471 13120
14472 13120
14474 13120
14475 13120
14476 13120
14481 13120
14509 9530
14522 2122
