14541 14541 426
8280 3577
8280 3625
8280 3698
8280 3703
8280 3837
8280 4754
8280 4758
8280 4769
8280 4785
8280 4794
8280 4798
8280 4817
8280 4864
8280 4934
8280 5935
8280 6747
8280 6820
8280 10274
10830 3696
10830 3698
10830 3703
10830 3837
10830 4754
10830 4758
10830 4769
10830 4785
10830 4794
10830 4803
10830 4864
10830 4934
10830 5935
10830 6018
10830 6019
10830 6747
10830 10274
10831 3577
10831 3625
10831 3696
10831 3698
10831 3703
10831 4754
10831 4758
10831 4769
10831 4803
10831 4817
10831 5935
10831 6018
10831 6019
10832 3577
10832 3696
10832 3703
10832 4754
10832 4758
10832 4769
10832 4794
10832 4803
10832 4817
10832 5935
10832 6018
10832 6747
10833 3625
10833 3696
10833 3698
10833 3703
10833 4754
10833 4758
10833 4785
10833 4794
10833 4803
10833 4817
10833 5935
10833 6747
10833 10274
10834 3577
10834 3625
10834 3696
10834 3698
10834 3703
10834 4754
10834 4794
10834 4798
10834 4817
10834 4864
10834 5935
10834 6747
10834 10274
10835 3577
10835 3625
10835 3696
10835 3698
10835 3703
10835 4769
10835 4794
10835 4798
10835 4803
10835 4817
10835 4864
10835 5935
10835 6019
10835 6747
10835 10274
10836 3577
10836 3625
10836 3696
10836 3698
10836 3703
10836 4754
10836 4758
10836 4794
10836 4798
10836 4803
10836 4817
10836 4864
10836 5935
10836 6747
10836 10274
10837 3577
10837 3625
10837 3698
10837 3703
10837 3837
10837 4758
10837 4769
10837 4794
10837 4798
10837 4803
10837 4817
10837 4864
10837 4934
10837 6019
10837 6747
10838 3625
10838 3696
10838 3698
10838 3703
10838 3837
10838 4754
10838 4758
10838 4769
10838 4794
10838 4803
10838 4817
10838 4864
10838 4934
10838 6019
10838 6747
10838 6820
10838 10274
10839 3577
10839 3625
10839 3696
10839 3698
10839 3703
10839 3837
10839 4754
10839 4769
10839 4785
10839 4798
10839 4803
10839 4817
10839 4864
10839 6820
10839 10274
10840 3625
10840 3698
10840 3703
10840 3837
10840 4758
10840 4769
10840 4785
10840 4803
10840 4817
10840 4864
10840 5935
10840 6747
10840 6820
10840 10274
10841 3625
10841 3696
10841 3698
10841 3703
10841 4758
10841 4769
10841 4785
10841 4794
10841 4798
10841 4803
10841 4864
10841 5935
10841 6018
10841 10274
10842 3696
10842 3698
10842 3703
10842 3837
10842 4758
10842 4769
10842 4785
10842 4794
10842 4803
10842 4817
10842 4864
10842 4934
10842 5935
10842 6018
10842 6820
10842 10274
10844 3696
10844 3698
10844 3703
10844 3837
10844 4754
10844 4758
10844 4769
10844 4785
10844 4803
10844 4817
10844 4864
10844 5935
10844 6018
10844 6019
10844 6747
10844 6820
10844 10274
10845 3696
10845 3698
10845 3703
10845 3837
10845 4754
10845 4758
10845 4769
10845 4803
10845 4817
10845 4864
10845 4934
10845 5935
10845 6747
10845 6820
10845 10274
10846 3625
10846 3696
10846 3698
10846 3703
10846 3837
10846 4758
10846 4769
10846 4794
10846 4803
10846 4817
10846 4864
10846 5935
10846 6747
10846 6820
10846 10274
10847 3577
10847 3698
10847 3837
10847 4769
10847 4785
10847 4794
10847 4798
10847 4803
10847 4864
10847 5935
10847 6018
10847 6747
10847 6820
10847 10274
10848 3577
10848 3698
10848 3703
10848 3837
10848 4758
10848 4785
10848 4794
10848 4798
10848 4817
10848 4864
10848 5935
10848 6820
10848 10274
10849 3696
10849 3698
10849 3703
10849 4769
10849 4794
10849 4803
10849 4817
10849 4864
10849 5935
10849 6019
10849 6747
10849 6820
10849 10274
10850 3698
10850 3703
10850 3837
10850 4769
10850 4785
10850 4794
10850 4803
10850 4817
10850 4864
10850 5935
10850 6747
10850 10274
10851 3577
10851 3625
10851 3696
10851 3698
10851 3837
10851 4758
10851 4785
10851 4794
10851 4798
10851 4803
10851 4817
10851 4864
10851 5935
10851 6018
10851 6747
10851 6820
10851 10274
11001 3577
11001 3625
11001 3698
11001 3703
11001 3837
11001 4754
11001 4769
11001 4794
11001 4798
11001 4803
11001 4817
11001 4864
11001 5935
11001 6018
11001 6747
11001 6820
11001 10274
11009 3696
11009 3698
11009 3703
11009 3837
11009 4754
11009 4758
11009 4769
11009 4798
11009 4803
11009 4864
11009 5935
11009 6018
11009 6019
11009 6747
11009 6820
11009 10274
11010 3696
11010 3703
11010 3837
11010 4758
11010 4769
11010 4864
11010 6018
11010 10274
11135 3577
11135 3625
11135 3696
11135 3698
11135 3703
11135 4754
11135 4758
11135 4794
11135 4803
11135 4817
11135 4864
11135 5935
11135 6747
11135 10274
11136 3696
11136 3703
11136 3837
11136 4754
11136 4758
11136 4769
11136 4785
11136 4794
11136 4803
11136 4817
11136 4864
11136 4934
11136 5935
11136 6747
11136 6820
11136 10274
11295 3625
11295 3696
11295 3698
11295 3703
11295 3837
11295 4754
11295 4758
11295 4769
11295 4785
11295 4794
11295 4798
11295 4817
11295 4864
11295 4934
11295 6018
11295 6019
11295 6747
11295 6820
11295 10274
12015 3696
12015 3698
12015 3837
12015 4754
12015 4758
12015 4785
12015 4798
12015 4817
12015 4934
12015 5935
12015 6018
12015 6019
12015 10274
