14541 14541 2788
311 227
311 410
311 837
311 868
311 893
311 1169
311 1764
311 1800
311 1810
311 1815
311 2116
311 2129
311 2149
311 2167
311 2336
311 2343
311 2415
311 2473
311 2806
311 2818
311 2858
311 2901
311 3020
311 3186
311 3233
311 3269
311 3292
311 3798
311 3878
311 4086
311 4110
311 4261
311 4457
311 4642
311 4666
311 4970
311 4988
311 5151
311 5158
311 5296
311 5414
311 5783
311 5785
311 5872
311 5909
311 6289
311 6620
311 7241
311 7411
311 7525
311 7824
311 8370
311 8428
311 8500
311 8752
311 8809
311 8894
311 9150
311 9187
311 9481
311 9701
311 9811
311 9823
311 9826
311 9857
311 9874
311 9878
311 9881
311 10086
311 10212
311 10396
311 10448
311 10520
311 10791
311 11004
311 11070
311 11082
311 11335
311 11904
311 12396
311 12516
311 12797
311 12866
311 12966
311 13304
311 13338
311 13504
311 14039
311 14314
387 55
387 127
387 144
387 147
387 227
387 231
387 280
387 349
387 355
387 373
387 410
387 452
387 468
387 478
387 505
387 521
387 552
387 558
387 560
387 681
387 692
387 711
387 715
387 768
387 815
387 816
387 837
387 859
387 860
387 869
387 876
387 877
387 893
387 946
387 973
387 1039
387 1042
387 1081
387 1087
387 1144
387 1152
387 1154
387 1156
387 1169
387 1171
387 1184
387 1194
387 1201
387 1218
387 1231
387 1236
387 1237
387 1243
387 1249
387 1287
387 1305
387 1317
387 1377
387 1398
387 1399
387 1404
387 1425
387 1436
387 1440
387 1507
387 1551
387 1558
387 1559
387 1646
387 1669
387 1670
387 1678
387 1687
387 1689
387 1693
387 1761
387 1762
387 1763
387 1764
387 1796
387 1798
387 1799
387 1800
387 1810
387 1811
387 1812
387 1813
387 1815
387 1821
387 1833
387 1839
387 1844
387 1860
387 1918
387 1930
387 1968
387 1994
387 2075
387 2116
387 2120
387 2132
387 2147
387 2149
387 2161
387 2167
387 2207
387 2211
387 2218
387 2233
387 2242
387 2254
387 2263
387 2274
387 2286
387 2295
387 2299
387 2310
387 2316
387 2318
387 2336
387 2343
387 2364
387 2395
387 2397
387 2422
387 2442
387 2455
387 2473
387 2488
387 2489
387 2544
387 2553
387 2559
387 2603
387 2627
387 2646
387 2668
387 2675
387 2676
387 2713
387 2806
387 2818
387 2857
387 2858
387 2909
387 2954
387 2972
387 3002
387 3008
387 3020
387 3021
387 3038
387 3041
387 3042
387 3195
387 3223
387 3233
387 3234
387 3238
387 3269
387 3273
387 3282
387 3311
387 3332
387 3384
387 3395
387 3446
387 3547
387 3561
387 3695
387 3790
387 3798
387 3832
387 3835
387 3836
387 3876
387 3878
387 3989
387 4096
387 4116
387 4137
387 4145
387 4159
387 4175
387 4201
387 4208
387 4213
387 4230
387 4231
387 4253
387 4261
387 4268
387 4291
387 4330
387 4338
387 4341
387 4344
387 4346
387 4362
387 4370
387 4390
387 4401
387 4404
387 4405
387 4420
387 4430
387 4433
387 4501
387 4517
387 4518
387 4537
387 4544
387 4546
387 4563
387 4603
387 4617
387 4648
387 4666
387 4745
387 4776
387 4823
387 4907
387 4973
387 5012
387 5061
387 5078
387 5137
387 5158
387 5195
387 5342
387 5361
387 5375
387 5399
387 5410
387 5411
387 5413
387 5414
387 5437
387 5480
387 5508
387 5523
387 5533
387 5567
387 5611
387 5622
387 5634
387 5667
387 5704
387 5759
387 5760
387 5770
387 5783
387 5788
387 5793
387 5833
387 5917
387 5919
387 6004
387 6093
387 6100
387 6133
387 6142
387 6187
387 6209
387 6214
387 6272
387 6289
387 6304
387 6306
387 6488
387 6502
387 6620
387 6676
387 6685
387 6688
387 6705
387 6795
387 6887
387 6953
387 7199
387 7291
387 7353
387 7428
387 7673
387 7683
387 7776
387 7881
387 7938
387 8080
387 8258
387 8370
387 8419
387 8478
387 8571
387 8631
387 8679
387 8807
387 8809
387 8830
387 8890
387 8909
387 8973
387 9020
387 9045
387 9150
387 9189
387 9228
387 9359
387 9464
387 9481
387 9527
387 9562
387 9811
387 9819
387 9823
387 9825
387 9826
387 9829
387 9830
387 9831
387 9833
387 9842
387 9846
387 9847
387 9849
387 9850
387 9855
387 9857
387 9859
387 9861
387 9863
387 9874
387 9875
387 9876
387 9877
387 9878
387 9881
387 9882
387 9890
387 9961
387 10065
387 10086
387 10093
387 10211
387 10448
387 10490
387 10527
387 10632
387 10679
387 10766
387 10916
387 11004
387 11034
387 11046
387 11070
387 11082
387 11217
387 11299
387 11494
387 11530
387 11783
387 11904
387 11918
387 11919
387 12140
387 12248
387 12332
387 12396
387 12443
387 12445
387 12482
387 12496
387 12500
387 12505
387 12516
387 12517
387 12666
387 12797
387 12851
387 12966
387 13019
387 13028
387 13087
387 13224
387 13304
387 13338
387 13352
387 13386
387 13441
387 13455
387 13498
387 13504
387 13550
387 13569
387 13596
387 13951
387 14039
387 14116
387 14314
387 14347
387 14424
387 14456
387 14459
387 14461
387 14462
387 14463
387 14464
387 14465
387 14466
387 14467
387 14468
387 14470
387 14472
387 14477
387 14479
387 14481
699 144
699 147
699 231
699 373
699 402
699 410
699 452
699 468
699 521
699 815
699 837
699 849
699 874
699 971
699 1087
699 1134
699 1218
699 1398
699 1421
699 1425
699 1436
699 1551
699 1558
699 1604
699 1669
699 1673
699 1678
699 1689
699 1693
699 1711
699 1725
699 1763
699 1764
699 1797
699 1799
699 1810
699 1812
699 1813
699 1815
699 1816
699 1833
699 1839
699 1918
699 1930
699 1968
699 2120
699 2160
699 2167
699 2176
699 2211
699 2254
699 2263
699 2274
699 2286
699 2295
699 2306
699 2360
699 2394
699 2395
699 2397
699 2473
699 2489
699 2553
699 2559
699 2612
699 2634
699 2806
699 2818
699 2857
699 2858
699 2909
699 3008
699 3017
699 3020
699 3021
699 3042
699 3103
699 3195
699 3233
699 3238
699 3266
699 3293
699 3316
699 3323
699 3384
699 3499
699 3547
699 3751
699 3798
699 3832
699 3835
699 3836
699 3876
699 3936
699 3989
699 4079
699 4081
699 4201
699 4213
699 4253
699 4341
699 4344
699 4401
699 4433
699 4518
699 4537
699 4540
699 4546
699 4590
699 4638
699 4648
699 4666
699 4699
699 5061
699 5078
699 5117
699 5158
699 5195
699 5204
699 5297
699 5414
699 5512
699 5567
699 5611
699 5667
699 5707
699 5725
699 5760
699 5785
699 6289
699 6433
699 6450
699 6502
699 6633
699 6705
699 7199
699 7261
699 7270
699 7291
699 7428
699 7683
699 7712
699 7857
699 7881
699 7938
699 8154
699 8370
699 8631
699 8679
699 8809
699 8890
699 8909
699 8973
699 9150
699 9187
699 9228
699 9359
699 9464
699 9481
699 9527
699 9562
699 9811
699 9819
699 9823
699 9825
699 9826
699 9827
699 9842
699 9847
699 9850
699 9857
699 9861
699 9863
699 9874
699 9876
699 9878
699 9881
699 10086
699 10101
699 10169
699 10211
699 10312
699 10448
699 10490
699 10527
699 11004
699 11034
699 11070
699 11082
699 11494
699 11904
699 11927
699 12248
699 12332
699 12394
699 12396
699 12496
699 12500
699 12516
699 12517
699 12797
699 12866
699 12966
699 13028
699 13087
699 13089
699 13224
699 13298
699 13338
699 13352
699 13357
699 13386
699 13471
699 13504
699 14039
699 14314
699 14347
699 14464
699 14465
699 14466
699 14469
699 14479
1096 38
1096 55
1096 127
1096 134
1096 144
1096 147
1096 231
1096 402
1096 435
1096 468
1096 478
1096 521
1096 558
1096 560
1096 681
1096 715
1096 768
1096 793
1096 815
1096 837
1096 849
1096 859
1096 860
1096 869
1096 876
1096 877
1096 893
1096 1042
1096 1045
1096 1081
1096 1087
1096 1134
1096 1152
1096 1201
1096 1213
1096 1218
1096 1231
1096 1236
1096 1237
1096 1243
1096 1249
1096 1317
1096 1398
1096 1425
1096 1436
1096 1507
1096 1646
1096 1669
1096 1678
1096 1687
1096 1693
1096 1725
1096 1762
1096 1763
1096 1764
1096 1796
1096 1797
1096 1798
1096 1799
1096 1800
1096 1810
1096 1811
1096 1812
1096 1813
1096 1814
1096 1815
1096 1816
1096 1839
1096 1860
1096 1918
1096 1930
1096 1989
1096 2075
1096 2116
1096 2120
1096 2132
1096 2147
1096 2154
1096 2160
1096 2167
1096 2218
1096 2242
1096 2254
1096 2263
1096 2274
1096 2286
1096 2299
1096 2306
1096 2316
1096 2318
1096 2336
1096 2338
1096 2343
1096 2360
1096 2394
1096 2395
1096 2415
1096 2421
1096 2422
1096 2455
1096 2473
1096 2489
1096 2553
1096 2569
1096 2627
1096 2644
1096 2676
1096 2713
1096 2806
1096 2818
1096 2857
1096 2858
1096 2909
1096 3002
1096 3008
1096 3020
1096 3021
1096 3038
1096 3075
1096 3082
1096 3226
1096 3233
1096 3234
1096 3238
1096 3293
1096 3311
1096 3316
1096 3332
1096 3384
1096 3385
1096 3395
1096 3446
1096 3547
1096 3561
1096 3655
1096 3695
1096 3751
1096 3790
1096 3832
1096 3835
1096 3836
1096 3855
1096 3878
1096 4099
1096 4116
1096 4137
1096 4145
1096 4159
1096 4175
1096 4178
1096 4201
1096 4206
1096 4213
1096 4231
1096 4253
1096 4261
1096 4268
1096 4291
1096 4330
1096 4338
1096 4344
1096 4346
1096 4362
1096 4405
1096 4407
1096 4420
1096 4430
1096 4472
1096 4481
1096 4501
1096 4517
1096 4544
1096 4590
1096 4603
1096 4638
1096 4648
1096 4666
1096 4693
1096 4741
1096 4745
1096 4809
1096 4823
1096 4902
1096 4907
1096 4973
1096 4988
1096 5038
1096 5061
1096 5078
1096 5117
1096 5195
1096 5204
1096 5297
1096 5342
1096 5361
1096 5375
1096 5399
1096 5411
1096 5413
1096 5414
1096 5423
1096 5431
1096 5480
1096 5533
1096 5611
1096 5622
1096 5704
1096 5707
1096 5785
1096 6004
1096 6087
1096 6187
1096 6209
1096 6272
1096 6289
1096 6306
1096 6433
1096 6446
1096 6620
1096 6633
1096 6705
1096 6742
1096 6795
1096 7199
1096 7261
1096 7270
1096 7428
1096 7470
1096 7618
1096 7683
1096 7712
1096 7881
1096 7938
1096 8080
1096 8235
1096 8310
1096 8370
1096 8419
1096 8631
1096 8679
1096 8809
1096 8890
1096 8909
1096 8973
1096 9150
1096 9464
1096 9481
1096 9562
1096 9811
1096 9819
1096 9823
1096 9825
1096 9826
1096 9829
1096 9830
1096 9842
1096 9846
1096 9847
1096 9849
1096 9850
1096 9855
1096 9857
1096 9861
1096 9874
1096 9876
1096 9878
1096 9881
1096 9882
1096 9886
1096 9961
1096 10065
1096 10086
1096 10211
1096 10448
1096 10527
1096 10679
1096 10766
1096 11004
1096 11034
1096 11046
1096 11070
1096 11082
1096 11217
1096 11299
1096 11494
1096 11783
1096 11904
1096 11918
1096 11927
1096 12140
1096 12394
1096 12396
1096 12443
1096 12482
1096 12496
1096 12500
1096 12516
1096 12518
1096 12797
1096 12866
1096 12966
1096 13028
1096 13087
1096 13224
1096 13304
1096 13338
1096 13352
1096 13386
1096 13441
1096 13455
1096 13471
1096 13946
1096 13951
1096 14039
1096 14116
1096 14314
1096 14347
1096 14456
1096 14463
1096 14464
1096 14465
1096 14468
1096 14470
1096 14473
1594 335
1594 2147
1594 4213
1594 7673
1594 8722
1594 10169
1928 144
1928 815
1928 1152
1928 1201
1928 1404
1928 2675
1928 5399
1928 5760
1928 7881
1928 12496
1928 13596
2444 38
2444 55
2444 144
2444 147
2444 227
2444 402
2444 410
2444 681
2444 815
2444 1152
2444 1171
2444 1201
2444 1203
2444 1236
2444 1377
2444 1449
2444 1693
2444 1844
2444 2116
2444 2129
2444 2167
2444 2254
2444 2295
2444 2336
2444 2644
2444 2818
2444 2901
2444 3034
2444 3136
2444 3234
2444 3464
2444 4110
2444 4208
2444 4344
2444 4420
2444 4910
2444 5137
2444 5204
2444 5399
2444 5667
2444 6289
2444 7241
2444 7857
2444 7881
2444 7938
2444 8235
2444 8258
2444 8500
2444 8752
2444 8809
2444 9150
2444 9811
2444 9825
2444 9831
2444 9847
2444 9850
2444 9874
2444 9878
2444 9980
2444 10086
2444 10212
2444 10448
2444 10679
2444 12496
2444 12500
2444 12866
2444 13441
2444 13946
2444 14039
2444 14464
3083 373
3083 893
3083 1421
3083 1816
3083 2336
3083 2612
3083 2675
3083 2713
3083 2896
3083 3034
3083 5413
3083 5508
3083 5770
3083 6887
3083 6891
3083 9819
3083 9826
3083 9850
3083 10679
3083 13298
3083 13564
3313 147
3313 478
3313 479
3313 1398
3313 1669
3313 1763
3313 1810
3313 1930
3313 2004
3313 2132
3313 2149
3313 2286
3313 2338
3313 2627
3313 2713
3313 2858
3313 3002
3313 3234
3313 3238
3313 3547
3313 3561
3313 3798
3313 3936
3313 4116
3313 4175
3313 4231
3313 4261
3313 4291
3313 4344
3313 4603
3313 4902
3313 5204
3313 5414
3313 5539
3313 5770
3313 6433
3313 6705
3313 6961
3313 7270
3313 7428
3313 7881
3313 8258
3313 8370
3313 8809
3313 9562
3313 9811
3313 9819
3313 9855
3313 9857
3313 10766
3313 11004
3313 11082
3313 13338
3313 13504
3766 373
3766 560
3766 681
3766 815
3766 1218
3766 1231
3766 1678
3766 1689
3766 1764
3766 1797
3766 1799
3766 1812
3766 2167
3766 2254
3766 2274
3766 2316
3766 2473
3766 2536
3766 2627
3766 2675
3766 2713
3766 2806
3766 2818
3766 2896
3766 3020
3766 3034
3766 3103
3766 3213
3766 3547
3766 3743
3766 3936
3766 4208
3766 4253
3766 4420
3766 4590
3766 4729
3766 5117
3766 6284
3766 6289
3766 7316
3766 7457
3766 7938
3766 8289
3766 8310
3766 8809
3766 9150
3766 9811
3766 9819
3766 9823
3766 9842
3766 9845
3766 9849
3766 9855
3766 9874
3766 9876
3766 9881
3766 9980
3766 10086
3766 10211
3766 10396
3766 10448
3766 10527
3766 11070
3766 11082
3766 11883
3766 11904
3766 12332
3766 12396
3766 12496
3766 12516
3766 12762
3766 12966
3766 13494
3766 14039
3766 14464
3886 558
3886 815
3886 837
3886 874
3886 1042
3886 1764
3886 1798
3886 1810
3886 1994
3886 2818
3886 2983
3886 3238
3886 3282
3886 3339
3886 3561
3886 3798
3886 4261
3886 4291
3886 4524
3886 4642
3886 5038
3886 5410
3886 5508
3886 5704
3886 5917
3886 6289
3886 6433
3886 6795
3886 7093
3886 7258
3886 8370
3886 8809
3886 9481
3886 9811
3886 9819
3886 10086
3886 10093
3886 10448
3886 10916
3886 11034
3886 11070
3886 11494
3886 12516
3886 12797
3886 13357
3886 13504
4022 227
4022 231
4022 236
4022 355
4022 373
4022 402
4022 468
4022 521
4022 681
4022 815
4022 837
4022 849
4022 893
4022 971
4022 1045
4022 1081
4022 1087
4022 1194
4022 1203
4022 1213
4022 1218
4022 1231
4022 1236
4022 1238
4022 1305
4022 1377
4022 1404
4022 1421
4022 1425
4022 1436
4022 1449
4022 1536
4022 1558
4022 1604
4022 1678
4022 1687
4022 1689
4022 1693
4022 1711
4022 1725
4022 1763
4022 1764
4022 1798
4022 1799
4022 1810
4022 1811
4022 1812
4022 1813
4022 1815
4022 1816
4022 1844
4022 1860
4022 1930
4022 1968
4022 1989
4022 2075
4022 2120
4022 2132
4022 2160
4022 2167
4022 2207
4022 2233
4022 2254
4022 2263
4022 2274
4022 2286
4022 2295
4022 2306
4022 2316
4022 2336
4022 2343
4022 2360
4022 2364
4022 2473
4022 2536
4022 2544
4022 2559
4022 2612
4022 2675
4022 2713
4022 2806
4022 2818
4022 3017
4022 3020
4022 3034
4022 3038
4022 3041
4022 3103
4022 3169
4022 3195
4022 3213
4022 3236
4022 3384
4022 3385
4022 3395
4022 3540
4022 3547
4022 3687
4022 3743
4022 3790
4022 4000
4022 4079
4022 4116
4022 4175
4022 4201
4022 4208
4022 4230
4022 4231
4022 4261
4022 4268
4022 4401
4022 4405
4022 4420
4022 4457
4022 4480
4022 4517
4022 4540
4022 4564
4022 4666
4022 4693
4022 4725
4022 4729
4022 4741
4022 5061
4022 5117
4022 5195
4022 5297
4022 5342
4022 5414
4022 5508
4022 5567
4022 5634
4022 5667
4022 5785
4022 5833
4022 6087
4022 6289
4022 6446
4022 6450
4022 6590
4022 6633
4022 6887
4022 7241
4022 7297
4022 7316
4022 7428
4022 7457
4022 7470
4022 7683
4022 7938
4022 8039
4022 8370
4022 8571
4022 8631
4022 8679
4022 8809
4022 8973
4022 9150
4022 9187
4022 9481
4022 9562
4022 9811
4022 9819
4022 9823
4022 9825
4022 9826
4022 9827
4022 9829
4022 9830
4022 9842
4022 9845
4022 9846
4022 9847
4022 9849
4022 9855
4022 9857
4022 9874
4022 9876
4022 9878
4022 9881
4022 9980
4022 10086
4022 10093
4022 10211
4022 10312
4022 10396
4022 10448
4022 10527
4022 10679
4022 10791
4022 11004
4022 11070
4022 11082
4022 11217
4022 11494
4022 11783
4022 11883
4022 11904
4022 11918
4022 11927
4022 12332
4022 12396
4022 12496
4022 12516
4022 12517
4022 12518
4022 12762
4022 12866
4022 12966
4022 13028
4022 13029
4022 13087
4022 13089
4022 13304
4022 13352
4022 13441
4022 13455
4022 13471
4022 13494
4022 13564
4022 13596
4022 13946
4022 14039
4022 14058
4022 14314
4022 14459
4022 14462
4022 14463
4022 14466
4022 14470
4022 14477
4169 227
4169 410
4169 1171
4169 1440
4169 1558
4169 2167
4169 2254
4169 3017
4169 3655
4169 3855
4169 4086
4169 4110
4169 4642
4169 6289
4169 7241
4169 7411
4169 8500
4169 9811
4169 9823
4169 9825
4169 9850
4169 9881
4169 10086
4169 11070
4169 12396
4169 12496
4169 12866
4169 13471
4169 14039
4368 55
4368 134
4368 147
4368 169
4368 192
4368 227
4368 231
4368 323
4368 335
4368 373
4368 402
4368 468
4368 478
4368 479
4368 521
4368 552
4368 560
4368 681
4368 715
4368 793
4368 815
4368 837
4368 849
4368 859
4368 876
4368 893
4368 971
4368 1045
4368 1081
4368 1086
4368 1152
4368 1154
4368 1156
4368 1184
4368 1213
4368 1218
4368 1231
4368 1236
4368 1287
4368 1317
4368 1332
4368 1361
4368 1377
4368 1398
4368 1399
4368 1404
4368 1421
4368 1425
4368 1436
4368 1507
4368 1559
4368 1646
4368 1669
4368 1678
4368 1687
4368 1689
4368 1693
4368 1711
4368 1725
4368 1761
4368 1762
4368 1763
4368 1764
4368 1797
4368 1798
4368 1799
4368 1800
4368 1810
4368 1811
4368 1812
4368 1813
4368 1814
4368 1815
4368 1816
4368 1821
4368 1833
4368 1860
4368 1918
4368 1930
4368 1968
4368 1989
4368 2075
4368 2116
4368 2120
4368 2132
4368 2149
4368 2154
4368 2161
4368 2167
4368 2211
4368 2218
4368 2254
4368 2263
4368 2274
4368 2286
4368 2299
4368 2306
4368 2310
4368 2316
4368 2318
4368 2336
4368 2343
4368 2360
4368 2364
4368 2394
4368 2395
4368 2415
4368 2442
4368 2473
4368 2491
4368 2535
4368 2544
4368 2553
4368 2559
4368 2603
4368 2612
4368 2634
4368 2668
4368 2675
4368 2676
4368 2687
4368 2713
4368 2806
4368 2818
4368 2840
4368 2857
4368 2858
4368 2909
4368 3008
4368 3013
4368 3020
4368 3038
4368 3075
4368 3082
4368 3103
4368 3233
4368 3234
4368 3238
4368 3266
4368 3282
4368 3292
4368 3293
4368 3311
4368 3314
4368 3316
4368 3329
4368 3332
4368 3384
4368 3385
4368 3395
4368 3499
4368 3547
4368 3561
4368 3687
4368 3751
4368 3790
4368 3798
4368 3832
4368 3835
4368 3836
4368 3876
4368 3936
4368 3954
4368 4096
4368 4099
4368 4109
4368 4116
4368 4144
4368 4145
4368 4159
4368 4201
4368 4206
4368 4208
4368 4213
4368 4230
4368 4231
4368 4261
4368 4268
4368 4284
4368 4291
4368 4338
4368 4341
4368 4344
4368 4362
4368 4370
4368 4420
4368 4430
4368 4472
4368 4480
4368 4518
4368 4524
4368 4546
4368 4563
4368 4590
4368 4629
4368 4642
4368 4648
4368 4666
4368 4690
4368 4693
4368 4745
4368 4765
4368 4776
4368 4809
4368 4973
4368 4984
4368 4988
4368 5012
4368 5043
4368 5061
4368 5116
4368 5117
4368 5137
4368 5195
4368 5204
4368 5297
4368 5342
4368 5361
4368 5375
4368 5399
4368 5411
4368 5412
4368 5413
4368 5414
4368 5423
4368 5508
4368 5622
4368 5634
4368 5704
4368 5760
4368 5770
4368 5783
4368 5785
4368 5833
4368 6087
4368 6093
4368 6142
4368 6209
4368 6214
4368 6272
4368 6289
4368 6304
4368 6306
4368 6433
4368 6620
4368 6633
4368 6688
4368 6705
4368 6795
4368 6953
4368 6961
4368 7199
4368 7291
4368 7353
4368 7428
4368 7457
4368 7470
4368 7683
4368 7776
4368 7881
4368 7938
4368 7996
4368 8039
4368 8258
4368 8289
4368 8310
4368 8370
4368 8419
4368 8478
4368 8631
4368 8632
4368 8675
4368 8679
4368 8809
4368 8890
4368 8909
4368 8973
4368 9020
4368 9150
4368 9187
4368 9359
4368 9464
4368 9481
4368 9562
4368 9811
4368 9819
4368 9823
4368 9825
4368 9826
4368 9842
4368 9846
4368 9847
4368 9849
4368 9850
4368 9855
4368 9857
4368 9859
4368 9861
4368 9874
4368 9875
4368 9876
4368 9877
4368 9878
4368 9881
4368 9886
4368 9890
4368 9961
4368 9980
4368 10065
4368 10086
4368 10093
4368 10211
4368 10448
4368 10527
4368 10679
4368 10766
4368 11004
4368 11046
4368 11070
4368 11082
4368 11217
4368 11299
4368 11494
4368 11783
4368 11904
4368 11918
4368 11919
4368 11927
4368 12140
4368 12332
4368 12394
4368 12396
4368 12443
4368 12496
4368 12500
4368 12516
4368 12518
4368 12762
4368 12797
4368 12866
4368 12966
4368 13019
4368 13028
4368 13029
4368 13087
4368 13089
4368 13165
4368 13221
4368 13224
4368 13304
4368 13338
4368 13352
4368 13357
4368 13386
4368 13441
4368 13455
4368 13504
4368 13569
4368 13596
4368 13918
4368 13946
4368 14039
4368 14116
4368 14314
4368 14424
4623 373
4623 1213
4623 1231
4623 1236
4623 1377
4623 1398
4623 1693
4623 2214
4623 2274
4623 2310
4623 2360
4623 2806
4623 3332
4623 4145
4623 4208
4623 4420
4623 4481
4623 5414
4623 5759
4623 5917
4623 7881
4623 7938
4623 8679
4623 9823
4623 9850
4623 10086
4623 12496
4646 38
4646 55
4646 410
4646 560
4646 1152
4646 1361
4646 1377
4646 1404
4646 1449
4646 1693
4646 1798
4646 1821
4646 2129
4646 2132
4646 2167
4646 2254
4646 2687
4646 2818
4646 3136
4646 3233
4646 3269
4646 3464
4646 3798
4646 4000
4646 4110
4646 4344
4646 4910
4646 4970
4646 5204
4646 5414
4646 5759
4646 5760
4646 7411
4646 7824
4646 7938
4646 8235
4646 8370
4646 8500
4646 8890
4646 9811
4646 9823
4646 9825
4646 9881
4646 9890
4646 10448
4646 10520
4646 11268
4646 12500
4646 12866
4646 12966
4646 13471
4646 14471
5924 55
5924 147
5924 169
5924 231
5924 349
5924 468
5924 479
5924 521
5924 560
5924 793
5924 837
5924 877
5924 1152
5924 1213
5924 1218
5924 1231
5924 1317
5924 1377
5924 1404
5924 1421
5924 1425
5924 1436
5924 1604
5924 1669
5924 1678
5924 1689
5924 1711
5924 1725
5924 1762
5924 1764
5924 1811
5924 1812
5924 1813
5924 1815
5924 1930
5924 1989
5924 2004
5924 2105
5924 2120
5924 2132
5924 2154
5924 2167
5924 2286
5924 2299
5924 2336
5924 2343
5924 2360
5924 2415
5924 2473
5924 2544
5924 2612
5924 2634
5924 2675
5924 2687
5924 2806
5924 2818
5924 2840
5924 2858
5924 2896
5924 3017
5924 3020
5924 3082
5924 3136
5924 3234
5924 3238
5924 3266
5924 3273
5924 3293
5924 3311
5924 3323
5924 3384
5924 3540
5924 3547
5924 3695
5924 3743
5924 3798
5924 3832
5924 3835
5924 3936
5924 4000
5924 4079
5924 4116
5924 4144
5924 4175
5924 4201
5924 4231
5924 4341
5924 4344
5924 4370
5924 4537
5924 4590
5924 4666
5924 4693
5924 4699
5924 4741
5924 4765
5924 5012
5924 5043
5924 5061
5924 5116
5924 5117
5924 5195
5924 5296
5924 5297
5924 5316
5924 5342
5924 5399
5924 5410
5924 5414
5924 5423
5924 5508
5924 5539
5924 5634
5924 5770
5924 5783
5924 5785
5924 5833
5924 6087
5924 6289
5924 6433
5924 6488
5924 6620
5924 6633
5924 7199
5924 7291
5924 7428
5924 7457
5924 7683
5924 8039
5924 8235
5924 8370
5924 8631
5924 8632
5924 8679
5924 8809
5924 8890
5924 8973
5924 9150
5924 9359
5924 9481
5924 9562
5924 9811
5924 9819
5924 9823
5924 9825
5924 9826
5924 9842
5924 9845
5924 9846
5924 9847
5924 9849
5924 9850
5924 9855
5924 9857
5924 9861
5924 9874
5924 9876
5924 9881
5924 9882
5924 9890
5924 9980
5924 10086
5924 10211
5924 10448
5924 10527
5924 10632
5924 10766
5924 11004
5924 11046
5924 11070
5924 11082
5924 11217
5924 11494
5924 11783
5924 11883
5924 11904
5924 11918
5924 11927
5924 12332
5924 12396
5924 12496
5924 12516
5924 12518
5924 12762
5924 12797
5924 12866
5924 12966
5924 13028
5924 13029
5924 13089
5924 13224
5924 13304
5924 13338
5924 13386
5924 13441
5924 13455
5924 13471
5924 13564
5924 13596
5924 13918
5924 14039
5924 14347
5924 14468
5924 14473
6382 231
6382 478
6382 558
6382 560
6382 815
6382 1218
6382 1673
6382 1687
6382 1763
6382 1815
6382 1930
6382 2233
6382 2263
6382 2415
6382 2473
6382 2676
6382 2806
6382 2818
6382 2983
6382 3234
6382 3285
6382 3364
6382 4175
6382 4261
6382 4617
6382 4618
6382 4642
6382 5038
6382 5296
6382 5297
6382 5414
6382 5601
6382 5917
6382 7093
6382 7258
6382 8679
6382 8809
6382 9481
6382 9811
6382 9819
6382 9849
6382 9876
6382 10086
6382 10169
6382 10211
6382 10448
6382 10527
6382 10916
6382 11070
6382 11082
6382 11494
6382 12332
6382 12396
6382 12966
6382 13304
6382 13338
6382 13352
6382 13357
7861 147
7861 280
7861 521
7861 560
7861 815
7861 837
7861 877
7861 1201
7861 1218
7861 1377
7861 1421
7861 1436
7861 1669
7861 1764
7861 1799
7861 1815
7861 1821
7861 1930
7861 1968
7861 2160
7861 2207
7861 2295
7861 2336
7861 2364
7861 2559
7861 2607
7861 2687
7861 2806
7861 2818
7861 3038
7861 3233
7861 3395
7861 3547
7861 3790
7861 4175
7861 4213
7861 4230
7861 4268
7861 4420
7861 4666
7861 5061
7861 5414
7861 5512
7861 5741
7861 6289
7861 6620
7861 6633
7861 7199
7861 7457
7861 7683
7861 7881
7861 8206
7861 8235
7861 8632
7861 8675
7861 8679
7861 8809
7861 9150
7861 9811
7861 9823
7861 9825
7861 9826
7861 9849
7861 9857
7861 9874
7861 9876
7861 9881
7861 9890
7861 10086
7861 10211
7861 10448
7861 10527
7861 10679
7861 11034
7861 11070
7861 11082
7861 11494
7861 11883
7861 11904
7861 11927
7861 12396
7861 12496
7861 12516
7861 12517
7861 12797
7861 12866
7861 12966
7861 13165
7861 13304
7861 13471
7861 14016
7861 14459
7861 14462
7861 14468
7861 14480
9371 1236
9371 2818
9371 3743
9371 4540
9371 9825
9371 9826
9371 9830
9371 9850
9371 9876
9371 10086
9371 10093
9371 11217
9371 11494
9371 13918
9371 14462
9371 14470
9779 55
9779 147
9779 468
9779 479
9779 521
9779 560
9779 681
9779 837
9779 869
9779 876
9779 893
9779 1144
9779 1201
9779 1213
9779 1404
9779 1514
9779 1670
9779 1678
9779 1689
9779 1711
9779 1762
9779 1763
9779 1764
9779 1800
9779 1810
9779 1811
9779 1812
9779 1815
9779 1816
9779 1833
9779 2149
9779 2161
9779 2167
9779 2207
9779 2211
9779 2274
9779 2343
9779 2394
9779 2415
9779 2544
9779 2603
9779 2675
9779 2806
9779 2818
9779 2857
9779 2858
9779 2909
9779 3002
9779 3038
9779 3082
9779 3103
9779 3136
9779 3238
9779 3266
9779 3282
9779 3293
9779 3547
9779 3561
9779 3687
9779 3695
9779 3790
9779 3798
9779 3832
9779 3936
9779 4079
9779 4099
9779 4109
9779 4116
9779 4208
9779 4213
9779 4231
9779 4261
9779 4341
9779 4344
9779 4404
9779 4433
9779 4524
9779 4540
9779 4546
9779 4603
9779 4642
9779 4648
9779 4666
9779 4699
9779 4765
9779 5117
9779 5195
9779 5342
9779 5362
9779 5375
9779 5413
9779 5414
9779 5725
9779 5760
9779 5785
9779 6209
9779 6289
9779 6306
9779 6433
9779 7270
9779 7618
9779 7683
9779 7776
9779 7881
9779 8258
9779 8370
9779 8631
9779 8809
9779 8890
9779 9150
9779 9359
9779 9481
9779 9811
9779 9825
9779 9826
9779 9842
9779 9857
9779 9859
9779 9874
9779 9876
9779 9881
9779 9882
9779 10086
9779 10093
9779 10211
9779 10312
9779 10448
9779 10766
9779 11004
9779 11034
9779 11070
9779 11082
9779 11217
9779 11494
9779 11904
9779 11927
9779 12140
9779 12332
9779 12396
9779 12482
9779 12516
9779 12666
9779 12966
9779 13029
9779 13298
9779 13304
9779 13338
9779 13386
9779 13504
9779 14314
10917 280
10917 452
10917 681
10917 793
10917 860
10917 971
10917 1218
10917 1968
10917 2211
10917 2343
10917 2473
10917 2544
10917 2627
10917 2713
10917 2818
10917 3233
10917 3234
10917 3409
10917 4420
10917 5414
10917 5444
10917 5704
10917 6289
10917 7881
10917 7938
10917 8235
10917 8679
10917 9150
10917 9823
10917 9826
10917 9830
10917 9842
10917 9877
10917 9881
10917 9890
10917 10086
10917 10448
10917 10527
10917 10679
10917 11494
10917 11530
10917 12140
10917 12505
10917 12762
10917 12866
10917 13386
10917 14039
10917 14456
10917 14467
10917 14470
10917 14477
10930 55
10930 144
10930 147
10930 231
10930 236
10930 280
10930 323
10930 468
10930 479
10930 521
10930 681
10930 837
10930 859
10930 877
10930 1134
10930 1144
10930 1171
10930 1194
10930 1213
10930 1218
10930 1231
10930 1249
10930 1305
10930 1436
10930 1449
10930 1537
10930 1646
10930 1669
10930 1678
10930 1689
10930 1693
10930 1763
10930 1764
10930 1798
10930 1799
10930 1810
10930 1812
10930 1815
10930 1839
10930 1844
10930 1860
10930 1861
10930 1968
10930 1989
10930 2016
10930 2075
10930 2120
10930 2167
10930 2176
10930 2207
10930 2211
10930 2254
10930 2274
10930 2299
10930 2336
10930 2364
10930 2536
10930 2544
10930 2627
10930 2806
10930 2818
10930 2840
10930 2909
10930 3020
10930 3034
10930 3234
10930 3238
10930 3332
10930 3385
10930 3395
10930 3499
10930 3547
10930 3695
10930 3790
10930 3798
10930 3835
10930 4116
10930 4119
10930 4341
10930 4433
10930 4537
10930 4540
10930 4617
10930 4648
10930 4666
10930 5012
10930 5078
10930 5296
10930 5375
10930 5399
10930 5414
10930 5508
10930 5634
10930 5667
10930 5760
10930 5770
10930 5917
10930 6289
10930 6488
10930 6590
10930 7683
10930 7712
10930 7881
10930 7938
10930 8235
10930 8370
10930 8419
10930 8571
10930 8679
10930 8809
10930 8830
10930 8973
10930 9020
10930 9150
10930 9228
10930 9359
10930 9481
10930 9811
10930 9823
10930 9825
10930 9826
10930 9829
10930 9830
10930 9831
10930 9842
10930 9849
10930 9850
10930 9857
10930 9861
10930 9862
10930 9874
10930 9878
10930 9881
10930 10065
10930 10086
10930 10093
10930 10211
10930 10448
10930 10527
10930 11004
10930 11034
10930 11070
10930 11082
10930 11530
10930 11783
10930 11883
10930 11904
10930 11918
10930 12140
10930 12332
10930 12396
10930 12496
10930 12516
10930 12666
10930 12762
10930 12966
10930 13019
10930 13165
10930 13224
10930 13304
10930 13338
10930 13352
10930 13441
10930 13455
10930 13504
10930 13569
10930 14116
10930 14314
10930 14456
10930 14462
10930 14464
10930 14465
10930 14468
10930 14478
10982 10614
12324 4344
