14541 14541 495
50 1497
50 5494
60 14103
66 3562
67 11809
68 13540
74 1025
74 7608
141 3354
315 788
315 2083
315 5047
315 6460
315 7285
315 8095
315 8874
315 8914
315 9300
315 9428
315 9525
315 9798
315 10297
315 11490
315 14086
545 13149
759 4877
759 10592
788 315
788 2083
788 4703
788 5792
788 6460
788 7285
788 8095
788 8874
788 8914
788 9300
788 9428
788 9525
788 9798
788 10297
788 11490
788 14086
829 3796
880 12372
1025 74
1147 6922
1147 6925
1147 7010
1147 11649
1197 3105
1293 6570
1411 13987
1497 50
1497 5494
1715 11029
1823 13149
1832 5631
2083 315
2083 788
2083 5047
2083 5792
2083 6460
2083 7285
2083 8095
2083 8874
2083 8914
2083 9428
2083 9525
2083 9798
2083 10297
2083 11490
2083 14086
2330 4497
2374 7172
2498 3541
2498 3675
2534 2673
2534 6350
2673 2534
2673 6350
3105 1197
3354 141
3424 1147
3424 6922
3424 6925
3424 7010
3424 11649
3541 2498
3628 7726
3628 8475
3628 11100
3628 13317
3639 11427
3639 12961
3675 2498
3796 829
3816 4819
3870 3869
4129 4192
4192 4129
4703 315
4703 788
4703 2083
4703 5047
4703 5792
4703 6460
4703 7285
4703 8874
4703 8914
4703 9300
4703 9428
4703 9525
4703 9798
4703 11490
4703 14086
4819 3816
4821 5995
4827 12290
4828 7915
4828 8885
4828 10467
4829 11778
4877 10592
4963 10259
5047 315
5047 2083
5047 4703
5047 5792
5047 6460
5047 7285
5047 8095
5047 8874
5047 8914
5047 9428
5047 9798
5047 10297
5047 14086
5172 12454
5248 10673
5309 14082
5494 50
5494 1497
5631 1832
5792 315
5792 788
5792 2083
5792 5047
5792 6460
5792 7285
5792 8095
5792 8874
5792 9300
5792 9428
5792 9798
5792 10297
5792 11490
5792 14086
5995 4821
6080 6711
6206 7459
6350 2534
6350 2673
6412 3420
6460 315
6460 788
6460 2083
6460 4703
6460 5047
6460 5792
6460 8095
6460 8874
6460 8914
6460 9300
6460 9428
6460 9798
6460 10297
6460 11490
6460 14086
6518 11146
6518 11829
6561 10286
6570 1293
6600 7141
6711 6080
6922 1147
6922 3424
6922 6925
6925 1147
6925 3424
6925 6922
6925 11649
7010 1147
7010 3424
7010 6925
7010 11649
7141 6600
7172 2374
7285 315
7285 788
7285 2083
7285 5047
7285 5792
7285 6460
7285 8095
7285 8874
7285 8914
7285 9300
7285 9428
7285 9525
7285 9798
7285 10297
7285 11490
7285 14086
7459 6206
7465 10869
7533 10425
7608 74
7726 8475
7726 9611
7726 11100
7726 13317
7915 4828
7915 8885
7915 10467
8095 315
8095 2083
8095 4703
8095 5047
8095 5792
8095 6460
8095 7285
8095 8874
8095 8914
8095 9300
8095 9428
8095 9525
8095 10297
8095 11490
8475 3628
8475 9611
8475 11100
8482 9444
8491 9444
8748 12369
8874 315
8874 788
8874 2083
8874 4703
8874 5047
8874 6460
8874 7285
8874 8095
8874 8914
8874 9300
8874 9428
8874 9525
8874 9798
8874 10297
8874 11490
8874 14086
8885 4828
8885 7915
8885 8403
8885 10467
8886 10221
8914 315
8914 2083
8914 4703
8914 5047
8914 5792
8914 6460
8914 7285
8914 8095
8914 8874
8914 9300
8914 9428
8914 9525
8914 11490
9162 11281
9213 11827
9300 788
9300 2083
9300 4703
9300 5047
9300 5792
9300 6460
9300 7285
9300 8874
9300 8914
9300 9428
9300 9525
9300 9798
9300 10297
9300 11490
9300 14086
9379 10911
9428 315
9428 2083
9428 4703
9428 6460
9428 7285
9428 8095
9428 8914
9428 9300
9428 9525
9428 11490
9428 14086
9444 8482
9525 315
9525 788
9525 2083
9525 4703
9525 5047
9525 5792
9525 6460
9525 7285
9525 8095
9525 8874
9525 9300
9525 9428
9525 9798
9525 10297
9525 11490
9525 14086
9563 12639
9603 13113
9603 14443
9611 3628
9611 7726
9611 8475
9611 11100
9611 13317
9798 315
9798 2083
9798 5047
9798 5792
9798 7285
9798 8095
9798 8914
9798 9428
9798 9525
9798 10297
9798 11490
9828 14103
10259 4963
10297 315
10297 2083
10297 4703
10297 5792
10297 6460
10297 8095
10297 8874
10297 8914
10297 9300
10297 9428
10297 9525
10297 14086
10425 7533
10467 4828
10467 7915
10467 8885
10592 759
10592 4073
10592 4877
10673 5248
10726 3576
10869 7465
10877 13195
11029 1715
11079 11438
11100 3628
11100 7726
11100 8475
11100 13317
11146 6518
11281 9162
11336 11030
11425 12521
11427 3639
11438 11079
11490 315
11490 788
11490 2083
11490 5047
11490 5792
11490 6460
11490 7285
11490 8095
11490 8874
11490 8914
11490 9300
11490 9428
11490 9525
11490 10297
11490 14086
11649 1147
11649 6922
11649 6925
11649 7010
11685 11829
11689 11691
11689 11700
11689 11847
11689 11953
11691 11700
11691 11847
11691 12056
11700 11689
11700 11691
11700 11847
11700 11953
11700 12056
11778 4829
11800 14493
11809 67
11827 9213
11829 6518
11829 11685
11847 11689
11847 11691
11847 11700
11847 11953
11953 11691
11953 11700
11953 11847
11953 12056
12056 11689
12056 11691
12056 11700
12056 11847
12056 11953
12093 1098
12158 6518
12158 11829
12290 4827
12369 8748
12372 880
12454 5172
12521 11425
12639 1639
12639 9563
12687 12149
12735 13134
12735 13212
12755 11810
12761 14441
12832 13113
12833 14048
12884 13939
12961 3639
13113 9603
13113 12832
13113 14046
13113 14443
13134 12735
13134 13212
13139 14047
13143 13978
13149 545
13149 1823
13195 10877
13212 12735
13212 13134
13317 3628
13317 7726
13317 8475
13317 9611
13317 11100
13540 68
13939 12884
13978 13143
13991 4484
14046 13113
14047 13139
14048 12833
14082 5309
14086 315
14086 788
14086 2083
14086 5047
14086 5792
14086 6460
14086 7285
14086 8095
14086 9428
14086 9525
14086 9798
14086 10297
14103 60
14103 9828
14441 12761
14443 9603
14443 13113
14493 11800
