14541 14541 160
440 10559
477 10559
523 10559
561 10559
562 10559
568 10559
571 10559
579 10559
587 10559
590 10559
591 10559
596 10559
599 10559
607 10559
618 10559
620 10559
745 10559
1083 10559
1089 10559
1248 10559
1315 10559
2012 10559
2070 10559
2128 10559
2158 10559
2172 10559
2188 10559
2196 10559
2197 10559
2220 10559
2256 10559
2273 10559
2465 10559
2966 10559
3095 10559
3117 10559
3785 10559
3802 10559
3818 10559
4438 10559
4488 10559
4507 10559
4514 10559
4609 10559
5190 10559
5212 10559
5243 10559
5259 10559
5498 10559
5633 10559
5635 10559
5662 10559
5687 10559
5701 10559
5714 10559
5728 10559
5736 10559
5851 10559
5864 10559
6136 10559
6163 10559
6176 10559
6543 10559
6544 10559
6545 10559
6552 10559
6559 10559
6579 10559
6581 10559
6587 10559
7120 10559
7136 10559
7143 10559
7366 10559
7367 10559
7401 10559
7433 10559
7436 10559
7441 10559
7447 10559
7699 10559
7728 10559
7732 10559
7750 10559
7760 10559
7766 10559
7767 10559
7769 10559
7774 10559
7775 10559
8092 10559
8165 10559
8176 10559
8381 10559
8502 10559
8505 10559
8514 10559
8523 10559
8542 10559
8583 10559
8591 10559
8703 10559
8867 10559
8901 10559
8915 10559
8949 10559
9079 10559
9084 10559
9107 10559
9120 10559
9122 10559
9201 10559
9203 10559
9208 10559
9210 10559
9211 10559
9212 10559
9226 10559
9231 10559
9239 10559
9468 10559
9542 10559
9581 10559
9582 10559
9584 10559
9586 10559
9594 10559
9808 10559
9812 10559
9821 10559
9834 10559
9837 10559
9913 10559
9932 10559
10105 10559
10108 10559
10110 10559
10416 10559
10543 10559
10582 10559
10823 10559
10918 10559
11465 10559
11520 10559
11522 10559
11524 10559
11533 10559
12011 10559
12244 10559
12742 10559
12770 10559
12799 10559
12805 10559
12910 10559
12914 10559
12918 10559
13007 10559
13016 10559
13119 10559
13401 10559
