14541 14541 3551
821 1363
821 3080
821 7221
821 8643
821 9355
821 9691
1125 1279
1125 1322
1125 3006
1125 3025
1125 3467
1125 3546
1125 3649
1125 3650
1125 3877
1125 3879
1125 4138
1125 4743
1125 4744
1125 5149
1125 5245
1125 5246
1125 5905
1125 6144
1125 6334
1125 6619
1125 6674
1125 6993
1125 7541
1125 7598
1125 7754
1125 7908
1125 8050
1125 8266
1125 8268
1125 8269
1125 8283
1125 8380
1125 8574
1125 8576
1125 9194
1125 9280
1125 9666
1125 9673
1125 9681
1125 9682
1125 10029
1125 10057
1125 10914
1125 12030
1125 12032
1125 12082
1125 12094
1125 12213
1125 12222
1125 12225
1125 12315
1125 14369
1125 14370
2287 1863
2287 4754
2287 4769
2287 4794
2287 4798
2287 6747
2287 7307
2287 11076
2287 13033
2287 13034
2287 13035
2287 13036
2287 13037
2287 13038
2287 13039
2287 13040
2287 13041
2287 13042
2287 13043
2287 13044
2287 13046
2287 13049
2287 13050
2287 13051
2287 13052
2287 13053
2287 13054
2287 13058
2287 13059
2287 13060
2287 13061
2392 1279
2392 1322
2392 1819
2392 2006
2392 3024
2392 3025
2392 3467
2392 3546
2392 3593
2392 3620
2392 3649
2392 3650
2392 3877
2392 3879
2392 4138
2392 4743
2392 5149
2392 5245
2392 5246
2392 5247
2392 5905
2392 6144
2392 6191
2392 6334
2392 6619
2392 6674
2392 6993
2392 7146
2392 7541
2392 8049
2392 8050
2392 8171
2392 8266
2392 8268
2392 8269
2392 8283
2392 8380
2392 8574
2392 8576
2392 9194
2392 9280
2392 9351
2392 9671
2392 9673
2392 9681
2392 9682
2392 10029
2392 11015
2392 12030
2392 12069
2392 12082
2392 12094
2392 12198
2392 12222
2392 12270
2392 12274
2392 12315
2392 12331
2392 14369
2392 14370
2506 1363
2506 2523
2506 3080
2506 8271
2506 9355
2506 9691
2530 5905
2530 6992
2530 7541
2530 9194
2530 11015
2530 12213
2530 12225
2530 12960
3084 1360
3084 7221
3084 9684
3084 9690
3084 11440
3123 1360
3123 1363
3123 2523
3123 2651
3123 3066
3123 3069
3123 3076
3123 3248
3123 3987
3123 4187
3123 4350
3123 4387
3123 6328
3123 6344
3123 6522
3123 7179
3123 7221
3123 7253
3123 7558
3123 7777
3123 7887
3123 7910
3123 8271
3123 8402
3123 8643
3123 8732
3123 9266
3123 9278
3123 9355
3123 9356
3123 9690
3123 11440
3123 14371
3123 14379
3382 1322
3382 3006
3382 3024
3382 3025
3382 3545
3382 3546
3382 3620
3382 3649
3382 3650
3382 3877
3382 3879
3382 4138
3382 4743
3382 4789
3382 5245
3382 5905
3382 6144
3382 6334
3382 6674
3382 6992
3382 7541
3382 7754
3382 7908
3382 8266
3382 8268
3382 8269
3382 8283
3382 8380
3382 8574
3382 8576
3382 9194
3382 9280
3382 9351
3382 9666
3382 9671
3382 9682
3382 10029
3382 10057
3382 10914
3382 12030
3382 12069
3382 12082
3382 12094
3382 12213
3382 12222
3382 14369
3382 14370
3882 195
3882 1360
3882 1363
3882 2523
3882 3066
3882 3076
3882 3080
3882 3248
3882 3987
3882 4187
3882 4350
3882 4378
3882 4387
3882 6328
3882 6344
3882 7221
3882 7253
3882 7558
3882 7777
3882 7887
3882 8271
3882 8402
3882 8643
3882 9266
3882 9278
3882 9355
3882 9356
3882 9684
3882 9690
3882 9691
3882 14371
3882 14379
3997 44
3997 88
3997 213
3997 235
3997 306
3997 330
3997 390
3997 455
3997 475
3997 573
3997 783
3997 784
3997 791
3997 804
3997 875
3997 885
3997 1030
3997 1036
3997 1068
3997 1069
3997 1070
3997 1071
3997 1072
3997 1073
3997 1074
3997 1075
3997 1112
3997 1123
3997 1137
3997 1140
3997 1146
3997 1204
3997 1327
3997 1335
3997 1336
3997 1405
3997 1418
3997 1479
3997 1491
3997 1527
3997 1649
3997 1722
3997 1729
3997 1735
3997 1760
3997 1765
3997 1841
3997 1865
3997 1876
3997 1891
3997 1894
3997 1895
3997 1896
3997 1897
3997 1920
3997 1936
3997 1951
3997 2131
3997 2136
3997 2152
3997 2402
3997 2428
3997 2430
3997 2431
3997 2432
3997 2476
3997 2524
3997 2608
3997 2669
3997 2696
3997 2839
3997 2873
3997 2922
3997 2968
3997 2987
3997 2989
3997 2991
3997 2992
3997 3086
3997 3094
3997 3138
3997 3171
3997 3177
3997 3224
3997 3257
3997 3287
3997 3299
3997 3333
3997 3352
3997 3403
3997 3442
3997 3475
3997 3501
3997 3544
3997 3567
3997 3584
3997 3600
3997 3666
3997 3712
3997 3718
3997 3769
3997 3807
3997 3859
3997 3861
3997 3873
3997 3951
3997 3988
3997 4006
3997 4019
3997 4024
3997 4025
3997 4026
3997 4027
3997 4029
3997 4030
3997 4032
3997 4033
3997 4035
3997 4036
3997 4037
3997 4042
3997 4043
3997 4044
3997 4045
3997 4046
3997 4047
3997 4048
3997 4049
3997 4050
3997 4052
3997 4053
3997 4054
3997 4055
3997 4057
3997 4059
3997 4060
3997 4061
3997 4063
3997 4065
3997 4066
3997 4071
3997 4095
3997 4329
3997 4356
3997 4449
3997 4496
3997 4602
3997 4650
3997 4696
3997 4731
3997 4760
3997 4778
3997 4807
3997 4812
3997 4844
3997 4850
3997 4854
3997 4859
3997 4978
3997 5002
3997 5020
3997 5024
3997 5030
3997 5040
3997 5044
3997 5128
3997 5169
3997 5200
3997 5249
3997 5446
3997 5451
3997 5530
3997 5531
3997 5538
3997 5541
3997 5544
3997 5545
3997 5548
3997 5552
3997 5598
3997 5606
3997 5644
3997 5693
3997 5708
3997 5711
3997 5712
3997 5716
3997 5719
3997 5748
3997 5755
3997 5768
3997 5779
3997 5824
3997 5853
3997 5860
3997 5862
3997 5863
3997 5882
3997 5885
3997 5886
3997 5898
3997 5900
3997 5906
3997 5939
3997 5940
3997 6009
3997 6025
3997 6037
3997 6038
3997 6088
3997 6089
3997 6094
3997 6095
3997 6096
3997 6101
3997 6102
3997 6103
3997 6104
3997 6106
3997 6108
3997 6109
3997 6110
3997 6111
3997 6126
3997 6146
3997 6161
3997 6223
3997 6235
3997 6236
3997 6237
3997 6239
3997 6241
3997 6246
3997 6308
3997 6310
3997 6312
3997 6341
3997 6343
3997 6358
3997 6374
3997 6375
3997 6376
3997 6377
3997 6378
3997 6385
3997 6386
3997 6388
3997 6391
3997 6392
3997 6409
3997 6526
3997 6550
3997 6601
3997 6602
3997 6604
3997 6606
3997 6635
3997 6656
3997 6695
3997 6696
3997 6700
3997 6701
3997 6702
3997 6713
3997 6734
3997 6756
3997 6757
3997 6761
3997 6764
3997 6768
3997 6771
3997 6772
3997 6774
3997 6784
3997 6791
3997 6792
3997 6796
3997 6797
3997 6798
3997 6799
3997 6801
3997 6802
3997 6814
3997 6825
3997 6839
3997 6848
3997 6854
3997 6863
3997 6880
3997 6884
3997 6895
3997 6898
3997 6907
3997 6908
3997 6910
3997 6911
3997 6912
3997 6913
3997 6914
3997 6915
3997 6916
3997 6930
3997 6933
3997 6986
3997 6994
3997 7005
3997 7014
3997 7015
3997 7036
3997 7062
3997 7068
3997 7077
3997 7079
3997 7081
3997 7082
3997 7086
3997 7091
3997 7096
3997 7110
3997 7112
3997 7119
3997 7157
3997 7174
3997 7187
3997 7188
3997 7191
3997 7194
3997 7201
3997 7202
3997 7203
3997 7204
3997 7205
3997 7215
3997 7218
3997 7219
3997 7238
3997 7240
3997 7252
3997 7254
3997 7257
3997 7272
3997 7294
3997 7310
3997 7317
3997 7329
3997 7364
3997 7387
3997 7389
3997 7418
3997 7419
3997 7420
3997 7421
3997 7440
3997 7445
3997 7451
3997 7455
3997 7464
3997 7481
3997 7489
3997 7498
3997 7499
3997 7500
3997 7501
3997 7502
3997 7504
3997 7505
3997 7534
3997 7566
3997 7567
3997 7568
3997 7569
3997 7570
3997 7572
3997 7573
3997 7574
3997 7575
3997 7585
3997 7599
3997 7603
3997 7620
3997 7664
3997 7745
3997 7755
3997 7782
3997 7796
3997 7856
3997 7862
3997 7869
3997 7890
3997 7891
3997 7892
3997 7897
3997 7898
3997 7905
3997 7909
3997 7943
3997 7970
3997 7990
3997 8020
3997 8027
3997 8028
3997 8045
3997 8047
3997 8059
3997 8062
3997 8196
3997 8204
3997 8210
3997 8226
3997 8233
3997 8238
3997 8297
3997 8306
3997 8324
3997 8325
3997 8326
3997 8345
3997 8347
3997 8364
3997 8440
3997 8444
3997 8459
3997 8526
3997 8659
3997 8665
3997 8673
3997 8813
3997 8846
3997 8859
3997 8860
3997 8931
3997 8998
3997 9001
3997 9018
3997 9032
3997 9053
3997 9057
3997 9062
3997 9063
3997 9069
3997 9072
3997 9141
3997 9144
3997 9153
3997 9188
3997 9199
3997 9242
3997 9283
3997 9284
3997 9285
3997 9303
3997 9306
3997 9317
3997 9318
3997 9321
3997 9329
3997 9349
3997 9369
3997 9381
3997 9411
3997 9413
3997 9422
3997 9441
3997 9466
3997 9517
3997 9522
3997 9524
3997 9549
3997 9550
3997 9749
3997 9760
3997 9778
3997 9786
3997 9802
3997 9803
3997 9804
3997 9805
3997 9949
3997 9962
3997 9982
3997 9997
3997 10010
3997 10049
3997 10053
3997 10071
3997 10088
3997 10089
3997 10097
3997 10098
3997 10102
3997 10177
3997 10185
3997 10187
3997 10204
3997 10217
3997 10232
3997 10267
3997 10268
3997 10289
3997 10292
3997 10296
3997 10353
3997 10400
3997 10412
3997 10417
3997 10420
3997 10427
3997 10491
3997 10528
3997 10564
3997 10577
3997 10625
3997 10639
3997 10641
3997 10645
3997 10692
3997 10705
3997 10755
3997 10771
3997 10793
3997 10859
3997 10897
3997 10920
3997 10942
3997 10997
3997 11007
3997 11092
3997 11112
3997 11121
3997 11142
3997 11248
3997 11323
3997 11332
3997 11356
3997 11371
3997 11407
3997 11423
3997 11464
3997 11466
3997 11499
3997 11532
3997 11565
3997 11574
3997 11613
3997 11645
3997 11740
3997 11835
3997 11845
3997 11874
3997 11884
3997 11885
3997 11925
3997 11981
3997 11995
3997 12006
3997 12122
3997 12250
3997 12306
3997 12379
3997 12387
3997 12435
3997 12452
3997 12455
3997 12479
3997 12638
3997 12656
3997 12670
3997 12734
3997 12888
3997 12889
3997 12915
3997 12921
3997 12922
3997 12928
3997 12929
3997 13126
3997 13226
3997 13297
3997 13341
3997 13353
3997 13465
3997 13467
3997 13480
3997 13646
3997 14388
3997 14436
3997 14439
3997 14487
4017 1820
4017 3698
4017 3837
4017 4758
4017 4785
4017 4794
4017 4798
4017 4864
4017 4934
4017 5356
4017 6019
4017 6747
4017 7307
4017 10274
4017 11076
4017 12271
4017 13033
4017 13034
4017 13035
4017 13036
4017 13037
4017 13038
4017 13039
4017 13040
4017 13042
4017 13044
4017 13046
4017 13047
4017 13048
4017 13049
4017 13050
4017 13051
4017 13052
4017 13053
4017 13054
4017 13056
4017 13057
4017 13058
4017 13059
4017 13061
4223 3080
4223 7887
4223 8271
4223 9266
4223 9355
4223 9691
4223 14379
4224 2523
4224 3080
4224 7777
4224 7887
4224 8402
4224 9266
4224 9355
4320 1279
4320 1819
4320 3006
4320 3024
4320 3025
4320 3026
4320 3467
4320 3545
4320 3546
4320 3593
4320 3650
4320 3877
4320 3879
4320 4138
4320 4743
4320 4789
4320 5149
4320 5905
4320 5931
4320 6144
4320 6190
4320 6334
4320 6992
4320 6993
4320 7146
4320 7541
4320 7908
4320 8049
4320 8050
4320 8171
4320 8266
4320 8268
4320 8269
4320 8283
4320 8380
4320 8576
4320 9193
4320 9280
4320 9666
4320 9673
4320 9681
4320 9682
4320 10029
4320 10914
4320 11015
4320 12029
4320 12032
4320 12069
4320 12082
4320 12094
4320 12198
4320 12213
4320 12222
4320 12224
4320 12315
4320 12331
4320 14369
4321 310
4321 1279
4321 1322
4321 1819
4321 3006
4321 3024
4321 3025
4321 3467
4321 3545
4321 3546
4321 3593
4321 3615
4321 3620
4321 3649
4321 3650
4321 3879
4321 4138
4321 4743
4321 4789
4321 5149
4321 5245
4321 5246
4321 5247
4321 5816
4321 5905
4321 5931
4321 6144
4321 6191
4321 6674
4321 6992
4321 6993
4321 7311
4321 7541
4321 7598
4321 7908
4321 8050
4321 8268
4321 8269
4321 8283
4321 8576
4321 9280
4321 9351
4321 9666
4321 9671
4321 9673
4321 9681
4321 9682
4321 10029
4321 10057
4321 10914
4321 11932
4321 12029
4321 12030
4321 12032
4321 12069
4321 12094
4321 12213
4321 12222
4321 12225
4321 12270
4321 12315
4321 14369
4321 14370
4322 1279
4322 3006
4322 3024
4322 3025
4322 3026
4322 3467
4322 3545
4322 3615
4322 3620
4322 3647
4322 3649
4322 3650
4322 3877
4322 4138
4322 4743
4322 4789
4322 5246
4322 5905
4322 6144
4322 6334
4322 6619
4322 6674
4322 6992
4322 6993
4322 7146
4322 7311
4322 7541
4322 7754
4322 8049
4322 8050
4322 8266
4322 8268
4322 8269
4322 8283
4322 8380
4322 8574
4322 9193
4322 9194
4322 9280
4322 9351
4322 9666
4322 9671
4322 9673
4322 9681
4322 9682
4322 10029
4322 10914
4322 11015
4322 11932
4322 12030
4322 12032
4322 12082
4322 12094
4322 12198
4322 12213
4322 12222
4322 12224
4322 12225
4322 12315
4322 14369
4322 14370
4614 195
4614 1360
4614 1363
4614 2523
4614 2651
4614 3066
4614 3069
4614 3076
4614 3080
4614 3987
4614 4187
4614 4387
4614 6344
4614 6522
4614 7179
4614 7221
4614 7253
4614 7283
4614 7558
4614 7887
4614 7910
4614 8271
4614 8402
4614 8643
4614 8732
4614 9266
4614 9278
4614 9355
4614 9356
4614 9684
4614 9690
4614 9691
4614 11440
4614 14371
4614 14379
4635 7856
4706 44
4706 88
4706 306
4706 330
4706 475
4706 573
4706 645
4706 804
4706 875
4706 885
4706 1036
4706 1068
4706 1069
4706 1070
4706 1071
4706 1072
4706 1073
4706 1074
4706 1075
4706 1077
4706 1112
4706 1123
4706 1137
4706 1140
4706 1204
4706 1326
4706 1327
4706 1335
4706 1405
4706 1418
4706 1479
4706 1491
4706 1589
4706 1649
4706 1653
4706 1722
4706 1729
4706 1760
4706 1775
4706 1840
4706 1865
4706 1874
4706 1876
4706 1891
4706 1894
4706 1895
4706 1896
4706 1897
4706 1920
4706 1936
4706 1951
4706 1952
4706 2131
4706 2136
4706 2152
4706 2193
4706 2226
4706 2402
4706 2428
4706 2476
4706 2499
4706 2669
4706 2696
4706 2839
4706 2873
4706 2951
4706 2968
4706 2969
4706 2987
4706 2988
4706 2989
4706 2990
4706 2991
4706 3086
4706 3094
4706 3138
4706 3171
4706 3177
4706 3224
4706 3257
4706 3261
4706 3287
4706 3299
4706 3310
4706 3333
4706 3383
4706 3403
4706 3410
4706 3442
4706 3475
4706 3501
4706 3544
4706 3567
4706 3600
4706 3601
4706 3666
4706 3718
4706 3807
4706 3859
4706 3861
4706 3873
4706 3949
4706 3951
4706 3988
4706 4006
4706 4019
4706 4024
4706 4025
4706 4026
4706 4027
4706 4028
4706 4029
4706 4030
4706 4031
4706 4032
4706 4033
4706 4034
4706 4035
4706 4036
4706 4037
4706 4039
4706 4040
4706 4042
4706 4046
4706 4047
4706 4048
4706 4049
4706 4050
4706 4051
4706 4052
4706 4053
4706 4054
4706 4055
4706 4056
4706 4057
4706 4058
4706 4059
4706 4061
4706 4063
4706 4064
4706 4065
4706 4071
4706 4095
4706 4329
4706 4356
4706 4428
4706 4449
4706 4496
4706 4602
4706 4696
4706 4731
4706 4760
4706 4807
4706 4812
4706 4854
4706 4859
4706 4978
4706 4983
4706 4985
4706 5002
4706 5020
4706 5022
4706 5024
4706 5030
4706 5040
4706 5164
4706 5169
4706 5200
4706 5202
4706 5249
4706 5446
4706 5451
4706 5530
4706 5531
4706 5538
4706 5541
4706 5544
4706 5546
4706 5547
4706 5548
4706 5551
4706 5552
4706 5598
4706 5600
4706 5608
4706 5644
4706 5645
4706 5693
4706 5708
4706 5711
4706 5712
4706 5719
4706 5768
4706 5780
4706 5824
4706 5852
4706 5860
4706 5862
4706 5863
4706 5885
4706 5886
4706 5888
4706 5898
4706 5900
4706 5906
4706 5939
4706 5940
4706 5996
4706 6009
4706 6025
4706 6038
4706 6088
4706 6094
4706 6095
4706 6101
4706 6102
4706 6103
4706 6104
4706 6105
4706 6107
4706 6109
4706 6111
4706 6126
4706 6161
4706 6223
4706 6233
4706 6240
4706 6246
4706 6310
4706 6311
4706 6341
4706 6343
4706 6358
4706 6368
4706 6374
4706 6376
4706 6377
4706 6378
4706 6385
4706 6386
4706 6387
4706 6388
4706 6392
4706 6409
4706 6550
4706 6601
4706 6602
4706 6604
4706 6606
4706 6635
4706 6695
4706 6696
4706 6697
4706 6698
4706 6699
4706 6701
4706 6702
4706 6713
4706 6734
4706 6749
4706 6756
4706 6761
4706 6762
4706 6768
4706 6771
4706 6772
4706 6774
4706 6784
4706 6787
4706 6791
4706 6792
4706 6793
4706 6796
4706 6797
4706 6798
4706 6799
4706 6801
4706 6802
4706 6814
4706 6825
4706 6839
4706 6848
4706 6863
4706 6895
4706 6898
4706 6907
4706 6908
4706 6910
4706 6911
4706 6912
4706 6915
4706 6916
4706 6930
4706 6933
4706 6986
4706 6994
4706 7005
4706 7008
4706 7014
4706 7015
4706 7025
4706 7036
4706 7062
4706 7068
4706 7077
4706 7079
4706 7081
4706 7082
4706 7086
4706 7091
4706 7096
4706 7110
4706 7112
4706 7119
4706 7150
4706 7154
4706 7157
4706 7174
4706 7187
4706 7188
4706 7189
4706 7190
4706 7191
4706 7194
4706 7198
4706 7201
4706 7202
4706 7204
4706 7205
4706 7218
4706 7220
4706 7238
4706 7252
4706 7254
4706 7257
4706 7278
4706 7294
4706 7310
4706 7317
4706 7364
4706 7387
4706 7389
4706 7418
4706 7419
4706 7420
4706 7421
4706 7445
4706 7450
4706 7451
4706 7455
4706 7464
4706 7481
4706 7482
4706 7489
4706 7499
4706 7500
4706 7501
4706 7502
4706 7504
4706 7534
4706 7567
4706 7568
4706 7570
4706 7573
4706 7574
4706 7575
4706 7585
4706 7599
4706 7603
4706 7609
4706 7620
4706 7664
4706 7745
4706 7755
4706 7782
4706 7796
4706 7856
4706 7862
4706 7892
4706 7897
4706 7898
4706 7899
4706 7905
4706 7909
4706 7921
4706 7943
4706 8017
4706 8020
4706 8029
4706 8045
4706 8047
4706 8062
4706 8097
4706 8161
4706 8195
4706 8196
4706 8204
4706 8210
4706 8226
4706 8233
4706 8238
4706 8287
4706 8297
4706 8306
4706 8324
4706 8325
4706 8326
4706 8345
4706 8346
4706 8347
4706 8364
4706 8431
4706 8440
4706 8444
4706 8459
4706 8526
4706 8575
4706 8659
4706 8665
4706 8673
4706 8813
4706 8846
4706 8856
4706 8859
4706 8920
4706 8931
4706 8998
4706 9001
4706 9018
4706 9039
4706 9043
4706 9053
4706 9057
4706 9062
4706 9063
4706 9072
4706 9153
4706 9188
4706 9199
4706 9283
4706 9284
4706 9285
4706 9306
4706 9317
4706 9318
4706 9321
4706 9329
4706 9349
4706 9381
4706 9411
4706 9413
4706 9422
4706 9441
4706 9477
4706 9517
4706 9524
4706 9529
4706 9549
4706 9550
4706 9749
4706 9760
4706 9778
4706 9802
4706 9803
4706 9804
4706 9851
4706 9941
4706 9949
4706 9982
4706 9997
4706 10010
4706 10049
4706 10053
4706 10071
4706 10088
4706 10089
4706 10102
4706 10177
4706 10185
4706 10187
4706 10204
4706 10220
4706 10232
4706 10262
4706 10266
4706 10267
4706 10289
4706 10292
4706 10295
4706 10296
4706 10325
4706 10353
4706 10400
4706 10412
4706 10417
4706 10420
4706 10479
4706 10491
4706 10496
4706 10517
4706 10528
4706 10564
4706 10577
4706 10622
4706 10625
4706 10639
4706 10644
4706 10645
4706 10771
4706 10859
4706 10896
4706 10897
4706 10920
4706 10997
4706 11007
4706 11019
4706 11092
4706 11111
4706 11112
4706 11121
4706 11142
4706 11216
4706 11248
4706 11323
4706 11332
4706 11356
4706 11407
4706 11423
4706 11464
4706 11466
4706 11499
4706 11532
4706 11565
4706 11574
4706 11613
4706 11632
4706 11645
4706 11740
4706 11845
4706 11874
4706 11884
4706 11885
4706 11924
4706 11925
4706 11980
4706 11981
4706 11995
4706 12006
4706 12090
4706 12122
4706 12250
4706 12306
4706 12379
4706 12387
4706 12435
4706 12451
4706 12452
4706 12455
4706 12479
4706 12670
4706 12858
4706 12888
4706 12889
4706 12915
4706 12922
4706 12928
4706 12929
4706 13126
4706 13295
4706 13297
4706 13309
4706 13341
4706 13353
4706 13465
4706 13480
4706 13646
4706 14388
4706 14436
4706 14439
4706 14487
4883 1279
4883 1322
4883 2006
4883 3006
4883 3024
4883 3026
4883 3467
4883 3546
4883 3615
4883 3620
4883 3650
4883 3877
4883 3879
4883 4743
4883 4789
4883 5149
4883 5246
4883 5905
4883 6144
4883 6674
4883 6992
4883 7146
4883 7541
4883 7754
4883 7908
4883 8050
4883 8266
4883 8269
4883 8283
4883 8380
4883 8574
4883 8576
4883 9193
4883 9194
4883 9351
4883 9666
4883 9673
4883 9682
4883 10029
4883 10057
4883 10914
4883 11932
4883 12030
4883 12032
4883 12082
4883 12094
4883 12213
4883 12222
4883 12225
4883 12315
4883 14369
4883 14370
4897 2633
4897 4276
4897 5484
4897 5576
4897 7160
4897 7514
4897 7515
4897 7516
4897 7517
4897 7518
4897 7519
4897 7520
4897 8466
4897 9279
4897 10805
4897 11036
4897 11189
4897 12632
4897 12646
4897 12830
4897 12834
4897 12835
4897 12839
4897 12841
4897 12923
4897 12937
4897 12946
4897 12958
4897 12973
4897 13069
4897 13070
4897 13072
4897 13075
4897 13076
4897 13078
4897 13079
4897 13080
4897 13081
4897 13082
4898 4950
4898 7160
4898 7519
4898 8466
4898 11157
4898 12646
4898 12937
4898 13074
4898 13081
4900 11189
4901 4276
4901 4406
4901 4950
4901 5484
4901 7160
4901 7515
4901 7516
4901 7517
4901 7519
4901 7520
4901 9279
4901 10805
4901 11036
4901 11157
4901 11189
4901 12632
4901 12646
4901 12830
4901 12834
4901 12835
4901 12839
4901 12841
4901 12937
4901 12946
4901 12952
4901 12954
4901 12973
4901 13069
4901 13070
4901 13071
4901 13072
4901 13073
4901 13074
4901 13075
4901 13076
4901 13077
4901 13078
4901 13079
4901 13081
4901 13082
4904 2633
4904 4276
4904 4406
4904 5484
4904 5576
4904 7160
4904 7516
4904 7517
4904 7518
4904 7519
4904 7520
4904 9279
4904 10805
4904 11036
4904 11157
4904 11189
4904 12830
4904 12834
4904 12835
4904 12839
4904 12841
4904 12923
4904 12937
4904 12946
4904 12954
4904 12958
4904 12973
4904 13069
4904 13070
4904 13071
4904 13072
4904 13074
4904 13076
4904 13080
4904 13081
4904 13082
5007 3080
5007 7221
5007 7887
5007 8402
5007 9355
5007 9691
5007 14379
5041 2523
5041 8271
5041 8643
5041 14379
5049 3987
5049 6328
5049 7221
5049 9355
5050 44
5050 88
5050 213
5050 235
5050 306
5050 330
5050 390
5050 455
5050 645
5050 784
5050 791
5050 804
5050 885
5050 1030
5050 1068
5050 1069
5050 1071
5050 1073
5050 1075
5050 1076
5050 1077
5050 1112
5050 1123
5050 1137
5050 1140
5050 1146
5050 1187
5050 1204
5050 1326
5050 1327
5050 1335
5050 1336
5050 1405
5050 1418
5050 1479
5050 1491
5050 1527
5050 1589
5050 1649
5050 1735
5050 1760
5050 1765
5050 1775
5050 1840
5050 1841
5050 1865
5050 1874
5050 1876
5050 1891
5050 1894
5050 1895
5050 1897
5050 1920
5050 1936
5050 1952
5050 2131
5050 2136
5050 2152
5050 2193
5050 2226
5050 2428
5050 2431
5050 2432
5050 2476
5050 2524
5050 2608
5050 2669
5050 2696
5050 2873
5050 2922
5050 2951
5050 2968
5050 2987
5050 2988
5050 2989
5050 2990
5050 2991
5050 2992
5050 3086
5050 3094
5050 3138
5050 3171
5050 3177
5050 3257
5050 3287
5050 3299
5050 3333
5050 3352
5050 3403
5050 3410
5050 3442
5050 3475
5050 3501
5050 3544
5050 3567
5050 3584
5050 3600
5050 3666
5050 3712
5050 3718
5050 3769
5050 3807
5050 3859
5050 3861
5050 3873
5050 3949
5050 3951
5050 3988
5050 4006
5050 4019
5050 4024
5050 4025
5050 4026
5050 4027
5050 4028
5050 4029
5050 4030
5050 4031
5050 4035
5050 4036
5050 4037
5050 4039
5050 4040
5050 4041
5050 4043
5050 4044
5050 4045
5050 4046
5050 4047
5050 4048
5050 4050
5050 4051
5050 4052
5050 4053
5050 4054
5050 4055
5050 4056
5050 4058
5050 4059
5050 4061
5050 4063
5050 4065
5050 4071
5050 4329
5050 4356
5050 4428
5050 4496
5050 4650
5050 4659
5050 4696
5050 4731
5050 4812
5050 4844
5050 4850
5050 4854
5050 4859
5050 4972
5050 4978
5050 4983
5050 4985
5050 5002
5050 5020
5050 5022
5050 5024
5050 5030
5050 5033
5050 5040
5050 5044
5050 5164
5050 5169
5050 5200
5050 5202
5050 5249
5050 5446
5050 5451
5050 5530
5050 5531
5050 5538
5050 5544
5050 5545
5050 5546
5050 5547
5050 5548
5050 5551
5050 5552
5050 5559
5050 5598
5050 5600
5050 5608
5050 5638
5050 5644
5050 5645
5050 5693
5050 5708
5050 5711
5050 5712
5050 5716
5050 5719
5050 5755
5050 5768
5050 5779
5050 5780
5050 5824
5050 5852
5050 5853
5050 5860
5050 5862
5050 5863
5050 5882
5050 5885
5050 5886
5050 5888
5050 5898
5050 5906
5050 5939
5050 5940
5050 5996
5050 6009
5050 6025
5050 6037
5050 6038
5050 6088
5050 6089
5050 6094
5050 6095
5050 6096
5050 6101
5050 6102
5050 6103
5050 6104
5050 6107
5050 6108
5050 6109
5050 6110
5050 6111
5050 6126
5050 6132
5050 6146
5050 6223
5050 6233
5050 6235
5050 6236
5050 6237
5050 6238
5050 6239
5050 6240
5050 6241
5050 6246
5050 6310
5050 6311
5050 6312
5050 6343
5050 6358
5050 6368
5050 6374
5050 6375
5050 6376
5050 6377
5050 6378
5050 6385
5050 6386
5050 6387
5050 6392
5050 6409
5050 6526
5050 6601
5050 6602
5050 6604
5050 6635
5050 6656
5050 6695
5050 6696
5050 6697
5050 6698
5050 6702
5050 6713
5050 6734
5050 6749
5050 6756
5050 6761
5050 6762
5050 6764
5050 6768
5050 6771
5050 6772
5050 6774
5050 6775
5050 6778
5050 6782
5050 6784
5050 6787
5050 6791
5050 6792
5050 6793
5050 6797
5050 6798
5050 6799
5050 6801
5050 6802
5050 6814
5050 6839
5050 6848
5050 6854
5050 6863
5050 6880
5050 6884
5050 6895
5050 6898
5050 6907
5050 6910
5050 6911
5050 6912
5050 6913
5050 6914
5050 6915
5050 6916
5050 6930
5050 6986
5050 6994
5050 7005
5050 7014
5050 7015
5050 7025
5050 7068
5050 7079
5050 7081
5050 7082
5050 7086
5050 7091
5050 7096
5050 7110
5050 7119
5050 7154
5050 7157
5050 7174
5050 7187
5050 7188
5050 7189
5050 7190
5050 7191
5050 7194
5050 7195
5050 7198
5050 7202
5050 7204
5050 7215
5050 7218
5050 7219
5050 7220
5050 7238
5050 7252
5050 7254
5050 7257
5050 7272
5050 7278
5050 7310
5050 7317
5050 7364
5050 7387
5050 7389
5050 7418
5050 7419
5050 7420
5050 7421
5050 7440
5050 7445
5050 7450
5050 7451
5050 7455
5050 7464
5050 7481
5050 7482
5050 7489
5050 7498
5050 7499
5050 7500
5050 7501
5050 7502
5050 7504
5050 7505
5050 7534
5050 7542
5050 7565
5050 7566
5050 7569
5050 7570
5050 7572
5050 7576
5050 7599
5050 7603
5050 7609
5050 7664
5050 7782
5050 7796
5050 7856
5050 7862
5050 7869
5050 7890
5050 7891
5050 7897
5050 7898
5050 7899
5050 7905
5050 7909
5050 7921
5050 7943
5050 7970
5050 7990
5050 8020
5050 8027
5050 8028
5050 8029
5050 8045
5050 8047
5050 8062
5050 8097
5050 8161
5050 8195
5050 8204
5050 8210
5050 8226
5050 8238
5050 8260
5050 8287
5050 8297
5050 8306
5050 8323
5050 8324
5050 8325
5050 8326
5050 8345
5050 8346
5050 8347
5050 8364
5050 8394
5050 8431
5050 8440
5050 8441
5050 8444
5050 8575
5050 8596
5050 8659
5050 8665
5050 8813
5050 8846
5050 8856
5050 8859
5050 8860
5050 8920
5050 8931
5050 8998
5050 9001
5050 9043
5050 9053
5050 9057
5050 9063
5050 9069
5050 9141
5050 9144
5050 9153
5050 9199
5050 9242
5050 9247
5050 9283
5050 9284
5050 9285
5050 9287
5050 9301
5050 9303
5050 9306
5050 9318
5050 9321
5050 9329
5050 9349
5050 9369
5050 9381
5050 9413
5050 9422
5050 9441
5050 9466
5050 9517
5050 9529
5050 9549
5050 9550
5050 9552
5050 9749
5050 9760
5050 9778
5050 9786
5050 9802
5050 9803
5050 9804
5050 9805
5050 9851
5050 9941
5050 9945
5050 9949
5050 9962
5050 9982
5050 10010
5050 10049
5050 10053
5050 10071
5050 10089
5050 10097
5050 10098
5050 10102
5050 10177
5050 10186
5050 10187
5050 10204
5050 10217
5050 10232
5050 10235
5050 10262
5050 10266
5050 10267
5050 10268
5050 10289
5050 10292
5050 10295
5050 10296
5050 10325
5050 10353
5050 10412
5050 10417
5050 10418
5050 10420
5050 10427
5050 10491
5050 10528
5050 10564
5050 10594
5050 10622
5050 10625
5050 10639
5050 10641
5050 10645
5050 10705
5050 10755
5050 10771
5050 10896
5050 10897
5050 10920
5050 10942
5050 10997
5050 11019
5050 11092
5050 11111
5050 11112
5050 11142
5050 11216
5050 11248
5050 11323
5050 11371
5050 11407
5050 11464
5050 11466
5050 11499
5050 11532
5050 11565
5050 11574
5050 11613
5050 11632
5050 11740
5050 11835
5050 11845
5050 11874
5050 11884
5050 11885
5050 11924
5050 11925
5050 11980
5050 11995
5050 12122
5050 12250
5050 12306
5050 12379
5050 12387
5050 12435
5050 12451
5050 12452
5050 12455
5050 12479
5050 12656
5050 12670
5050 12734
5050 12793
5050 12858
5050 12889
5050 12915
5050 12922
5050 12928
5050 13126
5050 13226
5050 13294
5050 13297
5050 13309
5050 13341
5050 13353
5050 13465
5050 13467
5050 13480
5050 13502
5050 13607
5050 13646
5050 14388
5050 14439
5053 1863
5053 4758
5053 4817
5053 6747
5053 10274
5053 11076
5053 13033
5053 13034
5053 13035
5053 13036
5053 13037
5053 13038
5053 13039
5053 13040
5053 13041
5053 13043
5053 13044
5053 13046
5053 13048
5053 13049
5053 13050
5053 13051
5053 13052
5053 13053
5053 13054
5053 13056
5053 13057
5053 13059
5053 13060
5053 13061
5055 1363
5055 2523
5055 3066
5055 7221
5055 9684
5055 9691
5148 3593
5148 3650
5148 3879
5148 4789
5148 5905
5148 6190
5148 6619
5148 7541
5148 8283
5148 8574
5148 9280
5148 9671
5148 12082
5148 12094
5148 12198
5148 12213
5148 12315
5242 1363
5242 2523
5242 2651
5242 3066
5242 3069
5242 3076
5242 3080
5242 3248
5242 3987
5242 4187
5242 4350
5242 4378
5242 4387
5242 6328
5242 6344
5242 6522
5242 7179
5242 7221
5242 7253
5242 7283
5242 7558
5242 7777
5242 7887
5242 7910
5242 8271
5242 8402
5242 8643
5242 8732
5242 9278
5242 9355
5242 9356
5242 9690
5242 11440
5242 14371
5242 14379
5689 3625
5689 4754
5689 4864
5689 5935
5689 6747
5689 7307
5689 11076
5689 12271
5689 13033
5689 13034
5689 13035
5689 13036
5689 13038
5689 13039
5689 13040
5689 13041
5689 13042
5689 13043
5689 13044
5689 13046
5689 13047
5689 13048
5689 13049
5689 13050
5689 13052
5689 13053
5689 13054
5689 13056
5689 13058
5689 13059
5689 13060
5689 13061
5690 3698
5690 4785
5690 4798
5690 4803
5690 4934
5690 7307
5690 12271
5690 13033
5690 13035
5690 13036
5690 13037
5690 13038
5690 13040
5690 13041
5690 13042
5690 13043
5690 13044
5690 13048
5690 13049
5690 13050
5690 13051
5690 13052
5690 13054
5690 13056
5690 13057
5690 13059
5690 13060
6051 6233
6051 6375
6051 8813
6051 9949
6171 6191
6171 7754
6171 8574
6171 9673
6171 10914
7113 1279
7113 1322
7113 3006
7113 3024
7113 3025
7113 3026
7113 3467
7113 3546
7113 3593
7113 3620
7113 3649
7113 3650
7113 3877
7113 3879
7113 4789
7113 5149
7113 5246
7113 5905
7113 5931
7113 6144
7113 6674
7113 6992
7113 6993
7113 7146
7113 7541
7113 7754
7113 7908
7113 8049
7113 8050
7113 8266
7113 8269
7113 8283
7113 8574
7113 8576
7113 9193
7113 9194
7113 9280
7113 9351
7113 9666
7113 9671
7113 9681
7113 10029
7113 10057
7113 10914
7113 11015
7113 12032
7113 12069
7113 12082
7113 12094
7113 12222
7113 12315
7113 14369
7113 14370
7210 3080
7210 7221
7210 7558
7210 9690
7210 9691
7602 1279
7602 1819
7602 3006
7602 3024
7602 3025
7602 3026
7602 3467
7602 3546
7602 3620
7602 3647
7602 3649
7602 3650
7602 3877
7602 3879
7602 4138
7602 4789
7602 5246
7602 5247
7602 5816
7602 5905
7602 5931
7602 6144
7602 6190
7602 6191
7602 6334
7602 6619
7602 6674
7602 6993
7602 7146
7602 7541
7602 7754
7602 7908
7602 8050
7602 8171
7602 8266
7602 8269
7602 8283
7602 8574
7602 8576
7602 9193
7602 9194
7602 9280
7602 9351
7602 9666
7602 9671
7602 9673
7602 9682
7602 10057
7602 10914
7602 12032
7602 12069
7602 12082
7602 12094
7602 12198
7602 12222
7602 12225
7602 12270
7602 14369
8132 1279
8132 3006
8132 3024
8132 3025
8132 3026
8132 3546
8132 3620
8132 3650
8132 3877
8132 3879
8132 4138
8132 4743
8132 4744
8132 4789
8132 5247
8132 5905
8132 6144
8132 6334
8132 6674
8132 6992
8132 6993
8132 7146
8132 7908
8132 8266
8132 8268
8132 8269
8132 8283
8132 8380
8132 8576
8132 9193
8132 9194
8132 9280
8132 9351
8132 9666
8132 9671
8132 9681
8132 9682
8132 10914
8132 12030
8132 12069
8132 12082
8132 12213
8132 12225
8132 12331
8132 14369
8132 14370
8263 3615
8263 7541
8263 10029
8681 1279
8681 3006
8681 3024
8681 3026
8681 3467
8681 3546
8681 3593
8681 3615
8681 3649
8681 3879
8681 4138
8681 4789
8681 5149
8681 5246
8681 5905
8681 6144
8681 6334
8681 6674
8681 6993
8681 7541
8681 7908
8681 8049
8681 8050
8681 8266
8681 8268
8681 8283
8681 8380
8681 8574
8681 9193
8681 9194
8681 9280
8681 9351
8681 9666
8681 9671
8681 9681
8681 9682
8681 10029
8681 10914
8681 12032
8681 12069
8681 12082
8681 12213
8681 12222
8681 12225
8681 12315
8681 14369
8681 14370
8725 3625
8725 4798
8891 1279
8891 1322
8891 1819
8891 2006
8891 3024
8891 3025
8891 3026
8891 3546
8891 3593
8891 3615
8891 3647
8891 3649
8891 3650
8891 3877
8891 3879
8891 4138
8891 4744
8891 4789
8891 5149
8891 5245
8891 5246
8891 5816
8891 6144
8891 6191
8891 6334
8891 6619
8891 6674
8891 6992
8891 6993
8891 7311
8891 7754
8891 7908
8891 8049
8891 8050
8891 8266
8891 8268
8891 8269
8891 8574
8891 8576
8891 9193
8891 9194
8891 9280
8891 9666
8891 9671
8891 9673
8891 10914
8891 12029
8891 12030
8891 12032
8891 12069
8891 12082
8891 12094
8891 12198
8891 12213
8891 12222
8891 12224
8891 12225
8891 12270
8891 12274
8891 12315
8891 12960
8891 14370
10199 1279
10199 1322
10199 3006
10199 3024
10199 3025
10199 3026
10199 3467
10199 3615
10199 3620
10199 3879
10199 4138
10199 4743
10199 4789
10199 5149
10199 5246
10199 5905
10199 6144
10199 6334
10199 6674
10199 6992
10199 6993
10199 7146
10199 7908
10199 8050
10199 8266
10199 8268
10199 8574
10199 9194
10199 9671
10199 9681
10199 9682
10199 10029
10199 10057
10199 10914
10199 11015
10199 12032
10199 12069
10199 12082
10199 12094
10199 12213
10199 12222
10199 12225
10199 12315
10199 14369
10199 14370
10758 1279
10758 3006
10758 3024
10758 3025
10758 3026
10758 3877
10758 4138
10758 5905
10758 6334
10758 6674
10758 6993
10758 7146
10758 7754
10758 7908
10758 8266
10758 8268
10758 8269
10758 8283
10758 8574
10758 8576
10758 9194
10758 9280
10758 9351
10758 9682
10758 10029
10758 14369
10758 14370
10900 3647
10900 3879
10900 4743
10900 8266
10900 9666
10900 12082
10901 2006
10901 4743
10901 5905
10901 6334
10901 8380
10901 8576
11463 1820
11463 1863
11463 4754
11463 4769
11463 4785
11463 4934
11463 7307
11463 11076
11463 13033
11463 13035
11463 13036
11463 13038
11463 13039
11463 13040
11463 13042
11463 13046
11463 13047
11463 13053
11463 13056
11463 13058
11709 44
11709 88
11709 213
11709 235
11709 306
11709 330
11709 455
11709 475
11709 573
11709 645
11709 783
11709 784
11709 791
11709 875
11709 885
11709 1030
11709 1036
11709 1068
11709 1069
11709 1070
11709 1071
11709 1072
11709 1073
11709 1075
11709 1076
11709 1077
11709 1112
11709 1137
11709 1140
11709 1187
11709 1204
11709 1326
11709 1327
11709 1335
11709 1405
11709 1418
11709 1491
11709 1527
11709 1589
11709 1649
11709 1653
11709 1722
11709 1735
11709 1760
11709 1765
11709 1775
11709 1840
11709 1841
11709 1865
11709 1874
11709 1876
11709 1891
11709 1894
11709 1895
11709 1897
11709 1920
11709 1936
11709 1951
11709 1952
11709 2136
11709 2152
11709 2193
11709 2402
11709 2428
11709 2430
11709 2431
11709 2476
11709 2524
11709 2608
11709 2669
11709 2839
11709 2873
11709 2922
11709 2951
11709 2968
11709 2987
11709 2988
11709 2989
11709 2991
11709 2992
11709 3094
11709 3138
11709 3171
11709 3224
11709 3257
11709 3261
11709 3299
11709 3333
11709 3352
11709 3383
11709 3403
11709 3410
11709 3475
11709 3501
11709 3544
11709 3567
11709 3597
11709 3600
11709 3601
11709 3666
11709 3712
11709 3718
11709 3769
11709 3807
11709 3861
11709 3873
11709 3951
11709 4006
11709 4019
11709 4024
11709 4025
11709 4026
11709 4027
11709 4029
11709 4031
11709 4035
11709 4036
11709 4037
11709 4038
11709 4043
11709 4047
11709 4048
11709 4050
11709 4052
11709 4054
11709 4056
11709 4059
11709 4061
11709 4064
11709 4065
11709 4095
11709 4329
11709 4356
11709 4428
11709 4496
11709 4602
11709 4650
11709 4696
11709 4731
11709 4760
11709 4807
11709 4812
11709 4844
11709 4859
11709 4972
11709 4978
11709 4983
11709 5020
11709 5022
11709 5024
11709 5030
11709 5033
11709 5044
11709 5164
11709 5169
11709 5200
11709 5202
11709 5249
11709 5446
11709 5530
11709 5531
11709 5541
11709 5544
11709 5545
11709 5546
11709 5547
11709 5548
11709 5551
11709 5552
11709 5559
11709 5600
11709 5608
11709 5708
11709 5711
11709 5716
11709 5755
11709 5768
11709 5779
11709 5780
11709 5789
11709 5824
11709 5852
11709 5853
11709 5862
11709 5863
11709 5882
11709 5885
11709 5886
11709 5888
11709 5900
11709 5906
11709 5939
11709 5940
11709 6009
11709 6025
11709 6037
11709 6038
11709 6089
11709 6095
11709 6096
11709 6097
11709 6101
11709 6103
11709 6104
11709 6105
11709 6107
11709 6108
11709 6110
11709 6111
11709 6126
11709 6146
11709 6161
11709 6223
11709 6233
11709 6235
11709 6236
11709 6237
11709 6238
11709 6239
11709 6240
11709 6309
11709 6310
11709 6341
11709 6343
11709 6358
11709 6375
11709 6376
11709 6386
11709 6388
11709 6391
11709 6526
11709 6601
11709 6602
11709 6604
11709 6656
11709 6695
11709 6697
11709 6698
11709 6699
11709 6701
11709 6702
11709 6734
11709 6749
11709 6756
11709 6757
11709 6761
11709 6764
11709 6768
11709 6771
11709 6772
11709 6774
11709 6775
11709 6782
11709 6784
11709 6787
11709 6791
11709 6792
11709 6793
11709 6796
11709 6799
11709 6802
11709 6825
11709 6848
11709 6854
11709 6880
11709 6895
11709 6898
11709 6907
11709 6908
11709 6912
11709 6914
11709 6916
11709 6930
11709 6933
11709 6994
11709 7005
11709 7014
11709 7015
11709 7025
11709 7077
11709 7082
11709 7086
11709 7091
11709 7110
11709 7112
11709 7114
11709 7150
11709 7157
11709 7174
11709 7187
11709 7188
11709 7189
11709 7190
11709 7194
11709 7195
11709 7201
11709 7202
11709 7204
11709 7215
11709 7220
11709 7238
11709 7240
11709 7254
11709 7257
11709 7272
11709 7278
11709 7294
11709 7310
11709 7317
11709 7387
11709 7418
11709 7420
11709 7421
11709 7445
11709 7450
11709 7481
11709 7482
11709 7489
11709 7500
11709 7501
11709 7502
11709 7504
11709 7565
11709 7566
11709 7568
11709 7570
11709 7572
11709 7573
11709 7576
11709 7599
11709 7603
11709 7609
11709 7664
11709 7745
11709 7796
11709 7856
11709 7869
11709 7890
11709 7892
11709 7897
11709 7898
11709 7899
11709 7905
11709 7921
11709 7970
11709 7990
11709 8020
11709 8027
11709 8028
11709 8029
11709 8045
11709 8047
11709 8059
11709 8062
11709 8097
11709 8210
11709 8238
11709 8286
11709 8287
11709 8297
11709 8323
11709 8324
11709 8326
11709 8345
11709 8346
11709 8347
11709 8364
11709 8440
11709 8444
11709 8526
11709 8575
11709 8659
11709 8665
11709 8813
11709 8846
11709 8920
11709 8998
11709 9001
11709 9032
11709 9043
11709 9053
11709 9057
11709 9062
11709 9063
11709 9072
11709 9188
11709 9242
11709 9283
11709 9284
11709 9285
11709 9287
11709 9306
11709 9317
11709 9318
11709 9329
11709 9349
11709 9369
11709 9381
11709 9441
11709 9466
11709 9477
11709 9524
11709 9529
11709 9549
11709 9550
11709 9760
11709 9778
11709 9802
11709 9804
11709 9805
11709 9851
11709 9949
11709 9982
11709 9997
11709 10049
11709 10053
11709 10071
11709 10088
11709 10089
11709 10187
11709 10217
11709 10232
11709 10235
11709 10262
11709 10268
11709 10292
11709 10325
11709 10400
11709 10420
11709 10427
11709 10491
11709 10496
11709 10564
11709 10577
11709 10639
11709 10705
11709 10771
11709 10859
11709 10896
11709 10942
11709 11092
11709 11111
11709 11112
11709 11121
11709 11216
11709 11248
11709 11332
11709 11356
11709 11371
11709 11407
11709 11464
11709 11499
11709 11532
11709 11565
11709 11574
11709 11613
11709 11632
11709 11645
11709 11740
11709 11845
11709 11874
11709 11882
11709 11884
11709 11885
11709 11980
11709 11995
11709 12006
11709 12250
11709 12379
11709 12387
11709 12435
11709 12451
11709 12452
11709 12455
11709 12656
11709 12670
11709 12734
11709 12793
11709 12858
11709 12889
11709 12915
11709 12921
11709 12922
11709 12929
11709 13226
11709 13295
11709 13297
11709 13309
11709 13341
11709 13465
11709 13502
11709 14388
11709 14436
11709 14439
