14541 14541 528
1217 11482
1217 12739
1217 12871
1555 6135
1555 7467
1555 9808
1555 9983
1555 13339
7855 5
7855 19
7855 21
7855 103
7855 108
7855 172
7855 246
7855 251
7855 254
7855 257
7855 262
7855 266
7855 269
7855 278
7855 310
7855 320
7855 329
7855 417
7855 445
7855 551
7855 557
7855 561
7855 571
7855 590
7855 606
7855 680
7855 778
7855 782
7855 794
7855 831
7855 930
7855 941
7855 949
7855 1007
7855 1028
7855 1051
7855 1054
7855 1132
7855 1133
7855 1185
7855 1188
7855 1189
7855 1214
7855 1240
7855 1245
7855 1262
7855 1337
7855 1349
7855 1385
7855 1426
7855 1429
7855 1435
7855 1447
7855 1508
7855 1509
7855 1564
7855 1567
7855 1803
7855 1847
7855 1899
7855 1901
7855 1907
7855 1988
7855 2023
7855 2030
7855 2059
7855 2122
7855 2220
7855 2260
7855 2273
7855 2346
7855 2480
7855 2512
7855 2526
7855 2528
7855 2529
7855 2556
7855 2591
7855 2639
7855 2721
7855 2803
7855 2919
7855 2960
7855 2963
7855 2966
7855 2967
7855 3015
7855 3068
7855 3099
7855 3101
7855 3118
7855 3124
7855 3179
7855 3208
7855 3256
7855 3259
7855 3304
7855 3342
7855 3397
7855 3406
7855 3566
7855 3818
7855 3934
7855 3973
7855 4136
7855 4147
7855 4161
7855 4195
7855 4219
7855 4283
7855 4294
7855 4372
7855 4393
7855 4408
7855 4418
7855 4443
7855 4471
7855 4488
7855 4625
7855 4637
7855 5095
7855 5190
7855 5243
7855 5317
7855 5352
7855 5384
7855 5474
7855 5527
7855 5628
7855 5635
7855 5677
7855 5699
7855 5705
7855 5714
7855 5815
7855 5851
7855 5887
7855 5897
7855 6006
7855 6135
7855 6176
7855 6280
7855 6282
7855 6300
7855 6330
7855 6544
7855 6545
7855 6552
7855 6569
7855 6581
7855 6626
7855 6636
7855 6689
7855 6946
7855 7030
7855 7153
7855 7186
7855 7197
7855 7280
7855 7293
7855 7433
7855 7467
7855 7472
7855 7488
7855 7491
7855 7524
7855 7532
7855 7536
7855 7591
7855 7614
7855 7630
7855 7647
7855 7677
7855 7704
7855 7709
7855 7734
7855 7738
7855 7752
7855 7767
7855 7823
7855 7829
7855 7873
7855 7874
7855 7931
7855 7939
7855 7987
7855 8018
7855 8023
7855 8082
7855 8099
7855 8136
7855 8149
7855 8200
7855 8247
7855 8249
7855 8251
7855 8333
7855 8357
7855 8369
7855 8371
7855 8378
7855 8379
7855 8414
7855 8512
7855 8523
7855 8572
7855 8587
7855 8628
7855 8657
7855 8729
7855 8744
7855 8857
7855 8882
7855 8901
7855 8907
7855 8918
7855 8933
7855 8993
7855 9051
7855 9104
7855 9106
7855 9122
7855 9145
7855 9155
7855 9203
7855 9217
7855 9220
7855 9271
7855 9292
7855 9354
7855 9372
7855 9383
7855 9427
7855 9502
7855 9508
7855 9515
7855 9521
7855 9530
7855 9542
7855 9578
7855 9597
7855 9676
7855 9711
7855 9726
7855 9747
7855 9756
7855 9806
7855 9808
7855 9822
7855 9837
7855 9919
7855 9920
7855 9925
7855 9954
7855 9973
7855 9974
7855 9979
7855 9983
7855 10024
7855 10038
7855 10115
7855 10246
7855 10299
7855 10303
7855 10313
7855 10317
7855 10328
7855 10361
7855 10395
7855 10401
7855 10413
7855 10414
7855 10416
7855 10434
7855 10446
7855 10508
7855 10587
7855 10637
7855 10652
7855 10749
7855 10762
7855 10765
7855 10776
7855 10779
7855 10823
7855 10861
7855 10935
7855 10979
7855 11005
7855 11061
7855 11155
7855 11163
7855 11221
7855 11237
7855 11242
7855 11271
7855 11286
7855 11303
7855 11338
7855 11340
7855 11341
7855 11347
7855 11365
7855 11392
7855 11416
7855 11421
7855 11442
7855 11465
7855 11473
7855 11474
7855 11482
7855 11483
7855 11487
7855 11500
7855 11503
7855 11509
7855 11524
7855 11540
7855 11547
7855 11554
7855 11570
7855 11572
7855 11584
7855 11598
7855 11599
7855 11603
7855 11621
7855 11624
7855 11630
7855 11657
7855 11665
7855 11672
7855 11693
7855 11697
7855 11717
7855 11758
7855 11761
7855 11768
7855 11785
7855 11786
7855 11801
7855 11804
7855 11855
7855 11889
7855 11905
7855 11909
7855 11910
7855 11915
7855 11930
7855 11934
7855 11940
7855 11941
7855 11942
7855 11945
7855 11946
7855 11947
7855 11948
7855 11960
7855 12010
7855 12011
7855 12048
7855 12070
7855 12078
7855 12079
7855 12081
7855 12098
7855 12099
7855 12107
7855 12117
7855 12130
7855 12132
7855 12135
7855 12169
7855 12188
7855 12206
7855 12207
7855 12211
7855 12212
7855 12220
7855 12230
7855 12242
7855 12262
7855 12267
7855 12268
7855 12295
7855 12320
7855 12325
7855 12337
7855 12341
7855 12347
7855 12468
7855 12474
7855 12503
7855 12523
7855 12564
7855 12622
7855 12649
7855 12739
7855 12766
7855 12771
7855 12818
7855 12859
7855 12871
7855 12901
7855 12910
7855 12974
7855 12975
7855 12997
7855 13007
7855 13022
7855 13084
7855 13090
7855 13150
7855 13186
7855 13188
7855 13230
7855 13245
7855 13308
7855 13348
7855 13356
7855 13395
7855 13398
7855 13399
7855 13406
7855 13464
7855 13466
7855 13479
7855 13482
7855 13485
7855 13538
7855 13544
7855 13559
7855 13611
7855 13660
7855 13682
7855 13685
7855 13688
7855 13745
7855 13754
7855 13770
7855 13773
7855 13775
7855 13829
7855 13831
7855 13837
7855 13839
7855 13840
7855 13841
7855 13844
7855 13845
7855 13846
7855 13852
7855 13876
7855 13885
7855 13917
7855 13982
7855 13995
7855 14013
7855 14019
7855 14020
7855 14041
7855 14061
7855 14107
7855 14133
7855 14136
7855 14139
7855 14140
7855 14146
7855 14152
7855 14153
7855 14156
7855 14163
7855 14164
7855 14167
7855 14169
7855 14172
7855 14173
7855 14174
7855 14176
7855 14179
7855 14181
7855 14182
7855 14190
7855 14194
7855 14196
7855 14199
7855 14202
7855 14203
7855 14209
7855 14210
7855 14212
7855 14214
7855 14215
7855 14218
7855 14224
7855 14237
7855 14255
7855 14297
7855 14321
7855 14328
7855 14334
7855 14352
7855 14356
7855 14362
7855 14390
7855 14395
7855 14403
7855 14409
7855 14419
7855 14449
7855 14451
7855 14454
7855 14455
7855 14501
7855 14526
7855 14540
13010 2391
13010 7467
13010 8918
13010 13894
