14541 14541 426
15 5680
89 10988
172 924
172 2924
172 7039
172 13556
445 639
445 5855
477 1969
477 2406
477 3411
477 4643
477 9265
477 10486
493 2238
561 429
561 1334
561 1346
561 2251
561 2478
561 3486
561 3617
561 5217
561 10934
561 11158
561 13005
561 13272
571 2245
571 2265
571 2275
571 6744
571 7808
571 9099
583 1969
1089 211
1133 701
1133 3163
1133 5621
1214 4199
1337 1778
1429 555
1429 11225
1988 6285
1988 13272
2061 2117
2122 2744
2197 1980
2220 476
2220 2265
2220 3014
2220 5160
2220 5621
2302 11856
2528 6722
2803 441
3566 476
3566 619
3566 2204
3566 3058
3566 6410
3566 6630
3566 10953
3566 13473
3818 3568
3973 77
3973 425
3973 639
3973 1414
3973 1848
3973 2716
3973 4199
3973 7358
3973 11971
3973 13644
4147 6630
4147 13358
4294 5132
4294 6744
4443 4077
4443 9810
4471 639
4488 6179
5042 12668
5190 4620
5190 8520
5243 9758
5243 13931
5317 1887
5317 6776
5317 11086
5474 701
5474 907
5474 2261
5474 2716
5474 3014
5474 12668
5474 13473
5527 4643
5527 7092
5527 11879
5635 8740
5714 2716
5714 11225
5714 11971
5887 2239
6135 338
6135 425
6135 441
6135 514
6135 639
6135 706
6135 850
6135 1545
6135 1607
6135 1778
6135 1944
6135 2249
6135 2251
6135 2292
6135 2443
6135 2478
6135 2620
6135 2740
6135 2761
6135 2790
6135 3318
6135 3608
6135 4645
6135 4937
6135 5132
6135 5535
6135 5621
6135 7092
6135 7097
6135 8520
6135 9229
6135 9265
6135 9605
6135 9807
6135 10486
6135 10708
6135 10934
6135 11770
6135 13473
6135 13499
6135 13936
6135 14299
6157 3411
6176 211
6176 3486
6544 1607
6544 2924
6544 5160
6544 6630
6544 12390
6545 8881
6562 10934
6946 2588
7467 113
7467 563
7467 1085
7467 1607
7467 2239
7467 2744
7467 2790
7467 3344
7467 4554
7467 5217
7467 9758
7467 10864
7467 11857
7467 12917
7467 13603
7488 14059
7709 2588
7710 13005
7734 8881
7734 9758
7734 10864
7752 2716
7752 13644
7767 1887
7767 2249
7767 3568
7774 1852
7774 4464
7774 7092
7774 10530
7823 1944
7873 5680
7939 6285
7987 2588
8018 536
8099 3568
8099 13602
8246 1852
8248 1852
8248 4274
8249 1079
8333 8520
8357 7002
8379 5535
8512 639
8512 1085
8512 1944
8512 2204
8512 2471
8512 2912
8512 3005
8512 3014
8512 3058
8512 3360
8512 3471
8512 3617
8512 4643
8512 5111
8512 5574
8512 5680
8512 6335
8512 6692
8512 6744
8512 6776
8512 7318
8512 7358
8512 7808
8512 8520
8512 9758
8512 10708
8512 10864
8512 10934
8512 13005
8512 13814
8523 5535
8523 6335
8657 7224
8918 1414
8918 2251
8918 3014
8918 4199
8918 5896
8918 6335
8918 7039
8918 7092
8918 11879
8918 12917
8949 1921
8993 7299
9037 2716
9084 6335
9104 5535
9155 5680
9155 8710
9201 6179
9211 10310
9220 4593
9271 2744
9292 5680
9292 10864
9460 2727
9486 2443
9486 9758
9486 10864
9486 14017
9521 1944
9521 1969
9521 2238
9521 3344
9521 11971
9584 4937
9584 8881
9597 1887
9597 2204
9597 2251
9597 4643
9597 9099
9597 9265
9629 12917
9806 7412
9834 1767
9954 8207
9954 8520
9954 9810
9954 10953
9954 13473
10299 2716
10299 4199
10299 13644
10317 1969
10361 13556
10823 406
10823 425
10823 1166
10823 1848
10823 2478
10823 2925
10823 3058
10823 3110
10823 3344
10823 3471
10823 3568
10823 5621
10823 5740
10823 6335
10823 9099
10823 9229
10823 9566
10823 11794
10823 13473
11238 11971
11286 1852
11338 1333
11338 2204
11338 3411
11338 4937
11338 5855
11338 7224
11338 7299
11338 8207
11338 11223
11373 8207
11373 13473
11416 3568
11416 7039
11465 4620
11465 5535
11473 113
11473 425
11473 639
11473 1166
11473 1444
11473 1542
11473 2761
11473 3318
11473 3568
11473 3608
11473 3617
11473 7412
11473 7808
11473 8207
11473 8520
11473 9758
11473 10864
11473 10934
11473 11225
11473 11794
11473 11971
11524 1545
11524 7117
11524 13499
11537 924
11547 2238
11547 7002
11547 7808
11547 13005
11599 1444
11915 13272
11941 1444
11945 3568
11946 338
11946 563
11946 2245
11946 2251
11946 2871
11946 2924
11946 3058
11946 3092
11946 3568
11946 4077
11946 4395
11946 5738
11946 7358
11946 7655
11946 8071
11946 9229
11946 10708
11946 10934
11946 13473
12011 1333
12011 1414
12011 4645
12011 9807
12016 612
12070 639
12081 2727
12739 1085
12739 2204
12742 1852
12766 1444
12766 5535
12766 5855
12815 1414
12910 2744
12910 14017
12975 1545
12975 2866
12975 3058
12975 6800
12975 8597
12975 9207
12975 13931
13186 2478
13348 555
13348 2265
13348 7358
13654 7318
13775 10708
13775 11856
14013 1346
14013 7808
14153 2761
14153 3092
14153 4643
14153 4860
14153 5132
14153 8520
14153 10360
14153 11086
14153 11794
14159 113
14179 7092
14210 1444
14210 2610
14210 3617
14210 4643
14210 5111
14212 3617
