14541 14541 490
978 6581
978 9239
980 3095
980 9808
980 10416
980 11338
980 11522
980 12011
980 13007
1116 1496
1116 1855
1116 2582
1116 3866
1116 9808
1116 10416
1311 8502
1311 8591
1311 9239
1311 9808
1311 10416
1311 11338
1311 11522
1311 13209
1477 145
1477 1660
1477 3811
1477 5908
1477 8373
1477 9808
1477 10987
1477 11338
1477 11465
1588 2966
1588 8605
1588 9808
1588 10416
1588 10987
1588 11338
1588 11523
1588 12011
1609 3428
1609 3496
1609 3866
1609 6138
1609 6960
1609 9084
1609 11537
1609 11853
1663 440
1663 1660
1663 2071
1663 4779
1663 7367
1663 8092
1663 8114
1663 8502
1663 9808
1663 11524
1663 12011
1723 394
1723 1855
1723 2044
1723 2482
1723 2582
1723 3866
1723 6138
1723 6845
1723 8373
1723 11308
1723 11853
1723 12620
2585 6361
2585 6581
2585 9239
2795 8086
2795 8605
3039 1019
3039 8092
3039 9237
3039 10416
3039 10987
3039 11093
3039 11338
3302 3193
3302 6952
3302 10416
3508 2071
3508 2418
3508 4779
3508 5190
3508 5928
3508 8114
3508 8502
3508 8605
4166 568
4166 6545
4166 8542
4361 8114
4361 9237
4361 9808
4361 10104
4361 10416
4361 10987
4361 11093
4361 11193
4361 11338
4361 11465
4534 2418
4534 4779
4534 5190
4534 8114
4534 8605
4534 9808
4534 10416
4535 4779
4535 8114
4535 11465
4671 12911
5015 2256
5015 8086
5113 1496
5113 2044
5113 11308
5524 9808
5524 13007
5941 523
5941 1315
5941 1818
5941 2256
5941 5851
5941 6136
5941 7807
5941 8502
5941 9468
6145 440
6145 523
6145 2256
6145 3152
6145 5635
6145 5714
6145 6136
6145 6355
6145 6361
6145 6544
6145 7367
6145 8086
6145 8092
6145 8136
6145 8502
6145 8518
6145 8915
6145 9084
6145 9122
6145 9655
6145 9808
6145 10416
6145 11465
6145 11522
6145 11524
6145 12011
6145 13209
6145 14336
6259 2044
6259 9084
6259 9808
6259 12382
6655 4779
6655 10104
6655 10416
6655 10987
6655 11193
6788 745
6788 9808
6788 10987
6788 11062
6788 14068
7162 440
7162 2012
7162 3152
7162 5348
7162 5714
7162 6579
7162 7367
7162 8092
7162 8142
7162 8591
7162 8605
7162 9164
7162 9808
7162 9818
7162 10416
7162 11193
7162 11338
7162 11465
7162 11523
7162 12011
7951 1121
7951 3193
7951 10416
8385 3428
8385 3496
8437 2418
8437 4779
8437 5190
8437 8605
9038 1019
9038 1660
9038 2071
9038 2418
9038 3225
9038 4779
9038 5190
9038 5908
9038 6466
9038 8373
9038 8960
9038 9808
9038 10104
9038 10416
9038 10987
9038 11308
9038 11524
9384 10922
9436 8114
9436 8518
9436 8605
9436 10416
9436 10823
9475 4488
9475 5864
9475 6581
9475 9239
9475 11522
9520 8142
9520 8591
9520 8605
9520 8960
9520 9164
9520 9584
9520 10416
9520 11338
9520 11465
9520 11523
9520 12393
9520 12399
9520 12893
9647 1366
9647 1522
9647 2256
9647 2482
9647 3428
9647 3496
9647 6136
9647 6138
9647 6960
9647 8373
9647 9084
9647 9689
9647 9808
9647 11853
9647 12011
9647 12382
9976 440
9976 477
9976 523
9976 1019
9976 2071
9976 2256
9976 4779
9976 5190
9976 5714
9976 6136
9976 8092
9976 8114
9976 8136
9976 8502
9976 8605
9976 8915
9976 8960
9976 9122
9976 9584
9976 9808
9976 10079
9976 10416
9976 10823
9976 11338
9976 11465
9976 11524
9976 12011
9976 12910
10025 394
10025 861
10025 1855
10025 3428
10025 3866
10025 6068
10025 6138
10025 6845
10025 6960
10025 9084
10025 11405
10025 11853
10059 9808
10059 10416
10059 11662
10087 4488
10087 6581
10087 9239
10087 11522
10215 145
10215 1660
10215 3811
10215 4779
10215 5908
10215 8373
10215 9808
10215 10987
10215 11308
10215 11338
10215 14392
10613 394
10613 6683
10613 6952
10613 6960
10613 7260
10613 11662
11002 945
11002 6545
11002 9808
11002 10987
11002 11338
11002 11465
11002 11524
11149 1611
11149 1818
11149 6890
11149 10754
11177 1660
11177 3811
11177 9808
11177 10987
11177 11193
11177 11338
11177 11524
11177 12011
11222 9655
11222 14336
11282 1496
11282 1855
11282 2044
11282 2150
11282 2582
11282 3866
11282 8373
11282 8471
11282 9084
11282 9808
11282 11308
11342 8092
11342 8114
11342 10104
11342 11465
11391 145
11391 1660
11391 2418
11391 4779
11391 5908
11391 5928
11391 6544
11391 8373
11391 8518
11391 8901
11391 9808
11391 10104
11391 10416
11391 11338
11391 11465
11391 12011
11395 1502
11395 2582
11395 8373
11395 9808
11395 11308
11492 2418
11492 3811
11492 4779
11492 9808
11492 10104
11492 10987
11492 11193
11492 11308
11527 3152
11527 5851
11527 8502
11527 9084
11527 9808
11527 10416
11527 11338
11527 13209
11527 14336
11744 477
11744 1660
11744 1702
11744 3811
11744 4779
11744 8502
11744 9808
11744 10987
11744 11193
11807 394
11807 1855
11807 2044
11807 2582
11807 6845
11807 6960
11807 8471
11807 11308
11807 11853
11807 12382
12112 1366
12112 3496
12112 3866
12112 6068
12112 6138
12112 7367
12112 11537
12112 13209
12453 145
12453 1019
12453 1660
12453 4779
12453 5908
12453 8895
12453 8901
12453 9808
12453 10416
12453 11308
12498 1660
12498 3811
12498 5908
12498 6545
12498 9808
12498 10987
12498 11193
12498 11338
12498 11524
12498 12011
12940 1019
12940 8605
12940 8960
12940 10416
13001 6355
13068 394
13068 2042
13068 6138
13068 6683
13068 6960
13068 7260
13068 8471
13068 11662
13068 11853
13197 394
13197 2042
13197 2482
13197 2582
13197 3199
13197 6138
13197 6683
13197 6960
13197 8518
13197 9354
13197 11308
13197 12011
13197 12382
13240 4277
14053 1496
14053 3866
14053 8518
14053 9084
14053 9808
14113 3428
14113 6138
14114 861
14114 1366
14114 3866
14114 6138
14115 814
14115 3428
14115 3677
14115 6138
