14541 14541 481
55 4552
127 10559
144 13351
147 10559
169 10559
192 2181
227 13351
231 10559
236 2181
280 2181
335 10559
349 4552
355 2181
373 2181
410 10559
452 2181
478 10559
479 10559
521 10559
547 2181
552 10559
560 10559
681 14045
692 10559
768 10559
793 10559
849 10103
855 2181
859 10559
860 10559
869 10559
874 10559
893 10559
946 2181
971 2181
1039 10559
1042 10559
1081 10559
1086 10559
1093 10559
1144 10559
1152 13351
1154 10559
1156 10559
1169 10559
1184 10559
1194 2181
1218 10559
1237 10559
1243 10559
1249 13351
1287 10559
1305 2181
1332 2181
1399 10559
1425 10559
1436 10559
1440 2181
1449 2181
1536 4552
1537 4552
1558 4552
1559 10559
1604 2181
1646 10559
1669 10559
1673 10559
1678 10559
1687 10559
1693 13351
1700 10559
1725 10559
1761 10559
1762 10559
1763 10559
1796 10559
1797 10559
1798 10559
1799 10559
1800 10559
1810 10559
1811 10559
1812 10559
1813 10559
1814 10559
1815 10559
1816 10559
1833 10559
1839 10559
1844 14045
1861 2181
1918 10559
1930 10559
1968 10559
1989 4552
1994 10559
2004 10559
2016 4552
2075 10559
2116 10559
2120 10559
2129 10559
2132 10559
2149 10559
2154 10559
2160 4552
2176 2181
2207 10559
2214 10559
2218 10559
2233 10559
2242 10559
2254 13351
2263 10559
2274 10559
2286 10559
2295 13351
2299 10559
2306 10559
2316 10559
2318 10559
2336 10559
2338 10559
2343 10559
2360 10559
2364 10559
2375 10559
2394 10559
2397 10559
2415 10559
2421 10559
2422 10559
2442 10559
2455 10559
2473 10559
2489 10559
2491 10559
2517 2181
2535 10559
2544 10559
2569 10559
2603 10559
2612 4552
2627 10559
2634 2181
2644 2181
2647 2181
2668 10559
2676 10559
2713 10559
2806 10559
2818 10559
2857 10559
2901 10559
2983 10559
3002 2181
3008 2181
3013 10559
3021 10559
3038 14045
3044 14045
3075 10559
3082 10559
3150 2181
3186 10559
3195 10559
3213 4552
3223 10103
3226 10103
3234 10559
3236 4552
3238 10559
3254 10559
3266 10559
3269 10559
3282 10559
3292 10559
3311 10559
3316 10559
3329 10559
3332 10559
3339 10559
3385 10559
3395 10559
3409 2181
3446 10559
3540 4552
3547 10559
3561 10559
3606 10559
3655 2181
3687 10559
3695 10559
3751 10559
3798 10559
3831 2181
3832 10559
3835 10559
3836 10559
3876 10559
3878 10559
3936 10559
3954 10559
3974 10559
3989 10559
4079 10559
4081 4552
4086 10559
4099 10559
4109 10559
4110 10559
4119 2181
4137 10559
4145 10559
4159 10559
4178 10559
4201 10559
4206 10559
4208 14045
4213 10559
4231 10559
4261 10559
4268 10559
4284 10559
4291 10559
4313 10559
4330 10559
4336 10559
4341 10559
4344 10559
4346 10559
4362 10559
4370 10559
4375 10559
4390 10559
4401 2181
4404 10559
4405 10559
4415 10559
4420 4348
4430 10559
4433 10559
4480 10559
4481 10559
4501 10559
4517 10559
4518 10559
4563 10559
4564 10559
4590 10559
4603 10559
4608 10559
4617 10559
4618 10559
4638 2181
4642 10559
4666 10559
4690 10559
4693 4552
4699 10559
4729 10559
4745 10559
4809 10559
4823 10559
4902 10559
4907 10559
4910 14045
4970 10559
4973 10559
4984 10559
4988 10559
5012 10559
5038 10559
5043 10559
5061 10559
5116 10559
5117 10559
5137 13351
5151 10559
5158 10559
5195 10559
5296 10559
5297 10559
5342 10559
5361 10559
5375 10559
5409 10559
5410 10559
5411 10559
5412 10559
5413 10559
5423 10559
5424 10559
5437 10559
5469 2181
5480 10559
5523 4348
5533 10559
5567 10559
5611 10559
5622 10559
5634 2181
5667 4348
5704 10559
5707 10559
5713 4552
5725 10559
5760 4552
5783 10559
5785 10559
5788 10559
5793 10559
5807 10559
5833 10559
5909 10559
5919 10559
6004 10559
6093 10559
6100 10559
6133 4348
6142 10559
6187 10559
6209 10559
6214 10559
6272 10559
6304 10559
6433 10559
6502 10559
6620 10559
6633 10559
6651 4348
6676 10559
6682 10559
6685 10559
6688 10559
6742 10559
6795 10559
6887 4552
6953 10559
6961 10559
6980 10559
7093 10559
7199 10559
7258 10559
7261 10559
7270 10559
7316 10559
7353 10559
7380 10559
7428 10559
7525 10559
7683 10559
7712 10559
7776 10559
7824 10559
7938 14045
7996 10559
8039 4552
8048 10559
8194 10559
8370 10559
8478 10559
8500 10559
8571 4552
8631 10559
8675 10559
8679 10559
8722 10559
8807 10559
8809 10559
8830 2181
8890 14045
8894 10559
8909 10559
8973 10559
9020 10559
9045 10559
9054 10559
9102 10559
9150 10559
9189 10559
9228 10559
9359 14045
9463 14045
9464 10559
9481 10559
9562 10559
9701 10559
9819 10559
9823 10559
9825 2181
9826 2181
9830 2181
9831 2181
9842 10559
9845 10559
9846 10559
9847 10559
9849 10559
9850 13351
9855 10559
9857 10559
9859 10559
9861 2181
9863 4552
9874 10559
9876 10559
9878 14045
9882 2181
10065 10559
10086 10559
10093 14045
10169 10559
10312 10559
10448 10559
10490 4552
10515 2181
10520 10559
10524 10559
10679 2181
10791 10559
10916 10559
11046 10559
11299 10559
11335 10559
11494 10559
11530 2181
11883 4552
11904 10559
11918 10559
11927 10559
12396 10559
12443 10559
12482 10559
12500 2181
12505 2181
12517 2181
12518 2181
12666 10559
12762 2181
12797 10559
12851 10559
12866 2181
12966 10559
13028 10559
13087 14045
13089 10559
13165 2181
13224 10559
13298 10559
13338 10559
13352 10559
13441 2181
13455 10559
13494 4552
13498 10559
13504 10559
13550 2181
13564 4552
13569 10559
13918 2181
13946 2181
14275 10559
14314 10559
14347 2181
14424 14045
14456 2181
14459 2181
14460 2181
14461 2181
14462 2181
14468 2181
14469 2181
14470 2181
14473 2181
14475 2181
14476 2181
14477 2181
14479 2181
14480 2181
14481 2181
