14541 14541 429
689 8512
944 9104
963 7467
978 7433
980 3095
980 6581
980 7143
980 11522
985 9271
1116 4443
1311 11522
1588 12399
1609 172
1609 8089
1609 8518
1609 8853
1609 9084
1609 12011
1609 12912
1663 12011
1723 3566
1723 4443
1723 4488
1723 12924
2585 7433
2795 1315
2795 4443
2795 5714
2795 7153
2795 8605
2795 9108
2795 10416
2795 11520
3039 6562
3039 8529
3039 8960
3302 8089
3302 10416
3418 10416
3508 8605
3508 10390
3996 12011
4166 568
4361 4488
4361 7401
4361 7774
4361 9594
4361 12742
4471 9808
4534 4443
4671 3428
4671 4471
5015 596
5400 12
5400 11940
5524 5237
5524 13007
6145 7783
6145 11522
6145 12990
6256 2256
6256 2273
6256 5714
6256 6136
6256 7738
6256 7766
6256 8502
6256 9468
6256 9521
6256 9689
6256 11331
6256 12770
6256 12998
6259 3199
6259 4443
6259 8502
6259 9354
6259 12902
6655 4488
6655 7401
6788 6545
7070 5474
7162 7153
7244 12766
7403 12766
8385 3428
8385 3496
8385 9155
8437 579
8437 6466
8437 7366
8437 7413
8437 7766
8437 8605
8437 9812
8568 4443
8568 9108
8568 10416
8568 11524
8653 445
8654 445
8655 445
9038 2102
9038 5190
9038 6579
9038 7120
9038 7769
9038 8502
9038 9812
9038 11308
9038 11533
9038 13016
9038 13018
9214 7467
9384 7710
9384 9258
9384 12822
9436 6634
9436 8098
9436 9084
9475 7783
9520 1315
9520 2966
9520 7429
9520 9415
9520 12399
9647 4443
9679 8146
9976 4443
9976 4868
9976 7710
9976 7783
9976 8529
9976 8901
9976 9103
9976 9415
9976 11702
9976 12912
9976 12924
10025 3566
10025 4443
10025 8089
10059 8089
10059 8529
10059 12924
10087 7783
10215 7783
10497 445
10552 11940
10613 8089
10628 445
10689 445
10690 8321
10830 7340
10830 8857
10830 9360
10830 11261
10830 11910
10830 11947
10830 12188
10830 12212
10830 12242
10830 13485
10830 14454
10831 0
10831 12
10831 6300
10831 7410
10831 11155
10831 11638
10831 11672
10831 12188
10831 13257
10831 14134
10831 14305
10832 12
10832 3934
10832 6300
10832 7340
10832 9360
10832 10378
10832 10746
10832 11557
10832 11672
10832 11930
10832 12016
10832 13257
10832 13754
10832 14258
10833 310
10833 3934
10833 5474
10833 7410
10833 9271
10833 11261
10833 11638
10833 11672
10833 11889
10833 11940
10833 12212
10833 13485
10834 266
10834 310
10834 3934
10834 4161
10834 6300
10834 11155
10834 11732
10834 11930
10834 11940
10834 11941
10834 13485
10835 310
10835 1133
10835 2529
10835 9360
10835 11630
10835 11940
10835 11945
10835 12016
10835 12188
10835 12212
10835 12242
10835 13485
10836 310
10836 2529
10836 5474
10836 7340
10836 7410
10836 11630
10836 11930
10836 11940
10836 13002
10836 13485
10836 14256
10836 14349
10837 310
10837 4161
10837 8333
10837 10378
10837 11155
10837 11630
10837 11638
10837 11941
10837 12163
10837 12188
10837 12242
10837 13257
10838 310
10838 4161
10838 10746
10838 11665
10838 11905
10838 11930
10838 11940
10838 11941
10838 11945
10838 12242
10838 13840
10838 14356
10839 310
10839 3934
10839 9360
10839 11630
10839 11940
10839 12016
10839 12163
10839 12188
10839 12212
10839 13985
10839 14349
10840 310
10840 2529
10840 3934
10840 7340
10840 10378
10840 11638
10840 11672
10840 11732
10840 11889
10840 13257
10840 13986
10840 14134
10841 8333
10841 9271
10841 9360
10841 11630
10841 11940
10841 12188
10841 12212
10841 12242
10841 14013
10841 14454
10842 12
10842 5474
10842 9534
10842 10746
10842 11638
10842 11941
10842 11946
10842 12212
10842 12262
10842 13466
10842 14297
10844 310
10844 4161
10844 11155
10844 11638
10844 11732
10844 11889
10844 11905
10844 11941
10844 12163
10844 12242
10844 14013
10844 14134
10846 14356
10849 310
10849 1133
10849 9271
10849 9534
10849 10378
10849 11638
10849 11930
10849 11947
10849 12262
10849 13219
10849 13257
10849 13466
10849 14196
10947 7467
11002 9232
11002 12910
11010 3934
11084 445
11135 12
11135 310
11135 3934
11135 6300
11135 7340
11135 9360
11135 11941
11135 12163
11135 12212
11135 12255
11135 13257
11135 13840
11136 3934
11136 7340
11136 10303
11136 10378
11136 11261
11136 11630
11136 11665
11136 11786
11136 11940
11136 12240
11136 13485
11136 14356
11195 5474
11222 12990
11265 13773
11282 4443
11342 8270
11391 4443
11391 7783
11391 11702
11391 12912
11395 11443
11492 4443
11527 11522
11744 440
11744 12011
11807 4443
11997 11523
12112 12011
12356 445
12359 13150
12449 7401
12453 11523
12461 12766
12498 10536
12498 13370
12647 5474
12813 5474
12843 13150
12865 445
12940 11523
12942 12766
12994 9292
13001 6581
13001 9994
13020 310
13030 7939
13068 2022
13068 3564
13068 3566
13068 5705
13068 8089
13068 12924
13148 3973
13197 4443
13197 6545
13197 8089
13197 8591
13197 11702
13240 10416
13240 12924
13241 13773
13242 9711
13244 1007
13411 1447
13412 12871
13413 5474
13416 7709
13426 4372
13427 7704
13439 9578
13440 8918
13453 11341
13462 6282
13472 5474
13493 13186
13838 8512
14053 6634
14114 4488
14114 6634
14115 6581
14281 12295
