14541 14541 150
924 454
924 1024
924 10391
2117 621
2117 654
2117 1079
2117 5332
2117 7295
2117 11979
2117 12440
2117 14060
2117 14072
6032 448
6032 896
6032 2045
6032 2174
6032 3990
6032 8913
6032 10455
6032 11346
6032 12545
6032 14299
6357 39
6357 85
6357 137
6357 163
6357 289
6357 293
6357 298
6357 361
6357 408
6357 448
6357 454
6357 470
6357 472
6357 527
6357 731
6357 828
6357 1024
6357 1390
6357 1549
6357 1601
6357 1661
6357 1713
6357 1898
6357 1946
6357 2045
6357 2127
6357 2203
6357 2229
6357 2572
6357 2725
6357 2733
6357 2878
6357 3896
6357 3906
6357 3965
6357 3990
6357 4234
6357 4435
6357 4460
6357 4520
6357 5603
6357 5743
6357 5744
6357 5915
6357 6181
6357 6183
6357 6398
6357 6411
6357 6849
6357 6928
6357 6950
6357 6970
6357 7007
6357 7029
6357 7237
6357 7589
6357 8046
6357 8362
6357 8641
6357 8756
6357 8913
6357 8921
6357 9009
6357 9999
6357 10391
6357 10455
6357 10598
6357 10931
6357 11167
6357 11262
6357 11325
6357 11326
6357 11346
6357 11355
6357 11576
6357 11631
6357 11775
6357 11937
6357 12000
6357 12533
6357 12543
6357 12545
6357 12606
6357 12681
6357 12711
6357 12730
6357 12846
6357 12853
6357 12933
6357 12965
6357 13218
6357 13409
6357 13419
6357 13463
6357 13501
6357 13963
6357 14000
6357 14028
6357 14083
6357 14299
7689 2245
7689 2666
7689 2718
7689 10391
7689 11098
7689 11109
11588 6928
11588 8921
12003 178
12003 6817
14057 393
14057 448
14057 2538
14057 2570
14057 2703
14057 2758
14057 5228
14057 6057
14057 6226
14057 7029
14057 9972
14057 10391
14057 11521
14057 11897
14057 11979
14057 13514
14057 14000
14057 14408
