14541 14541 1196
50 337
51 5822
52 337
56 9746
57 4184
60 10139
61 6175
64 418
66 4094
66 13331
67 3336
71 418
72 3393
73 10139
74 2101
74 8648
75 5870
112 6175
131 3336
146 337
156 4094
288 2399
288 2853
315 1970
315 4265
347 142
351 1940
378 5216
379 4297
383 4476
385 3336
388 3336
409 5822
481 3053
485 1940
525 6173
545 5777
549 3053
549 11784
554 4475
559 4265
572 2067
585 4297
613 4106
632 4094
640 11018
666 3053
669 6173
670 2579
671 1103
720 542
728 9746
733 5822
736 1281
738 5822
738 5929
739 337
744 4975
747 12153
752 2958
754 6175
760 6867
761 3393
774 3336
817 2718
829 2579
830 2579
844 2229
852 9934
935 1103
935 8417
1010 2941
1025 4184
1037 337
1064 10821
1111 3053
1113 6404
1113 6405
1147 337
1168 1940
1197 6175
1216 8122
1220 9755
1226 2072
1242 696
1293 6175
1308 4094
1319 8648
1338 3976
1348 2941
1350 1940
1379 2579
1448 696
1450 8122
1456 4475
1457 4475
1463 4184
1497 337
1503 337
1528 10618
1531 6173
1533 3198
1574 4184
1597 13066
1637 140
1647 10807
1655 9838
1704 2755
1704 4094
1707 4094
1708 7275
1709 9644
1710 9644
1715 8779
1716 2067
1719 4184
1741 4184
1755 9746
1770 1264
1770 1265
1780 2072
1788 3336
1802 3198
1804 2958
1805 9469
1835 5955
1837 2399
1851 2743
1853 6173
1858 5059
1882 1281
1883 1281
1884 1281
1885 1940
1892 2941
1908 2941
1973 2052
1979 923
2003 3336
2013 542
2082 1202
2288 7622
2288 8977
2291 9755
2305 4184
2315 5023
2328 1720
2328 6867
2329 11018
2330 2040
2340 7622
2355 9644
2374 8977
2377 4094
2382 9934
2407 2579
2437 1281
2464 2040
2469 4265
2481 4094
2493 2027
2493 2620
2493 2918
2493 3047
2493 5062
2493 5796
2493 6867
2503 418
2515 4297
2534 2579
2539 10807
2641 4297
2641 9185
2673 6175
2684 2134
2767 4184
2828 10139
2843 5059
2970 418
2978 696
3040 2052
3105 6175
3133 2067
3187 14003
3192 8648
3218 4184
3262 1582
3276 8779
3355 1720
3367 4265
3378 13066
3391 4265
3392 4094
3421 4297
3422 13066
3423 4094
3424 337
3465 4475
3494 8122
3504 337
3506 2579
3511 8940
3541 1281
3542 1281
3562 337
3576 418
3602 12012
3628 2072
3639 1281
3641 11018
3642 2052
3651 4475
3657 7275
3675 3336
3699 1720
3709 140
3713 6175
3758 337
3774 7540
3783 8977
3806 4094
3819 11811
3822 2958
3850 10121
3857 9714
3858 6175
3869 4106
3871 714
3872 4094
3883 8122
3915 4475
3918 1371
3919 5062
3921 337
3922 9755
3923 9838
3926 696
3928 3976
3944 5203
3945 10121
3963 3053
3964 696
3972 8122
3983 4184
3991 4476
3992 8977
4002 5403
4011 418
4015 9644
4016 7858
4073 418
4114 5955
4115 2579
4129 11074
4132 696
4141 4184
4142 142
4174 418
4188 2579
4192 10640
4193 13066
4212 2941
4215 4476
4267 10807
4279 418
4279 4476
4281 3336
4310 2399
4342 7858
4343 140
4347 4975
4414 3245
4414 3890
4414 9901
4414 13997
4473 4184
4477 9644
4484 337
4512 3336
4581 11099
4583 7622
4586 5062
4611 2579
4647 337
4657 7275
4673 1281
4686 418
4695 12621
4701 4475
4703 9644
4726 9644
4730 337
4750 2153
4751 6175
4774 2040
4777 87
4790 4476
4806 3336
4811 4975
4818 1143
4819 12153
4821 2958
4827 1357
4829 4476
4834 2279
4855 11018
4857 11018
4865 8977
4869 10807
4873 11099
4875 7540
4877 2579
4887 11074
4916 7622
4924 2579
4928 6175
4933 10121
4949 2050
4951 2050
4959 542
4961 337
4994 7540
5000 3053
5004 467
5004 2072
5004 4094
5004 7622
5004 8940
5004 10139
5034 6175
5047 3336
5056 1281
5102 2050
5104 4475
5130 10807
5133 10807
5135 5062
5144 2052
5157 2403
5157 11255
5166 4475
5168 418
5172 8977
5191 12621
5209 1582
5211 1963
5223 9755
5224 4094
5248 12153
5279 2072
5280 8977
5289 8122
5302 4265
5320 418
5321 9838
5350 2399
5358 7275
5393 2050
5393 4307
5393 13066
5395 4106
5405 4476
5405 9746
5491 337
5492 2579
5493 337
5494 337
5495 337
5496 10139
5506 12237
5521 4094
5532 3053
5534 9746
5537 337
5550 9838
5569 1720
5569 7622
5578 3053
5595 1963
5597 696
5599 4655
5599 4909
5610 4184
5612 4094
5617 1720
5623 12153
5632 8122
5646 4184
5658 5822
5668 4297
5670 6292
5671 12621
5674 418
5674 3393
5685 10121
5686 2638
5697 4094
5698 2958
5703 2399
5717 4475
5717 8122
5717 8977
5722 4094
5726 337
5729 2228
5729 7885
5731 13358
5756 10318
5767 4476
5803 12153
5875 1582
5875 8648
5903 5023
5904 1940
5912 5059
5926 1720
5926 7622
5926 10139
5960 2134
5964 6175
5966 13333
5972 2040
5976 2171
5977 5955
5987 2171
5993 2579
5994 2941
6002 13066
6081 2579
6118 9755
6130 12145
6160 2958
6169 209
6169 337
6169 1970
6169 3336
6172 12621
6188 1808
6195 5023
6198 4969
6198 11811
6206 1582
6273 8977
6281 2052
6293 3203
6295 2067
6331 11018
6333 4094
6380 8977
6381 2050
6394 5216
6400 2050
6403 8977
6407 7622
6421 7622
6428 6175
6441 1963
6442 2072
6456 5777
6473 696
6484 3336
6484 10984
6490 10640
6499 4475
6518 11455
6531 4297
6539 3336
6554 2067
6561 2050
6568 2579
6573 2958
6580 1963
6585 2040
6594 3336
6597 2072
6598 4475
6600 2072
6616 696
6621 8977
6650 9746
6660 7622
6669 7540
6670 2040
6680 8658
6711 8648
6735 418
6751 418
6765 12621
6789 4476
6810 2729
6810 4168
6810 6174
6810 10807
6818 10139
6819 7540
6821 2920
6828 7275
6842 2153
6865 11455
6868 4476
6868 12153
6873 6867
6904 4476
6922 337
6925 337
6941 9989
6971 9755
6976 5023
6978 140
6987 13066
6990 4094
7010 11018
7040 1926
7040 6292
7040 8977
7053 12153
7058 1264
7072 2885
7080 6175
7095 9755
7109 142
7109 2134
7115 7622
7122 2050
7129 2171
7134 4846
7141 4094
7165 2279
7172 10121
7177 5955
7183 5203
7216 9934
7231 8648
7233 2579
7251 9838
7285 3336
7289 3334
7301 4184
7333 8977
7355 6175
7357 4297
7368 2072
7371 7622
7379 9635
7379 12862
7386 9746
7388 9746
7404 4094
7407 4475
7417 2941
7430 2134
7430 2171
7438 696
7446 7885
7463 2579
7465 4094
7466 2638
7475 1940
7486 2958
7495 2067
7511 8122
7533 2958
7543 10139
7553 337
7584 5216
7624 4094
7626 4184
7643 11074
7687 12153
7697 3336
7700 11228
7703 6175
7721 337
7726 8977
7731 2072
7731 8940
7731 10121
7735 2741
7742 3198
7743 1795
7758 2579
7768 11455
7771 10138
7794 4094
7802 2050
7811 1720
7816 3336
7822 9838
7825 4307
7841 2134
7868 418
7871 2958
7876 1881
7876 8122
7919 2067
7930 2101
7959 2171
7992 8122
8002 5822
8011 4975
8012 8977
8026 8977
8031 2941
8036 1963
8044 11018
8065 12145
8095 1103
8145 7339
8167 418
8175 10139
8180 987
8182 337
8189 4728
8211 6173
8212 6067
8212 6803
8217 12145
8222 8779
8244 6175
8252 5822
8277 4665
8315 10640
8331 5822
8350 13580
8353 4476
8354 4476
8403 9838
8415 11455
8426 13066
8429 418
8448 2958
8452 5955
8462 4476
8469 1720
8470 11455
8475 6867
8480 8977
8491 4476
8492 2072
8506 2853
8506 9775
8528 2579
8543 171
8549 8977
8558 6867
8559 10807
8562 9746
8570 3053
8570 10807
8577 4475
8603 10139
8664 542
8684 4476
8698 1963
8701 6175
8705 4476
8717 11018
8721 8977
8747 10139
8748 4475
8754 7622
8755 11018
8758 7622
8760 1651
8772 9755
8776 5955
8777 4297
8788 4184
8800 4297
8803 418
8814 9755
8816 9838
8817 4094
8834 3336
8849 2153
8862 2729
8862 6182
8874 4475
8880 9838
8885 2072
8886 9838
8899 3336
8914 8417
8966 8977
8974 7540
8983 2941
8983 3626
8985 8977
9047 2579
9050 2743
9152 2703
9177 4184
9178 3336
9202 4475
9213 10121
9230 2134
9236 8122
9256 9755
9259 418
9260 11455
9274 7858
9293 4475
9308 12153
9327 10807
9331 3976
9332 8977
9333 337
9341 4297
9367 2958
9379 5216
9389 4184
9393 337
9428 1281
9434 542
9444 2579
9453 418
9456 3393
9456 12153
9457 7622
9488 337
9488 3336
9489 11455
9514 4475
9525 4475
9540 6175
9541 418
9546 2722
9546 5920
9546 9547
9546 13211
9563 5023
9569 542
9570 2579
9603 87
9608 418
9611 4475
9646 4476
9653 2958
9656 1963
9660 2958
9668 4476
9677 7622
9727 8779
9731 4475
9735 2072
9739 5955
9745 2941
9784 4307
9798 1940
9828 1963
9832 2885
9841 12012
9844 1582
9844 2050
9852 9635
9892 2228
9933 9746
9946 8977
9956 6175
9995 1940
10001 418
10015 1963
10016 2279
10033 4297
10033 8940
10033 10121
10042 1103
10050 2072
10068 7622
10078 7275
10080 8977
10094 3245
10094 3890
10116 1970
10120 5822
10136 2885
10137 2171
10146 12862
10155 11074
10160 4297
10166 7622
10179 4297
10182 548
10182 1869
10182 10346
10189 1281
10192 4476
10197 13580
10200 10640
10205 7540
10216 9746
10218 1949
10218 6061
10221 11455
10224 4297
10225 4184
10247 2853
10259 2194
10270 418
10270 8977
10273 2399
10275 2134
10275 10807
10286 2050
10294 13944
10301 4475
10322 2040
10345 4106
10355 2050
10407 8977
10429 4264
10429 4265
10432 1143
10432 6803
10432 10315
10433 1916
10433 2018
10433 3203
10433 6061
10466 4094
10473 2050
10481 7540
10483 11455
10495 987
10504 8764
10534 7622
10544 4094
10547 4184
10566 2153
10573 9644
10575 8177
10590 4476
10592 418
10592 3393
10611 12862
10616 8977
10621 8177
10624 2040
10626 4297
10636 11018
10646 337
10653 6175
10656 6175
10673 418
10676 1963
10681 4475
10685 1720
10704 142
10709 1582
10711 2052
10713 2134
10724 4264
10724 4265
10726 5062
10729 2958
10778 8648
10781 87
10782 5062
10783 418
10788 9635
10794 4975
10798 2920
10802 11018
10806 6175
10808 6175
10822 87
10827 10921
10829 9935
10865 4969
10869 4476
10872 10807
10877 11811
10878 1949
10884 4475
10906 4476
10911 5059
10932 5059
10936 5203
10937 1281
10940 10408
10963 11018
10967 11063
10973 4616
10974 4475
10978 2958
10981 6292
10985 418
10991 2171
10992 13066
11027 2194
11029 13333
11038 2067
11039 4475
11045 4184
11049 418
11049 4476
11052 10139
11055 4184
11064 2134
11071 7540
11075 10807
11079 3198
11097 9644
11108 5059
11140 4476
11146 2050
11151 3198
11152 2958
11162 4476
11173 4476
11183 4475
11184 4094
11207 4476
11212 6074
11241 6173
11243 1940
11251 5023
11251 9469
11253 542
11253 4094
11259 5403
11278 9320
11280 9935
11281 12621
11287 7622
11288 337
11293 4475
11297 1940
11298 11063
11311 1970
11314 3336
11320 2052
11334 2579
11377 87
11379 1940
11396 2579
11398 7540
11404 9755
11415 10640
11425 8472
11425 11811
11426 6173
11427 10618
11428 4969
11429 5059
11438 10315
11439 714
11458 1371
11490 1970
11495 4106
11505 2279
11511 2171
11580 4265
11594 10121
11595 1103
11612 9755
11625 3053
11626 9755
11640 4476
11649 337
11664 5955
11666 10807
11677 4094
11685 5955
11689 337
11691 337
11700 337
11705 13358
11707 107
11707 4307
11728 4094
11734 5822
11735 2703
11748 2579
11752 5955
11754 5955
11755 418
11766 142
11776 8648
11777 337
11778 6175
11779 2743
11797 2941
11800 337
11809 4184
11813 337
11822 9469
11825 4297
11827 1720
11829 2958
11831 5955
11834 1963
11836 7622
11847 337
11852 13446
11876 11455
11886 696
11961 418
11969 4184
11972 8179
11977 337
11987 4184
12026 4094
12056 337
12064 4094
12072 3336
12075 4476
12147 8977
12148 2072
12149 5822
12160 2050
12180 4184
12192 4184
12210 696
12218 1281
12221 2279
12284 1281
12290 4094
12314 9746
12322 12145
12343 9644
12354 4094
12364 1949
12365 1970
12366 13211
12369 4476
12375 5403
12386 5955
12391 142
12405 2958
12406 1281
12420 5062
12425 7540
12429 1795
12430 9935
12447 2171
12456 8123
12460 11455
12464 11455
12488 13066
12490 8123
12491 418
12511 4476
12512 12763
12515 589
12521 3198
12522 12621
12526 2279
12530 337
12532 4476
12535 12621
12540 337
12547 2279
12547 11507
12548 3550
12558 2153
12604 1795
12613 7275
12617 2579
12628 11455
12631 2194
12634 5870
12634 7479
12634 11228
12655 5216
12660 6175
12662 418
12664 12621
12667 5059
12672 10807
12677 8940
12689 1795
12691 11455
12697 14007
12703 13066
12716 13193
12721 2050
12725 3336
12735 1143
12735 5203
12735 6803
12741 2958
12769 7275
12775 4094
12802 337
12806 4475
12832 9635
12877 2279
12880 2212
12899 337
12925 11455
12927 11455
12943 4975
12950 5203
12967 2887
12967 6046
12968 1940
12991 4461
13026 4476
13083 4265
13095 542
13098 337
13099 9704
13099 13956
13113 87
13129 5059
13133 3053
13134 5216
13139 337
13143 6067
13149 5187
13149 8658
13154 10124
13169 4475
13189 5203
13190 10821
13191 9935
13192 5216
13195 1940
13196 5023
13202 542
13204 9320
13204 10315
13212 1795
13223 337
13232 5203
13235 10821
13236 5059
13238 2279
13315 9928
13316 4094
13317 9755
13323 11455
13324 5059
13325 4476
13326 5216
13328 1686
13329 2050
13477 3198
13533 2228
13545 11806
13555 418
13577 5059
13578 1795
13579 5216
13593 5023
13600 1281
13750 10885
13751 13944
13755 1268
13813 2052
13821 6292
13833 10121
13850 2579
13935 3053
13949 1929
13961 2579
13964 87
13966 923
13976 5023
13977 1103
13978 1264
13981 6867
13984 418
13989 3336
13992 5403
13993 3245
13993 6501
13993 13997
14005 3053
14031 10139
14032 5062
14043 4094
14049 142
14050 9644
14051 2579
14086 1970
14119 418
14120 1949
14124 140
14125 9934
14274 4184
14276 1970
14278 4106
14279 6173
14283 13535
14440 1281
14441 696
14442 3198
14442 4106
14443 8658
14493 1970
14495 3198
14503 418
14505 3198
14506 1940
