14541 14541 373
51 3842
56 11006
57 11956
61 7656
64 3842
67 10409
72 10409
74 11433
75 8213
146 8158
347 10194
377 8982
485 9044
525 9134
545 6549
613 12551
669 9182
670 2342
720 8737
736 8213
739 9182
747 7656
752 5999
915 10081
1035 3388
1147 9171
1220 11956
1319 11433
1456 11956
1457 11956
1459 3388
1461 3388
1462 3388
1533 9131
1708 5180
1741 7656
1770 9171
1780 3824
1788 11006
1823 8158
1825 9131
1832 7656
1834 4976
1885 11006
2250 4976
2315 10194
2374 5180
2382 10256
2467 9182
2547 3684
2641 5180
2673 7656
2996 11006
3133 3824
3251 360
3276 9709
3337 8868
3355 5999
3494 3824
3511 8940
3516 9891
3602 9134
3639 9134
3675 9011
3699 3824
3721 10409
3758 5989
3770 5989
3797 3388
3806 5999
3819 8982
3857 9182
3869 9496
3921 11956
3923 6204
3944 8115
4074 5180
4115 4976
4141 7656
4142 10194
4186 11433
4188 11957
4281 7352
4323 8213
4343 9134
4512 8158
4522 4976
4581 10227
4586 9709
4651 10194
4673 3684
4726 5999
4730 9182
4784 10227
4790 11957
4818 5021
4819 10409
4827 11006
4829 7656
4832 11802
4839 7327
4922 8158
4924 8158
4933 5871
5000 7352
5056 3684
5135 5871
5157 9579
5182 7656
5289 10826
5358 5180
5365 9182
5379 9709
5395 12551
5405 3824
5493 10194
5511 8868
5532 3824
5595 11957
5610 11956
5612 10409
5617 6549
5681 12551
5697 5871
5726 11006
5756 4976
5767 11433
5803 5180
5903 11006
5912 11802
5937 3842
5979 9182
5993 7656
5994 3842
5995 7656
5995 9709
6169 11956
6305 4976
6333 10826
6337 11433
6363 8213
6400 5999
6403 10826
6520 5180
6580 11957
6680 5871
6680 8213
6780 3824
6789 10194
6868 3842
6871 9225
6904 10826
6922 9171
6949 8868
6978 10256
6991 9225
7115 10194
7116 6549
7129 6549
7139 3824
7141 5999
7233 9182
7298 4976
7379 7370
7388 10227
7430 5999
7475 13116
7533 13116
7584 8115
7592 5999
7700 8213
7721 10227
7731 8940
7758 11006
7771 10419
7792 5871
7794 588
7876 10409
7919 9182
8100 9182
8244 7656
8335 10039
8354 3388
8462 5180
8506 9496
8543 9891
8652 9011
8684 10826
8754 11433
8760 5021
8772 6204
8777 10409
8812 3824
8814 3824
8816 5180
8930 10826
8985 10409
9162 13116
9213 7656
9281 8982
9293 11956
9316 9225
9340 9891
9389 3824
9489 5180
9540 7656
9563 8982
9569 10826
9603 10039
9646 11957
9653 7656
9660 7656
9674 9182
9677 5180
9732 9182
9745 8737
9832 7656
9836 3842
9865 5180
9892 9496
9933 8158
9956 13116
10001 11956
10016 3694
10016 9930
10033 8863
10033 8940
10050 7370
10066 10227
10074 3824
10166 11433
10218 10409
10225 6549
10259 5180
10297 8158
10301 10227
10319 3824
10345 9579
10425 9225
10433 8982
10547 7656
10575 8737
10585 13116
10611 10256
10638 9182
10713 11433
10788 10039
10806 7656
10808 7656
10829 9338
10866 8982
10869 10194
10877 11802
10911 10077
10936 8115
11025 11006
11039 11956
11079 9131
11085 9182
11097 10409
11140 5999
11152 588
11186 9225
11212 9712
11251 5871
11253 3388
11259 9171
11336 11956
11379 10081
11424 9579
11427 5989
11428 9891
11495 11802
11505 3694
11546 9131
11649 9171
11689 3684
11735 13116
11755 5999
11777 9134
11778 7656
11780 10227
11800 8158
11824 3842
11944 3824
11977 9134
12075 5180
12093 3388
12284 5989
12322 9182
12365 3684
12386 3824
12420 588
12429 10081
12430 10550
12485 6549
12494 7656
12515 9579
12521 9131
12530 6549
12605 9011
12628 9709
12639 8982
12650 6549
12655 9891
12677 9182
12689 5989
12697 9579
12716 12020
12755 9225
12761 11006
12832 9496
12833 10039
12884 9496
12885 9496
12891 9712
12899 11956
12991 8737
13026 11957
13094 9365
13096 8158
13129 9338
13129 10419
13140 8982
13141 9240
13141 9338
13143 10039
13149 5871
13164 5999
13169 11956
13191 10419
13192 9365
13204 9044
13223 9134
13233 7304
13238 8115
13238 9930
13314 8115
13324 11802
13327 8213
13477 10194
13545 11956
13548 11957
13571 9171
13600 10256
13751 8158
13755 9182
13935 7352
13966 588
13974 9496
13976 10227
13992 9131
14005 10409
14032 10256
14043 10409
14047 10081
14049 10194
14050 9709
14051 11957
14120 3842
14122 8737
14123 9171
14276 6549
14279 9182
14440 3824
14443 10039
14492 5871
14493 11006
14496 10194
14497 5999
14499 10256
14502 11006
14505 10194
