14541 14541 977
333 4004
333 6313
440 902
440 2470
440 4474
440 5146
440 7483
440 9818
440 10720
440 10797
477 7483
477 9818
477 10797
521 5655
523 2470
523 4474
523 5146
523 7483
523 8086
523 9818
560 5655
561 5146
561 6856
561 9818
561 12949
562 5146
562 9818
568 5146
568 9818
568 10720
568 12949
571 5146
571 6856
571 9818
571 12949
579 5146
579 9818
583 5146
583 6856
583 9818
583 12949
587 5146
587 6856
587 9818
587 10797
587 12504
591 5146
591 7483
591 9818
596 2470
596 5146
596 9818
599 5146
599 6856
599 9818
599 10797
599 12504
599 12949
607 5146
607 9818
607 10720
607 12949
618 5146
618 6856
618 9818
618 10797
618 12504
620 5146
620 6856
620 9818
620 10797
620 12504
716 5146
716 7483
716 9818
745 5146
745 9818
745 10044
745 10720
837 5655
893 5655
898 2393
1019 7483
1055 4004
1083 5146
1083 6856
1083 7483
1083 9818
1083 10797
1083 12504
1089 5146
1089 6856
1089 9818
1089 10797
1089 12504
1089 12949
1200 2393
1218 5655
1248 5146
1248 9818
1315 5146
1315 9818
1315 10720
1436 5655
1660 7483
1683 4004
1689 5655
1763 5655
1764 5655
1799 5655
1812 5655
1968 5655
2012 5146
2012 7483
2012 9818
2020 4384
2070 902
2070 2470
2070 4474
2070 5146
2070 9818
2071 7483
2071 9818
2074 2393
2119 5146
2119 6856
2119 9818
2119 10797
2119 12504
2120 5655
2128 5146
2128 6856
2128 9818
2128 10720
2128 12949
2158 5146
2158 6856
2158 9818
2158 10797
2158 12504
2158 12949
2172 5146
2172 6856
2172 9818
2172 10797
2172 12504
2188 5146
2188 6856
2188 9818
2188 10797
2188 12504
2196 5146
2196 6856
2196 9818
2196 10797
2196 12504
2197 902
2197 5146
2197 7483
2197 9818
2207 5655
2220 5146
2220 7483
2220 9818
2256 2470
2256 5146
2256 9818
2273 2470
2273 5146
2273 9818
2273 12949
2274 5655
2281 9130
2336 5655
2364 5655
2418 7483
2426 9818
2465 5146
2465 9818
2465 10797
2465 12504
2581 4384
2588 2393
2602 2393
2738 2393
2806 5655
2818 5655
2837 2393
2837 7549
2966 5146
2966 9818
2966 10720
2974 2393
3095 5146
3095 9818
3095 10797
3117 5146
3117 9818
3152 2470
3152 5146
3152 7483
3152 9818
3165 2281
3208 6856
3208 10720
3547 5655
3785 5146
3785 6856
3785 9818
3785 10044
3785 10797
3785 12504
3802 5146
3802 6856
3802 9818
3802 12949
3818 5146
3818 6856
3818 7483
3818 9818
4175 5655
4483 5146
4483 7483
4483 9818
4488 5146
4488 7483
4488 9818
4488 10797
4488 12504
4495 5146
4495 7483
4495 9818
4507 5146
4507 6856
4507 9818
4507 10797
4507 12504
4514 5146
4514 6856
4514 9818
4514 10797
4514 12504
4609 5146
4609 6856
4609 9818
4609 10720
5061 5655
5158 5655
5190 902
5190 2470
5190 4474
5190 5146
5190 7483
5190 9818
5190 10720
5190 10797
5243 5146
5243 6856
5243 9818
5243 10720
5406 6367
5414 5655
5498 5146
5498 6856
5498 9818
5498 10720
5525 2393
5633 5146
5633 7483
5633 9818
5635 902
5635 2470
5635 5146
5635 8086
5635 9818
5635 10720
5635 10797
5662 5146
5662 6856
5662 9818
5662 12949
5675 4004
5687 5146
5687 6856
5687 9818
5687 10797
5687 12504
5701 5146
5701 6856
5701 9818
5701 10797
5701 12504
5701 12949
5714 902
5714 2470
5714 4474
5714 5146
5714 7483
5714 9818
5728 5146
5728 6856
5728 9818
5728 12949
5734 5146
5734 9818
5736 5146
5736 6856
5736 9818
5736 10797
5736 12504
5851 902
5851 5146
5851 9818
5851 10720
5851 10797
5864 5146
5864 9818
5867 6367
5887 5146
5887 6856
5887 9818
5887 12949
6063 9818
6136 2470
6136 4474
6136 5146
6136 7483
6136 9818
6157 5146
6157 6856
6157 7483
6157 9818
6163 5146
6163 7483
6163 9818
6176 10720
6183 4004
6289 5655
6466 7483
6543 902
6543 2470
6543 5146
6543 9818
6544 902
6544 2470
6544 4474
6544 5146
6544 7483
6544 9818
6544 10720
6544 10797
6545 5146
6545 9818
6545 10720
6545 10797
6545 12949
6552 902
6552 2470
6552 4474
6552 5146
6552 7483
6552 9818
6552 10720
6552 12949
6559 5146
6559 9818
6559 10720
6574 4384
6579 5146
6579 9818
6581 902
6581 5146
6581 9818
6633 5655
6932 4004
6970 4004
6998 2281
7048 6367
7120 5146
7120 9818
7120 10720
7136 5146
7136 6856
7136 9818
7136 10720
7136 12949
7143 5146
7143 9818
7143 10797
7366 2470
7366 5146
7366 7483
7366 9818
7367 4474
7367 5146
7367 7483
7367 9818
7367 10720
7401 5146
7401 9818
7401 10797
7401 12504
7413 2470
7413 4474
7413 5146
7413 7483
7413 9818
7428 5655
7429 5146
7429 9818
7429 10720
7433 5146
7433 9818
7436 5146
7436 6856
7436 9818
7436 10797
7436 12504
7436 12949
7441 5146
7441 6856
7441 7483
7441 9818
7441 10797
7441 12504
7447 2470
7447 9818
7589 4004
7683 5655
7699 5146
7699 6856
7699 9818
7699 10797
7699 12504
7732 5146
7732 6856
7732 9818
7732 10797
7732 12504
7732 12949
7734 5146
7734 9818
7734 10720
7734 12949
7737 5146
7737 6856
7737 9818
7737 10797
7737 12504
7738 2470
7738 4474
7738 5146
7738 9818
7738 12949
7750 5146
7750 6856
7750 9818
7750 10797
7750 12504
7760 5146
7760 6856
7760 9818
7760 10797
7760 12504
7760 12949
7766 2470
7766 5146
7766 9818
7767 2470
7767 9818
7769 5146
7769 9818
7769 10720
7774 5146
7774 9818
7774 10797
7775 5146
7775 6856
7775 9818
7775 10797
7775 12504
7775 12949
7807 5146
7807 9818
7807 10720
7938 5655
8023 2470
8023 5146
8023 9818
8043 2393
8092 902
8092 2470
8092 4474
8092 5146
8092 7483
8092 8086
8092 9818
8092 10720
8092 10797
8102 12949
8136 902
8136 2470
8136 5146
8136 7483
8136 9818
8136 10720
8136 10797
8142 9818
8151 5146
8151 6856
8151 9818
8151 10797
8151 12504
8151 12949
8159 6856
8159 9818
8159 10720
8159 12949
8174 5146
8174 7483
8174 9818
8176 5146
8176 6856
8176 9818
8176 10797
8178 5146
8178 6856
8178 9818
8178 10797
8178 12504
8178 12949
8242 480
8370 5655
8381 5146
8381 9818
8502 902
8502 2470
8502 5146
8502 8086
8502 9818
8505 5146
8505 6856
8505 9818
8505 10720
8505 12949
8514 5146
8514 7483
8514 9818
8518 902
8518 2470
8518 4474
8518 5146
8518 9818
8518 10720
8518 10797
8537 9818
8537 12504
8542 5146
8542 9818
8542 10720
8542 12949
8583 5146
8583 6856
8583 9818
8583 10720
8587 5146
8587 7483
8587 9818
8591 5146
8591 9818
8591 10720
8605 7483
8605 9818
8631 5655
8651 7549
8679 5655
8756 4004
8779 2281
8809 5655
8867 5146
8867 9818
8901 2470
8901 5146
8901 9818
8915 2470
8915 4474
8915 5146
8915 9818
8949 5146
8949 6856
8949 9818
8949 12504
8960 7483
8960 9818
8960 10720
8973 5655
9040 4004
9079 5146
9079 9818
9079 10720
9079 12949
9084 902
9084 2470
9084 5146
9084 7483
9084 9818
9084 10720
9084 10797
9107 2470
9107 5146
9107 7483
9107 9818
9107 10720
9107 10797
9120 5146
9120 6856
9120 9818
9122 902
9122 2470
9122 4474
9122 5146
9122 9818
9150 5655
9164 902
9164 5146
9164 9818
9164 10720
9164 10797
9185 2393
9201 5146
9201 6856
9201 9818
9201 12949
9203 5146
9203 6856
9203 9818
9203 12949
9208 5146
9208 6856
9208 9818
9208 12949
9210 5146
9210 6856
9210 9818
9210 12949
9211 5146
9211 6856
9211 9818
9211 10044
9211 10797
9211 12504
9211 12949
9212 2470
9212 5146
9212 9818
9216 5146
9216 6856
9216 9818
9216 10797
9216 12504
9217 5146
9217 6856
9217 9818
9217 10797
9217 12504
9217 12949
9220 5146
9220 9818
9220 10720
9220 12949
9226 902
9226 2470
9226 4474
9226 5146
9226 9818
9227 5146
9227 6856
9227 9818
9227 10797
9227 12504
9231 5146
9231 6856
9231 9818
9231 10797
9231 12504
9232 5146
9232 6856
9232 9818
9232 10797
9232 12504
9232 12949
9239 5146
9239 9818
9358 7549
9468 2470
9468 5146
9468 9818
9481 5655
9542 5146
9542 9818
9542 10720
9560 2281
9562 5655
9581 5146
9581 9818
9582 5146
9582 6856
9582 9818
9582 10797
9582 12504
9582 12949
9584 5146
9584 7483
9584 9818
9584 10720
9586 5146
9586 6856
9586 9818
9586 10797
9586 12504
9591 5146
9591 6856
9591 9818
9591 10720
9591 12949
9594 5146
9594 9818
9594 10797
9594 12504
9598 6856
9598 9818
9598 10720
9598 12949
9642 4004
9642 6313
9808 902
9808 2470
9808 4474
9808 5146
9808 7483
9808 8086
9808 9818
9808 10720
9808 10797
9808 12949
9811 5655
9812 2470
9812 5146
9812 9818
9819 5655
9821 5146
9821 9818
9823 5655
9834 5146
9834 6856
9834 9818
9834 10797
9834 12504
9834 12949
9837 5146
9837 7483
9837 9818
9842 5655
9847 5655
9849 5655
9855 5655
9857 5655
9874 5655
9881 5655
9913 5146
9913 7483
9913 9818
9914 4004
9932 5146
9932 6856
9932 9818
9932 10720
9932 12949
9977 4004
9989 4004
10012 2281
10031 7483
10079 7483
10086 5655
10105 5146
10105 6856
10105 9818
10105 10797
10105 12504
10105 12949
10108 5146
10108 6856
10108 9818
10108 10797
10108 12504
10108 12949
10110 5146
10110 6856
10110 9818
10110 10797
10110 12504
10365 8279
10398 4004
10416 902
10416 5146
10416 8086
10416 9818
10416 10720
10416 10797
10448 5655
10527 5655
10543 5146
10543 6856
10543 9818
10543 12949
10582 5146
10582 9818
10582 10720
10582 12949
10769 4004
10823 902
10823 5146
10823 7483
10823 9818
10885 4004
10918 2470
10918 5146
10918 9818
10987 7483
11004 5655
11070 5655
11082 5655
11193 7483
11217 5655
11338 902
11338 5146
11338 7483
11338 9818
11338 12949
11389 4004
11465 902
11465 5146
11465 7483
11465 9818
11465 10720
11465 12949
11479 6367
11494 5655
11507 4004
11520 6856
11520 7483
11520 9818
11521 2281
11522 5146
11522 7483
11522 9818
11523 5146
11523 9818
11523 10720
11523 10797
11524 5146
11524 7483
11524 9818
11524 10720
11524 10797
11524 12949
11526 2393
11533 2470
11533 5146
11533 9818
11533 10720
11537 902
11537 2470
11537 4474
11537 5146
11537 7483
11537 9818
11537 10720
11537 10797
11904 5655
12000 4004
12011 902
12011 2470
12011 4474
12011 5146
12011 9818
12011 10720
12011 10797
12244 5146
12244 6856
12244 9818
12244 10797
12244 12504
12332 5655
12396 5655
12732 4004
12742 5146
12742 9818
12742 12504
12770 2470
12770 4474
12770 5146
12770 7483
12770 9818
12770 10720
12770 10797
12799 5146
12799 6856
12799 9818
12799 10797
12799 12504
12799 12949
12801 4004
12805 2470
12805 9818
12837 6367
12855 4004
12910 5146
12910 6856
12910 9818
12910 10797
12910 12504
12910 12949
12918 5146
12918 9818
12930 5146
12930 6856
12930 9818
12930 10797
12930 12504
12966 5655
12988 4384
12990 5146
12990 7483
12990 9818
12990 10720
12998 2470
12998 5146
12998 7483
12998 9818
13007 5146
13007 7483
13007 9818
13007 10797
13016 2470
13016 5146
13016 9818
13016 10720
13018 2470
13018 5146
13018 9818
13018 10720
13119 5146
13119 9818
13119 10720
13209 902
13209 2470
13209 4474
13209 5146
13209 7483
13209 9818
13209 10720
13209 10797
13304 5655
13346 4004
13352 5655
13401 5146
13401 6856
13401 9818
13401 12949
13428 6313
13610 6367
13619 6313
13747 4384
14204 4004
14302 4384
14384 2281
