14541 14541 233
440 10559
445 4552
477 10559
579 10559
583 10559
590 10559
596 10559
599 10559
607 10559
616 10559
618 10559
620 10559
716 10559
745 10559
1083 10559
1089 10559
1315 10559
1429 10559
2012 10559
2115 10559
2122 10559
2128 10559
2158 10559
2180 10559
2188 10559
2196 10559
2197 10559
2220 10559
2256 10559
2273 10559
2465 10559
2960 10559
2966 10559
3095 10559
3117 10559
3152 10559
3208 10559
3661 10559
3785 10559
3802 10559
3818 10559
4438 10559
4471 10559
4483 10559
4507 10559
4514 10559
5190 10559
5243 10559
5259 10559
5317 10559
5633 10559
5635 10559
5662 10559
5677 10559
5687 10559
5701 10559
5705 10559
5728 10559
5733 10559
5734 10559
5736 10559
5851 10559
5864 10559
5887 10559
5897 10559
6135 10559
6136 10559
6157 10559
6163 10559
6176 10559
6212 4552
6543 10559
6544 10559
6545 10559
6552 10559
6559 10559
6565 10559
6569 10559
6581 10559
6587 10559
6623 10559
6626 10559
7136 10559
7143 10559
7148 10559
7186 10559
7366 10559
7367 10559
7413 10559
7429 10559
7433 10559
7436 10559
7441 10559
7447 10559
7544 10559
7676 10559
7677 10559
7699 10559
7727 10559
7728 10559
7732 10559
7734 10559
7737 10559
7738 10559
7750 10559
7760 10559
7766 10559
7767 10559
7774 10559
7775 10559
7807 10559
7823 10559
7829 10559
7873 10559
7874 10559
8023 10559
8082 10559
8087 10559
8099 10559
8136 10559
8151 10559
8165 10559
8174 10559
8176 10559
8178 10559
8246 10559
8247 10559
8248 10559
8249 10559
8250 10559
8357 10559
8363 10559
8366 10559
8369 14045
8381 10559
8414 10559
8502 10559
8505 10559
8514 10559
8518 10559
8523 10559
8537 10559
8572 10559
8583 10559
8587 10559
8703 10559
8864 14045
8867 10559
8901 10559
8907 10559
8915 10559
8949 10559
8960 10559
9084 10559
9106 10559
9107 10559
9122 10559
9155 10559
9164 10559
9201 10559
9203 10559
9210 10559
9211 10559
9212 10559
9216 10559
9217 10559
9220 10559
9227 10559
9232 10559
9239 10559
9307 10559
9468 10559
9508 10559
9530 10559
9542 10559
9581 10559
9582 10559
9584 10559
9586 10559
9591 10559
9594 10559
9598 10559
9629 10559
9806 10559
9808 10559
9812 10559
9837 10559
9883 10559
9925 10559
9932 10559
9974 10559
9979 10559
9983 10559
10026 10559
10105 10559
10108 10559
10110 10559
10543 10559
10582 10559
10823 10559
10918 10559
11122 4552
11338 10559
11465 10559
11520 10559
11523 10559
11524 10559
11533 10559
11537 10559
11538 10559
12011 10559
12244 10559
12673 10559
12742 10559
12771 10559
12799 10559
12805 10559
12815 10559
12910 10559
12914 10559
12918 10559
12930 10559
12990 10559
13007 10559
13016 10559
13018 10559
13119 10559
13209 10559
13401 10559
13775 10559
14196 10559
14338 10559
14352 10559
