14541 14541 460
38 14045
127 10559
144 13351
147 10559
169 10559
192 2181
227 13351
231 10559
280 2181
323 2181
335 10559
349 2181
373 2181
402 2181
410 10559
435 10559
452 2181
478 10559
521 10559
547 2181
552 10559
558 10559
560 10559
681 14045
692 10559
711 10559
715 10559
768 10559
793 10559
815 14045
816 10559
837 10559
859 10559
860 10559
868 10559
876 10559
877 4552
893 10559
971 2181
973 10559
1021 10559
1045 10559
1081 10559
1086 10559
1087 10103
1093 10559
1144 10559
1152 13351
1154 10559
1156 10559
1169 10559
1213 10559
1236 2181
1237 10559
1238 4552
1287 10559
1305 2181
1361 2181
1398 14045
1399 10559
1404 2181
1425 10559
1436 10559
1440 2181
1449 2181
1514 10559
1551 2181
1559 10559
1604 2181
1669 10559
1670 2181
1687 10559
1689 10559
1693 13351
1711 10559
1725 10559
1764 10559
1797 10559
1798 10559
1800 10559
1810 10559
1811 10559
1812 10559
1813 10559
1814 10559
1815 10559
1816 10559
1821 2181
1833 10559
1839 10559
1861 2181
1918 10559
1930 10559
1968 10559
1994 10559
2004 10559
2116 10559
2120 10559
2132 10559
2147 10559
2154 10559
2160 4552
2166 2181
2167 10559
2211 10559
2214 10559
2218 10559
2233 10559
2242 10559
2274 10559
2286 10559
2295 13351
2299 10559
2316 10559
2336 10559
2338 10559
2364 10559
2394 10559
2395 10559
2397 10559
2415 10559
2421 10559
2422 10559
2442 10559
2455 10559
2473 10559
2491 10559
2544 10559
2553 10559
2559 2181
2603 10559
2627 10559
2634 2181
2644 2181
2646 2181
2676 10559
2687 2181
2806 10559
2818 10559
2840 2181
2857 10559
2896 10559
2954 2181
3002 2181
3008 2181
3013 10559
3017 4552
3021 10559
3038 14045
3041 14045
3042 14045
3075 10559
3103 4552
3136 14045
3150 2181
3233 10559
3238 10559
3266 10559
3282 10559
3292 10559
3293 10559
3311 10559
3314 14045
3316 10559
3329 10559
3339 10559
3385 10559
3395 10559
3409 2181
3446 10559
3499 10559
3540 10559
3561 10559
3606 10559
3655 2181
3695 10559
3751 10559
3790 10559
3835 10559
3836 10559
3876 10559
3878 10559
3936 10559
3954 10559
3989 10559
4096 10559
4099 10559
4110 10559
4116 10559
4119 2181
4145 10559
4175 10559
4178 10559
4201 10559
4208 14045
4213 10559
4230 2181
4231 10559
4261 10559
4268 10559
4284 10559
4291 10559
4313 10559
4330 10559
4338 10559
4341 10559
4344 10559
4362 10559
4370 10559
4375 10559
4390 10559
4401 2181
4404 10559
4415 10559
4430 10559
4433 10559
4472 13351
4480 10559
4481 10559
4501 10559
4518 10559
4540 2181
4546 10559
4563 10559
4564 10559
4590 10559
4603 10559
4617 10559
4629 4552
4638 2181
4642 10559
4648 10559
4666 10559
4690 10559
4693 4552
4699 10559
4729 10559
4745 10559
4765 10559
4776 2181
4809 10559
4823 10559
4902 10559
4907 10559
4973 10559
4988 10559
5012 10559
5038 10559
5043 10559
5061 10559
5078 10559
5116 10559
5117 10559
5158 10559
5195 10559
5296 10559
5297 10559
5316 10559
5342 10559
5361 10559
5362 10559
5375 10559
5399 10559
5409 10559
5410 10559
5411 10559
5412 10559
5413 10559
5414 10559
5423 10559
5424 10559
5431 10559
5437 10559
5480 10559
5508 10559
5513 10559
5539 10559
5554 10559
5567 10559
5611 10559
5622 10559
5634 2181
5704 10559
5707 10559
5725 10559
5735 10559
5770 10559
5783 10559
5785 10559
5788 10559
5807 10559
5872 10559
6004 10559
6087 10559
6093 10559
6100 10559
6142 10559
6187 10559
6209 10559
6214 10559
6272 10559
6289 10559
6304 10559
6306 10559
6502 10559
6590 10559
6620 10559
6633 10559
6676 10559
6685 10559
6688 10559
6742 10559
6795 10559
6887 4552
6953 10559
6961 10559
6980 10559
7093 10559
7261 10559
7297 10559
7316 10559
7353 10559
7411 10559
7428 10559
7618 10559
7683 10559
7776 10559
7824 10559
7857 13351
7938 14045
7996 10559
8048 10559
8194 10559
8289 14045
8370 10559
8419 10559
8428 10559
8478 10559
8500 10559
8631 10559
8675 10559
8807 10559
8809 10559
8890 14045
8909 10559
8973 10559
9020 10559
9054 10559
9102 10559
9150 10559
9189 10559
9228 10559
9359 14045
9464 10559
9562 10559
9701 10559
9811 10559
9819 10559
9823 10559
9825 2181
9826 2181
9830 2181
9831 2181
9842 10559
9845 10559
9846 10559
9847 10559
9849 10559
9855 10559
9857 10559
9859 10559
9861 2181
9874 14045
9876 10559
9877 14045
9878 14045
9881 10559
9882 2181
10065 10559
10086 10559
10093 14045
10211 10559
10212 10559
10312 10559
10448 10559
10515 2181
10527 10559
10632 10559
10679 2181
10766 10559
10791 10559
10916 10559
11004 10559
11034 14045
11046 10559
11070 10559
11082 10559
11217 10559
11494 10559
11783 2181
11904 10559
11919 2181
11927 10559
12140 10559
12248 2181
12332 10559
12394 10559
12396 10559
12496 2181
12500 2181
12505 2181
12516 10559
12517 2181
12518 2181
12666 10559
12797 10559
12851 10559
12866 2181
12966 10559
13028 10559
13165 2181
13221 10559
13298 10559
13304 10559
13338 10559
13352 10559
13357 10559
13386 10559
13441 2181
13455 10559
13494 4552
13498 10559
13504 10559
13596 14045
13918 2181
13946 2181
13951 10559
14058 4552
14066 4552
14116 10559
14314 10559
14347 2181
14424 14045
14456 2181
14461 2181
14464 2181
14465 2181
14467 2181
14468 2181
14471 2181
14472 2181
14473 2181
14474 2181
14475 2181
14476 2181
14477 2181
14478 2181
14479 2181
14480 2181
14481 2181
