14541 14541 113
374 3849
1934 528
1934 744
1934 956
1934 3678
1934 4347
1934 4736
1934 4955
1934 5177
1934 5397
1934 5404
1934 5506
1934 6159
1934 6958
1934 8011
1934 8021
1934 8209
1934 8476
1934 8567
1934 8594
1934 9455
1934 9613
1934 9724
1934 10153
1934 10794
1934 10902
1934 11375
1934 11376
1934 11378
1934 11679
1934 11716
2227 146
2227 156
2227 287
2227 288
2227 379
2227 752
2227 1973
2227 2083
2227 2291
2227 3892
2227 5129
2227 5135
2227 5383
2227 5495
2227 5521
2227 5553
2227 5610
2227 5623
2227 6169
2227 6293
2227 6473
2227 6783
2227 6987
2227 7010
2227 7134
2227 7141
2227 7172
2227 7474
2227 7731
2227 8116
2227 8452
2227 8748
2227 8817
2227 9431
2227 9646
2227 9784
2227 10001
2227 10160
2227 10179
2227 10319
2227 10429
2227 10937
2227 10985
2227 11049
2227 11060
2227 11140
2227 11243
2227 11755
2227 11776
2227 11831
2227 11900
2227 12425
2227 13202
5081 2291
5081 3367
5081 11425
5081 12072
10386 52
10386 385
10386 388
10386 3506
10386 3816
10386 3850
10386 4016
10386 5289
10386 5365
10386 5494
10386 5937
10386 6499
10386 7010
10386 7139
10386 8026
10386 10205
10386 10767
10386 11831
10386 12537
10386 13141
10386 13149
10386 13323
10386 13548
10386 14043
10386 14505
