14541 14541 164
936 1444
936 1542
936 4391
936 6410
936 6836
936 6999
936 7974
936 9206
936 11950
936 12795
981 181
981 668
981 1577
981 1801
981 1829
981 1900
981 2253
981 2510
981 3163
981 4010
981 4148
981 4391
981 4588
981 5094
981 6298
981 6299
981 6318
981 7226
981 7372
981 7974
981 10314
981 11508
981 11950
1290 4624
2511 1094
5179 218
5179 2010
5179 3644
5179 3665
5179 3705
5179 4199
5179 4881
5179 4997
5179 5138
5179 5153
5179 5330
5179 5343
5179 5407
5179 5408
5179 6247
5179 6351
5179 6755
5179 7041
5179 7147
5179 7277
5179 7634
5179 7739
5179 7980
5179 8119
5179 8170
5179 8540
5179 9167
5179 9218
5179 9302
5179 9364
5179 9368
5179 9474
5179 9626
5179 9705
5179 9728
5179 9729
5179 9843
5179 9943
5179 9952
5179 10014
5179 10021
5179 10069
5179 10131
5179 10161
5179 10171
5179 10500
5179 10531
5179 10532
5179 10537
5179 10546
5179 10560
5179 10612
5179 10816
5179 10908
5179 10977
5179 11066
5179 11153
5179 11165
5179 11461
5179 11515
5179 11548
5179 11573
5179 11577
5179 11636
5179 11722
5179 11737
5179 11854
5179 11928
5179 12146
5179 12245
5179 12265
5179 12338
5179 12388
5179 12409
5179 12610
5179 12812
5179 14299
5774 462
5774 2733
5774 3931
6612 2944
6612 5340
9537 555
9537 626
9537 2098
9537 2376
9537 3201
9537 6733
9537 7907
9537 8870
9537 8871
9537 10556
10694 9262
10694 13275
10694 13346
13045 133
13045 366
13045 407
13045 896
13045 1057
13045 1105
13045 1801
13045 1924
13045 3014
13045 3341
13045 3906
13045 4085
13045 4256
13045 4487
13045 4688
13045 4860
13045 5771
13045 5804
13045 5835
13045 6410
13045 6643
13045 6970
13045 6999
13045 7003
13045 7266
13045 7976
13045 8191
13045 8759
13045 11262
13045 11324
13045 11475
13045 11950
13045 12199
13492 2349
