14541 14541 4530
13 5434
16 8686
22 8686
25 8686
28 5434
31 8686
36 8686
39 8686
40 5434
43 8686
45 8686
46 8686
54 8686
77 5434
79 8686
80 8686
81 8686
85 8686
87 8686
104 8686
106 8686
107 8686
110 8686
111 8686
113 5434
114 8686
115 5434
117 8686
118 8686
119 8686
120 8686
121 8686
122 8686
124 8686
125 8686
129 5434
130 5434
132 8686
133 8686
136 8686
137 8686
140 8686
142 8686
148 8686
149 8686
154 8686
157 5434
158 8686
161 5434
163 8686
164 8686
165 8686
166 5434
167 5434
171 8686
176 5434
177 8686
178 8686
181 8686
184 8686
185 5434
186 8686
187 8686
188 8686
189 8686
190 8686
193 8686
196 8686
198 8686
204 8686
205 5434
206 5434
211 5434
212 5434
218 8686
220 8686
221 8686
222 8686
225 5434
226 8686
228 8686
229 8686
230 8686
232 8686
233 8686
238 5434
241 8686
244 8686
248 8686
267 8686
268 5434
285 8686
286 8686
289 8686
290 8686
293 8686
296 8686
297 8686
298 8686
299 5434
300 5434
302 8686
309 5434
312 5434
313 8686
316 8686
319 8686
322 8686
325 8686
327 8686
328 8686
333 8686
337 8686
338 8686
340 8686
345 8686
354 8686
360 8686
361 8686
363 5434
364 8686
365 5434
366 8686
367 8686
369 8686
375 8686
389 8686
392 8686
393 8686
395 8686
396 8686
397 5434
401 5434
403 8686
405 8686
406 8686
407 8686
408 8686
412 5434
414 8686
415 8686
418 8686
419 8686
422 8686
424 5434
425 8686
426 8686
427 8686
428 8686
429 5434
436 5434
437 8686
441 5434
448 8686
450 5434
451 5434
454 8686
459 5434
460 5434
461 8686
462 8686
470 8686
471 8686
472 8686
473 8686
476 5434
483 8686
484 8686
486 8686
487 8686
488 8686
489 8686
494 8686
497 8686
501 5434
502 8686
503 5434
504 8686
506 8686
507 8686
508 8686
510 5434
511 8686
514 8686
518 5434
519 8686
522 5434
524 8686
527 8686
529 8686
530 8686
531 8686
532 8686
534 8686
535 8686
536 8686
538 8686
539 8686
542 8686
544 8686
546 8686
548 8686
550 5434
555 5434
556 8686
563 5434
564 5434
567 8686
569 8686
575 5434
576 8686
577 8686
578 5434
584 8686
586 8686
588 8686
589 8686
601 8686
605 8686
608 8686
611 8686
612 5434
615 8686
617 8686
619 8686
621 8686
625 8686
626 5434
631 8686
633 8686
634 8686
635 5434
636 8686
639 5434
642 8686
643 8686
644 8686
646 8686
647 8686
649 8686
651 8686
652 8686
653 8686
654 8686
656 8686
659 8686
660 8686
661 8686
662 8686
663 8686
664 8686
665 8686
667 8686
668 8686
673 8686
676 8686
682 5434
683 5434
684 8686
685 8686
687 8686
690 5434
691 8686
693 8686
694 8686
695 8686
696 8686
697 8686
700 5434
701 8686
706 5434
710 8686
714 8686
717 8686
718 8686
722 8686
723 8686
724 8686
725 8686
727 8686
729 8686
730 8686
731 8686
732 8686
735 8686
737 8686
740 5434
743 8686
749 8686
750 8686
751 8686
753 8686
757 8686
758 8686
764 8686
765 8686
785 5434
790 8686
792 8686
798 8686
801 8686
809 8686
811 5434
812 8686
820 8686
824 8686
827 8686
828 8686
832 5434
843 8686
845 8686
848 8686
850 5434
853 8686
854 8686
864 8686
867 5434
870 8686
871 8686
878 8686
881 8686
882 5434
887 5434
888 8686
889 8686
890 8686
891 8686
896 8686
898 5434
906 8686
907 8686
913 8686
914 8686
917 5434
918 8686
919 8686
920 8686
923 8686
924 8686
954 5434
957 8686
959 5434
960 5434
962 8686
965 5434
967 8686
972 8686
977 8686
987 8686
988 8686
989 8686
990 8686
991 8686
995 5434
998 8686
999 8686
1009 8686
1013 5434
1014 5434
1015 8686
1016 5434
1024 8686
1029 5434
1033 5434
1034 5434
1038 8686
1046 5434
1048 5434
1053 8686
1055 8686
1056 8686
1057 8686
1059 8686
1065 5434
1066 5434
1079 8686
1084 8686
1085 5434
1088 8686
1097 8686
1103 8686
1105 8686
1109 8686
1119 8686
1122 8686
1135 5434
1139 5434
1141 8686
1142 8686
1143 8686
1148 5434
1149 5434
1155 8686
1159 8686
1162 8686
1163 8686
1164 8686
1166 5434
1167 5434
1174 8686
1190 8686
1192 8686
1198 8686
1200 5434
1202 8686
1209 5434
1210 5434
1219 8686
1222 8686
1223 8686
1224 8686
1235 8686
1241 8686
1250 8686
1251 8686
1252 8686
1253 8686
1255 8686
1264 8686
1265 8686
1268 8686
1281 8686
1283 5434
1291 8686
1294 8686
1300 8686
1312 5434
1313 8686
1316 8686
1318 5434
1320 5434
1323 8686
1331 8686
1333 5434
1334 5434
1340 5434
1344 8686
1345 5434
1346 8686
1347 8686
1356 8686
1357 8686
1359 8686
1364 5434
1368 8686
1370 8686
1371 8686
1374 5434
1375 5434
1376 5434
1386 8686
1387 8686
1388 8686
1390 8686
1396 5434
1410 5434
1412 8686
1414 5434
1415 5434
1416 5434
1419 5434
1427 8686
1437 8686
1444 8686
1446 8686
1451 8686
1453 8686
1455 8686
1458 8686
1460 8686
1464 5434
1466 8686
1470 8686
1481 5434
1484 8686
1486 8686
1493 8686
1494 5434
1511 5434
1519 8686
1523 5434
1524 5434
1525 5434
1526 5434
1530 5434
1532 5434
1534 8686
1535 8686
1538 8686
1541 8686
1542 8686
1544 8686
1545 5434
1546 5434
1549 8686
1550 8686
1552 8686
1553 5434
1556 8686
1562 8686
1569 8686
1570 5434
1572 8686
1575 8686
1577 8686
1579 8686
1582 8686
1583 8686
1584 8686
1587 8686
1596 8686
1601 8686
1603 8686
1607 5434
1636 5434
1638 5434
1642 5434
1643 5434
1644 5434
1645 5434
1648 8686
1650 8686
1651 8686
1652 5434
1656 8686
1658 8686
1659 8686
1661 8686
1662 5434
1668 8686
1671 8686
1674 8686
1677 8686
1679 8686
1680 5434
1683 8686
1686 5434
1690 5434
1691 8686
1692 5434
1696 8686
1697 8686
1712 8686
1713 8686
1720 8686
1726 8686
1734 8686
1736 8686
1739 8686
1742 8686
1743 5434
1744 5434
1745 8686
1746 8686
1748 8686
1752 8686
1753 5434
1754 5434
1767 5434
1769 5434
1772 8686
1776 8686
1777 5434
1778 5434
1781 8686
1782 5434
1785 8686
1787 5434
1795 8686
1801 8686
1806 5434
1807 8686
1808 8686
1809 8686
1822 5434
1829 8686
1830 8686
1836 8686
1838 5434
1842 8686
1843 5434
1846 8686
1848 5434
1849 8686
1850 8686
1852 5434
1854 8686
1855 8686
1857 5434
1859 8686
1862 5434
1864 8686
1867 8686
1868 8686
1869 8686
1870 8686
1871 8686
1873 5434
1881 8686
1886 5434
1887 8686
1888 8686
1889 8686
1890 5434
1898 8686
1900 8686
1902 5434
1904 5434
1905 8686
1910 8686
1911 8686
1913 8686
1916 8686
1917 8686
1919 5434
1921 8686
1922 8686
1923 8686
1924 8686
1925 8686
1926 8686
1929 8686
1932 5434
1933 5434
1935 8686
1937 8686
1938 5434
1939 5434
1940 8686
1941 8686
1944 5434
1946 8686
1949 8686
1953 8686
1954 5434
1955 8686
1963 5434
1964 8686
1965 8686
1967 8686
1969 5434
1970 8686
1974 5434
1976 8686
1980 5434
1981 8686
1982 8686
1983 8686
1985 8686
2000 8686
2001 8686
2002 8686
2008 8686
2010 8686
2015 8686
2017 8686
2018 8686
2020 8686
2027 8686
2029 8686
2032 8686
2040 8686
2043 8686
2045 8686
2046 8686
2048 5434
2050 8686
2051 8686
2052 8686
2054 8686
2060 8686
2067 8686
2072 8686
2074 5434
2076 8686
2077 5434
2078 8686
2079 5434
2080 8686
2081 8686
2084 8686
2087 8686
2088 8686
2089 8686
2090 8686
2093 8686
2094 8686
2095 8686
2096 8686
2097 8686
2098 8686
2099 8686
2100 8686
2101 8686
2104 8686
2111 5434
2113 8686
2117 8686
2123 5434
2126 8686
2127 8686
2130 8686
2133 8686
2134 8686
2135 5434
2137 8686
2138 5434
2142 8686
2143 8686
2151 5434
2153 8686
2156 5434
2159 8686
2162 5434
2163 8686
2164 8686
2169 8686
2171 8686
2173 8686
2174 8686
2175 8686
2177 8686
2178 8686
2179 5434
2183 8686
2184 8686
2185 8686
2187 8686
2189 5434
2192 8686
2194 8686
2195 8686
2198 8686
2201 8686
2202 8686
2203 8686
2204 8686
2209 8686
2212 8686
2215 5434
2216 5434
2217 8686
2219 8686
2221 8686
2223 8686
2228 8686
2229 8686
2230 8686
2231 8686
2232 5434
2234 8686
2235 5434
2236 5434
2237 5434
2238 5434
2239 5434
2240 5434
2245 8686
2248 5434
2249 5434
2251 5434
2252 5434
2253 8686
2255 8686
2258 8686
2259 5434
2261 5434
2262 8686
2264 5434
2265 8686
2266 8686
2268 5434
2269 8686
2270 8686
2275 5434
2277 5434
2279 8686
2280 8686
2282 8686
2292 5434
2293 8686
2294 8686
2307 8686
2308 8686
2309 8686
2311 8686
2313 8686
2314 8686
2317 5434
2319 8686
2322 5434
2325 8686
2326 8686
2331 8686
2339 8686
2342 8686
2344 8686
2349 8686
2350 8686
2352 8686
2354 5434
2356 8686
2358 5434
2359 5434
2363 5434
2365 5434
2368 8686
2372 5434
2373 8686
2376 8686
2383 8686
2386 8686
2387 8686
2388 8686
2396 5434
2398 5434
2399 8686
2401 8686
2403 8686
2404 5434
2405 8686
2406 8686
2408 8686
2409 5434
2410 5434
2412 8686
2414 8686
2416 8686
2417 5434
2420 8686
2423 8686
2424 5434
2429 8686
2435 5434
2438 5434
2439 8686
2443 5434
2445 8686
2447 8686
2450 5434
2458 8686
2460 8686
2468 8686
2471 8686
2472 8686
2474 8686
2477 8686
2478 8686
2479 5434
2490 8686
2492 8686
2494 8686
2495 8686
2497 8686
2500 8686
2501 8686
2502 8686
2508 8686
2510 8686
2519 5434
2522 5434
2531 8686
2538 8686
2540 5434
2541 8686
2545 5434
2548 5434
2549 8686
2552 8686
2554 5434
2557 8686
2558 8686
2562 8686
2563 8686
2567 8686
2570 8686
2572 8686
2575 8686
2577 8686
2579 8686
2580 8686
2581 8686
2584 8686
2588 5434
2593 8686
2595 5434
2602 5434
2604 8686
2605 8686
2606 5434
2609 8686
2610 8686
2613 8686
2614 8686
2615 5434
2617 5434
2619 8686
2620 8686
2621 8686
2623 5434
2624 8686
2625 8686
2626 8686
2629 8686
2630 5434
2632 8686
2635 5434
2636 8686
2645 8686
2649 8686
2650 8686
2652 8686
2653 8686
2654 8686
2655 8686
2656 8686
2659 8686
2660 8686
2662 8686
2663 8686
2664 8686
2665 8686
2666 8686
2670 8686
2672 5434
2677 8686
2678 8686
2679 8686
2680 8686
2681 5434
2682 8686
2685 8686
2686 8686
2688 8686
2689 8686
2691 8686
2695 8686
2698 8686
2699 5434
2701 5434
2702 8686
2703 8686
2704 8686
2705 5434
2707 8686
2708 8686
2709 8686
2710 8686
2711 8686
2712 8686
2714 8686
2715 5434
2716 5434
2718 8686
2720 8686
2722 8686
2723 8686
2724 8686
2725 8686
2726 5434
2727 8686
2728 8686
2730 8686
2731 8686
2732 8686
2733 8686
2734 8686
2735 8686
2736 8686
2737 5434
2738 5434
2739 8686
2740 5434
2741 8686
2742 8686
2743 8686
2744 8686
2745 8686
2746 8686
2747 8686
2748 8686
2749 8686
2750 5434
2751 5434
2752 8686
2753 8686
2754 8686
2755 8686
2756 8686
2757 8686
2758 8686
2759 5434
2760 8686
2761 8686
2762 8686
2763 8686
2764 8686
2766 8686
2768 8686
2769 8686
2770 8686
2771 5434
2772 5434
2773 5434
2776 5434
2777 5434
2778 8686
2779 8686
2780 8686
2781 8686
2782 8686
2784 8686
2785 8686
2786 8686
2787 5434
2788 8686
2789 8686
2790 5434
2791 8686
2793 8686
2794 5434
2797 8686
2798 8686
2799 8686
2800 8686
2805 5434
2811 8686
2814 5434
2815 8686
2817 8686
2820 8686
2822 8686
2824 8686
2825 8686
2826 5434
2827 8686
2829 8686
2830 8686
2832 8686
2833 8686
2834 8686
2835 8686
2836 8686
2837 5434
2842 8686
2844 8686
2845 5434
2846 8686
2847 8686
2848 8686
2849 5434
2850 8686
2851 8686
2852 8686
2853 8686
2854 5434
2855 8686
2859 8686
2861 5434
2862 8686
2863 8686
2864 8686
2865 8686
2866 5434
2867 8686
2868 8686
2870 8686
2871 8686
2872 8686
2875 5434
2876 8686
2877 8686
2878 8686
2879 8686
2880 8686
2881 5434
2882 8686
2883 5434
2884 8686
2885 8686
2886 8686
2887 5434
2888 5434
2889 8686
2890 8686
2891 8686
2892 8686
2893 8686
2894 5434
2895 8686
2898 5434
2899 8686
2900 5434
2902 8686
2904 8686
2905 5434
2906 8686
2908 5434
2910 8686
2912 8686
2913 8686
2914 8686
2915 8686
2916 8686
2917 8686
2918 8686
2920 8686
2923 8686
2924 8686
2925 8686
2927 5434
2928 8686
2929 8686
2930 5434
2931 8686
2932 8686
2933 5434
2934 8686
2935 8686
2936 8686
2937 8686
2938 5434
2939 8686
2940 5434
2941 8686
2942 5434
2944 8686
2945 8686
2949 8686
2950 5434
2953 8686
2955 8686
2957 5434
2958 8686
2959 5434
2964 5434
2965 5434
2971 5434
2973 8686
2974 5434
2976 8686
2979 5434
2985 8686
2993 8686
2995 8686
3003 8686
3004 8686
3005 5434
3009 8686
3010 8686
3014 8686
3016 8686
3019 8686
3028 5434
3029 8686
3035 8686
3036 8686
3045 5434
3046 8686
3047 8686
3048 8686
3051 8686
3052 8686
3053 8686
3054 5434
3056 8686
3058 5434
3061 8686
3063 5434
3065 8686
3067 5434
3070 8686
3077 8686
3079 8686
3081 5434
3088 8686
3090 8686
3091 8686
3092 5434
3110 5434
3114 8686
3116 8686
3120 8686
3125 5434
3131 8686
3134 8686
3135 8686
3143 8686
3144 8686
3148 8686
3154 5434
3162 5434
3163 8686
3165 8686
3167 5434
3172 8686
3174 8686
3178 8686
3184 8686
3189 8686
3190 5434
3191 8686
3197 5434
3198 8686
3201 8686
3202 8686
3203 8686
3204 8686
3212 5434
3216 8686
3220 5434
3221 8686
3222 5434
3235 8686
3239 8686
3242 8686
3244 5434
3245 8686
3253 8686
3255 8686
3258 8686
3260 8686
3267 8686
3268 8686
3270 8686
3272 8686
3277 8686
3278 8686
3280 8686
3286 8686
3288 8686
3290 5434
3295 8686
3297 8686
3300 8686
3301 5434
3305 8686
3306 8686
3312 8686
3315 8686
3317 8686
3318 5434
3319 8686
3320 8686
3322 8686
3324 8686
3328 8686
3330 8686
3334 8686
3335 8686
3336 8686
3341 8686
3344 8686
3345 8686
3349 8686
3356 8686
3358 8686
3359 8686
3360 5434
3361 8686
3362 8686
3365 8686
3368 8686
3371 5434
3372 8686
3374 8686
3375 8686
3376 5434
3377 5434
3381 8686
3386 8686
3388 8686
3389 8686
3390 5434
3393 5434
3394 8686
3404 8686
3405 8686
3411 8686
3412 8686
3419 8686
3425 5434
3426 8686
3431 8686
3437 8686
3438 8686
3440 8686
3445 5434
3447 8686
3448 8686
3449 8686
3450 8686
3451 8686
3453 5434
3466 8686
3468 8686
3469 8686
3470 8686
3471 5434
3474 8686
3477 8686
3480 8686
3481 8686
3482 8686
3484 8686
3485 8686
3486 5434
3492 5434
3495 8686
3497 5434
3525 8686
3530 8686
3531 8686
3548 8686
3549 5434
3550 8686
3551 8686
3552 8686
3555 8686
3557 8686
3565 8686
3568 5434
3569 8686
3575 8686
3579 8686
3581 8686
3586 8686
3587 8686
3590 8686
3591 8686
3595 8686
3596 8686
3598 5434
3607 8686
3608 8686
3610 5434
3612 5434
3616 8686
3617 5434
3618 8686
3622 8686
3623 8686
3624 5434
3626 8686
3628 8686
3629 8686
3633 8686
3636 8686
3637 8686
3644 8686
3648 8686
3652 8686
3653 5434
3654 8686
3665 8686
3667 8686
3669 8686
3670 8686
3671 8686
3676 5434
3680 8686
3681 8686
3684 8686
3686 5434
3688 8686
3692 5434
3694 8686
3697 8686
3702 8686
3705 8686
3707 8686
3711 5434
3717 8686
3719 8686
3722 5434
3724 8686
3727 5434
3728 8686
3729 8686
3730 8686
3731 8686
3732 8686
3734 5434
3735 8686
3736 8686
3737 5434
3738 8686
3739 8686
3740 5434
3744 8686
3746 8686
3749 8686
3755 8686
3759 8686
3761 8686
3762 8686
3763 8686
3764 8686
3768 5434
3778 8686
3779 8686
3780 8686
3781 5434
3782 8686
3786 8686
3788 5434
3789 8686
3792 8686
3795 8686
3801 8686
3804 5434
3813 8686
3815 5434
3817 5434
3821 8686
3824 8686
3826 8686
3830 8686
3833 8686
3834 8686
3839 8686
3840 8686
3842 8686
3851 8686
3860 8686
3863 8686
3865 8686
3868 8686
3874 8686
3875 8686
3881 8686
3885 5434
3888 8686
3890 8686
3894 5434
3895 8686
3896 8686
3899 8686
3900 5434
3901 8686
3903 8686
3904 8686
3905 8686
3906 8686
3914 8686
3916 5434
3929 8686
3930 8686
3931 5434
3933 8686
3939 5434
3940 5434
3946 8686
3948 8686
3950 8686
3952 5434
3953 5434
3956 8686
3965 8686
3967 8686
3975 5434
3976 8686
3977 8686
3979 8686
3984 5434
3985 8686
3986 8686
3990 8686
3995 5434
3998 8686
3999 8686
4001 8686
4005 8686
4008 5434
4010 8686
4012 8686
4013 8686
4014 8686
4018 8686
4021 8686
4069 8686
4070 8686
4077 8686
4082 8686
4085 8686
4087 8686
4089 5434
4092 8686
4094 8686
4095 5434
4098 8686
4101 5434
4103 8686
4106 8686
4120 8686
4121 8686
4122 5434
4124 8686
4125 8686
4127 8686
4128 8686
4131 8686
4133 5434
4139 5434
4143 8686
4146 5434
4148 8686
4151 8686
4153 5434
4155 8686
4157 8686
4158 8686
4162 8686
4163 8686
4164 8686
4167 5434
4170 5434
4173 8686
4176 5434
4179 8686
4182 8686
4183 5434
4184 8686
4189 5434
4191 8686
4194 5434
4196 8686
4197 8686
4199 8686
4202 8686
4203 8686
4207 5434
4210 8686
4216 8686
4220 8686
4225 8686
4226 5434
4227 5434
4229 5434
4234 8686
4252 5434
4254 8686
4255 5434
4256 8686
4257 8686
4259 8686
4260 8686
4262 8686
4264 8686
4265 8686
4274 8686
4275 8686
4290 8686
4292 8686
4293 8686
4295 5434
4296 5434
4297 8686
4304 5434
4306 8686
4307 8686
4308 8686
4309 8686
4311 8686
4314 8686
4315 8686
4319 5434
4325 8686
4326 8686
4337 8686
4339 8686
4340 8686
4351 8686
4355 8686
4357 8686
4358 8686
4364 8686
4367 8686
4374 5434
4377 8686
4380 5434
4381 8686
4389 8686
4391 8686
4394 8686
4395 8686
4396 8686
4397 8686
4398 8686
4411 8686
4425 8686
4426 8686
4431 8686
4434 8686
4435 8686
4440 8686
4442 5434
4448 8686
4455 8686
4456 8686
4460 8686
4462 5434
4464 8686
4466 5434
4467 8686
4468 5434
4469 5434
4470 5434
4475 8686
4476 8686
4478 8686
4479 5434
4485 5434
4486 5434
4487 8686
4491 8686
4492 8686
4519 5434
4520 8686
4525 5434
4527 8686
4532 8686
4533 8686
4536 5434
4539 8686
4541 5434
4542 8686
4543 8686
4545 5434
4548 5434
4549 5434
4550 8686
4551 5434
4554 8686
4557 8686
4562 8686
4565 8686
4566 8686
4567 8686
4568 5434
4570 8686
4571 8686
4572 8686
4573 8686
4574 8686
4575 5434
4576 5434
4577 8686
4578 8686
4579 8686
4580 8686
4582 8686
4584 8686
4585 8686
4588 8686
4589 8686
4591 8686
4593 5434
4596 8686
4598 8686
4601 8686
4605 8686
4610 5434
4613 8686
4615 5434
4616 8686
4619 5434
4620 8686
4624 8686
4626 8686
4627 8686
4633 8686
4641 5434
4643 8686
4645 8686
4649 8686
4653 5434
4655 8686
4656 8686
4658 8686
4661 8686
4662 5434
4663 8686
4664 8686
4665 8686
4667 8686
4668 5434
4676 5434
4678 8686
4682 8686
4684 8686
4688 8686
4689 8686
4694 8686
4700 5434
4705 8686
4713 5434
4714 8686
4721 8686
4722 8686
4723 8686
4724 8686
4727 8686
4728 8686
4732 8686
4735 8686
4737 8686
4738 8686
4739 8686
4740 8686
4752 5434
4755 5434
4756 8686
4759 8686
4761 8686
4766 8686
4770 5434
4781 8686
4782 5434
4783 8686
4786 8686
4800 8686
4801 8686
4810 5434
4815 8686
4816 8686
4822 8686
4825 8686
4831 8686
4833 5434
4843 8686
4846 8686
4847 8686
4848 5434
4851 8686
4852 8686
4853 8686
4856 5434
4860 8686
4861 8686
4870 8686
4871 8686
4872 8686
4876 8686
4878 8686
4879 8686
4880 8686
4881 8686
4882 8686
4892 8686
4894 5434
4896 8686
4899 8686
4906 5434
4909 8686
4912 8686
4913 8686
4914 5434
4915 8686
4923 8686
4927 8686
4932 8686
4935 8686
4936 8686
4937 8686
4939 8686
4943 8686
4944 5434
4954 8686
4958 8686
4964 8686
4968 8686
4969 8686
4974 5434
4975 8686
4976 8686
4979 8686
4986 5434
4992 5434
4993 5434
4995 8686
4997 8686
5006 5434
5009 8686
5017 8686
5021 8686
5023 8686
5027 8686
5029 8686
5031 8686
5035 8686
5036 8686
5037 5434
5039 8686
5045 8686
5046 8686
5048 5434
5052 8686
5058 8686
5059 8686
5060 8686
5062 8686
5073 8686
5074 8686
5075 5434
5076 8686
5082 8686
5083 8686
5084 5434
5085 8686
5086 8686
5088 8686
5089 8686
5090 8686
5091 8686
5092 8686
5093 8686
5094 8686
5096 8686
5098 8686
5103 5434
5105 8686
5106 8686
5107 8686
5108 8686
5110 5434
5111 5434
5112 8686
5119 8686
5122 8686
5125 5434
5126 8686
5127 8686
5132 8686
5136 8686
5138 8686
5140 5434
5141 8686
5150 5434
5153 8686
5155 8686
5160 5434
5163 8686
5165 5434
5167 8686
5171 8686
5176 8686
5178 8686
5180 8686
5184 8686
5185 8686
5187 8686
5192 8686
5194 8686
5198 5434
5201 8686
5203 8686
5210 5434
5216 8686
5217 5434
5220 8686
5221 8686
5225 8686
5226 8686
5228 8686
5229 8686
5231 8686
5233 8686
5236 8686
5238 5434
5239 8686
5240 8686
5241 8686
5251 8686
5253 8686
5254 8686
5255 8686
5260 5434
5261 8686
5262 8686
5263 5434
5273 8686
5278 8686
5288 5434
5290 8686
5292 8686
5294 8686
5295 8686
5298 8686
5300 8686
5301 5434
5303 8686
5305 8686
5306 8686
5307 8686
5314 8686
5315 8686
5318 8686
5319 8686
5322 8686
5323 8686
5324 8686
5328 8686
5330 8686
5332 8686
5334 8686
5338 8686
5340 8686
5343 8686
5345 8686
5355 8686
5357 8686
5360 5434
5376 8686
5377 8686
5380 8686
5381 8686
5387 5434
5390 5434
5394 8686
5396 5434
5401 8686
5403 8686
5407 8686
5408 8686
5416 8686
5417 8686
5418 8686
5419 8686
5420 5434
5421 8686
5425 8686
5426 8686
5428 8686
5430 8686
5432 8686
5438 8686
5439 8686
5442 5434
5443 8686
5445 8686
5448 8686
5449 5434
5450 5434
5453 8686
5454 8686
5455 8686
5458 8686
5459 5434
5461 8686
5462 8686
5463 8686
5464 5434
5465 5434
5466 8686
5473 8686
5475 8686
5476 8686
5477 8686
5478 8686
5479 8686
5481 8686
5482 5434
5483 8686
5486 5434
5488 8686
5489 5434
5490 8686
5499 8686
5503 8686
5504 8686
5505 8686
5509 8686
5519 5434
5522 8686
5525 5434
5526 8686
5528 5434
5529 8686
5535 5434
5542 8686
5549 8686
5560 8686
5561 8686
5562 8686
5563 8686
5564 8686
5565 8686
5566 8686
5570 8686
5571 8686
5572 8686
5573 5434
5574 8686
5577 8686
5579 8686
5583 8686
5584 5434
5585 8686
5586 5434
5587 8686
5588 8686
5591 5434
5593 8686
5594 8686
5603 8686
5604 8686
5605 5434
5607 5434
5609 5434
5614 8686
5619 8686
5620 8686
5621 5434
5624 8686
5626 8686
5629 8686
5639 8686
5640 5434
5641 8686
5647 8686
5648 8686
5649 8686
5653 8686
5656 8686
5659 8686
5661 8686
5663 8686
5666 8686
5672 8686
5675 8686
5676 5434
5680 8686
5682 8686
5683 5434
5692 8686
5702 5434
5706 8686
5715 8686
5718 8686
5724 8686
5732 8686
5737 8686
5738 8686
5739 5434
5740 8686
5743 8686
5744 8686
5751 8686
5752 8686
5757 8686
5758 8686
5761 8686
5763 8686
5764 8686
5769 8686
5771 8686
5773 8686
5775 8686
5777 8686
5778 8686
5784 8686
5787 8686
5791 5434
5795 8686
5796 8686
5802 8686
5804 8686
5808 8686
5810 8686
5812 8686
5813 8686
5817 5434
5818 5434
5822 8686
5823 8686
5827 8686
5828 8686
5832 5434
5835 8686
5837 8686
5839 5434
5840 5434
5841 8686
5846 8686
5847 5434
5849 8686
5850 8686
5854 8686
5855 8686
5856 8686
5857 8686
5866 8686
5869 8686
5870 8686
5871 8686
5873 8686
5876 8686
5878 8686
5880 5434
5881 8686
5884 8686
5890 5434
5891 5434
5893 5434
5894 8686
5895 8686
5896 5434
5901 8686
5907 8686
5913 8686
5915 8686
5920 8686
5921 8686
5922 8686
5927 8686
5929 8686
5932 5434
5933 8686
5943 5434
5944 8686
5945 8686
5948 5434
5949 8686
5951 8686
5954 8686
5955 8686
5957 8686
5958 8686
5961 8686
5962 8686
5965 8686
5967 8686
5969 8686
5971 5434
5973 5434
5974 5434
5975 5434
5978 5434
5980 8686
5981 8686
5982 8686
5983 5434
5984 8686
5985 8686
5986 8686
5989 8686
5991 8686
5992 8686
5997 8686
5999 8686
6000 8686
6001 5434
6003 8686
6005 8686
6010 5434
6012 8686
6013 5434
6014 8686
6020 8686
6022 8686
6023 8686
6026 8686
6029 5434
6030 5434
6031 5434
6032 8686
6033 8686
6034 8686
6035 8686
6043 8686
6044 5434
6045 8686
6046 8686
6047 5434
6048 8686
6049 8686
6050 8686
6052 8686
6053 8686
6054 8686
6055 8686
6056 5434
6057 8686
6058 8686
6059 8686
6060 8686
6061 5434
6064 5434
6065 5434
6066 8686
6067 8686
6069 5434
6070 8686
6072 8686
6073 5434
6074 8686
6075 8686
6076 8686
6077 8686
6078 8686
6079 8686
6085 8686
6091 8686
6092 8686
6099 8686
6112 8686
6115 8686
6116 8686
6117 8686
6119 8686
6120 8686
6121 8686
6122 5434
6123 8686
6127 8686
6129 8686
6140 8686
6141 8686
6147 8686
6148 5434
6152 8686
6156 8686
6162 8686
6165 8686
6166 8686
6167 8686
6168 8686
6170 8686
6173 8686
6174 8686
6175 8686
6177 8686
6178 5434
6179 8686
6181 8686
6182 8686
6183 8686
6186 8686
6192 8686
6193 5434
6194 8686
6204 8686
6205 8686
6207 8686
6210 8686
6216 8686
6217 8686
6218 8686
6220 5434
6221 8686
6224 8686
6225 8686
6226 8686
6227 8686
6229 8686
6230 8686
6231 8686
6242 8686
6243 5434
6247 8686
6249 8686
6250 8686
6251 5434
6253 5434
6254 8686
6257 8686
6261 8686
6262 8686
6263 8686
6267 8686
6269 5434
6271 8686
6276 5434
6278 5434
6279 8686
6285 5434
6286 8686
6290 8686
6291 8686
6292 8686
6294 8686
6296 5434
6298 8686
6299 8686
6301 8686
6302 8686
6314 5434
6316 8686
6318 8686
6322 8686
6324 8686
6327 5434
6329 5434
6335 5434
6339 5434
6345 8686
6347 8686
6349 8686
6351 8686
6354 8686
6356 8686
6357 8686
6362 5434
6365 8686
6369 5434
6371 5434
6372 5434
6373 8686
6390 5434
6396 8686
6397 5434
6398 8686
6400 8686
6401 8686
6402 8686
6404 8686
6405 8686
6408 8686
6410 8686
6411 8686
6413 8686
6414 8686
6415 8686
6416 8686
6425 8686
6426 8686
6431 8686
6435 8686
6444 8686
6445 8686
6454 5434
6462 8686
6464 8686
6465 8686
6468 8686
6471 8686
6474 8686
6476 8686
6477 8686
6478 5434
6479 8686
6480 5434
6485 5434
6487 8686
6489 8686
6491 8686
6492 8686
6500 8686
6501 8686
6506 8686
6508 8686
6512 5434
6514 8686
6516 8686
6517 8686
6519 8686
6533 8686
6540 8686
6541 8686
6547 5434
6549 8686
6551 8686
6555 5434
6557 8686
6558 8686
6566 8686
6567 8686
6572 8686
6574 8686
6577 8686
6583 8686
6584 8686
6586 8686
6595 8686
6596 8686
6607 5434
6608 8686
6609 8686
6622 8686
6624 8686
6625 5434
6627 8686
6628 8686
6629 8686
6630 8686
6631 8686
6638 8686
6640 8686
6641 8686
6642 8686
6643 8686
6652 8686
6653 8686
6659 8686
6661 8686
6662 8686
6663 8686
6666 8686
6667 8686
6668 8686
6671 8686
6675 8686
6679 8686
6681 5434
6684 5434
6687 5434
6690 8686
6692 8686
6704 8686
6709 8686
6710 8686
6712 8686
6716 8686
6717 8686
6719 8686
6720 5434
6721 5434
6722 5434
6724 8686
6725 8686
6726 8686
6727 8686
6731 8686
6732 8686
6733 8686
6736 5434
6737 8686
6740 8686
6744 5434
6746 8686
6748 8686
6752 5434
6753 5434
6754 8686
6755 8686
6758 8686
6759 5434
6763 8686
6766 5434
6767 8686
6769 8686
6776 5434
6779 8686
6785 5434
6790 8686
6794 5434
6800 5434
6803 8686
6808 5434
6809 5434
6813 5434
6815 8686
6816 8686
6817 8686
6822 8686
6823 8686
6824 8686
6826 8686
6829 8686
6831 8686
6832 5434
6836 8686
6838 5434
6841 8686
6843 5434
6847 8686
6849 8686
6850 8686
6851 5434
6855 8686
6857 8686
6858 8686
6861 8686
6862 8686
6867 8686
6870 5434
6875 8686
6876 5434
6878 8686
6879 8686
6881 8686
6882 8686
6883 8686
6889 8686
6893 8686
6894 8686
6897 5434
6899 8686
6901 5434
6905 8686
6909 8686
6917 8686
6918 8686
6919 8686
6920 8686
6921 8686
6923 8686
6926 5434
6927 8686
6928 8686
6929 8686
6931 8686
6932 8686
6934 8686
6937 8686
6939 5434
6940 8686
6943 8686
6948 5434
6950 8686
6951 8686
6954 8686
6956 8686
6957 8686
6959 8686
6962 8686
6964 8686
6965 8686
6966 8686
6970 8686
6972 8686
6973 8686
6974 5434
6982 8686
6984 8686
6988 8686
6997 5434
6998 8686
6999 8686
7001 8686
7002 5434
7003 8686
7004 8686
7006 8686
7007 8686
7009 8686
7011 5434
7012 5434
7013 8686
7016 8686
7017 8686
7018 8686
7019 8686
7020 8686
7021 8686
7022 8686
7023 5434
7024 8686
7026 8686
7027 8686
7028 8686
7029 8686
7031 8686
7032 5434
7033 8686
7034 8686
7037 8686
7038 8686
7039 5434
7041 8686
7042 8686
7044 8686
7045 8686
7046 8686
7047 8686
7049 8686
7050 8686
7051 8686
7052 5434
7054 8686
7055 8686
7060 5434
7063 5434
7067 8686
7069 8686
7075 8686
7078 8686
7083 8686
7084 5434
7085 8686
7089 8686
7090 5434
7092 5434
7094 8686
7097 5434
7099 8686
7102 5434
7103 8686
7108 8686
7111 8686
7117 5434
7118 5434
7128 8686
7132 8686
7135 5434
7144 8686
7147 8686
7149 8686
7151 8686
7152 8686
7155 8686
7161 8686
7163 8686
7166 8686
7168 8686
7170 8686
7173 8686
7180 5434
7182 8686
7192 8686
7193 8686
7200 8686
7206 8686
7207 5434
7208 8686
7209 8686
7212 8686
7214 8686
7224 5434
7226 8686
7227 8686
7229 8686
7236 8686
7237 8686
7239 5434
7242 8686
7250 8686
7256 8686
7262 8686
7263 8686
7264 8686
7265 8686
7266 8686
7267 5434
7268 5434
7269 8686
7271 8686
7275 8686
7276 5434
7277 8686
7281 5434
7282 8686
7286 8686
7287 8686
7288 8686
7290 8686
7295 8686
7296 5434
7299 8686
7300 8686
7303 8686
7304 8686
7308 8686
7315 8686
7318 8686
7324 8686
7326 8686
7327 8686
7334 8686
7338 8686
7339 8686
7343 8686
7347 8686
7349 8686
7351 8686
7352 8686
7356 8686
7358 5434
7362 8686
7363 5434
7370 8686
7372 8686
7373 8686
7377 8686
7378 8686
7390 8686
7395 8686
7396 5434
7402 8686
7405 5434
7406 5434
7408 5434
7412 8686
7414 8686
7422 8686
7424 8686
7426 8686
7431 8686
7432 8686
7437 8686
7439 8686
7442 5434
7448 8686
7452 8686
7454 8686
7460 5434
7471 8686
7473 8686
7476 8686
7477 8686
7479 8686
7480 8686
7492 8686
7493 8686
7507 5434
7508 8686
7509 8686
7512 8686
7513 8686
7526 8686
7528 8686
7531 8686
7537 5434
7540 8686
7546 8686
7548 8686
7550 8686
7551 8686
7552 8686
7554 8686
7555 8686
7556 8686
7557 5434
7561 8686
7562 8686
7563 5434
7564 8686
7579 8686
7581 8686
7582 5434
7583 8686
7588 8686
7589 8686
7593 8686
7595 5434
7597 8686
7600 8686
7610 5434
7611 5434
7622 8686
7623 8686
7628 5434
7629 8686
7632 8686
7633 8686
7634 5434
7636 8686
7641 8686
7652 8686
7653 8686
7654 5434
7655 5434
7656 8686
7660 5434
7663 5434
7665 8686
7666 5434
7670 5434
7671 8686
7678 8686
7679 8686
7682 8686
7685 8686
7689 8686
7690 8686
7694 8686
7698 8686
7701 5434
7702 8686
7705 8686
7711 8686
7716 8686
7719 8686
7722 8686
7723 8686
7730 8686
7733 8686
7736 8686
7739 8686
7740 8686
7741 8686
7746 8686
7751 8686
7753 8686
7757 8686
7759 8686
7761 8686
7763 8686
7764 8686
7765 8686
7772 8686
7773 8686
7778 8686
7779 8686
7780 8686
7781 5434
7784 5434
7786 8686
7787 5434
7789 5434
7793 8686
7795 8686
7800 8686
7801 8686
7803 8686
7804 8686
7805 8686
7806 8686
7808 5434
7812 8686
7813 5434
7814 5434
7818 8686
7819 8686
7820 8686
7828 8686
7833 5434
7834 8686
7835 8686
7836 8686
7837 8686
7842 8686
7844 8686
7845 8686
7848 8686
7850 8686
7852 5434
7854 8686
7858 8686
7859 8686
7864 8686
7865 5434
7867 8686
7875 5434
7879 8686
7885 8686
7886 5434
7888 5434
7893 5434
7894 8686
7896 8686
7904 8686
7907 8686
7912 8686
7913 8686
7914 8686
7916 8686
7917 8686
7918 8686
7920 8686
7922 8686
7923 8686
7924 8686
7925 8686
7926 8686
7927 8686
7929 5434
7934 8686
7935 8686
7936 8686
7945 8686
7946 8686
7954 8686
7956 8686
7962 8686
7964 8686
7965 8686
7966 5434
7967 8686
7968 8686
7972 8686
7973 8686
7974 8686
7976 8686
7979 8686
7980 8686
7997 8686
8000 8686
8001 8686
8007 8686
8010 5434
8013 8686
8014 8686
8015 8686
8022 8686
8024 8686
8030 8686
8032 8686
8035 8686
8037 8686
8038 8686
8041 8686
8042 8686
8043 5434
8051 5434
8055 8686
8057 8686
8063 8686
8064 5434
8066 8686
8068 8686
8069 8686
8070 8686
8071 5434
8072 8686
8073 8686
8075 8686
8079 8686
8083 8686
8088 5434
8090 8686
8091 8686
8093 8686
8096 8686
8103 8686
8107 8686
8110 8686
8111 8686
8112 8686
8115 8686
8119 8686
8120 8686
8122 8686
8123 8686
8126 8686
8128 8686
8130 8686
8131 5434
8133 8686
8135 8686
8137 8686
8143 8686
8144 8686
8147 8686
8150 8686
8152 8686
8153 8686
8155 5434
8156 8686
8157 8686
8158 8686
8162 8686
8170 8686
8177 8686
8179 8686
8181 5434
8183 8686
8186 8686
8187 8686
8190 8686
8191 8686
8197 8686
8198 8686
8199 8686
8203 8686
8205 5434
8207 5434
8208 8686
8213 8686
8215 8686
8216 8686
8218 8686
8219 8686
8220 5434
8221 8686
8223 8686
8225 8686
8236 5434
8242 8686
8254 8686
8262 8686
8267 8686
8273 8686
8275 8686
8281 8686
8284 5434
8290 5434
8292 8686
8293 8686
8294 8686
8302 8686
8303 8686
8309 5434
8312 5434
8313 8686
8314 8686
8316 8686
8319 8686
8328 8686
8329 8686
8334 8686
8338 8686
8339 8686
8343 8686
8352 8686
8361 8686
8362 8686
8367 8686
8372 8686
8374 5434
8377 5434
8382 8686
8383 5434
8384 8686
8386 8686
8393 8686
8397 8686
8398 5434
8399 8686
8400 8686
8401 8686
8404 8686
8405 8686
8406 8686
8410 8686
8412 8686
8413 8686
8417 8686
8418 8686
8420 8686
8422 8686
8423 8686
8424 8686
8433 8686
8434 8686
8435 5434
8436 8686
8443 8686
8447 8686
8455 5434
8456 8686
8460 5434
8468 8686
8472 8686
8473 8686
8477 8686
8487 8686
8489 8686
8498 5434
8501 8686
8507 8686
8509 8686
8511 8686
8513 5434
8515 8686
8520 5434
8531 8686
8535 8686
8536 5434
8540 8686
8544 8686
8546 5434
8547 5434
8551 5434
8552 5434
8553 8686
8554 8686
8564 5434
8580 5434
8581 8686
8582 8686
8584 8686
8585 8686
8586 5434
8588 8686
8590 8686
8592 8686
8597 5434
8599 8686
8600 8686
8606 5434
8607 8686
8608 8686
8612 8686
8613 8686
8614 8686
8616 8686
8617 8686
8618 8686
8620 8686
8623 8686
8627 8686
8630 8686
8634 8686
8635 8686
8636 8686
8638 8686
8640 5434
8641 8686
8646 8686
8647 8686
8648 8686
8650 8686
8651 5434
8656 8686
8658 8686
8663 5434
8668 8686
8669 8686
8670 5434
8671 8686
8676 8686
8691 8686
8693 8686
8702 8686
8704 8686
8710 8686
8714 8686
8719 8686
8720 8686
8733 8686
8734 8686
8737 8686
8738 8686
8739 8686
8740 8686
8742 8686
8743 5434
8745 8686
8750 5434
8751 8686
8753 8686
8756 8686
8757 8686
8759 8686
8762 8686
8763 8686
8764 8686
8765 8686
8773 5434
8774 8686
8779 8686
8781 5434
8784 8686
8789 5434
8790 8686
8798 8686
8802 8686
8804 5434
8806 5434
8810 5434
8819 8686
8822 5434
8823 8686
8825 8686
8827 8686
8831 8686
8832 8686
8835 5434
8836 5434
8838 8686
8840 8686
8841 5434
8842 8686
8843 8686
8850 8686
8851 8686
8854 8686
8863 8686
8866 8686
8868 8686
8870 8686
8871 8686
8872 8686
8873 8686
8876 8686
8877 8686
8881 5434
8884 8686
8888 8686
8892 8686
8893 5434
8896 8686
8900 8686
8905 8686
8906 8686
8912 8686
8913 8686
8916 8686
8917 8686
8921 8686
8922 8686
8923 8686
8925 8686
8927 8686
8928 8686
8929 8686
8936 8686
8937 8686
8940 8686
8944 8686
8945 5434
8947 8686
8951 8686
8952 8686
8953 8686
8956 8686
8963 8686
8964 8686
8965 8686
8970 8686
8977 8686
8979 8686
8980 8686
8981 5434
8982 8686
8986 8686
8989 8686
8990 8686
8991 8686
8994 8686
8995 5434
8997 8686
8999 8686
9002 8686
9003 8686
9005 8686
9006 8686
9009 8686
9011 8686
9012 8686
9015 8686
9016 8686
9017 8686
9021 8686
9024 8686
9026 8686
9030 8686
9031 5434
9033 8686
9034 5434
9035 8686
9040 8686
9041 8686
9044 8686
9046 5434
9052 8686
9056 8686
9059 8686
9060 8686
9064 8686
9065 8686
9066 8686
9067 5434
9068 8686
9073 8686
9074 8686
9076 8686
9077 8686
9078 8686
9082 8686
9085 8686
9086 5434
9088 8686
9089 5434
9090 8686
9095 8686
9098 8686
9099 5434
9105 8686
9110 5434
9113 8686
9116 8686
9121 5434
9125 8686
9126 8686
9131 8686
9133 5434
9134 8686
9137 8686
9138 8686
9139 8686
9140 8686
9148 8686
9157 8686
9160 8686
9161 8686
9165 8686
9166 5434
9167 8686
9171 8686
9179 5434
9182 8686
9185 5434
9190 8686
9192 8686
9196 8686
9198 8686
9204 8686
9205 8686
9206 8686
9207 5434
9209 8686
9215 8686
9218 8686
9222 5434
9224 8686
9225 8686
9229 5434
9234 5434
9238 8686
9240 8686
9243 8686
9244 8686
9246 8686
9248 8686
9249 5434
9250 5434
9251 8686
9252 8686
9253 5434
9262 8686
9265 8686
9268 5434
9269 8686
9276 8686
9277 5434
9290 8686
9291 8686
9294 8686
9295 8686
9296 5434
9297 8686
9302 5434
9304 8686
9311 8686
9315 8686
9319 8686
9320 8686
9325 8686
9338 8686
9339 5434
9342 8686
9344 5434
9348 8686
9350 5434
9353 8686
9358 5434
9361 8686
9364 8686
9365 8686
9366 8686
9368 8686
9373 8686
9375 8686
9376 5434
9377 8686
9380 8686
9382 8686
9385 5434
9390 8686
9391 8686
9397 8686
9399 5434
9400 8686
9401 8686
9402 8686
9403 5434
9405 5434
9417 8686
9418 8686
9419 5434
9421 8686
9426 8686
9429 8686
9432 8686
9438 8686
9439 8686
9443 8686
9447 5434
9448 8686
9449 8686
9450 8686
9451 8686
9452 8686
9458 8686
9469 8686
9471 5434
9473 8686
9474 8686
9476 8686
9483 8686
9484 5434
9485 8686
9487 8686
9493 5434
9495 8686
9496 8686
9497 8686
9500 8686
9501 8686
9503 8686
9506 5434
9511 8686
9518 8686
9519 8686
9523 8686
9526 5434
9528 8686
9538 5434
9539 8686
9551 8686
9560 8686
9566 8686
9567 5434
9568 8686
9573 8686
9574 8686
9575 5434
9576 8686
9577 8686
9579 8686
9580 8686
9583 5434
9585 8686
9587 8686
9588 8686
9595 8686
9596 5434
9599 8686
9600 8686
9601 8686
9604 8686
9605 8686
9606 8686
9614 8686
9615 8686
9616 5434
9624 8686
9626 8686
9627 8686
9628 8686
9630 8686
9631 8686
9634 5434
9635 8686
9637 8686
9642 8686
9644 8686
9651 8686
9652 8686
9658 8686
9663 5434
9665 8686
9669 8686
9692 8686
9693 8686
9695 8686
9697 8686
9699 5434
9700 8686
9702 8686
9705 8686
9706 5434
9707 8686
9709 8686
9712 8686
9715 5434
9716 8686
9717 8686
9721 8686
9728 8686
9729 8686
9730 8686
9733 8686
9742 8686
9743 5434
9746 8686
9748 8686
9750 8686
9755 8686
9758 8686
9759 5434
9761 5434
9763 8686
9765 5434
9768 8686
9770 8686
9775 8686
9780 8686
9781 5434
9785 8686
9787 5434
9789 8686
9790 8686
9792 8686
9799 5434
9800 5434
9807 8686
9810 5434
9813 8686
9816 8686
9835 8686
9838 8686
9840 8686
9843 8686
9858 5434
9891 8686
9901 8686
9907 8686
9914 8686
9916 8686
9917 8686
9918 5434
9922 8686
9924 5434
9928 8686
9930 8686
9931 8686
9934 8686
9935 8686
9937 8686
9943 8686
9947 8686
9948 8686
9952 8686
9955 5434
9959 5434
9963 5434
9964 5434
9965 8686
9968 8686
9969 5434
9970 8686
9971 8686
9972 8686
9975 8686
9977 8686
9981 8686
9986 8686
9987 8686
9988 8686
9989 8686
9993 8686
9999 8686
10000 8686
10004 8686
10005 8686
10008 8686
10011 8686
10012 8686
10013 8686
10014 8686
10018 8686
10019 8686
10021 8686
10023 8686
10030 8686
10032 8686
10034 8686
10035 8686
10036 8686
10039 8686
10043 8686
10047 8686
10048 8686
10051 8686
10052 8686
10054 8686
10060 8686
10061 5434
10062 5434
10069 8686
10070 5434
10075 8686
10077 8686
10081 8686
10082 8686
10090 8686
10091 8686
10092 8686
10096 8686
10111 8686
10112 8686
10114 8686
10121 8686
10124 8686
10125 8686
10126 5434
10127 8686
10131 8686
10133 5434
10134 8686
10138 8686
10139 8686
10142 8686
10144 5434
10145 8686
10149 8686
10150 8686
10151 5434
10152 5434
10154 8686
10158 8686
10161 8686
10162 5434
10163 5434
10165 8686
10167 8686
10168 8686
10171 8686
10173 8686
10175 8686
10178 8686
10180 8686
10181 8686
10188 8686
10190 8686
10194 8686
10195 8686
10196 8686
10201 8686
10202 5434
10207 5434
10209 8686
10210 5434
10213 8686
10214 8686
10219 5434
10223 8686
10226 5434
10227 8686
10234 5434
10236 5434
10237 5434
10239 5434
10240 8686
10242 8686
10243 8686
10244 5434
10245 8686
10248 8686
10249 8686
10251 8686
10253 8686
10256 8686
10264 5434
10265 5434
10272 5434
10276 8686
10282 5434
10284 8686
10287 8686
10290 8686
10300 8686
10305 8686
10308 8686
10309 5434
10310 8686
10314 8686
10315 8686
10318 8686
10321 8686
10323 8686
10324 8686
10329 8686
10331 8686
10346 8686
10347 8686
10350 8686
10351 8686
10356 8686
10357 8686
10360 5434
10365 8686
10369 8686
10374 8686
10380 8686
10382 8686
10387 8686
10388 8686
10391 8686
10398 8686
10405 5434
10408 8686
10409 8686
10410 8686
10419 8686
10435 8686
10441 8686
10442 8686
10443 8686
10445 8686
10447 5434
10450 8686
10451 8686
10455 8686
10458 5434
10459 8686
10460 8686
10462 8686
10463 8686
10464 8686
10470 5434
10474 8686
10482 8686
10486 5434
10487 8686
10488 8686
10489 8686
10493 8686
10500 8686
10505 5434
10509 8686
10513 8686
10516 5434
10530 5434
10531 8686
10532 8686
10535 8686
10537 8686
10546 8686
10549 8686
10550 8686
10556 8686
10557 8686
10560 8686
10563 8686
10565 8686
10567 8686
10579 8686
10580 8686
10581 8686
10584 8686
10586 8686
10588 8686
10595 8686
10598 8686
10601 8686
10612 8686
10615 8686
10617 8686
10618 8686
10619 5434
10623 8686
10640 8686
10642 8686
10649 8686
10654 8686
10668 8686
10669 8686
10683 8686
10684 8686
10691 8686
10696 8686
10697 8686
10700 8686
10702 8686
10706 5434
10707 8686
10708 5434
10714 5434
10715 5434
10753 8686
10756 8686
10757 8686
10759 8686
10763 8686
10764 8686
10769 8686
10772 5434
10775 8686
10786 8686
10787 8686
10789 8686
10790 8686
10792 8686
10795 5434
10796 5434
10804 8686
10807 8686
10812 8686
10813 8686
10814 8686
10815 8686
10816 8686
10818 5434
10819 8686
10820 8686
10821 8686
10824 5434
10825 5434
10826 8686
10828 5434
10852 8686
10853 8686
10855 8686
10856 8686
10857 8686
10858 8686
10864 5434
10868 5434
10870 8686
10871 8686
10875 8686
10879 8686
10880 8686
10885 8686
10886 5434
10892 5434
10898 8686
10899 8686
10908 8686
10909 8686
10913 8686
10915 8686
10923 8686
10924 8686
10926 8686
10927 8686
10928 8686
10929 8686
10931 8686
10933 5434
10934 5434
10938 8686
10941 8686
10944 5434
10948 8686
10950 8686
10951 8686
10953 8686
10961 8686
10966 5434
10975 8686
10976 8686
10977 8686
10988 5434
10990 8686
10995 8686
10996 8686
10998 8686
11000 5434
11003 8686
11006 8686
11008 8686
11012 5434
11014 8686
11017 8686
11018 8686
11024 8686
11028 8686
11037 8686
11040 8686
11042 5434
11047 8686
11050 5434
11051 5434
11053 5434
11054 5434
11057 8686
11059 8686
11063 8686
11065 5434
11066 8686
11067 5434
11072 5434
11074 8686
11078 8686
11080 8686
11086 5434
11090 5434
11098 8686
11099 8686
11101 8686
11106 8686
11109 8686
11113 5434
11114 8686
11116 8686
11117 8686
11138 8686
11139 8686
11141 5434
11145 8686
11148 8686
11153 8686
11154 8686
11156 8686
11158 5434
11159 8686
11160 8686
11161 8686
11164 8686
11165 8686
11166 5434
11167 8686
11168 8686
11170 5434
11172 8686
11174 8686
11175 5434
11176 8686
11178 8686
11179 5434
11185 8686
11191 8686
11194 5434
11199 8686
11201 8686
11213 8686
11215 8686
11223 8686
11224 5434
11225 8686
11227 8686
11228 8686
11231 5434
11234 8686
11235 8686
11236 5434
11239 8686
11240 8686
11245 8686
11246 8686
11247 8686
11250 8686
11254 8686
11255 8686
11257 8686
11260 8686
11262 8686
11263 8686
11270 5434
11272 8686
11274 8686
11275 8686
11277 5434
11279 8686
11283 8686
11289 8686
11290 8686
11300 8686
11301 8686
11309 8686
11313 8686
11315 8686
11321 8686
11322 8686
11324 8686
11325 8686
11326 8686
11327 5434
11328 5434
11333 8686
11344 8686
11346 8686
11348 5434
11350 8686
11351 8686
11352 5434
11353 8686
11354 5434
11355 8686
11361 8686
11367 5434
11369 8686
11374 5434
11380 8686
11382 8686
11385 5434
11389 8686
11390 8686
11393 8686
11400 8686
11401 8686
11402 8686
11408 8686
11409 8686
11410 5434
11417 8686
11418 8686
11420 8686
11430 8686
11433 8686
11441 8686
11450 8686
11452 8686
11453 8686
11455 8686
11460 8686
11461 8686
11475 8686
11477 8686
11480 8686
11484 5434
11489 8686
11493 5434
11507 8686
11508 8686
11513 8686
11514 5434
11515 8686
11519 8686
11521 8686
11526 5434
11529 8686
11534 8686
11535 8686
11536 8686
11539 8686
11543 5434
11544 8686
11548 8686
11573 8686
11576 8686
11577 8686
11578 8686
11579 8686
11581 8686
11583 5434
11585 8686
11587 8686
11588 8686
11591 8686
11597 8686
11606 8686
11611 8686
11615 8686
11628 8686
11636 8686
11637 5434
11641 8686
11643 8686
11647 8686
11648 8686
11654 5434
11655 8686
11656 8686
11661 8686
11670 5434
11686 5434
11690 8686
11695 8686
11698 8686
11699 8686
11701 8686
11712 8686
11714 8686
11715 8686
11721 8686
11722 8686
11725 8686
11730 8686
11736 8686
11737 8686
11738 8686
11742 8686
11745 5434
11749 8686
11770 5434
11771 8686
11784 8686
11788 8686
11794 5434
11796 5434
11798 8686
11802 8686
11806 8686
11811 8686
11812 8686
11826 8686
11833 5434
11838 5434
11839 8686
11843 8686
11854 8686
11856 5434
11857 8686
11859 8686
11862 8686
11877 8686
11878 5434
11879 8686
11890 5434
11892 8686
11896 8686
11897 8686
11899 8686
11901 5434
11912 8686
11913 8686
11914 8686
11916 8686
11920 8686
11921 5434
11923 8686
11928 8686
11931 8686
11935 8686
11936 8686
11937 8686
11950 8686
11954 8686
11956 8686
11957 8686
11963 8686
11971 5434
11979 8686
11982 8686
11983 8686
11984 8686
11991 8686
11993 8686
11996 8686
12000 8686
12001 8686
12002 8686
12003 8686
12005 8686
12007 8686
12008 8686
12012 8686
12019 8686
12020 8686
12023 5434
12025 8686
12035 5434
12036 8686
12051 8686
12052 8686
12059 8686
12060 8686
12061 8686
12067 8686
12068 5434
12083 8686
12109 8686
12110 8686
12111 8686
12115 8686
12126 8686
12131 5434
12133 8686
12145 8686
12146 8686
12150 8686
12151 8686
12152 8686
12153 8686
12162 8686
12165 8686
12174 8686
12175 8686
12186 8686
12193 8686
12199 8686
12200 8686
12201 8686
12209 8686
12215 8686
12223 8686
12227 5434
12236 8686
12237 8686
12245 8686
12249 8686
12253 8686
12265 8686
12275 5434
12276 8686
12277 5434
12278 8686
12283 8686
12289 5434
12298 8686
12316 5434
12326 8686
12333 8686
12334 8686
12338 8686
12344 5434
12348 8686
12351 8686
12360 8686
12376 8686
12380 8686
12383 8686
12388 8686
12390 5434
12397 8686
12408 5434
12409 8686
12411 5434
12416 8686
12424 5434
12426 8686
12431 8686
12432 8686
12434 5434
12437 8686
12438 8686
12439 8686
12440 5434
12441 8686
12444 8686
12465 8686
12470 8686
12471 8686
12497 5434
12502 8686
12510 8686
12519 5434
12525 8686
12528 8686
12531 8686
12533 8686
12534 8686
12542 5434
12543 8686
12545 8686
12550 8686
12551 8686
12552 8686
12554 8686
12555 5434
12556 8686
12557 5434
12568 8686
12577 8686
12581 8686
12584 8686
12585 8686
12587 5434
12588 8686
12590 8686
12591 8686
12593 5434
12594 5434
12606 8686
12609 8686
12610 8686
12611 8686
12621 8686
12623 8686
12624 8686
12625 8686
12651 5434
12668 8686
12680 8686
12681 8686
12683 8686
12685 8686
12686 8686
12690 8686
12694 8686
12695 8686
12696 5434
12698 8686
12699 8686
12702 8686
12706 5434
12707 5434
12709 5434
12710 8686
12711 8686
12726 5434
12727 8686
12730 8686
12731 5434
12732 8686
12738 5434
12746 8686
12747 5434
12748 8686
12749 8686
12750 8686
12751 8686
12763 8686
12765 5434
12768 8686
12774 8686
12778 5434
12795 8686
12796 8686
12801 8686
12807 8686
12812 8686
12825 8686
12827 8686
12845 8686
12846 8686
12847 8686
12848 8686
12853 8686
12854 8686
12855 8686
12856 8686
12862 8686
12867 8686
12868 8686
12869 5434
12873 8686
12874 5434
12886 8686
12892 8686
12894 5434
12895 8686
12897 8686
12898 5434
12907 8686
12913 8686
12917 8686
12926 8686
12933 8686
12934 8686
12939 5434
12944 8686
12965 8686
12972 8686
12976 8686
12988 8686
12992 8686
12999 8686
13005 8686
13007 5434
13015 8686
13032 5434
13055 8686
13066 8686
13067 8686
13085 8686
13101 8686
13105 8686
13107 8686
13112 8686
13114 8686
13116 8686
13121 8686
13122 8686
13128 8686
13130 8686
13131 8686
13152 8686
13157 8686
13160 8686
13162 8686
13163 8686
13167 8686
13193 8686
13198 8686
13200 8686
13205 8686
13210 5434
13211 8686
13214 5434
13218 8686
13228 8686
13234 8686
13237 8686
13239 8686
13246 8686
13264 8686
13265 5434
13268 8686
13270 8686
13271 8686
13272 5434
13274 8686
13275 8686
13278 8686
13279 8686
13282 8686
13283 8686
13299 8686
13300 8686
13303 8686
13305 8686
13306 5434
13307 8686
13310 5434
13311 5434
13330 8686
13331 8686
13332 8686
13333 8686
13334 5434
13343 8686
13346 8686
13355 8686
13358 8686
13369 8686
13407 8686
13409 8686
13414 5434
13415 8686
13417 8686
13419 8686
13424 5434
13428 8686
13429 8686
13431 8686
13442 8686
13446 8686
13449 8686
13450 5434
13454 5434
13459 8686
13460 5434
13463 8686
13473 5434
13475 8686
13476 8686
13486 5434
13489 8686
13490 8686
13499 8686
13501 8686
13506 8686
13507 8686
13508 8686
13512 8686
13514 8686
13535 8686
13539 5434
13541 8686
13542 8686
13552 8686
13556 5434
13557 5434
13558 5434
13560 8686
13561 5434
13566 8686
13568 8686
13570 8686
13572 8686
13574 8686
13580 8686
13585 5434
13588 8686
13592 5434
13594 5434
13595 5434
13602 8686
13603 8686
13604 8686
13605 8686
13619 8686
13620 5434
13644 8686
13740 5434
13747 8686
13814 5434
13815 8686
13820 8686
13825 8686
13853 8686
13873 5434
13931 5434
13936 5434
13937 8686
13941 8686
13942 8686
13944 8686
13948 8686
13957 8686
13958 8686
13960 8686
13963 8686
13969 8686
13970 8686
13971 8686
13972 8686
13973 8686
13975 8686
13988 8686
13997 8686
13998 8686
14000 8686
14002 8686
14003 8686
14004 8686
14006 5434
14007 8686
14008 8686
14009 8686
14010 8686
14017 8686
14023 8686
14024 8686
14028 8686
14030 8686
14033 8686
14040 5434
14052 8686
14055 5434
14056 5434
14057 8686
14059 5434
14060 8686
14067 8686
14071 8686
14072 8686
14083 8686
14087 8686
14088 8686
14089 8686
14099 8686
14100 8686
14102 8686
14104 8686
14105 8686
14110 8686
14112 8686
14204 8686
14260 8686
14262 5434
14263 8686
14264 5434
14268 8686
14284 8686
14299 8686
14302 8686
14306 8686
14358 8686
14382 5434
14383 5434
14384 8686
14408 8686
14418 8686
14452 8686
14491 8686
14498 8686
14508 8686
14517 8686
14525 8686
14530 8686
14533 8686
