14541 14541 125
42 159
173 380
380 464
490 1032
678 7376
734 10512
969 7246
1032 13753
1172 10512
1182 8637
1227 10502
1261 10512
1269 10512
1271 13753
1789 7376
1934 13890
2186 13753
2206 11545
2289 326
2296 9156
2446 10502
2516 2296
3000 464
3000 4409
3011 1271
3217 13753
3274 4409
3321 7246
3452 11273
3472 7246
3507 8821
3517 10512
3537 7688
3685 1271
3893 1269
3907 159
3932 3893
4371 8569
4416 11273
4538 10502
4675 159
4708 8569
4753 1271
5050 326
5115 10502
5313 11273
5335 7246
5359 7246
5359 13753
5472 12089
5749 9156
5838 10512
6317 10512
6346 9156
6498 10502
6576 9156
7138 7246
7302 457
7330 10512
7449 464
7469 1959
7688 9156
7692 159
7713 12089
7952 326
8034 159
8391 380
8539 7246
8548 7246
8550 9156
8604 10512
8615 8569
8619 13753
8638 10502
8666 11273
8746 12089
8796 4454
8839 11650
9093 9156
9160 10502
9264 13753
9335 151
9446 326
9698 9156
9776 9156
9776 12089
9815 6420
9957 5727
10492 12089
10512 13753
10533 10512
11211 5727
11267 7688
11366 10373
11560 13753
11568 11545
11619 11273
11651 10502
11729 11650
11743 7376
11880 11273
11891 7130
11908 1271
12073 159
12141 10512
12301 8821
12384 4409
12415 5335
12421 10512
12495 10502
12514 326
12781 9156
13017 8569
13093 10373
13349 11273
13461 13753
13597 4409
13599 7376
13655 1271
13836 10512
13890 4409
14065 7246
14282 6504
14359 4409
14360 10502
