14541 14541 241
136 3689
136 9200
178 3689
178 13363
230 5925
316 3689
316 5925
364 8519
393 5625
450 2332
450 5925
450 12919
450 13362
450 13367
575 5925
608 5625
608 8519
642 5925
659 9905
683 308
906 5925
920 6938
987 13363
1015 5925
1265 5925
1268 5925
1283 5925
1579 5925
1636 5925
1648 3689
1648 5925
1712 5925
1712 13364
1736 5925
1868 5925
1881 13363
1881 13364
1916 13363
2015 13367
2017 5925
2080 5925
2164 3689
2230 13363
2344 308
2344 6154
2386 979
2386 3909
2386 5925
2386 6154
2386 6507
2386 6938
2386 8519
2386 12501
2605 5925
2689 308
2689 3689
2689 4211
2689 5066
2689 5925
2689 13363
2689 13364
2703 5057
2703 5625
2703 5925
2703 6938
2710 3689
2710 13363
2731 5925
2732 5057
2732 6938
2734 5625
2735 979
2771 5925
2789 5925
2805 5925
2832 11868
2834 5066
2834 5925
2834 13363
2834 13364
2845 5925
2855 5925
2859 3689
2863 13364
2865 5925
2885 5925
2885 6154
2895 5925
2923 308
2923 5066
2923 13363
2933 6938
2938 13367
3120 13363
3335 3689
3335 11868
3335 13363
3412 3689
3412 5925
3448 13363
3719 2640
3719 5066
3719 5925
3719 13364
3763 3689
3763 13363
3865 3689
4069 12951
4183 5925
4183 11618
4203 13364
4661 3689
4661 13364
4739 8519
4800 3689
4846 3689
4876 1875
4909 5625
4909 5925
4995 4403
4995 5057
4995 5625
4995 7889
4995 8519
4995 12501
4995 13363
5023 13364
5039 308
5039 2332
5039 3689
5039 5066
5039 5821
5039 5925
5039 13363
5039 13364
5039 13367
5432 29
5432 5925
5499 13362
5525 939
5525 12919
5542 5925
5773 308
5773 13363
6014 5625
6050 13362
6061 5925
6226 11618
6226 13363
6397 3689
6397 13363
6671 308
6671 5925
6671 13367
6964 3689
6964 4403
6964 9200
6964 13363
7170 3689
7275 308
7275 13363
7548 6154
7548 13364
7561 3689
7561 5821
7561 13367
7579 5066
7622 5066
7690 308
7690 3689
7885 308
7885 2332
7885 3689
7885 5821
7885 6154
7885 11618
7885 13363
7885 13364
7885 13367
7965 308
7965 13364
7967 9619
8501 308
8501 3689
8779 308
8922 13364
8989 308
8989 4862
8997 2683
9035 5066
9035 13364
9503 308
9503 3348
9503 4211
9503 5821
9503 13363
9503 13367
9759 5925
9759 8519
9759 11094
9759 12501
9759 13364
9934 13364
10493 2475
10493 7889
10493 8519
10885 8519
11353 8519
11859 3689
11914 5066
11914 13364
11914 13366
11916 6513
11916 6588
11916 9115
11916 13361
12083 5925
12151 3689
12151 5925
12152 13364
12502 5925
12976 5925
13343 5925
13358 5925
13358 13363
13442 5925
13459 8519
13490 2640
13580 5057
13580 8519
13944 7684
13944 9257
13944 9905
14006 308
14006 5925
14006 13367
14010 5925
14055 5925
14100 5625
14382 5925
14418 13363
