14541 14541 104
3640 132
3640 407
3640 1769
3640 2878
3640 3063
3640 3090
3640 3929
3640 4077
3640 4082
3640 5639
3640 6918
3640 7083
3640 14072
3932 1917
4482 1857
4482 2976
4482 3063
4482 3197
4482 4207
4482 4894
4482 7300
4482 7452
4482 7716
4482 7848
4482 7976
4482 8236
4482 8546
4482 11116
4482 12275
4482 12334
6981 16
6981 115
6981 299
6981 578
6981 584
6981 668
6981 687
6981 995
6981 1494
6981 1769
6981 2060
6981 2494
6981 2738
6981 2753
6981 2770
6981 2849
6981 2861
6981 2884
6981 2930
6981 3088
6981 3090
6981 3438
6981 3453
6981 3486
6981 3568
6981 4077
6981 4380
6981 4525
6981 4545
6981 4724
6981 5111
6981 5132
6981 5201
6981 5724
6981 5832
6981 6046
6981 6056
6981 6059
6981 6065
6981 6177
6981 6732
6981 7412
6981 8071
6981 8520
6981 9086
6981 10360
6981 10516
6981 10818
6981 11367
6981 12025
6981 12557
6981 12801
6981 13595
6981 13620
6981 13936
6981 13958
8391 2538
8391 7976
8391 12199
10512 659
10512 2859
10512 3486
11211 299
11211 578
11211 1767
11211 1980
11211 4021
11211 6065
11211 7017
11211 9768
11211 10251
11211 13595
11211 14055
11211 14268
