14541 14541 199
127 10559
147 10559
552 10559
558 10559
614 10559
711 10559
796 10559
837 10559
860 10559
869 10559
874 10559
900 10559
958 10559
1081 10559
1090 10559
1117 10559
1154 10559
1156 10559
1184 10559
1232 10559
1243 10559
1254 10559
1287 10559
1339 10559
1382 10559
1399 10559
1510 10559
1514 10559
1559 10559
1689 10559
1695 10559
1762 10559
1833 10559
1839 10559
1994 10559
2058 4552
2103 10559
2116 10559
2165 10559
2214 10559
2233 10559
2274 10559
2281 10559
2338 10559
2375 10559
2380 10559
2393 10559
2422 10559
2455 10559
2544 10559
2600 10559
2603 10559
2627 10559
2977 10559
3021 10559
3062 10559
3073 10559
3082 10559
3085 10559
3155 10559
3266 10559
3282 10559
3574 10559
3794 10559
3798 10559
3876 10559
3878 10559
3936 10559
4093 10559
4104 10559
4137 10559
4200 10559
4261 10559
4313 10559
4370 10559
4390 10559
4518 10559
4524 10559
4544 10559
4546 10559
4547 10559
4603 10559
4618 10559
4642 10559
4745 10559
4823 10559
4940 10559
4973 10559
5038 10559
5117 10559
5158 10559
5339 10559
5361 10559
5362 10559
5431 10559
5433 10559
5437 10559
5440 10559
5480 10559
5513 10559
5533 10559
5554 10559
5622 10559
5655 10559
5709 10559
5725 10559
5735 10559
5783 10559
5785 10559
5788 10559
5793 10559
5872 10559
5917 10559
5918 10559
5919 10559
6100 10559
6214 10559
6304 10559
6313 10559
6367 10559
6383 10559
6450 10559
6571 10559
6632 10559
6743 10559
6795 10559
6807 10559
7048 10559
7093 10559
7261 10559
7297 10559
7354 10559
7435 10559
7649 10559
7683 10559
7707 10559
7712 10559
7776 10559
7948 10559
7996 10559
8005 10559
8025 10559
8138 10559
8194 10559
8419 10559
8428 10559
8478 10559
8579 10559
8610 10559
8633 10559
8722 10559
8730 10559
8909 10559
9020 10559
9102 10559
9130 10559
9151 10559
9189 10559
9228 10559
9470 10559
9494 10559
9507 10559
9622 10559
9881 10559
10020 10559
10065 10559
10072 10559
10212 10559
10255 10559
10388 10559
10503 10559
10686 10559
10699 10559
11046 10559
11070 10559
11147 10559
11258 10559
11476 10559
11562 10559
11767 10559
11999 10559
12328 10559
12626 10559
12688 10559
12811 10559
12821 10559
12849 10559
12851 10559
13089 10559
13128 10559
13215 10559
13220 10559
13338 10559
13357 10559
13610 10559
14039 10559
14116 10559
14272 10559
14423 10559
