14541 14541 419
103 3352
123 5779
217 2839
264 3698
304 1760
310 5247
310 12952
310 13039
310 14370
310 14379
376 3988
432 11440
440 5544
445 3584
445 7201
445 10479
477 213
523 5546
562 7036
579 6775
712 3299
716 6550
782 1073
807 12921
865 3597
1051 12937
1062 9671
1089 7081
1133 2523
1133 3025
1133 3069
1133 13041
1133 13071
1314 6392
1337 1360
1337 5246
1337 11076
1337 12923
1447 12888
1474 2951
1513 5905
1564 5531
1718 1891
1794 1418
1803 3593
2012 5551
2023 3383
2023 5939
2023 7294
2047 1123
2110 1137
2124 1030
2158 6761
2172 7421
2197 5608
2220 6791
2256 5693
2273 5712
2391 2007
2391 13073
2459 4035
2480 11874
2526 1895
2526 12094
2526 13072
2528 3006
2528 3066
2528 13042
2529 3026
2529 3080
2568 3224
2639 8287
2667 5940
2775 4065
2801 2430
2967 2428
3099 13480
3132 2431
3147 7576
3152 5780
3157 4744
3498 11356
3566 10349
3897 8097
3973 8271
3973 11440
3973 12835
3973 13035
4161 3076
4161 3879
4161 12973
4161 13049
4219 4138
4219 4187
4219 4276
4283 13060
4288 2524
4288 2922
4372 783
4471 4760
4471 5814
4483 6796
4488 5852
4495 6798
4507 7599
4625 875
4625 2476
4637 12030
5095 7025
5190 5716
5474 4769
5474 6854
5474 7558
5474 9666
5474 13057
5474 13058
5474 13079
5527 330
5635 1952
5662 7257
5701 5886
5714 5711
5728 7079
5734 6994
5851 6713
5887 6792
6157 5862
6163 6787
6176 7387
6212 4650
6300 6334
6300 6344
6300 10420
6300 13050
6455 784
6472 5816
6472 7160
6544 1146
6545 3427
6545 5708
6552 5024
6579 2131
6581 5824
7120 6784
7340 7146
7340 7198
7340 7221
7410 10914
7447 4019
7467 3094
7467 4006
7467 11371
7532 7542
7532 13646
7536 4978
7536 5900
7536 8323
7614 2992
7704 4731
7704 6146
7709 6233
7709 6526
7709 6635
7709 7187
7709 7921
7734 7609
7738 6774
7766 6778
7774 5860
7829 7887
7829 13075
7931 573
7939 11036
7939 12960
7988 7909
8033 8394
8092 4602
8136 1327
8142 6848
8146 3718
8178 6762
8333 9682
8333 13081
8371 8466
8502 5906
8512 1112
8514 5882
8518 5002
8523 7420
8542 5799
8542 7664
8587 6025
8591 7482
8672 4025
8724 4854
8729 12656
8857 4798
8857 8574
8857 8732
8857 12841
8864 11036
8901 5541
8915 5545
8918 14487
8993 1068
8993 1069
8993 1075
8993 1076
9079 3353
9084 5202
9107 5559
9145 6358
9155 5020
9164 6802
9211 7252
9216 6799
9220 7419
9226 6768
9239 7150
9271 9278
9271 9279
9271 9280
9360 4817
9360 7520
9372 9194
9372 9356
9383 5755
9468 6749
9502 7195
9534 13061
9584 7091
9586 7005
9594 5888
9711 9760
9756 5356
9756 6235
9808 10064
9812 6772
9821 5863
9837 5547
9913 6797
9954 1819
9954 13076
9973 5538
10105 5800
10105 7014
10108 6863
10299 44
10299 6695
10303 1322
10303 1363
10313 1405
10313 1765
10338 1874
10361 9329
10416 5044
10449 6111
10543 6793
10582 7418
10652 390
10687 1077
10746 3467
10777 4696
10779 13075
10823 6037
10861 645
10918 5548
11155 7516
11261 13051
11338 3215
11338 11407
11341 13607
11365 4048
11442 13034
11465 4258
11465 5853
11522 6839
11523 6341
11524 5719
11533 6771
11537 5022
11537 9057
11540 10010
11571 10920
11572 13059
11572 14371
11599 9193
11599 9355
11630 1820
11630 9266
11630 9351
11630 13062
11638 5935
11665 8380
11665 8402
11665 13056
11672 8576
11672 8643
11672 12839
11672 13037
11718 2432
11889 6018
11889 7910
11889 13046
11910 1840
11910 13082
11930 7515
11940 6895
11940 13054
11941 11574
11941 13048
11941 13078
11945 8268
11945 13040
11946 3987
11946 9673
11946 13033
11947 13053
12011 1951
12016 4758
12081 7174
12086 5530
12117 4071
12163 4934
12163 7887
12163 7908
12163 13052
12173 6238
12188 4864
12212 1863
12212 3024
12232 5169
12242 6674
12242 13044
12255 3625
12255 12082
12260 3577
12260 12954
12262 7307
12317 3333
12325 2969
12336 6041
12468 6993
12541 6311
12582 13226
12678 3171
12739 2152
12739 9949
12742 5885
12753 13465
12766 2006
12766 9684
12766 11332
12766 12946
12766 13047
12770 5598
12799 7481
12818 4983
12850 12830
12871 6911
12876 13341
12883 6907
12901 1653
12901 12928
12901 12929
12910 6801
12930 7015
12936 5033
12936 5814
12948 12250
12998 6782
13002 3703
13007 3383
13007 4095
13016 5600
13018 5446
13084 5200
13084 6223
13120 10064
13170 1036
13203 1527
13209 5030
13219 7777
13219 13077
13401 7389
13404 1074
13466 9690
13559 885
13559 2608
13754 9681
13754 13069
13877 1856
13877 13074
13893 3877
13893 9691
13996 3138
14013 13036
14036 7203
14041 2989
14077 10057
14093 8526
14096 3615
14131 13080
14131 14369
14196 1735
14196 6328
14196 13038
14196 13070
14197 12225
14209 1775
14230 4794
14250 4950
14255 4803
14287 10274
14356 3837
14362 12213
14454 4785
14516 6747
14516 12315
