14541 14541 3440
982 4334
982 4402
982 4459
982 4748
982 5364
982 5366
982 5370
982 5371
982 5374
982 6614
982 6853
982 7884
982 8109
982 8484
982 8490
982 9406
982 9407
982 9408
982 9409
982 9410
982 9412
982 9414
982 10288
982 10876
982 11056
982 11058
982 11124
982 11131
982 11132
982 11133
982 11134
982 11195
982 11196
982 11197
982 11848
982 12095
982 12538
982 13824
984 4334
984 4402
984 4459
984 4748
984 5364
984 5366
984 5370
984 5371
984 5374
984 6614
984 6853
984 7884
984 8109
984 8317
984 8484
984 8490
984 9406
984 9407
984 9408
984 9409
984 9410
984 9412
984 9414
984 10288
984 10876
984 11056
984 11058
984 11118
984 11119
984 11123
984 11124
984 11125
984 11126
984 11127
984 11128
984 11129
984 11130
984 11131
984 11132
984 11133
984 11134
984 11195
984 11196
984 11197
984 11204
984 11205
984 11226
984 11848
984 11849
984 11902
984 12095
984 12231
984 12233
984 12246
984 12293
984 12297
984 12299
984 12304
984 12538
984 13824
1041 2997
1041 4149
1041 4981
1041 7070
1041 8016
1041 8467
1041 10553
1041 12553
1041 12647
1047 3645
1047 3646
1047 5258
1047 6869
1047 8678
1047 10568
1047 10569
1047 10572
1047 10578
1047 10583
1047 10593
1047 10596
1047 11820
1047 12359
1047 12843
1207 242
1207 1040
1207 1233
1207 1257
1207 2068
1207 2069
1207 2486
1207 2997
1207 4149
1207 4981
1207 7070
1207 8016
1207 8467
1207 10553
1207 12553
1207 12647
1207 13148
1234 242
1234 1040
1234 1233
1234 1257
1234 2068
1234 2069
1234 2486
1234 2997
1234 4149
1234 4981
1234 7070
1234 8016
1234 8467
1234 10553
1234 12553
1234 12647
1234 13148
1246 242
1246 1040
1246 1233
1246 1257
1246 2068
1246 2069
1246 2486
1246 2997
1246 4149
1246 4981
1246 7070
1246 8016
1246 8467
1246 10553
1246 12553
1246 12647
1246 13148
1247 242
1247 1040
1247 1233
1247 1257
1247 2068
1247 2069
1247 2486
1247 2997
1247 4149
1247 4981
1247 7070
1247 8016
1247 8467
1247 10553
1247 12553
1247 12647
1247 13148
1270 242
1270 1040
1270 1233
1270 1257
1270 2068
1270 2069
1270 2486
1270 2997
1270 4149
1270 4981
1270 7070
1270 8016
1270 8467
1270 10553
1270 12553
1270 13148
1272 242
1272 1040
1272 1233
1272 1257
1272 2068
1272 2069
1272 2486
1272 2997
1272 4149
1272 4981
1272 7070
1272 8016
1272 8467
1272 10553
1272 12553
1272 13148
1274 242
1274 1040
1274 1233
1274 1257
1274 2068
1274 2069
1274 2486
1274 2997
1274 4149
1274 4981
1274 7070
1274 8016
1274 8467
1274 10553
1274 12553
1274 12647
1274 13148
1275 242
1275 1040
1275 1233
1275 1257
1275 2068
1275 2069
1275 2486
1275 4149
1275 4981
1275 7070
1275 8016
1275 8467
1275 10553
1275 12553
1275 12647
1276 242
1276 1040
1276 1233
1276 1257
1276 2068
1276 2069
1276 2486
1276 4149
1276 4981
1276 7070
1276 8016
1276 8467
1276 10553
1276 12553
1276 12647
1277 242
1277 1040
1277 1233
1277 1257
1277 2068
1277 2069
1277 2486
1277 2997
1277 4149
1277 4981
1277 7070
1277 8016
1277 8467
1277 10553
1277 12553
1277 13148
1296 242
1296 1040
1296 1233
1296 1257
1296 2068
1296 2069
1296 2486
1296 2997
1296 4149
1297 4981
1297 7070
1297 8016
1297 8467
1297 10553
1297 12553
1297 13148
1298 242
1298 1040
1298 1233
1298 1257
1298 2068
1298 2069
1298 2486
1298 2997
1298 4149
1299 242
1299 1040
1299 1233
1299 1257
1299 2068
1299 2069
1299 2486
1299 2997
1299 4149
1299 4981
1299 7070
1299 8016
1299 8467
1299 10553
1299 12553
1299 13148
1301 242
1301 1040
1301 1233
1301 1257
1301 2068
1301 2069
1301 2486
1301 2997
1301 4149
1301 4981
1301 7070
1301 8016
1301 10553
1301 12553
1301 13148
1302 242
1302 1040
1302 1233
1302 1257
1302 2068
1302 2069
1302 2997
1302 4149
1302 4981
1302 7070
1302 8016
1302 8467
1302 10553
1302 12553
1302 12647
1302 13148
1328 242
1328 1040
1328 1233
1328 1257
1328 2068
1328 2069
1328 2486
1328 2997
1328 4149
1328 4981
1328 7070
1328 8016
1328 8467
1328 10553
1328 12553
1328 13148
1330 242
1330 1040
1330 1233
1330 1257
1330 2068
1330 2069
1330 2486
1330 2997
1330 4149
1330 4981
1330 7070
1330 8016
1330 8467
1330 10553
1330 12553
1330 13148
1353 242
1353 1040
1353 1233
1353 1257
1353 2068
1353 2069
1353 2486
1353 2997
1353 4149
1353 4981
1353 7070
1353 8016
1353 8467
1353 10553
1353 12553
1353 13148
1354 242
1354 1040
1354 1233
1354 1257
1354 2068
1354 2069
1354 2486
1354 2997
1354 4149
1354 4981
1354 7070
1354 8016
1354 8467
1354 10553
1354 12553
1354 13148
1389 242
1389 1040
1389 1233
1389 1257
1389 2068
1389 2069
1389 2486
1389 2997
1389 4149
1389 4981
1389 7070
1389 8016
1389 8467
1389 10553
1389 12553
1389 12647
1389 13148
1395 242
1395 1040
1395 1233
1395 1257
1395 2068
1395 2069
1395 2486
1395 2997
1395 4149
1395 4981
1395 7070
1395 8016
1395 8467
1395 10553
1395 12553
1395 13148
1942 11830
1942 12786
1962 11830
1962 12786
1993 11830
1993 12786
1996 11830
1996 12786
3087 12640
3379 242
3379 1040
3379 1233
3379 1257
3379 2068
3379 2069
3379 2486
3379 2997
3379 4149
3379 4981
3379 7070
3379 8016
3379 8467
3379 10553
3379 12553
3379 13148
3396 242
3396 1040
3396 1233
3396 1257
3396 2068
3396 2069
3396 2486
3396 2997
3396 4149
3396 4981
3396 7070
3396 8016
3396 8467
3396 10553
3396 12553
3396 13148
3398 242
3398 1040
3398 1233
3398 1257
3398 2068
3398 2069
3398 2486
3398 2997
3398 4149
3398 4981
3398 7070
3398 8016
3398 8467
3398 10553
3398 12553
3398 13148
3400 242
3400 1040
3400 1233
3400 1257
3400 2068
3400 2069
3400 2486
3400 2997
3400 4149
3400 4981
3400 7070
3400 8016
3400 8467
3400 10553
3400 12553
3400 12647
3400 13148
3401 242
3401 1040
3401 1233
3401 1257
3401 2068
3401 2069
3401 2486
3401 2997
3401 4149
3401 4981
3401 7070
3401 8016
3401 8467
3401 10553
3401 12553
3401 12647
3401 13148
3402 242
3402 1040
3402 1233
3402 1257
3402 2068
3402 2069
3402 2486
3402 2997
3402 4149
3402 4981
3402 7070
3402 8016
3402 8467
3402 10553
3402 12553
3402 12647
3402 13148
3413 2997
3414 242
3414 1040
3414 1233
3414 1257
3414 2068
3414 2069
3414 2486
3414 4149
3414 4981
3414 7070
3414 8016
3414 8467
3414 10553
3414 12553
3414 13148
3415 242
3415 1040
3415 1233
3415 1257
3415 2068
3415 2069
3415 2486
3415 4149
3415 4981
3415 7070
3415 8016
3415 8467
3415 10553
3415 12553
3415 13148
3444 242
3444 1040
3444 1233
3444 1257
3444 2068
3444 2069
3444 2486
3444 2997
3444 4149
3444 4981
3444 7070
3444 8016
3444 8467
3444 10553
3444 12553
3444 13148
3456 242
3456 1040
3456 1233
3456 1257
3456 2068
3456 2069
3456 2486
3456 2997
3456 4149
3456 4981
3456 7070
3456 8016
3456 8467
3456 10553
3456 12553
3456 12647
3456 13148
3458 242
3458 1040
3458 1233
3458 1257
3458 2068
3458 2069
3458 2486
3458 2997
3458 4149
3458 4981
3458 7070
3458 8016
3458 8467
3458 10553
3458 12553
3458 12647
3458 13148
3459 242
3459 1040
3459 1233
3459 1257
3459 2068
3459 2069
3459 2486
3459 2997
3459 4149
3459 4981
3459 7070
3459 8016
3459 8467
3459 10553
3459 12553
3459 13148
3460 242
3460 1040
3460 1233
3460 1257
3460 2068
3460 2069
3460 2486
3460 2997
3460 4149
3460 4981
3460 7070
3460 8016
3460 8467
3460 10553
3460 12553
3460 13148
3461 242
3461 1040
3461 1233
3461 1257
3461 2068
3461 2486
3461 4149
3461 4981
3461 7070
3461 8016
3461 8467
3461 10553
3461 12553
3461 12647
3462 242
3462 1040
3462 1233
3462 1257
3462 2068
3462 2069
3462 2486
3462 2997
3462 4149
3462 4981
3462 7070
3462 8016
3462 8467
3462 10553
3462 12553
3462 13148
3463 1040
3463 1233
3463 1257
3463 2486
3463 4149
3463 4981
3463 7070
3463 8016
3463 8467
3463 10553
3463 12553
3488 242
3488 1040
3488 1233
3488 1257
3488 2068
3488 2069
3488 2486
3488 2997
3488 4149
3488 4981
3488 7070
3488 8016
3488 8467
3488 10553
3488 12553
3488 12647
3488 13148
3489 242
3489 1040
3489 1233
3489 1257
3489 2068
3489 2069
3489 2486
3489 2997
3489 4149
3489 4981
3489 7070
3489 8016
3489 8467
3489 10553
3489 12553
3489 12647
3489 13148
3490 242
3490 1040
3490 1233
3490 1257
3490 2068
3490 2069
3490 2486
3490 2997
3490 4149
3490 4981
3490 7070
3490 8016
3490 8467
3490 10553
3490 12553
3490 12647
3490 13148
3491 242
3491 1040
3491 1233
3491 1257
3491 2068
3491 2069
3491 2486
3491 2997
3491 4149
3491 4981
3491 7070
3491 8016
3491 8467
3491 10553
3491 12553
3491 12647
3491 13148
3493 242
3493 1040
3493 1233
3493 1257
3493 2068
3493 2069
3493 2486
3493 2997
3493 4149
3493 4981
3493 7070
3493 8016
3493 8467
3493 10553
3493 12553
3493 12647
3493 13148
3571 12640
3572 12640
3573 12640
3603 10203
3603 10278
3604 10203
3604 10278
3605 10203
3605 10278
3656 242
3656 1040
3656 1233
3656 1257
3656 2068
3656 2069
3656 2486
3656 2997
3656 4149
3656 4981
3656 7070
3656 8016
3656 8467
3656 10553
3656 12553
3656 13148
3658 242
3658 1040
3658 1233
3658 1257
3658 2068
3658 2069
3658 2486
3658 2997
3658 4149
3658 4981
3658 7070
3658 8016
3658 8467
3658 10553
3658 12553
3658 13148
3659 242
3659 1040
3659 1233
3659 1257
3659 2068
3659 2069
3659 2486
3659 2997
3659 4149
3659 4981
3659 7070
3659 8016
3659 8467
3659 10553
3659 12553
3659 13148
3660 242
3660 1040
3660 1233
3660 1257
3660 2068
3660 2069
3660 2486
3660 2997
3660 4149
3660 4981
3660 7070
3660 8016
3660 8467
3660 10553
3660 12553
3660 13148
3662 242
3662 1040
3662 1233
3662 1257
3662 2068
3662 2069
3662 2486
3662 2997
3662 4149
3662 4981
3662 7070
3662 8016
3662 8467
3662 10553
3662 12553
3662 12647
3662 13148
3663 242
3663 1040
3663 1233
3663 2486
3663 4149
3663 4981
3663 7070
3663 8016
3663 8467
3663 10553
3663 12553
3663 12647
3682 10203
3682 10278
3720 12779
3765 12787
3773 4824
3773 6430
3773 8166
3773 9903
3773 9906
3773 9927
3773 11081
3773 11096
3773 12630
3773 12652
3773 12842
3812 12509
3812 13118
3823 3645
3823 3646
3823 6869
3823 8678
3823 10568
3823 10569
3823 10572
3823 10578
3823 10583
3823 10593
3823 10596
3823 11820
3978 6430
3978 8166
3978 12630
3978 13483
4204 242
4204 1040
4204 1233
4204 1257
4204 2068
4204 2069
4204 2486
4204 2997
4204 4149
4204 4981
4204 7070
4204 8016
4204 8467
4204 10553
4204 12553
4204 13148
4205 242
4205 1040
4205 1233
4205 1257
4205 2068
4205 2069
4205 2486
4205 2997
4205 4149
4205 4981
4205 7070
4205 8016
4205 8467
4205 10553
4205 12553
4205 13148
4269 242
4269 1040
4269 1233
4269 1257
4269 2068
4269 2069
4269 2486
4269 2997
4269 4149
4269 4981
4269 7070
4269 8016
4269 8467
4269 10553
4269 12553
4270 242
4270 1040
4270 1233
4270 1257
4270 2068
4270 2069
4270 2486
4270 2997
4270 4149
4270 8016
4270 10553
4270 13148
4271 242
4271 1040
4271 1233
4271 1257
4271 2068
4271 2069
4271 2486
4271 2997
4271 4149
4271 4981
4271 7070
4271 8016
4271 8467
4271 10553
4271 12553
4271 13148
4272 242
4272 1040
4272 1233
4272 1257
4272 2068
4272 2069
4272 2486
4272 2997
4272 4149
4272 4981
4272 7070
4272 8016
4272 8467
4272 10553
4272 12553
4272 13148
4273 242
4273 1040
4273 1233
4273 1257
4273 2068
4273 2069
4273 2486
4273 2997
4273 4149
4273 4981
4273 7070
4273 8016
4273 8467
4273 10553
4273 12553
4273 13148
4287 242
4287 1040
4287 1233
4287 1257
4287 2068
4287 2069
4287 2486
4287 2997
4287 4149
4287 4981
4287 7070
4287 8016
4287 8467
4287 10553
4287 12553
4287 12647
4287 13148
4302 242
4302 1040
4302 1233
4302 1257
4302 2486
4302 4149
4302 4981
4302 7070
4302 8016
4302 8467
4302 10553
4302 12553
4302 12647
4316 242
4316 1040
4316 1233
4316 1257
4316 2068
4316 2069
4316 2486
4316 2997
4316 4149
4316 4981
4316 7070
4316 8016
4316 8467
4316 10553
4316 12553
4316 12647
4316 13148
4324 242
4324 1040
4324 1233
4324 1257
4324 2068
4324 2069
4324 2486
4324 2997
4324 4149
4324 4981
4324 7070
4324 8016
4324 8467
4324 10553
4324 12553
4324 13148
4335 242
4335 1040
4335 1233
4335 1257
4335 2068
4335 2069
4335 2486
4335 2997
4335 4149
4335 4981
4335 7070
4335 8016
4335 8467
4335 10553
4335 12553
4335 12647
4335 13148
4345 242
4345 1040
4345 1257
4345 2068
4345 2069
4345 2486
4345 2997
4345 4149
4345 4981
4345 7070
4345 8016
4345 8467
4345 10553
4345 12553
4345 12647
4345 13148
4353 242
4353 1040
4353 1233
4353 1257
4353 2068
4353 2069
4353 2486
4353 2997
4353 4149
4353 4981
4353 7070
4353 8016
4353 8467
4353 10553
4353 12553
4353 12647
4353 13148
4363 242
4363 1040
4363 1233
4363 1257
4363 2068
4363 2069
4363 2486
4363 2997
4363 4149
4363 4981
4363 7070
4363 8016
4363 8467
4363 10553
4363 12553
4363 12647
4363 13148
4386 242
4386 1040
4386 1233
4386 1257
4386 2068
4386 2069
4386 2486
4386 2997
4386 4149
4386 4981
4386 7070
4386 8016
4386 8467
4386 10553
4386 12553
4386 12647
4386 13148
4392 242
4392 1040
4392 1233
4392 1257
4392 2068
4392 2069
4392 2486
4392 2997
4392 4149
4392 4981
4392 7070
4392 8016
4392 8467
4392 10553
4392 12553
4392 12647
4392 13148
4412 12787
4594 11830
4594 12786
4677 12787
4679 242
4679 1040
4679 1233
4679 1257
4679 2068
4679 2069
4679 2486
4679 2997
4679 4149
4679 4981
4679 7070
4679 8016
4679 8467
4679 10553
4679 12553
4679 12647
4679 13148
4691 242
4691 1040
4691 1233
4691 1257
4691 2068
4691 2069
4691 2486
4691 2997
4691 4149
4691 4981
4691 7070
4691 8016
4691 8467
4691 10553
4691 12553
4691 12647
4691 13148
4733 12509
4733 13118
4734 12509
4734 13118
4763 12787
4771 12787
4793 3776
4793 6158
4793 8067
4793 10279
4793 10281
4793 10285
4793 10468
4793 10608
4793 12353
4793 12861
4796 12509
4796 13118
4799 12509
4799 13118
4802 12509
4802 13118
4804 12509
4804 13118
4808 12509
4808 13118
4866 11830
4866 12786
4903 12787
4917 12787
4918 12787
4921 12787
4925 12787
4931 12787
5067 242
5067 1040
5067 1233
5067 1257
5067 2068
5067 2069
5067 2486
5067 2997
5067 4149
5067 4981
5067 7070
5067 8016
5067 8467
5067 10553
5067 12553
5067 12647
5067 13148
5101 2997
5120 242
5120 1040
5120 1233
5120 1257
5120 2068
5120 2069
5120 2486
5120 2997
5120 4149
5120 4981
5120 7070
5120 8016
5120 8467
5120 10553
5120 12553
5120 12647
5120 13148
5134 242
5134 1040
5134 1233
5134 1257
5134 2068
5134 2069
5134 2486
5134 2997
5134 4149
5134 4981
5134 7070
5134 8016
5134 8467
5134 10553
5134 12553
5134 12647
5134 13148
5154 12509
5154 13118
5207 242
5207 1040
5207 1233
5207 1257
5207 2068
5207 2069
5207 2486
5207 2997
5207 4149
5207 4981
5207 7070
5207 8016
5207 8467
5207 10553
5207 12553
5207 13148
5227 242
5227 1040
5227 1233
5227 1257
5227 2068
5227 2069
5227 2486
5227 2997
5227 4149
5227 4981
5227 7070
5227 8016
5227 8467
5227 10553
5227 12553
5227 12647
5227 13148
5267 3726
5267 6155
5267 7587
5267 10411
5267 10476
5267 12178
5268 3726
5268 6155
5268 7587
5268 10411
5268 10476
5268 12178
5269 3726
5269 6155
5269 7587
5269 10411
5269 10476
5269 12178
5270 3726
5270 6155
5270 7587
5270 10411
5270 10476
5270 12178
5271 11118
5271 11131
5271 11132
5271 11133
5271 11134
5274 3726
5274 6155
5274 7587
5274 10411
5274 10476
5274 12178
5275 3726
5275 6155
5275 7587
5275 10411
5275 10476
5275 12178
5283 242
5283 1040
5283 1233
5283 1257
5283 2068
5283 2069
5283 2486
5283 2997
5283 4149
5283 4981
5283 7070
5283 8016
5283 8467
5283 10553
5283 12553
5283 13148
5304 4824
5304 6430
5304 8166
5304 12630
5304 12652
5304 12842
5501 242
5501 1040
5501 1233
5501 1257
5501 2068
5501 2069
5501 2486
5501 4149
5501 4981
5501 7070
5501 8016
5501 8467
5501 10553
5501 12553
5501 12647
5502 242
5502 1040
5502 1233
5502 1257
5502 2068
5502 2069
5502 2486
5502 2997
5502 12647
5502 13148
5959 4824
5959 8166
5959 12630
5959 12652
5959 12842
6197 10519
6197 12864
6201 3800
6201 6149
6201 10657
6201 10993
6203 3800
6203 6149
6203 10657
6203 10993
6359 3776
6359 6158
6359 8067
6359 10468
6359 12353
6359 12861
6360 10203
6360 10278
6417 242
6417 1040
6417 1233
6417 1257
6417 2068
6417 2069
6417 2486
6417 2997
6417 4149
6417 4981
6417 7070
6417 8016
6417 8467
6417 10553
6417 12553
6417 12647
6418 242
6418 1040
6418 1233
6418 1257
6418 2068
6418 2069
6418 2486
6418 2997
6418 4149
6418 4981
6418 7070
6418 8016
6418 8467
6418 10553
6418 12553
6418 13148
6427 242
6427 1040
6427 1233
6427 1257
6427 2068
6427 2069
6427 2486
6427 2997
6427 4149
6427 4981
6427 8016
6427 10553
6427 12553
6427 13148
6436 12787
6475 242
6475 1040
6475 1233
6475 1257
6475 2068
6475 2069
6475 2486
6475 4149
6475 4981
6475 7070
6475 8016
6475 8467
6475 10553
6475 12553
6475 12647
6493 242
6493 1040
6493 1233
6493 1257
6493 2486
6493 4149
6493 4981
6493 7070
6493 8016
6493 8467
6493 12553
6493 12647
6495 242
6495 1040
6495 1233
6495 1257
6495 2068
6495 2069
6495 2486
6495 4149
6495 4981
6495 7070
6495 8016
6495 8467
6495 10553
6495 12553
6497 242
6497 1040
6497 1233
6497 1257
6497 2068
6497 2069
6497 2486
6497 4149
6497 4981
6497 7070
6497 8016
6497 8467
6497 10553
6497 12553
6497 12647
6521 242
6521 1040
6521 1233
6521 4149
6521 4981
6521 7070
6521 8016
6521 8467
6521 10553
6521 12553
6521 12647
6530 1040
6530 4149
6530 4981
6530 7070
6530 8016
6530 8467
6530 10553
6530 12553
6591 242
6591 1233
6591 1257
6591 2068
6591 2069
6591 2486
6591 2997
6591 4981
6591 7070
6591 8016
6591 10553
6591 12553
6591 13148
6592 242
6592 1040
6592 4149
6592 4981
6592 7070
6592 8016
6592 8467
6592 10553
6592 12553
6592 12647
6593 4149
6593 4981
6593 7070
6593 8016
6593 8467
6593 10553
6593 12553
6593 12647
6605 242
6605 1040
6605 1233
6605 1257
6605 2068
6605 2069
6605 2486
6605 4149
6605 4981
6605 7070
6605 8016
6605 8467
6605 10553
6605 12553
6605 12647
6610 242
6610 1040
6610 1233
6610 1257
6610 2068
6610 2069
6610 2486
6610 2997
6610 4149
6610 4981
6610 7070
6610 8016
6610 8467
6610 10553
6610 12553
6610 12647
6610 13148
6691 1040
6691 1233
6691 1257
6691 8016
6691 8467
6691 10553
6691 13148
6837 12787
7101 4824
7101 6430
7133 4824
7133 8166
7133 12630
7133 13483
7322 3645
7322 3646
7322 5258
7322 6869
7322 8678
7322 10568
7322 10569
7322 10572
7322 10578
7322 10583
7322 10593
7322 10596
7322 11820
7322 12359
7322 12843
7344 12509
7344 13118
7345 12509
7345 13118
7360 4824
7360 8166
7510 12787
7527 4824
7527 8166
7527 12630
7527 13483
7571 11830
7571 12786
7604 11830
7604 12786
7981 3645
7981 3646
7981 5258
7981 6869
7981 8678
7981 10568
7981 10569
7981 10572
7981 10578
7981 10583
7981 10593
7981 10596
7981 11820
7981 12359
7981 12843
7982 3645
7982 3646
7982 5258
7982 6869
7982 8678
7982 10568
7982 10569
7982 10572
7982 10578
7982 10583
7982 10593
7982 10596
7982 11820
7982 12359
7982 12843
7983 3645
7983 3646
7983 5258
7983 6869
7983 8678
7983 10568
7983 10569
7983 10572
7983 10578
7983 10583
7983 10593
7983 10596
7983 11820
7983 12359
7983 12843
7984 3645
7984 3646
7984 5258
7984 8678
7984 10568
7984 10569
7984 10572
7984 10578
7984 10583
7984 10593
7984 10596
7984 11820
7984 12359
7984 12843
8019 4981
8019 7070
8019 8016
8019 8467
8019 10553
8019 12553
8019 12647
8723 12640
8910 11830
8910 12786
9478 11830
9478 12786
9625 12779
9678 4824
9678 6430
9678 8166
9678 9903
9678 9906
9678 9927
9678 11081
9678 11096
9678 12630
9678 12652
9678 12842
9926 8166
10063 11830
10063 12786
10129 11830
10129 12786
10304 12787
10366 10519
10366 11383
10366 12864
10367 10519
10367 11383
10367 12864
10368 10519
10368 11383
10368 12864
10370 10519
10370 12864
10371 10519
10371 11383
10371 12864
10376 10519
10376 11383
10376 12864
10377 10519
10377 11383
10377 12864
10379 10519
10379 11383
10379 12864
10541 11830
10541 12786
10599 4824
10599 6430
10599 8166
10599 12630
10599 12652
10599 12842
10602 4824
10602 6430
10602 8166
10602 9903
10602 9906
10602 9927
10602 11081
10602 11096
10602 12630
10602 12652
10602 12842
10603 4824
10603 6430
10603 8166
10603 12652
10603 12842
10604 4824
10604 6430
10604 8166
10604 9903
10604 9906
10604 9927
10604 11081
10604 11096
10604 12630
10604 12652
10604 12842
10605 3776
10605 6158
10605 8067
10605 10279
10605 10281
10605 10285
10605 10468
10605 10608
10605 12353
10605 12861
10606 4824
10606 8166
10606 12630
10606 12652
10606 13483
10607 4824
10607 6430
10607 8166
10607 9903
10607 9906
10607 9927
10607 11081
10607 11096
10607 12630
10607 12652
10607 13483
10609 3776
10609 6158
10609 8067
10609 10279
10609 10281
10609 10285
10609 10468
10609 10608
10609 12353
10609 12861
10634 3776
10634 6158
10634 8067
10634 10279
10634 10281
10634 10285
10634 10468
10634 10608
10634 12353
10634 12861
10635 3776
10635 6158
10635 8067
10635 10279
10635 10281
10635 10285
10635 10468
10635 10608
10635 12353
10635 12861
10647 3776
10647 6158
10647 8067
10647 10279
10647 10281
10647 10285
10647 10468
10647 10608
10647 12353
10647 12861
10655 10519
10655 11383
10655 12864
10671 4824
10671 6430
10671 8166
10671 12630
10671 13483
10672 6430
10672 8166
10672 12630
10672 12652
10672 13483
10862 11830
10862 12786
10887 4824
10887 6430
10887 8166
10887 9903
10887 9906
10887 9927
10887 11081
10887 11096
10887 12630
10887 12652
10887 12842
10888 4824
10888 6430
10888 8166
10888 9903
10888 9906
10888 9927
10888 11081
10888 11096
10888 12630
10888 12652
10888 12842
10889 4824
10889 6430
10889 8166
10889 12630
10889 12652
10889 12842
10890 4824
10890 6430
10890 8166
10890 12630
10890 12652
10890 12842
10891 4824
10891 6430
10891 8166
10891 9903
10891 9906
10891 9927
10891 11081
10891 11096
10891 12630
10891 12652
10891 12842
10894 4824
10894 6430
10894 8166
10894 9903
10894 9906
10894 9927
10894 11081
10894 11096
10894 12630
10894 12652
10894 12842
10895 4824
10895 6430
10895 8166
10895 12630
10895 12652
10959 11830
10959 12786
10960 11830
10960 12786
10980 4824
10980 6430
10980 8166
10980 9903
10980 9906
10980 9927
10980 11081
10980 11096
10980 12630
10980 12652
10980 13483
11016 11830
11016 12786
11032 11830
11032 12786
11073 12779
11203 242
11203 1040
11203 1233
11203 1257
11203 2068
11203 2069
11203 2486
11203 2997
11203 4149
11203 4981
11203 7070
11203 8016
11203 8467
11203 10553
11203 12553
11203 12647
11203 13148
11294 12509
11294 13118
11357 4824
11357 8166
11362 4824
11362 6430
11362 8166
11362 9903
11362 9906
11362 9927
11362 11081
11362 11096
11362 12630
11362 12652
11362 12842
11364 3776
11364 6158
11364 8067
11364 10279
11364 10281
11364 10285
11364 10468
11364 10608
11364 12353
11364 12861
11431 3776
11431 6158
11431 8067
11431 10279
11431 10281
11431 10285
11431 10468
11431 10608
11431 12353
11431 12861
11432 3776
11432 6158
11432 8067
11432 10279
11432 10281
11432 10285
11432 10468
11432 10608
11432 12353
11432 12861
11434 3776
11434 6158
11434 8067
11434 10279
11434 10281
11434 10285
11434 10468
11434 10608
11434 12353
11434 12861
11435 3776
11435 6158
11435 8067
11435 10279
11435 10281
11435 10285
11435 10468
11435 10608
11435 12353
11435 12861
11436 3776
11436 6158
11436 8067
11436 10279
11436 10281
11436 10285
11436 10468
11436 10608
11436 12353
11436 12861
11437 3776
11437 6158
11437 8067
11437 10279
11437 10281
11437 10285
11437 10468
11437 10608
11437 12353
11437 12861
11516 8317
11516 11204
11516 11205
11516 11642
11516 12246
11516 12291
11516 12293
11516 12296
11516 12297
11516 12304
11819 5258
11819 6869
11819 8678
11819 11820
11819 12359
11819 12843
11898 11830
11898 12786
11974 4334
11974 4402
11974 4459
11974 4748
11974 5364
11974 5366
11974 5370
11974 5371
11974 5374
11974 6614
11974 6853
11974 7884
11974 8109
11974 8317
11974 8484
11974 8490
11974 9406
11974 9407
11974 9408
11974 9409
11974 9410
11974 9412
11974 9414
11974 10288
11974 10876
11974 11056
11974 11058
11974 11118
11974 11119
11974 11123
11974 11124
11974 11125
11974 11126
11974 11127
11974 11128
11974 11129
11974 11130
11974 11131
11974 11132
11974 11133
11974 11134
11974 11195
11974 11196
11974 11197
11974 11204
11974 11205
11974 11226
11974 11642
11974 11848
11974 11849
11974 11902
11974 12095
11974 12231
11974 12233
11974 12246
11974 12291
11974 12293
11974 12296
11974 12297
11974 12299
11974 12304
11974 12305
11974 12538
11974 13824
12031 4824
12031 6430
12031 8166
12031 9903
12031 9906
12031 9927
12031 11081
12031 11096
12031 12630
12031 12652
12031 12842
12033 6430
12033 8166
12033 12630
12033 12842
12042 4824
12042 6430
12042 8166
12042 9903
12042 9906
12042 9927
12042 11081
12042 11096
12042 12630
12042 12652
12042 12842
12080 10519
12080 11383
12080 12864
12176 12779
12179 12779
12506 4824
12506 8166
12506 9903
12506 9906
12506 9927
12506 11081
12506 11096
12506 12630
12506 12652
12506 12842
12507 4824
12507 6430
12507 8166
12507 9903
12507 9906
12507 9927
12507 11081
12507 11096
12507 12630
12507 12652
12507 13483
12508 4824
12508 6430
12560 4334
12560 4402
12560 4459
12560 4748
12560 5364
12560 5366
12560 5370
12560 5371
12560 5374
12560 6614
12560 6853
12560 7884
12560 8109
12560 8317
12560 8484
12560 8490
12560 9406
12560 9407
12560 9408
12560 9409
12560 9410
12560 9412
12560 9414
12560 10288
12560 10876
12560 11056
12560 11058
12560 11118
12560 11119
12560 11123
12560 11124
12560 11125
12560 11126
12560 11127
12560 11128
12560 11129
12560 11130
12560 11131
12560 11132
12560 11133
12560 11134
12560 11195
12560 11196
12560 11197
12560 11204
12560 11205
12560 11226
12560 11642
12560 11848
12560 11902
12560 12095
12560 12246
12560 12291
12560 12293
12560 12296
12560 12297
12560 12299
12560 12304
12560 12305
12560 12538
12560 13824
12561 4334
12561 4402
12561 4459
12561 4748
12561 5364
12561 5366
12561 5370
12561 5371
12561 5374
12561 6614
12561 6853
12561 7884
12561 8109
12561 8317
12561 8484
12561 8490
12561 9406
12561 9407
12561 9408
12561 9409
12561 9410
12561 9412
12561 9414
12561 10288
12561 10876
12561 11056
12561 11058
12561 11118
12561 11119
12561 11123
12561 11124
12561 11125
12561 11126
12561 11127
12561 11128
12561 11129
12561 11130
12561 11131
12561 11132
12561 11133
12561 11134
12561 11195
12561 11196
12561 11197
12561 11204
12561 11205
12561 11226
12561 11642
12561 11848
12561 11849
12561 11902
12561 12095
12561 12231
12561 12233
12561 12246
12561 12291
12561 12293
12561 12296
12561 12297
12561 12299
12561 12304
12561 12305
12561 12538
12561 13824
12562 4334
12562 4402
12562 4459
12562 4748
12562 5364
12562 5366
12562 5370
12562 5371
12562 5374
12562 6614
12562 6853
12562 7884
12562 8109
12562 8317
12562 8484
12562 8490
12562 9406
12562 9407
12562 9408
12562 9409
12562 9410
12562 9412
12562 9414
12562 10288
12562 10876
12562 11056
12562 11058
12562 11118
12562 11119
12562 11123
12562 11124
12562 11125
12562 11126
12562 11127
12562 11128
12562 11130
12562 11131
12562 11132
12562 11133
12562 11134
12562 11204
12562 11205
12562 11226
12562 11642
12562 11849
12562 11902
12562 12095
12562 12231
12562 12233
12562 12246
12562 12291
12562 12293
12562 12299
12562 12304
12562 12305
12562 12538
12562 13824
12566 4824
12566 6430
12566 8166
12566 12630
12566 12652
12566 13483
12567 4334
12567 4402
12567 4459
12567 4748
12567 5364
12567 5366
12567 5370
12567 5371
12567 5374
12567 6614
12567 6853
12567 7884
12567 8109
12567 8484
12567 8490
12567 9406
12567 9407
12567 9408
12567 9409
12567 9410
12567 9412
12567 9414
12567 10288
12567 10876
12567 11056
12567 11058
12567 11118
12567 11119
12567 11123
12567 11124
12567 11125
12567 11126
12567 11127
12567 11128
12567 11129
12567 11130
12567 11131
12567 11132
12567 11133
12567 11134
12567 11195
12567 11196
12567 11197
12567 11226
12567 11848
12567 11849
12567 12095
12567 12231
12567 12233
12567 12293
12567 12299
12567 12305
12567 12538
12567 13824
12569 4334
12569 4402
12569 4459
12569 4748
12569 5364
12569 5366
12569 5370
12569 5371
12569 5374
12569 6614
12569 6853
12569 7884
12569 8109
12569 8317
12569 8484
12569 8490
12569 9406
12569 9407
12569 9408
12569 9409
12569 9410
12569 9412
12569 9414
12569 10288
12569 10876
12569 11056
12569 11058
12569 11118
12569 11119
12569 11123
12569 11124
12569 11125
12569 11126
12569 11127
12569 11128
12569 11129
12569 11130
12569 11131
12569 11132
12569 11133
12569 11134
12569 11195
12569 11196
12569 11197
12569 11204
12569 11205
12569 11226
12569 11642
12569 11848
12569 11849
12569 11902
12569 12095
12569 12231
12569 12233
12569 12246
12569 12291
12569 12293
12569 12296
12569 12297
12569 12299
12569 12304
12569 12305
12569 12538
12569 13824
12570 4334
12570 4402
12570 4459
12570 4748
12570 5364
12570 5366
12570 5370
12570 5371
12570 5374
12570 6853
12570 7884
12570 8109
12570 8484
12570 8490
12570 9406
12570 9407
12570 9408
12570 9409
12570 9410
12570 9412
12570 9414
12570 10288
12570 10876
12570 11056
12570 11058
12570 11131
12570 11133
12570 11134
12570 12538
12570 13824
12571 4334
12571 4402
12571 4459
12571 4748
12571 5364
12571 5366
12571 5370
12571 5371
12571 5374
12571 6614
12571 6853
12571 7884
12571 8109
12571 8317
12571 8484
12571 8490
12571 9406
12571 9407
12571 9408
12571 9409
12571 9410
12571 9412
12571 9414
12571 10288
12571 10876
12571 11056
12571 11058
12571 11118
12571 11119
12571 11123
12571 11124
12571 11125
12571 11126
12571 11127
12571 11128
12571 11129
12571 11130
12571 11131
12571 11132
12571 11133
12571 11134
12571 11195
12571 11196
12571 11197
12571 11204
12571 11205
12571 11226
12571 11642
12571 11848
12571 11849
12571 11902
12571 12095
12571 12231
12571 12233
12571 12246
12571 12291
12571 12293
12571 12296
12571 12297
12571 12299
12571 12304
12571 12305
12571 12538
12571 13824
12572 4334
12572 4402
12572 4459
12572 4748
12572 5364
12572 5366
12572 5370
12572 5371
12572 5374
12572 6614
12572 6853
12572 7884
12572 8109
12572 8317
12572 8484
12572 8490
12572 9406
12572 9407
12572 9408
12572 9409
12572 9410
12572 9412
12572 9414
12572 10288
12572 10876
12572 11056
12572 11058
12572 11118
12572 11119
12572 11123
12572 11124
12572 11125
12572 11126
12572 11127
12572 11128
12572 11129
12572 11130
12572 11131
12572 11132
12572 11133
12572 11134
12572 11195
12572 11196
12572 11197
12572 11204
12572 11205
12572 11226
12572 11642
12572 11848
12572 11849
12572 11902
12572 12095
12572 12231
12572 12233
12572 12246
12572 12291
12572 12293
12572 12296
12572 12297
12572 12299
12572 12304
12572 12305
12572 12538
12572 13824
12573 4334
12573 4402
12573 4459
12573 4748
12573 5364
12573 5366
12573 5370
12573 5371
12573 5374
12573 6614
12573 6853
12573 7884
12573 8109
12573 8317
12573 8484
12573 8490
12573 9406
12573 9407
12573 9408
12573 9409
12573 9410
12573 9412
12573 9414
12573 10288
12573 10876
12573 11056
12573 11058
12573 11118
12573 11119
12573 11123
12573 11124
12573 11125
12573 11126
12573 11127
12573 11128
12573 11130
12573 11131
12573 11132
12573 11133
12573 11134
12573 11204
12573 11205
12573 11226
12573 11642
12573 11849
12573 11902
12573 12246
12573 12291
12573 12293
12573 12296
12573 12297
12573 12299
12573 12304
12573 12305
12573 12538
12573 13824
12574 4334
12574 4402
12574 4748
12574 5366
12574 6853
12574 7884
12574 8490
12574 11056
12574 11058
12574 12538
12574 13824
12575 4334
12575 4402
12575 4459
12575 4748
12575 5364
12575 5366
12575 5370
12575 5371
12575 5374
12575 6614
12575 6853
12575 7884
12575 8109
12575 8484
12575 8490
12575 9406
12575 9407
12575 9408
12575 9409
12575 9410
12575 9412
12575 9414
12575 10288
12575 10876
12575 11056
12575 11058
12575 11118
12575 11119
12575 11123
12575 11124
12575 11125
12575 11126
12575 11127
12575 11128
12575 11129
12575 11130
12575 11131
12575 11132
12575 11133
12575 11134
12575 11195
12575 11196
12575 11197
12575 11226
12575 11848
12575 11849
12575 12095
12575 12231
12575 12233
12575 12299
12575 12305
12575 12538
12575 13824
12576 4334
12576 4402
12576 4459
12576 4748
12576 5364
12576 5366
12576 5370
12576 5371
12576 5374
12576 6614
12576 6853
12576 7884
12576 8109
12576 8317
12576 8484
12576 8490
12576 9406
12576 9407
12576 9408
12576 9409
12576 9410
12576 9412
12576 9414
12576 10288
12576 10876
12576 11056
12576 11058
12576 11118
12576 11119
12576 11123
12576 11124
12576 11125
12576 11126
12576 11127
12576 11128
12576 11129
12576 11130
12576 11131
12576 11132
12576 11133
12576 11134
12576 11195
12576 11196
12576 11197
12576 11204
12576 11226
12576 11642
12576 11848
12576 11849
12576 11902
12576 12095
12576 12231
12576 12233
12576 12246
12576 12291
12576 12293
12576 12296
12576 12297
12576 12299
12576 12304
12576 12305
12576 12538
12576 13824
12578 4334
12578 4402
12578 4459
12578 4748
12578 5364
12578 5366
12578 5370
12578 5371
12578 5374
12578 6614
12578 6853
12578 7884
12578 8109
12578 8317
12578 8484
12578 8490
12578 9406
12578 9407
12578 9408
12578 9410
12578 9412
12578 9414
12578 10288
12578 10876
12578 11056
12578 11058
12578 11118
12578 11119
12578 11128
12578 11129
12578 11131
12578 11133
12578 11134
12578 11195
12578 11196
12578 11197
12578 11204
12578 11205
12578 11226
12578 11642
12578 11848
12578 11849
12578 11902
12578 12095
12578 12231
12578 12233
12578 12246
12578 12291
12578 12293
12578 12296
12578 12297
12578 12299
12578 12304
12578 12305
12578 12538
12578 13824
12579 4334
12579 4402
12579 4459
12579 4748
12579 5364
12579 5366
12579 5370
12579 5371
12579 5374
12579 6614
12579 6853
12579 7884
12579 8109
12579 8317
12579 8484
12579 8490
12579 9406
12579 9407
12579 9408
12579 9409
12579 9410
12579 9412
12579 9414
12579 10288
12579 10876
12579 11056
12579 11058
12579 11118
12579 11119
12579 11123
12579 11124
12579 11125
12579 11126
12579 11127
12579 11128
12579 11129
12579 11130
12579 11131
12579 11132
12579 11133
12579 11134
12579 11195
12579 11196
12579 11197
12579 11204
12579 11205
12579 11226
12579 11642
12579 11848
12579 12095
12579 12246
12579 12291
12579 12293
12579 12296
12579 12297
12579 12304
12579 12305
12579 12538
12579 13824
12580 4334
12580 4402
12580 4459
12580 4748
12580 5364
12580 5366
12580 5370
12580 5371
12580 5374
12580 6614
12580 6853
12580 7884
12580 8109
12580 8317
12580 8484
12580 8490
12580 9406
12580 9407
12580 9408
12580 9409
12580 9410
12580 9412
12580 9414
12580 10288
12580 10876
12580 11056
12580 11058
12580 11118
12580 11119
12580 11123
12580 11124
12580 11125
12580 11126
12580 11127
12580 11128
12580 11129
12580 11130
12580 11131
12580 11132
12580 11133
12580 11134
12580 11195
12580 11196
12580 11197
12580 11204
12580 11205
12580 11226
12580 11642
12580 11848
12580 12095
12580 12246
12580 12291
12580 12293
12580 12296
12580 12297
12580 12299
12580 12305
12580 12538
12580 13824
12595 4334
12595 4402
12595 4459
12595 4748
12595 5364
12595 5366
12595 5370
12595 5371
12595 5374
12595 6614
12595 6853
12595 7884
12595 8109
12595 8317
12595 8484
12595 8490
12595 9406
12595 9407
12595 9408
12595 9409
12595 9410
12595 9412
12595 9414
12595 10288
12595 10876
12595 11056
12595 11058
12595 11118
12595 11119
12595 11123
12595 11124
12595 11127
12595 11128
12595 11129
12595 11130
12595 11131
12595 11132
12595 11133
12595 11134
12595 11195
12595 11196
12595 11197
12595 11204
12595 11205
12595 11226
12595 11642
12595 11848
12595 11849
12595 11902
12595 12095
12595 12231
12595 12233
12595 12246
12595 12293
12595 12299
12595 12304
12595 12305
12595 12538
12595 13824
12597 4334
12597 4402
12597 4459
12597 4748
12597 5364
12597 5366
12597 5370
12597 5371
12597 5374
12597 6614
12597 6853
12597 7884
12597 8109
12597 8317
12597 8484
12597 8490
12597 9406
12597 9407
12597 9408
12597 9409
12597 9410
12597 9412
12597 9414
12597 10288
12597 10876
12597 11056
12597 11058
12597 11118
12597 11119
12597 11123
12597 11124
12597 11125
12597 11126
12597 11127
12597 11128
12597 11129
12597 11130
12597 11131
12597 11132
12597 11133
12597 11134
12597 11195
12597 11196
12597 11197
12597 11204
12597 11205
12597 11226
12597 11642
12597 11848
12597 11902
12597 12095
12597 12246
12597 12291
12597 12293
12597 12296
12597 12297
12597 12299
12597 12305
12597 12538
12597 13824
12635 4334
12635 4402
12635 4459
12635 4748
12635 5364
12635 5366
12635 5370
12635 5371
12635 5374
12635 6614
12635 6853
12635 7884
12635 8109
12635 8317
12635 8484
12635 8490
12635 9406
12635 9407
12635 9408
12635 9409
12635 9410
12635 9412
12635 9414
12635 10288
12635 10876
12635 11056
12635 11058
12635 11118
12635 11119
12635 11123
12635 11124
12635 11125
12635 11126
12635 11127
12635 11128
12635 11129
12635 11130
12635 11131
12635 11132
12635 11133
12635 11134
12635 11195
12635 11196
12635 11197
12635 11204
12635 11205
12635 11226
12635 11642
12635 11848
12635 11849
12635 11902
12635 12095
12635 12231
12635 12233
12635 12246
12635 12293
12635 12296
12635 12297
12635 12299
12635 12304
12635 12305
12635 12538
12635 13824
12740 6430
12740 12630
12740 13483
12920 12779
13206 4334
13206 4402
13206 4459
13206 4748
13206 5364
13206 5366
13206 5370
13206 5371
13206 5374
13206 6614
13206 6853
13206 7884
13206 8109
13206 8317
13206 8484
13206 8490
13206 9406
13206 9407
13206 9408
13206 9409
13206 9410
13206 9412
13206 9414
13206 10288
13206 10876
13206 11056
13206 11058
13206 11118
13206 11119
13206 11123
13206 11124
13206 11125
13206 11126
13206 11127
13206 11128
13206 11129
13206 11130
13206 11131
13206 11132
13206 11133
13206 11134
13206 11195
13206 11196
13206 11197
13206 11204
13206 11205
13206 11226
13206 11642
13206 11848
13206 11849
13206 11902
13206 12095
13206 12231
13206 12233
13206 12246
13206 12291
13206 12293
13206 12296
13206 12297
13206 12299
13206 12304
13206 12305
13206 12538
13206 13824
13425 4334
13425 4402
13425 4459
13425 4748
13425 5364
13425 5366
13425 5370
13425 5371
13425 5374
13425 6614
13425 6853
13425 7884
13425 8109
13425 8484
13425 8490
13425 9406
13425 9407
13425 9408
13425 9409
13425 9410
13425 9412
13425 9414
13425 10288
13425 10876
13425 11056
13425 11058
13425 11118
13425 11119
13425 11123
13425 11124
13425 11125
13425 11126
13425 11127
13425 11128
13425 11129
13425 11130
13425 11131
13425 11132
13425 11133
13425 11134
13425 11195
13425 11196
13425 11197
13425 11848
13425 11849
13425 12231
13425 12233
13425 12291
13425 12296
13425 12305
13425 12538
13425 13824
13965 4334
13965 4402
13965 4459
13965 4748
13965 5364
13965 5366
13965 5370
13965 5371
13965 5374
13965 6614
13965 6853
13965 7884
13965 8109
13965 8317
13965 8484
13965 8490
13965 9406
13965 9407
13965 9408
13965 9409
13965 9410
13965 9412
13965 9414
13965 10288
13965 10876
13965 11056
13965 11058
13965 11118
13965 11119
13965 11123
13965 11124
13965 11125
13965 11126
13965 11127
13965 11128
13965 11129
13965 11130
13965 11131
13965 11132
13965 11133
13965 11134
13965 11195
13965 11196
13965 11197
13965 11204
13965 11205
13965 11226
13965 11642
13965 11848
13965 11849
13965 11902
13965 12095
13965 12231
13965 12233
13965 12246
13965 12291
13965 12293
13965 12296
13965 12297
13965 12299
13965 12304
13965 12305
13965 12538
13965 13824
