14541 14541 559
38 38
55 55
127 127
147 147
169 169
192 192
231 231
236 236
280 280
323 323
335 335
349 349
355 355
373 373
402 402
410 410
435 435
452 452
468 468
478 478
479 479
480 480
521 521
552 552
558 558
681 681
692 692
711 711
715 715
768 768
777 777
793 793
815 815
816 816
849 849
855 855
859 859
860 860
874 874
876 876
877 877
893 893
946 946
971 971
973 973
1045 1045
1081 1081
1086 1086
1087 1087
1093 1093
1099 1099
1134 1134
1144 1144
1152 1152
1156 1156
1169 1169
1184 1184
1194 1194
1201 1201
1203 1203
1213 1213
1218 1218
1231 1231
1236 1236
1237 1237
1238 1238
1243 1243
1287 1287
1305 1305
1332 1332
1398 1398
1399 1399
1404 1404
1421 1421
1425 1425
1436 1436
1440 1440
1449 1449
1514 1514
1536 1536
1543 1543
1551 1551
1559 1559
1604 1604
1646 1646
1669 1669
1670 1670
1673 1673
1678 1678
1687 1687
1693 1693
1700 1700
1711 1711
1725 1725
1761 1761
1797 1797
1798 1798
1800 1800
1810 1810
1811 1811
1812 1812
1813 1813
1814 1814
1816 1816
1833 1833
1839 1839
1844 1844
1860 1860
1918 1918
1930 1930
1968 1968
1989 1989
1994 1994
2004 2004
2016 2016
2075 2075
2105 2105
2120 2120
2129 2129
2147 2147
2149 2149
2154 2154
2160 2160
2161 2161
2166 2166
2176 2176
2207 2207
2211 2211
2214 2214
2242 2242
2254 2254
2263 2263
2274 2274
2295 2295
2299 2299
2306 2306
2310 2310
2316 2316
2318 2318
2336 2336
2338 2338
2343 2343
2360 2360
2364 2364
2395 2395
2397 2397
2415 2415
2421 2421
2422 2422
2442 2442
2455 2455
2473 2473
2488 2488
2491 2491
2517 2517
2535 2535
2536 2536
2544 2544
2553 2553
2569 2569
2603 2603
2612 2612
2627 2627
2634 2634
2644 2644
2646 2646
2647 2647
2668 2668
2675 2675
2687 2687
2713 2713
2857 2857
2858 2858
2896 2896
2909 2909
2954 2954
3008 3008
3013 3013
3034 3034
3038 3038
3041 3041
3042 3042
3044 3044
3075 3075
3082 3082
3103 3103
3136 3136
3150 3150
3168 3168
3186 3186
3195 3195
3223 3223
3226 3226
3233 3233
3234 3234
3236 3236
3238 3238
3254 3254
3266 3266
3273 3273
3282 3282
3285 3285
3316 3316
3329 3329
3332 3332
3339 3339
3384 3384
3395 3395
3409 3409
3464 3464
3499 3499
3547 3547
3560 3560
3606 3606
3655 3655
3687 3687
3695 3695
3743 3743
3751 3751
3790 3790
3832 3832
3835 3835
3878 3878
3936 3936
3974 3974
3989 3989
3993 3993
4000 4000
4079 4079
4081 4081
4084 4084
4086 4086
4096 4096
4109 4109
4110 4110
4116 4116
4126 4126
4144 4144
4145 4145
4175 4175
4181 4181
4200 4200
4206 4206
4208 4208
4230 4230
4231 4231
4253 4253
4261 4261
4268 4268
4284 4284
4313 4313
4330 4330
4336 4336
4341 4341
4362 4362
4370 4370
4375 4375
4390 4390
4401 4401
4404 4404
4405 4405
4407 4407
4415 4415
4420 4420
4430 4430
4433 4433
4457 4457
4480 4480
4481 4481
4501 4501
4517 4517
4518 4518
4537 4537
4544 4544
4546 4546
4563 4563
4564 4564
4590 4590
4603 4603
4608 4608
4617 4617
4618 4618
4629 4629
4638 4638
4639 4639
4642 4642
4648 4648
4660 4660
4666 4666
4690 4690
4693 4693
4699 4699
4725 4725
4729 4729
4745 4745
4765 4765
4776 4776
4902 4902
4907 4907
4910 4910
4970 4970
4973 4973
4984 4984
4988 4988
5012 5012
5043 5043
5051 5051
5061 5061
5078 5078
5117 5117
5151 5151
5158 5158
5195 5195
5204 5204
5296 5296
5297 5297
5316 5316
5342 5342
5361 5361
5362 5362
5375 5375
5399 5399
5409 5409
5410 5410
5411 5411
5412 5412
5414 5414
5423 5423
5431 5431
5469 5469
5480 5480
5508 5508
5512 5512
5513 5513
5523 5523
5533 5533
5539 5539
5554 5554
5567 5567
5611 5611
5622 5622
5627 5627
5634 5634
5704 5704
5707 5707
5713 5713
5725 5725
5730 5730
5735 5735
5741 5741
5759 5759
5770 5770
5783 5783
5788 5788
5793 5793
5807 5807
5830 5830
5833 5833
5872 5872
5909 5909
5917 5917
5919 5919
6004 6004
6087 6087
6093 6093
6100 6100
6133 6133
6187 6187
6209 6209
6214 6214
6272 6272
6284 6284
6289 6289
6304 6304
6306 6306
6433 6433
6446 6446
6450 6450
6488 6488
6502 6502
6590 6590
6620 6620
6633 6633
6651 6651
6676 6676
6682 6682
6685 6685
6688 6688
6705 6705
6795 6795
6807 6807
6891 6891
6961 6961
7241 7241
7258 7258
7261 7261
7270 7270
7291 7291
7316 7316
7353 7353
7411 7411
7428 7428
7457 7457
7470 7470
7525 7525
7683 7683
7712 7712
7824 7824
7857 7857
7938 7938
8039 8039
8048 8048
8080 8080
8148 8148
8154 8154
8194 8194
8206 8206
8235 8235
8258 8258
8289 8289
8310 8310
8370 8370
8428 8428
8458 8458
8478 8478
8500 8500
8571 8571
8631 8631
8632 8632
8675 8675
8722 8722
8752 8752
8807 8807
8809 8809
8830 8830
8890 8890
8894 8894
8909 8909
8973 8973
9020 9020
9045 9045
9048 9048
9054 9054
9228 9228
9288 9288
9463 9463
9464 9464
9562 9562
9701 9701
9819 9819
9823 9823
9826 9826
9827 9827
9831 9831
9833 9833
9845 9845
9846 9846
9847 9847
9849 9849
9850 9850
9855 9855
9857 9857
9859 9859
9861 9861
9862 9862
9863 9863
9874 9874
9876 9876
9878 9878
9881 9881
9882 9882
9886 9886
9890 9890
9961 9961
9980 9980
10086 10086
10093 10093
10101 10101
10169 10169
10183 10183
10212 10212
10312 10312
10396 10396
10448 10448
10515 10515
10520 10520
10524 10524
10632 10632
10679 10679
10916 10916
11004 11004
11034 11034
11046 11046
11070 11070
11268 11268
11299 11299
11335 11335
11494 11494
11530 11530
11659 11659
11783 11783
11883 11883
11895 11895
11904 11904
11918 11918
11919 11919
12248 12248
12394 12394
12443 12443
12445 12445
12482 12482
12496 12496
12500 12500
12517 12517
12518 12518
12666 12666
12762 12762
12797 12797
12866 12866
13019 13019
13028 13028
13029 13029
13087 13087
13089 13089
13165 13165
13221 13221
13224 13224
13298 13298
13338 13338
13357 13357
13386 13386
13441 13441
13455 13455
13471 13471
13494 13494
13498 13498
13504 13504
13550 13550
13564 13564
13569 13569
13918 13918
13951 13951
14016 14016
14039 14039
14058 14058
14066 14066
14116 14116
14424 14424
14464 14464
14465 14465
14468 14468
14470 14470
14471 14471
14474 14474
14475 14475
14476 14476
14478 14478
14480 14480
14481 14481
