14541 14541 119
55 4552
144 13351
192 2181
227 13351
236 2181
323 2181
355 2181
373 2181
468 10559
681 14045
855 2181
946 2181
971 2181
1152 13351
1194 2181
1201 13351
1249 13351
1305 2181
1317 10559
1332 2181
1361 2181
1377 13351
1404 2181
1440 2181
1551 2181
1558 4552
1670 2181
1693 13351
1821 2181
1844 14045
1861 2181
2176 2181
2254 13351
2442 10559
2488 2181
2517 2181
2559 2181
2634 2181
2644 2181
2647 2181
2687 2181
3002 2181
3038 14045
3042 14045
3044 14045
3150 2181
3285 2181
3314 14045
3464 14045
3540 4552
3547 10559
3655 2181
3831 2181
4086 10559
4208 14045
4230 2181
4401 2181
4639 2181
4693 4552
4729 10559
4776 2181
4910 14045
5137 13351
5151 10559
5444 2181
5634 2181
5759 4552
5760 4552
6887 4552
7428 10559
7525 10559
7881 4348
7938 14045
8039 4552
8258 10559
8571 4552
8830 2181
8890 14045
9359 14045
9463 14045
9830 2181
9831 2181
9862 10559
9863 4552
9875 14045
9878 14045
10093 14045
10515 2181
10520 10559
11530 2181
11783 2181
11883 4552
11919 4552
12248 2181
12500 2181
12505 2181
12517 2181
12518 2181
12762 2181
13087 14045
13165 2181
13494 4552
13550 2181
13918 2181
14066 4552
14347 2181
14459 2181
14460 2181
14461 2181
14466 2181
14467 2181
14468 2181
14469 2181
14470 2181
14472 2181
14474 2181
14475 2181
14479 2181
14481 2181
