14541 14541 242
126 8897
126 11360
197 4419
197 5861
197 9754
197 9944
197 14290
243 4366
243 6200
243 8897
243 10085
307 6945
970 6200
970 8897
970 10085
970 13146
1067 2869
1067 5435
1067 6945
1067 13156
1560 9119
1560 14290
2213 8508
2347 6945
2347 14290
2456 9558
2981 4419
3284 4100
3284 7425
3309 4366
3309 4421
3309 5556
3309 8782
3309 8897
3309 13146
4354 4118
4354 10343
4354 14429
4962 4511
4962 12743
5048 4423
5048 6268
5048 8852
5175 162
5175 4100
5175 4118
5175 6945
5175 8239
5175 8508
5175 8782
5175 9092
5175 14290
5208 4366
5543 1768
5543 9119
5543 9754
5543 14290
5613 5556
5613 6200
5613 7999
5613 13146
5618 4366
5618 6693
5618 14290
5797 5642
5797 14290
5916 4366
5916 6693
5916 12743
6323 4366
6323 12743
6617 8782
6618 9119
6658 86
6658 1266
6658 4366
6658 4423
6658 6268
6658 8852
6658 9558
6658 10630
6683 4366
6683 8782
6890 6200
6890 10085
7178 5556
7178 6200
7178 8897
7178 10085
7178 14290
7313 170
7313 1768
7313 2389
7313 4366
7313 7043
7313 8799
7313 9754
7319 9119
7319 14290
7383 86
7383 1266
7383 4423
7383 6268
7383 7999
7383 8852
7383 9558
7383 10363
7383 10630
7383 14290
7523 170
7523 2389
7523 5487
7523 7043
7523 8799
7523 11266
7577 10363
8084 4366
8084 8782
8084 9119
8084 14290
8376 4118
8376 4366
8761 14290
8801 9092
8801 14290
8987 4366
8987 10017
9101 3920
9101 8239
9101 9092
9233 8782
9233 14290
9374 1768
9374 4366
9374 9119
9374 9754
9374 13146
9482 3170
9482 4366
9482 9558
9491 4366
9491 4423
9491 5556
9491 6268
9491 8852
9491 9362
9491 11266
9491 14267
9491 14429
9533 12743
9533 14290
9641 162
9641 1215
9641 2869
9641 4100
9641 4118
9641 4421
9641 4422
9641 5435
9641 5556
9641 6200
9641 6945
9641 8508
9641 8674
9641 8782
9641 8897
9641 9092
9641 9119
9641 9282
9641 10085
9641 11360
9641 13146
9641 13155
9641 13156
9641 14267
9641 14290
9713 4118
9713 14290
10335 4423
10335 5556
10335 14267
10523 8897
10523 14290
10667 4366
10677 14290
10716 3920
10716 4366
10716 8239
10716 9092
10873 2389
10873 4100
10873 4366
10873 5642
10907 3170
10907 4366
10907 9558
10983 1266
11187 4366
11187 8782
11403 5861
11403 14290
11561 170
11561 2389
11561 4366
11561 5487
11561 7043
11561 8799
11610 4366
11610 6693
11610 10017
11610 12743
11662 4366
11821 4366
11821 4423
11821 6268
12062 4366
12062 13156
12062 14290
12096 8674
12096 9119
12096 14290
12097 4366
12097 8782
12177 1266
12187 8782
12187 14290
12345 8782
12345 13146
12345 14290
12371 5435
12377 8897
12392 4366
12392 8782
12398 4366
12398 6693
12398 10017
12947 14333
14386 4366
14386 9119
14386 14290
14410 4100
14410 14290
