14541 14541 314
4 9530
21 9979
23 9974
150 10027
240 7613
249 6565
251 7544
252 7677
258 7823
262 9925
264 8249
266 8414
270 9106
277 9530
310 11538
439 8369
557 2122
606 2960
641 9028
778 12872
813 12318
1051 8099
1062 11538
1188 12337
1245 2122
1337 8357
1342 861
1367 4612
1573 8369
1600 8369
1803 2122
1827 11768
1971 8357
2022 8357
2030 2960
2038 8357
2053 8357
2056 8087
2057 8087
2061 8099
2065 8099
2140 9564
2346 8357
2391 12962
2529 8366
2560 8369
2596 2960
2721 2115
2963 8087
3071 6330
3093 7823
3097 4612
3109 6330
3146 2122
3157 2122
3793 2122
3844 2122
3846 2122
3955 10424
3959 10426
3960 11768
3961 9398
3973 8099
4160 12337
4161 2115
4283 8363
4372 861
4408 6135
4427 2122
4432 6565
4637 8363
5206 8101
5474 2122
5520 2115
6084 6135
6280 12185
6300 9530
6636 8099
6995 7727
7340 7823
7491 9354
7630 7677
7939 8864
7988 9028
8333 9629
8371 8369
8378 13120
8724 6330
8744 10027
8857 8572
9000 9398
9051 8082
9150 2122
9271 7823
9292 8251
9372 2122
9378 6395
9534 2122
9602 9398
9954 493
10028 6565
10099 101
10303 7676
10338 2792
10378 6569
10395 9354
10454 861
10637 9979
10652 12878
10719 8572
10736 8572
10739 9307
10746 9629
10776 2122
10779 7829
10861 12772
10919 9508
11083 7676
11155 8907
11198 7873
11261 9629
11316 7873
11341 11339
11345 8246
11373 9979
11381 9398
11442 8099
11473 8082
11557 8363
11558 8363
11599 2122
11607 2122
11617 7676
11630 9979
11634 11633
11638 7186
11665 2122
11672 8572
11718 12523
11732 8248
11786 8099
11855 8251
11889 9983
11905 9925
11909 2122
11910 2122
11930 2960
11934 8248
11941 9530
11942 9530
11945 7544
11946 5317
11947 9530
11948 2122
11989 7677
12016 7186
12188 14352
12217 14352
12239 14338
12240 5317
12243 7148
12247 9307
12254 7186
12255 7544
12256 7676
12258 7874
12259 8247
12261 8250
12262 8414
12263 8572
12264 9979
12267 9983
12268 10026
12323 3275
12419 12815
12468 5317
12480 6565
12503 9307
12582 6330
12736 2122
12764 8572
12792 11474
12850 8247
12959 8330
12974 2122
12989 9398
13002 8249
13014 11724
13090 8907
13172 10026
13180 8357
13186 12185
13219 2122
13230 2122
13260 8369
13261 9979
13356 2122
13372 2122
13406 8572
13434 12815
13464 11538
13470 8247
13487 8099
13613 2122
13662 9925
13672 9925
13674 9925
13744 8357
13745 2122
13754 5317
13810 9974
13840 2122
13841 8087
13845 2115
13877 12962
13887 6565
13912 6623
13917 14352
13986 8357
14013 5317
14018 8864
14042 6623
14069 10426
14079 12673
14090 2122
14091 2122
14096 12673
14098 2122
14106 12815
14118 10499
14133 14352
14134 14352
14147 2122
14151 2122
14154 2122
14155 2122
14158 2122
14159 2122
14161 2122
14163 2122
14164 2122
14165 8247
14167 2122
14172 2122
14174 2122
14175 2122
14176 2122
14177 2122
14178 2122
14179 2122
14180 2122
14183 2122
14185 2122
14186 2122
14187 2122
14190 2122
14194 2960
14195 3661
14197 5317
14198 5317
14200 5317
14202 5317
14203 5317
14206 5317
14208 5317
14216 5317
14218 5317
14227 11538
14228 6569
14230 6623
14231 6623
14232 6623
14234 6623
14235 6623
14236 6623
14244 6623
14245 6623
14251 6626
14254 6626
14255 6626
14257 6626
14259 6565
14285 6565
14287 7148
14288 8369
14297 7148
14309 7544
14312 7873
14324 8357
14325 8357
14328 8357
14329 8357
14331 8357
14337 7677
14355 7677
14356 9530
14362 7677
14374 7874
14381 7874
14391 7829
14398 8247
14411 8247
14430 8099
14446 8099
14447 8099
14451 8249
14453 8249
14454 8249
14455 8249
14485 8366
14488 8366
14514 8366
14528 8363
14531 8572
