14541 14541 165
184 9512
229 9512
233 9513
407 9513
414 9512
514 9512
514 9513
567 9512
567 9513
575 9513
605 9513
723 9513
751 9512
907 9512
990 9513
991 9513
1149 9513
1202 9512
1202 9513
1345 9513
1370 9512
1453 9513
1511 9513
1519 9513
1553 9513
1570 9512
1583 9513
1638 9513
1680 9513
1686 9512
2135 9513
2195 9512
2235 9513
2245 9513
2292 9513
2414 9513
2447 9512
2588 9513
2620 9512
2620 9513
2632 9513
2703 9513
2704 9513
2747 9512
2747 9513
2753 9513
2755 9512
2757 9513
2782 9513
2811 9512
2811 9513
2820 9513
2826 9512
2876 9513
2883 9513
2895 9513
2908 9513
2925 9513
2938 9512
2953 9513
2971 9513
3005 9512
3005 9513
3154 9513
3301 9513
3390 9513
3405 9512
3411 9513
3486 9513
3569 9513
3617 9513
3722 9513
3953 9513
4252 9513
4292 9512
4292 9513
4293 9513
4469 9513
4479 9513
4545 9513
4755 9513
4810 9513
4846 9512
5160 9513
5226 9513
5345 9513
5549 9512
5619 9513
5920 9513
6030 9513
6031 9512
6049 9513
6078 9513
6226 9512
6226 9513
6408 9512
6574 9513
6719 9513
7026 9513
7200 9512
7200 9513
7214 9513
7239 9513
7528 9513
7655 9513
7789 9512
7801 9513
8043 9513
8071 9512
8071 9513
8309 9513
8520 9512
8520 9513
8536 9513
8916 9513
8937 9513
9021 9513
9121 9512
9291 9513
9519 9513
9538 9513
9539 9513
9758 9513
9914 9513
9972 9513
10036 9513
10061 9513
10226 9513
10346 9513
10530 9512
10683 9513
10852 9512
10852 9513
10926 9513
10928 9513
10938 9513
10953 9513
11086 9513
11175 9513
11597 9513
11856 9513
11920 9513
11983 9513
12083 9513
12150 9513
12151 9512
12440 9512
12440 9513
12525 9513
12907 9513
12917 9513
12939 9512
12988 9513
13343 9513
13431 9513
13499 9513
13603 9513
13740 9513
13814 9513
13970 9513
14072 9513
14083 9513
14100 9513
14260 9513
14306 9513
