14541 14541 626
310 4321
1279 1125
1279 2392
1279 3382
1279 4320
1279 4321
1279 4322
1279 7602
1279 8132
1279 8681
1279 8891
1279 10758
1322 1125
1322 2392
1322 4320
1322 4321
1322 4322
1322 4883
1322 7602
1322 8132
1322 8891
1322 10199
1819 4320
1819 4321
1819 7602
1819 8891
1856 4320
2006 2392
2006 4320
2006 4883
2006 8891
2007 8891
3006 1125
3006 2392
3006 4321
3006 4322
3006 4883
3006 7602
3006 8681
3006 8891
3006 10758
3024 2392
3024 4321
3024 4322
3024 7602
3024 8681
3024 8891
3024 10199
3024 10758
3025 1125
3025 3382
3025 4320
3025 4321
3025 4322
3025 4883
3025 7602
3025 8132
3025 8681
3025 10199
3026 2392
3026 3382
3026 4320
3026 4321
3026 7113
3026 7602
3026 8132
3026 8891
3026 10199
3026 10758
3467 1125
3467 2392
3467 4322
3467 7602
3545 3382
3545 4320
3545 4322
3546 1125
3546 3382
3546 4320
3546 4321
3546 4322
3546 7113
3546 8132
3546 8681
3593 4320
3593 4321
3593 5148
3593 7113
3593 8681
3593 8891
3615 2392
3615 4320
3615 4321
3615 4322
3615 4883
3615 8263
3615 8891
3620 4320
3620 4321
3647 2392
3647 4322
3647 6171
3647 7113
3647 7602
3647 8891
3647 10900
3649 2392
3649 4320
3649 7602
3649 8891
3650 1125
3650 3382
3650 4320
3650 5148
3650 7602
3650 8132
3650 8891
3877 1125
3877 2392
3877 4320
3877 4322
3877 4883
3877 7602
3877 8132
3877 8681
3877 10758
3879 1125
3879 3382
3879 4320
3879 4322
3879 4883
3879 5148
3879 7113
3879 7602
3879 8681
3879 8891
3879 10199
3879 10758
3879 10900
4138 2392
4138 3382
4138 4320
4138 4321
4138 4322
4138 7602
4138 8132
4138 8681
4138 8891
4138 10758
4743 2392
4743 3382
4743 10900
4743 10901
4744 1125
4744 2392
4744 8132
4744 8891
4789 2392
4789 3382
4789 4320
4789 4321
4789 8681
4789 8891
5149 1125
5149 2392
5149 4321
5149 4322
5149 7602
5245 1125
5245 3382
5245 4321
5245 8891
5246 3382
5246 4320
5246 4321
5246 7602
5246 8681
5247 2392
5247 4321
5247 7602
5247 8891
5816 8891
5905 1125
5905 2530
5905 3382
5905 4320
5905 4321
5905 4322
5905 4883
5905 7113
5905 7602
5905 8132
5905 8681
5905 8891
5905 10758
5905 10901
5931 4320
5931 7113
5931 7602
5931 8891
6144 2392
6144 7602
6144 8891
6190 4320
6190 7602
6190 8891
6191 4321
6191 4883
6191 6171
6191 7602
6191 8891
6334 1125
6334 3382
6334 4320
6334 4321
6334 4322
6334 4883
6334 7113
6334 7602
6334 8132
6334 8891
6334 10758
6619 2392
6619 4322
6619 7602
6674 2392
6674 3382
6674 4320
6674 4321
6674 4883
6674 7113
6674 8132
6674 8681
6674 8891
6992 1125
6992 2392
6992 4321
6992 7602
6992 8132
6992 8891
6993 1125
6993 2392
6993 3382
6993 4320
6993 4321
6993 4322
6993 4883
6993 7113
6993 7602
6993 8132
6993 8681
7146 1125
7146 2392
7146 4320
7146 4321
7146 7113
7146 7602
7146 8132
7146 10758
7311 4321
7541 1125
7541 2392
7541 2530
7541 3382
7541 4320
7541 4321
7541 4883
7541 5148
7541 7113
7541 7602
7541 8132
7541 8263
7541 8681
7541 8891
7598 4321
7598 7602
7754 1125
7754 2392
7754 3382
7754 4321
7754 4322
7754 4883
7754 6171
7754 7602
7754 8891
7754 10758
7908 2392
7908 3382
7908 4320
7908 4321
7908 4322
7908 7113
7908 8132
7908 8891
7908 10758
8049 1125
8049 2392
8049 4320
8049 8891
8050 2392
8050 4321
8050 4322
8050 4883
8050 7602
8171 1125
8171 2392
8171 4320
8171 7602
8266 2392
8266 3382
8266 4321
8266 4322
8266 4883
8266 7113
8266 7602
8266 8132
8266 8681
8266 8891
8266 10199
8266 10758
8266 10900
8268 1125
8268 2392
8268 3382
8268 4320
8268 4321
8268 4322
8268 7602
8268 8132
8268 8891
8268 10758
8269 1125
8269 2392
8269 4320
8269 4321
8269 4322
8269 4883
8269 7602
8269 8132
8269 8681
8269 8891
8269 10758
8283 1125
8283 3382
8283 4320
8283 4321
8283 4322
8283 4883
8283 5148
8283 7113
8283 7602
8283 8132
8283 8681
8283 8891
8283 10758
8283 10900
8380 1125
8380 2392
8380 3382
8380 4320
8380 4321
8380 4322
8380 4883
8380 7602
8380 8681
8380 10901
8574 1125
8574 2392
8574 3382
8574 4320
8574 4321
8574 4322
8574 4883
8574 7113
8574 7602
8574 8132
8574 8681
8574 10199
8574 10758
8576 1125
8576 2392
8576 3382
8576 4321
8576 4322
8576 4883
8576 7113
8576 7602
8576 8681
8576 8891
8576 10758
8576 10901
9193 1125
9193 2392
9193 3382
9193 4320
9193 4321
9193 4322
9193 4883
9193 7602
9193 8132
9193 8681
9193 8891
9193 10758
9194 2392
9194 2530
9194 4320
9194 4322
9194 4883
9194 7113
9194 7602
9194 8132
9194 8681
9194 10758
9280 2392
9280 4320
9280 4321
9280 4322
9280 4883
9280 5148
9280 7113
9280 7602
9280 8681
9280 8891
9280 10199
9280 10758
9351 1125
9351 2392
9351 4320
9351 4321
9351 4883
9351 7602
9351 8132
9666 2392
9666 4320
9666 5148
9666 7602
9666 8132
9666 8891
9666 10900
9671 4320
9671 4321
9671 4322
9671 4883
9671 7602
9671 8132
9671 8681
9671 8891
9673 1125
9673 2392
9673 3382
9673 4320
9673 4321
9673 4322
9673 4883
9673 6171
9673 7602
9673 8132
9673 8891
9673 10900
9673 10901
9681 2392
9681 4320
9681 4321
9681 4322
9681 4883
9681 7113
9681 7602
9681 8132
9681 8681
9681 8891
9681 10758
9682 1125
9682 2392
9682 3382
9682 4320
9682 4321
9682 4322
9682 8681
9682 8891
9682 10199
9682 10758
10029 1125
10029 2392
10029 3382
10029 4320
10029 4321
10029 4322
10029 7113
10029 7602
10029 8132
10029 8681
10029 10199
10029 10758
10029 10901
10057 1125
10057 2392
10057 4320
10057 4321
10057 8891
10914 2392
10914 3382
10914 4320
10914 4321
10914 6171
10914 7113
10914 8681
11015 2530
11015 4320
11015 8891
11932 4321
11932 4322
11932 4883
12029 2392
12029 4320
12029 4321
12029 8891
12030 1125
12030 2392
12030 3382
12030 4321
12030 4322
12030 4883
12030 8132
12030 8891
12032 1125
12032 4320
12032 4322
12032 8891
12069 2392
12069 3382
12069 4321
12069 4322
12069 7113
12069 7602
12082 2392
12082 3382
12082 4320
12082 7602
12082 8132
12082 10900
12094 1125
12094 2392
12094 3382
12094 4320
12094 4321
12094 8891
12198 2392
12198 4320
12198 4322
12198 5148
12198 7602
12213 1125
12213 2392
12213 3382
12213 4320
12213 4321
12213 4322
12213 4883
12213 5148
12213 7113
12213 7602
12213 8681
12213 8891
12213 10199
12222 2392
12222 4320
12222 4322
12222 4883
12222 7113
12222 7602
12222 8891
12224 4320
12224 4322
12224 7602
12224 8891
12225 1125
12225 2392
12225 3382
12225 4320
12225 4321
12225 4322
12225 7602
12225 8132
12225 8681
12225 8891
12270 2392
12270 4321
12270 7602
12270 8891
12274 2392
12274 3382
12274 8891
12315 1125
12315 2392
12315 4320
12315 4321
12315 4322
12315 5148
12315 7602
12315 8891
12315 10199
12331 2392
12331 4320
12960 2530
12960 8891
14369 1125
14369 2392
14369 4321
14369 4883
14369 7113
14369 7602
14369 8681
14369 8891
14369 10758
14370 1125
14370 2392
14370 3382
14370 4320
14370 4322
14370 7113
14370 7602
14370 8132
14370 8681
14370 8891
14370 10199
14370 10758
