14541 14541 181
982 12418
984 12418
1041 11202
1186 1186
1207 11202
1234 11202
1246 11202
1247 11202
1270 11202
1272 11202
1274 11202
1275 11202
1276 11202
1277 11202
1284 1284
1296 11202
1297 11202
1298 11202
1299 11202
1301 11202
1302 11202
1328 11202
1330 11202
1353 11202
1354 11202
1389 11202
1395 11202
2271 2271
2276 2276
2586 2586
3289 3289
3379 11202
3396 11202
3398 11202
3400 11202
3401 11202
3402 11202
3413 11202
3414 11202
3415 11202
3444 11202
3456 11202
3458 11202
3459 11202
3460 11202
3461 11202
3462 11202
3463 11202
3488 11202
3489 11202
3490 11202
3491 11202
3493 11202
3656 11202
3658 11202
3659 11202
3660 11202
3662 11202
3663 11202
3773 12427
3828 3828
3978 12427
4204 11202
4205 11202
4269 11202
4270 11202
4271 11202
4272 11202
4273 11202
4287 11202
4302 11202
4316 11202
4324 11202
4335 11202
4345 11202
4353 11202
4363 11202
4386 11202
4392 11202
4679 11202
4691 11202
4926 4926
4948 4948
4956 4956
5067 11202
5101 11202
5118 5118
5120 11202
5121 5121
5134 11202
5207 11202
5227 11202
5271 12418
5283 11202
5304 12427
5329 5329
5501 11202
5502 11202
5959 12427
6417 11202
6418 11202
6427 11202
6475 11202
6493 11202
6495 11202
6497 11202
6521 11202
6530 11202
6591 11202
6592 11202
6593 11202
6605 11202
6610 11202
6691 11202
7061 7061
7101 12427
7133 12427
7360 12427
7427 7427
7456 7456
7527 12427
8019 11202
8074 8074
8365 8365
8626 8626
8971 8971
9678 12427
9719 9719
9926 12427
10599 12427
10602 12427
10603 12427
10604 12427
10606 12427
10607 12427
10671 12427
10672 12427
10887 12427
10888 12427
10889 12427
10890 12427
10891 12427
10894 12427
10895 12427
10980 12427
11203 11202
11357 12427
11362 12427
11516 12418
11974 12418
12031 12427
12033 12427
12042 12427
12506 12427
12507 12427
12508 12427
12560 12418
12561 12418
12562 12418
12566 12427
12567 12418
12569 12418
12570 12418
12571 12418
12572 12418
12573 12418
12574 12418
12575 12418
12576 12418
12578 12418
12579 12418
12580 12418
12586 12586
12595 12418
12597 12418
12635 12418
12740 12427
12945 12945
13206 12418
13425 12418
13965 12418
