14541 14541 4364
0 10191
2 10191
3 10191
4 10191
5 10191
6 10191
7 10191
8 10191
9 10191
10 10191
12 10191
13 10191
16 10191
17 10191
19 10191
20 10191
21 10191
23 10191
24 10191
26 10191
27 10191
28 10191
30 10191
31 10191
32 10191
34 10191
35 10191
38 10191
40 10191
48 10191
52 10191
53 10191
55 10191
71 10191
72 10191
74 10191
76 10191
79 10191
90 10191
91 10191
97 10191
102 10191
104 10191
106 10191
107 10191
111 10191
113 10191
122 10191
123 10191
127 10191
130 10191
132 10191
134 10191
139 10191
140 10191
141 10191
142 10191
144 10191
147 10191
156 10191
160 10191
166 10191
168 10191
169 10191
175 10191
176 10191
178 10191
187 10191
188 10191
189 10191
190 10191
192 10191
194 10191
196 10191
200 10191
205 10191
206 10191
208 10191
209 10191
210 10191
211 10191
212 10191
214 10191
215 10191
216 10191
217 10191
219 10191
220 10191
221 10191
223 10191
224 10191
225 10191
226 10191
227 10191
228 10191
229 10191
230 10191
231 10191
233 10191
236 10191
239 10191
240 10191
247 10191
249 10191
250 10191
251 10191
252 10191
253 10191
254 10191
255 10191
256 10191
258 10191
259 10191
260 10191
261 10191
262 10191
263 10191
264 10191
265 10191
266 10191
269 10191
270 10191
271 10191
273 10191
274 10191
275 10191
278 10191
279 10191
280 10191
281 10191
282 10191
283 10191
290 10191
291 10191
297 10191
298 10191
299 10191
301 10191
302 10191
303 10191
305 10191
310 10191
313 10191
316 10191
323 10191
324 10191
328 10191
329 10191
335 10191
336 10191
337 10191
338 10191
340 10191
346 10191
348 10191
349 10191
354 10191
355 10191
357 10191
367 10191
370 10191
371 10191
373 10191
376 10191
381 10191
385 10191
386 10191
391 10191
393 10191
402 10191
403 10191
405 10191
407 10191
410 10191
413 10191
416 10191
417 10191
418 10191
420 10191
421 10191
422 10191
424 10191
427 10191
429 10191
431 10191
433 10191
435 10191
438 10191
439 10191
448 10191
450 10191
452 10191
453 10191
454 10191
458 10191
463 10191
466 10191
467 10191
468 10191
475 10191
476 10191
478 10191
479 10191
480 10191
481 10191
482 10191
491 10191
495 10191
497 10191
498 10191
500 10191
501 10191
507 10191
510 10191
519 10191
521 10191
532 10191
544 10191
547 10191
550 10191
551 10191
552 10191
558 10191
560 10191
563 10191
567 10191
570 10191
574 10191
576 10191
577 10191
578 10191
584 10191
589 10191
598 10191
603 10191
605 10191
606 10191
608 10191
609 10191
610 10191
611 10191
614 10191
617 10191
621 10191
628 10191
633 10191
635 10191
638 10191
639 10191
641 10191
647 10191
652 10191
654 10191
658 10191
664 10191
672 10191
673 10191
674 10191
675 10191
677 10191
679 10191
680 10191
681 10191
683 10191
684 10191
685 10191
686 10191
687 10191
690 10191
691 10191
692 10191
693 10191
694 10191
695 10191
696 10191
697 10191
698 10191
704 10191
705 10191
708 10191
709 10191
710 10191
711 10191
714 10191
715 10191
724 10191
731 10191
732 10191
738 10191
740 10191
747 10191
756 10191
759 10191
762 10191
763 10191
766 10191
768 10191
776 10191
777 10191
778 10191
782 10191
789 10191
793 10191
794 10191
795 10191
796 10191
797 10191
798 10191
800 10191
801 10191
802 10191
803 10191
808 10191
811 10191
815 10191
816 10191
817 10191
818 10191
823 10191
824 10191
827 10191
831 10191
833 10191
834 10191
836 10191
837 10191
838 10191
841 10191
846 10191
847 10191
849 10191
851 10191
852 10191
855 10191
856 10191
859 10191
860 10191
861 10191
862 10191
864 10191
865 10191
866 10191
867 10191
868 10191
869 10191
870 10191
871 10191
873 10191
874 10191
876 10191
877 10191
881 10191
882 10191
883 10191
886 10191
893 10191
894 10191
895 10191
896 10191
897 10191
898 10191
900 10191
904 10191
905 10191
906 10191
908 10191
909 10191
910 10191
911 10191
912 10191
914 10191
916 10191
920 10191
921 10191
922 10191
924 10191
930 10191
931 10191
932 10191
933 10191
934 10191
937 10191
938 10191
940 10191
942 10191
946 10191
952 10191
953 10191
954 10191
955 10191
957 10191
958 10191
959 10191
960 10191
961 10191
964 10191
966 10191
968 10191
971 10191
973 10191
976 10191
987 10191
988 10191
989 10191
990 10191
999 10191
1007 10191
1009 10191
1013 10191
1015 10191
1018 10191
1024 10191
1026 10191
1028 10191
1033 10191
1039 10191
1042 10191
1045 10191
1046 10191
1048 10191
1049 10191
1051 10191
1056 10191
1058 10191
1062 10191
1069 10191
1071 10191
1079 10191
1081 10191
1082 10191
1086 10191
1087 10191
1090 10191
1093 10191
1095 10191
1099 10191
1100 10191
1103 10191
1106 10191
1110 10191
1118 10191
1128 10191
1131 10191
1132 10191
1133 10191
1134 10191
1141 10191
1143 10191
1144 10191
1145 10191
1147 10191
1150 10191
1154 10191
1155 10191
1156 10191
1161 10191
1165 10191
1166 10191
1169 10191
1171 10191
1174 10191
1175 10191
1178 10191
1179 10191
1180 10191
1181 10191
1184 10191
1192 10191
1194 10191
1201 10191
1202 10191
1203 10191
1205 10191
1206 10191
1213 10191
1216 10191
1218 10191
1219 10191
1222 10191
1224 10191
1225 10191
1229 10191
1231 10191
1232 10191
1236 10191
1237 10191
1238 10191
1239 10191
1242 10191
1243 10191
1249 10191
1254 10191
1268 10191
1278 10191
1280 10191
1281 10191
1283 10191
1284 10191
1285 10191
1287 10191
1288 10191
1293 10191
1303 10191
1304 10191
1305 10191
1306 10191
1308 10191
1312 10191
1314 10191
1317 10191
1321 10191
1322 10191
1323 10191
1329 10191
1331 10191
1332 10191
1333 10191
1334 10191
1337 10191
1339 10191
1341 10191
1342 10191
1343 10191
1346 10191
1349 10191
1352 10191
1357 10191
1361 10191
1363 10191
1364 10191
1371 10191
1378 10191
1379 10191
1382 10191
1385 10191
1388 10191
1391 10191
1396 10191
1397 10191
1398 10191
1399 10191
1400 10191
1404 10191
1406 10191
1407 10191
1413 10191
1415 10191
1416 10191
1417 10191
1421 10191
1423 10191
1425 10191
1428 10191
1429 10191
1434 10191
1436 10191
1438 10191
1440 10191
1445 10191
1447 10191
1449 10191
1452 10191
1459 10191
1466 10191
1468 10191
1470 10191
1471 10191
1473 10191
1478 10191
1480 10191
1481 10191
1484 10191
1489 10191
1492 10191
1493 10191
1494 10191
1495 10191
1497 10191
1504 10191
1508 10191
1509 10191
1510 10191
1512 10191
1513 10191
1514 10191
1515 10191
1521 10191
1524 10191
1534 10191
1536 10191
1537 10191
1538 10191
1543 10191
1551 10191
1556 10191
1558 10191
1559 10191
1564 10191
1565 10191
1566 10191
1567 10191
1568 10191
1573 10191
1576 10191
1578 10191
1579 10191
1580 10191
1581 10191
1582 10191
1583 10191
1592 10191
1600 10191
1604 10191
1636 10191
1646 10191
1662 10191
1664 10191
1668 10191
1669 10191
1670 10191
1671 10191
1673 10191
1678 10191
1682 10191
1686 10191
1687 10191
1688 10191
1689 10191
1694 10191
1695 10191
1697 10191
1699 10191
1700 10191
1704 10191
1705 10191
1706 10191
1707 10191
1708 10191
1709 10191
1710 10191
1711 10191
1713 10191
1717 10191
1720 10191
1725 10191
1736 10191
1737 10191
1739 10191
1740 10191
1743 10191
1748 10191
1750 10191
1751 10191
1753 10191
1755 10191
1756 10191
1758 10191
1761 10191
1762 10191
1763 10191
1764 10191
1769 10191
1777 10191
1781 10191
1783 10191
1784 10191
1794 10191
1796 10191
1797 10191
1798 10191
1799 10191
1800 10191
1804 10191
1806 10191
1810 10191
1811 10191
1812 10191
1813 10191
1814 10191
1815 10191
1816 10191
1821 10191
1826 10191
1827 10191
1828 10191
1833 10191
1837 10191
1838 10191
1839 10191
1843 10191
1844 10191
1846 10191
1847 10191
1850 10191
1860 10191
1861 10191
1864 10191
1868 10191
1869 10191
1870 10191
1871 10191
1872 10191
1878 10191
1880 10191
1881 10191
1889 10191
1894 10191
1901 10191
1904 10191
1905 10191
1911 10191
1912 10191
1914 10191
1915 10191
1916 10191
1917 10191
1918 10191
1919 10191
1922 10191
1926 10191
1929 10191
1930 10191
1931 10191
1932 10191
1933 10191
1937 10191
1938 10191
1940 10191
1941 10191
1943 10191
1946 10191
1947 10191
1949 10191
1953 10191
1954 10191
1955 10191
1956 10191
1960 10191
1964 10191
1965 10191
1967 10191
1968 10191
1969 10191
1974 10191
1975 10191
1980 10191
1982 10191
1985 10191
1987 10191
1988 10191
1989 10191
1994 10191
1997 10191
2002 10191
2003 10191
2004 10191
2008 10191
2010 10191
2014 10191
2015 10191
2016 10191
2017 10191
2018 10191
2022 10191
2023 10191
2024 10191
2027 10191
2029 10191
2030 10191
2031 10191
2032 10191
2034 10191
2035 10191
2036 10191
2037 10191
2038 10191
2039 10191
2040 10191
2043 10191
2050 10191
2051 10191
2053 10191
2055 10191
2057 10191
2059 10191
2060 10191
2063 10191
2065 10191
2072 10191
2074 10191
2080 10191
2081 10191
2087 10191
2088 10191
2093 10191
2094 10191
2095 10191
2096 10191
2098 10191
2099 10191
2103 10191
2104 10191
2105 10191
2107 10191
2108 10191
2110 10191
2113 10191
2115 10191
2116 10191
2120 10191
2123 10191
2127 10191
2129 10191
2132 10191
2135 10191
2137 10191
2139 10191
2140 10191
2141 10191
2146 10191
2147 10191
2148 10191
2149 10191
2153 10191
2154 10191
2156 10191
2160 10191
2161 10191
2163 10191
2165 10191
2166 10191
2167 10191
2171 10191
2173 10191
2174 10191
2176 10191
2178 10191
2179 10191
2181 10191
2191 10191
2194 10191
2195 10191
2199 10191
2202 10191
2207 10191
2210 10191
2211 10191
2214 10191
2218 10191
2223 10191
2225 10191
2230 10191
2232 10191
2233 10191
2236 10191
2237 10191
2238 10191
2242 10191
2243 10191
2247 10191
2249 10191
2250 10191
2251 10191
2254 10191
2258 10191
2260 10191
2263 10191
2266 10191
2268 10191
2269 10191
2274 10191
2275 10191
2284 10191
2286 10191
2292 10191
2299 10191
2301 10191
2306 10191
2307 10191
2308 10191
2316 10191
2318 10191
2320 10191
2321 10191
2322 10191
2323 10191
2324 10191
2326 10191
2327 10191
2333 10191
2336 10191
2337 10191
2338 10191
2341 10191
2343 10191
2344 10191
2346 10191
2350 10191
2352 10191
2357 10191
2358 10191
2360 10191
2362 10191
2364 10191
2365 10191
2368 10191
2369 10191
2371 10191
2372 10191
2375 10191
2379 10191
2380 10191
2381 10191
2383 10191
2386 10191
2390 10191
2391 10191
2393 10191
2394 10191
2395 10191
2397 10191
2398 10191
2399 10191
2401 10191
2403 10191
2404 10191
2405 10191
2408 10191
2409 10191
2410 10191
2411 10191
2415 10191
2417 10191
2421 10191
2422 10191
2433 10191
2435 10191
2441 10191
2442 10191
2447 10191
2452 10191
2455 10191
2460 10191
2461 10191
2463 10191
2472 10191
2473 10191
2474 10191
2477 10191
2478 10191
2479 10191
2480 10191
2483 10191
2488 10191
2489 10191
2490 10191
2491 10191
2492 10191
2493 10191
2497 10191
2500 10191
2501 10191
2502 10191
2503 10191
2508 10191
2509 10191
2514 10191
2517 10191
2518 10191
2519 10191
2522 10191
2523 10191
2526 10191
2529 10191
2531 10191
2533 10191
2535 10191
2536 10191
2537 10191
2538 10191
2540 10191
2544 10191
2545 10191
2549 10191
2551 10191
2553 10191
2554 10191
2558 10191
2559 10191
2565 10191
2567 10191
2568 10191
2569 10191
2570 10191
2576 10191
2579 10191
2581 10191
2587 10191
2591 10191
2593 10191
2595 10191
2596 10191
2598 10191
2599 10191
2600 10191
2603 10191
2605 10191
2607 10191
2610 10191
2611 10191
2612 10191
2613 10191
2614 10191
2616 10191
2617 10191
2618 10191
2620 10191
2621 10191
2624 10191
2625 10191
2627 10191
2628 10191
2637 10191
2638 10191
2639 10191
2643 10191
2644 10191
2646 10191
2647 10191
2648 10191
2649 10191
2652 10191
2655 10191
2657 10191
2662 10191
2663 10191
2664 10191
2666 10191
2668 10191
2675 10191
2676 10191
2681 10191
2687 10191
2689 10191
2691 10191
2697 10191
2698 10191
2699 10191
2703 10191
2704 10191
2705 10191
2706 10191
2707 10191
2708 10191
2709 10191
2710 10191
2712 10191
2713 10191
2714 10191
2716 10191
2718 10191
2719 10191
2720 10191
2722 10191
2723 10191
2727 10191
2728 10191
2729 10191
2730 10191
2731 10191
2732 10191
2733 10191
2735 10191
2736 10191
2737 10191
2739 10191
2740 10191
2741 10191
2742 10191
2744 10191
2745 10191
2746 10191
2747 10191
2750 10191
2751 10191
2753 10191
2754 10191
2755 10191
2756 10191
2757 10191
2758 10191
2759 10191
2760 10191
2761 10191
2762 10191
2763 10191
2764 10191
2766 10191
2767 10191
2768 10191
2769 10191
2770 10191
2771 10191
2773 10191
2776 10191
2777 10191
2778 10191
2781 10191
2782 10191
2784 10191
2786 10191
2787 10191
2789 10191
2790 10191
2791 10191
2796 10191
2798 10191
2800 10191
2803 10191
2804 10191
2805 10191
2806 10191
2807 10191
2808 10191
2811 10191
2812 10191
2814 10191
2815 10191
2816 10191
2817 10191
2818 10191
2819 10191
2820 10191
2822 10191
2824 10191
2825 10191
2826 10191
2827 10191
2828 10191
2829 10191
2832 10191
2833 10191
2834 10191
2835 10191
2836 10191
2840 10191
2845 10191
2846 10191
2847 10191
2848 10191
2850 10191
2853 10191
2855 10191
2857 10191
2858 10191
2859 10191
2861 10191
2863 10191
2864 10191
2865 10191
2866 10191
2867 10191
2868 10191
2871 10191
2872 10191
2874 10191
2875 10191
2876 10191
2877 10191
2882 10191
2883 10191
2884 10191
2885 10191
2886 10191
2888 10191
2889 10191
2890 10191
2891 10191
2892 10191
2893 10191
2894 10191
2896 10191
2898 10191
2899 10191
2900 10191
2901 10191
2903 10191
2905 10191
2906 10191
2909 10191
2910 10191
2911 10191
2912 10191
2913 10191
2914 10191
2915 10191
2916 10191
2918 10191
2920 10191
2921 10191
2923 10191
2924 10191
2927 10191
2930 10191
2933 10191
2934 10191
2938 10191
2941 10191
2945 10191
2947 10191
2948 10191
2949 10191
2952 10191
2954 10191
2955 10191
2956 10191
2958 10191
2959 10191
2960 10191
2962 10191
2963 10191
2964 10191
2970 10191
2977 10191
2979 10191
2982 10191
2983 10191
2986 10191
2999 10191
3001 10191
3002 10191
3008 10191
3009 10191
3010 10191
3012 10191
3013 10191
3015 10191
3016 10191
3017 10191
3020 10191
3021 10191
3025 10191
3030 10191
3031 10191
3032 10191
3033 10191
3034 10191
3038 10191
3041 10191
3042 10191
3044 10191
3045 10191
3047 10191
3051 10191
3053 10191
3056 10191
3057 10191
3062 10191
3063 10191
3065 10191
3066 10191
3068 10191
3069 10191
3071 10191
3072 10191
3073 10191
3075 10191
3076 10191
3077 10191
3079 10191
3082 10191
3085 10191
3089 10191
3090 10191
3093 10191
3101 10191
3108 10191
3112 10191
3118 10191
3120 10191
3124 10191
3126 10191
3128 10191
3130 10191
3134 10191
3144 10191
3145 10191
3147 10191
3149 10191
3150 10191
3151 10191
3155 10191
3158 10191
3169 10191
3176 10191
3180 10191
3186 10191
3188 10191
3189 10191
3194 10191
3195 10191
3200 10191
3201 10191
3202 10191
3203 10191
3204 10191
3205 10191
3213 10191
3219 10191
3220 10191
3223 10191
3226 10191
3233 10191
3234 10191
3236 10191
3238 10191
3250 10191
3252 10191
3254 10191
3262 10191
3265 10191
3266 10191
3268 10191
3269 10191
3270 10191
3273 10191
3278 10191
3282 10191
3285 10191
3288 10191
3292 10191
3293 10191
3294 10191
3295 10191
3296 10191
3300 10191
3301 10191
3303 10191
3307 10191
3311 10191
3314 10191
3316 10191
3325 10191
3327 10191
3329 10191
3332 10191
3334 10191
3335 10191
3339 10191
3342 10191
3343 10191
3352 10191
3359 10191
3364 10191
3366 10191
3370 10191
3372 10191
3381 10191
3384 10191
3385 10191
3389 10191
3392 10191
3393 10191
3394 10191
3395 10191
3399 10191
3409 10191
3411 10191
3417 10191
3425 10191
3429 10191
3431 10191
3432 10191
3443 10191
3446 10191
3447 10191
3448 10191
3449 10191
3453 10191
3454 10191
3455 10191
3464 10191
3466 10191
3467 10191
3469 10191
3483 10191
3484 10191
3485 10191
3486 10191
3497 10191
3498 10191
3499 10191
3503 10191
3521 10191
3535 10191
3539 10191
3540 10191
3545 10191
3546 10191
3547 10191
3556 10191
3561 10191
3568 10191
3582 10191
3585 10191
3599 10191
3606 10191
3608 10191
3609 10191
3615 10191
3617 10191
3620 10191
3621 10191
3628 10191
3641 10191
3642 10191
3643 10191
3647 10191
3649 10191
3650 10191
3651 10191
3655 10191
3657 10191
3664 10191
3668 10191
3674 10191
3676 10191
3677 10191
3679 10191
3686 10191
3687 10191
3691 10191
3695 10191
3699 10191
3700 10191
3713 10191
3716 10191
3719 10191
3721 10191
3725 10191
3733 10191
3740 10191
3743 10191
3751 10191
3758 10191
3763 10191
3772 10191
3774 10191
3778 10191
3783 10191
3787 10191
3790 10191
3791 10191
3792 10191
3794 10191
3798 10191
3806 10191
3816 10191
3822 10191
3827 10191
3831 10191
3832 10191
3834 10191
3835 10191
3836 10191
3841 10191
3848 10191
3849 10191
3850 10191
3851 10191
3855 10191
3857 10191
3872 10191
3874 10191
3875 10191
3876 10191
3877 10191
3878 10191
3883 10191
3888 10191
3892 10191
3897 10191
3900 10191
3901 10191
3902 10191
3904 10191
3918 10191
3923 10191
3925 10191
3929 10191
3931 10191
3934 10191
3936 10191
3939 10191
3947 10191
3953 10191
3954 10191
3960 10191
3965 10191
3967 10191
3976 10191
3981 10191
3987 10191
3989 10191
3990 10191
3995 10191
3998 10191
4000 10191
4003 10191
4008 10191
4009 10191
4018 10191
4021 10191
4069 10191
4077 10191
4080 10191
4081 10191
4082 10191
4084 10191
4086 10191
4090 10191
4092 10191
4094 10191
4096 10191
4097 10191
4099 10191
4104 10191
4106 10191
4109 10191
4110 10191
4116 10191
4117 10191
4119 10191
4122 10191
4126 10191
4129 10191
4136 10191
4137 10191
4138 10191
4142 10191
4143 10191
4145 10191
4146 10191
4147 10191
4156 10191
4159 10191
4161 10191
4163 10191
4167 10191
4168 10191
4173 10191
4175 10191
4178 10191
4180 10191
4182 10191
4183 10191
4184 10191
4186 10191
4189 10191
4190 10191
4193 10191
4195 10191
4198 10191
4201 10191
4203 10191
4206 10191
4208 10191
4210 10191
4213 10191
4219 10191
4221 10191
4226 10191
4228 10191
4230 10191
4231 10191
4233 10191
4253 10191
4259 10191
4261 10191
4268 10191
4275 10191
4278 10191
4279 10191
4284 10191
4291 10191
4293 10191
4294 10191
4296 10191
4297 10191
4299 10191
4306 10191
4311 10191
4313 10191
4315 10191
4325 10191
4326 10191
4327 10191
4330 10191
4336 10191
4338 10191
4341 10191
4344 10191
4346 10191
4348 10191
4356 10191
4359 10191
4362 10191
4370 10191
4373 10191
4375 10191
4380 10191
4390 10191
4393 10191
4400 10191
4401 10191
4404 10191
4405 10191
4407 10191
4411 10191
4415 10191
4417 10191
4420 10191
4425 10191
4429 10191
4430 10191
4431 10191
4432 10191
4433 10191
4444 10191
4446 10191
4448 10191
4449 10191
4451 10191
4457 10191
4458 10191
4460 10191
4461 10191
4464 10191
4472 10191
4476 10191
4479 10191
4480 10191
4481 10191
4487 10191
4489 10191
4499 10191
4501 10191
4517 10191
4518 10191
4522 10191
4524 10191
4525 10191
4526 10191
4529 10191
4531 10191
4537 10191
4540 10191
4544 10191
4546 10191
4552 10191
4554 10191
4557 10191
4558 10191
4559 10191
4563 10191
4564 10191
4565 10191
4567 10191
4569 10191
4579 10191
4584 10191
4590 10191
4603 10191
4605 10191
4608 10191
4616 10191
4617 10191
4618 10191
4620 10191
4625 10191
4627 10191
4629 10191
4630 10191
4637 10191
4638 10191
4639 10191
4642 10191
4643 10191
4645 10191
4647 10191
4648 10191
4649 10191
4652 10191
4655 10191
4657 10191
4660 10191
4666 10191
4672 10191
4680 10191
4683 10191
4684 10191
4685 10191
4689 10191
4690 10191
4693 10191
4699 10191
4701 10191
4711 10191
4713 10191
4714 10191
4715 10191
4718 10191
4722 10191
4724 10191
4725 10191
4728 10191
4729 10191
4739 10191
4741 10191
4742 10191
4743 10191
4744 10191
4745 10191
4746 10191
4749 10191
4750 10191
4751 10191
4762 10191
4765 10191
4772 10191
4774 10191
4775 10191
4776 10191
4781 10191
4783 10191
4788 10191
4789 10191
4792 10191
4795 10191
4801 10191
4805 10191
4809 10191
4810 10191
4811 10191
4818 10191
4820 10191
4821 10191
4823 10191
4826 10191
4830 10191
4836 10191
4838 10191
4841 10191
4842 10191
4884 10191
4892 10191
4894 10191
4902 10191
4907 10191
4909 10191
4910 10191
4920 10191
4930 10191
4935 10191
4937 10191
4938 10191
4939 10191
4940 10191
4941 10191
4942 10191
4952 10191
4970 10191
4973 10191
4975 10191
4976 10191
4984 10191
4988 10191
4991 10191
4993 10191
4994 10191
4995 10191
4999 10191
5001 10191
5004 10191
5009 10191
5012 10191
5013 10191
5016 10191
5025 10191
5026 10191
5028 10191
5031 10191
5032 10191
5038 10191
5039 10191
5043 10191
5061 10191
5062 10191
5065 10191
5068 10191
5070 10191
5072 10191
5075 10191
5077 10191
5078 10191
5082 10191
5086 10191
5087 10191
5089 10191
5093 10191
5102 10191
5111 10191
5114 10191
5116 10191
5117 10191
5119 10191
5122 10191
5126 10191
5137 10191
5140 10191
5142 10191
5143 10191
5144 10191
5146 10191
5149 10191
5151 10191
5156 10191
5158 10191
5159 10191
5170 10191
5171 10191
5178 10191
5188 10191
5194 10191
5195 10191
5198 10191
5201 10191
5204 10191
5206 10191
5211 10191
5217 10191
5219 10191
5224 10191
5228 10191
5229 10191
5236 10191
5238 10191
5244 10191
5245 10191
5246 10191
5247 10191
5251 10191
5252 10191
5257 10191
5263 10191
5264 10191
5265 10191
5272 10191
5279 10191
5294 10191
5295 10191
5296 10191
5297 10191
5298 10191
5305 10191
5306 10191
5310 10191
5316 10191
5317 10191
5321 10191
5325 10191
5327 10191
5333 10191
5339 10191
5342 10191
5344 10191
5350 10191
5352 10191
5353 10191
5356 10191
5357 10191
5361 10191
5362 10191
5365 10191
5375 10191
5381 10191
5396 10191
5399 10191
5400 10191
5406 10191
5409 10191
5410 10191
5411 10191
5412 10191
5413 10191
5414 10191
5420 10191
5423 10191
5424 10191
5426 10191
5429 10191
5431 10191
5432 10191
5433 10191
5436 10191
5437 10191
5439 10191
5440 10191
5442 10191
5445 10191
5447 10191
5450 10191
5460 10191
5467 10191
5469 10191
5471 10191
5480 10191
5490 10191
5497 10191
5499 10191
5504 10191
5508 10191
5511 10191
5512 10191
5513 10191
5514 10191
5515 10191
5516 10191
5520 10191
5521 10191
5523 10191
5527 10191
5533 10191
5535 10191
5537 10191
5539 10191
5540 10191
5542 10191
5549 10191
5553 10191
5554 10191
5558 10191
5562 10191
5563 10191
5565 10191
5586 10191
5587 10191
5593 10191
5597 10191
5601 10191
5605 10191
5607 10191
5611 10191
5615 10191
5621 10191
5622 10191
5623 10191
5628 10191
5634 10191
5636 10191
5637 10191
5655 10191
5656 10191
5661 10191
5667 10191
5668 10191
5671 10191
5673 10191
5676 10191
5684 10191
5685 10191
5691 10191
5694 10191
5695 10191
5698 10191
5699 10191
5704 10191
5707 10191
5709 10191
5713 10191
5717 10191
5720 10191
5725 10191
5729 10191
5730 10191
5735 10191
5738 10191
5739 10191
5741 10191
5746 10191
5751 10191
5753 10191
5757 10191
5759 10191
5760 10191
5761 10191
5770 10191
5772 10191
5783 10191
5785 10191
5788 10191
5789 10191
5793 10191
5794 10191
5807 10191
5818 10191
5819 10191
5820 10191
5828 10191
5829 10191
5830 10191
5833 10191
5846 10191
5859 10191
5865 10191
5872 10191
5892 10191
5902 10191
5909 10191
5910 10191
5911 10191
5917 10191
5918 10191
5919 10191
5920 10191
5926 10191
5931 10191
5933 10191
5937 10191
5938 10191
5942 10191
5945 10191
5951 10191
5952 10191
5953 10191
5956 10191
5963 10191
5965 10191
5972 10191
5976 10191
5979 10191
5987 10191
5988 10191
5990 10191
5992 10191
5993 10191
5995 10191
6002 10191
6004 10191
6005 10191
6008 10191
6013 10191
6014 10191
6015 10191
6021 10191
6022 10191
6027 10191
6028 10191
6029 10191
6031 10191
6033 10191
6041 10191
6050 10191
6052 10191
6053 10191
6054 10191
6055 10191
6056 10191
6057 10191
6059 10191
6061 10191
6062 10191
6064 10191
6065 10191
6070 10191
6072 10191
6075 10191
6077 10191
6078 10191
6079 10191
6082 10191
6086 10191
6087 10191
6092 10191
6093 10191
6095 10191
6096 10191
6098 10191
6100 10191
6107 10191
6108 10191
6109 10191
6110 10191
6117 10191
6121 10191
6127 10191
6128 10191
6133 10191
6135 10191
6142 10191
6147 10191
6151 10191
6164 10191
6173 10191
6175 10191
6178 10191
6181 10191
6182 10191
6185 10191
6187 10191
6188 10191
6190 10191
6196 10191
6199 10191
6206 10191
6208 10191
6209 10191
6210 10191
6213 10191
6214 10191
6215 10191
6224 10191
6225 10191
6226 10191
6229 10191
6230 10191
6244 10191
6245 10191
6252 10191
6253 10191
6254 10191
6255 10191
6262 10191
6264 10191
6265 10191
6270 10191
6272 10191
6282 10191
6284 10191
6289 10191
6291 10191
6292 10191
6293 10191
6294 10191
6300 10191
6301 10191
6304 10191
6306 10191
6314 10191
6315 10191
6316 10191
6319 10191
6325 10191
6340 10191
6344 10191
6353 10191
6355 10191
6357 10191
6358 10191
6367 10191
6370 10191
6383 10191
6389 10191
6397 10191
6398 10191
6401 10191
6404 10191
6405 10191
6408 10191
6413 10191
6422 10191
6428 10191
6429 10191
6433 10191
6436 10191
6438 10191
6446 10191
6450 10191
6455 10191
6457 10191
6459 10191
6463 10191
6467 10191
6471 10191
6472 10191
6476 10191
6483 10191
6488 10191
6490 10191
6494 10191
6496 10191
6501 10191
6502 10191
6505 10191
6511 10191
6516 10191
6524 10191
6527 10191
6528 10191
6532 10191
6542 10191
6555 10191
6558 10191
6565 10191
6569 10191
6571 10191
6575 10191
6578 10191
6584 10191
6589 10191
6590 10191
6595 10191
6597 10191
6599 10191
6600 10191
6619 10191
6620 10191
6621 10191
6623 10191
6626 10191
6632 10191
6633 10191
6636 10191
6638 10191
6639 10191
6645 10191
6646 10191
6647 10191
6651 10191
6652 10191
6669 10191
6670 10191
6671 10191
6676 10191
6679 10191
6681 10191
6682 10191
6685 10191
6688 10191
6694 10191
6704 10191
6705 10191
6706 10191
6708 10191
6709 10191
6712 10191
6714 10191
6715 10191
6719 10191
6721 10191
6722 10191
6724 10191
6739 10191
6742 10191
6744 10191
6753 10191
6754 10191
6766 10191
6773 10191
6777 10191
6779 10191
6781 10191
6795 10191
6804 10191
6805 10191
6807 10191
6817 10191
6818 10191
6821 10191
6822 10191
6828 10191
6838 10191
6842 10191
6855 10191
6861 10191
6867 10191
6868 10191
6877 10191
6878 10191
6885 10191
6887 10191
6902 10191
6918 10191
6936 10191
6937 10191
6939 10191
6942 10191
6944 10191
6949 10191
6953 10191
6956 10191
6961 10191
6963 10191
6964 10191
6969 10191
6970 10191
6971 10191
6975 10191
6976 10191
6977 10191
6980 10191
6983 10191
6992 10191
6995 10191
6997 10191
7003 10191
7010 10191
7011 10191
7012 10191
7017 10191
7026 10191
7034 10191
7040 10191
7053 10191
7063 10191
7065 10191
7068 10191
7076 10191
7083 10191
7087 10191
7088 10191
7090 10191
7093 10191
7094 10191
7097 10191
7102 10191
7103 10191
7104 10191
7105 10191
7106 10191
7121 10191
7124 10191
7135 10191
7137 10191
7146 10191
7148 10191
7155 10191
7168 10191
7169 10191
7170 10191
7175 10191
7182 10191
7193 10191
7196 10191
7197 10191
7199 10191
7200 10191
7206 10191
7208 10191
7214 10191
7217 10191
7221 10191
7224 10191
7228 10191
7237 10191
7241 10191
7242 10191
7243 10191
7251 10191
7256 10191
7259 10191
7261 10191
7262 10191
7270 10191
7273 10191
7275 10191
7276 10191
7280 10191
7286 10191
7287 10191
7291 10191
7292 10191
7293 10191
7295 10191
7296 10191
7297 10191
7299 10191
7301 10191
7305 10191
7306 10191
7309 10191
7311 10191
7312 10191
7318 10191
7324 10191
7325 10191
7328 10191
7332 10191
7336 10191
7338 10191
7339 10191
7340 10191
7341 10191
7342 10191
7351 10191
7353 10191
7354 10191
7359 10191
7361 10191
7371 10191
7380 10191
7381 10191
7384 10191
7393 10191
7400 10191
7402 10191
7407 10191
7410 10191
7411 10191
7424 10191
7430 10191
7444 10191
7455 10191
7457 10191
7467 10191
7468 10191
7470 10191
7478 10191
7486 10191
7493 10191
7494 10191
7503 10191
7504 10191
7506 10191
7512 10191
7513 10191
7514 10191
7521 10191
7522 10191
7524 10191
7525 10191
7532 10191
7533 10191
7535 10191
7536 10191
7538 10191
7540 10191
7541 10191
7542 10191
7544 10191
7545 10191
7546 10191
7548 10191
7549 10191
7550 10191
7553 10191
7555 10191
7560 10191
7561 10191
7564 10191
7578 10191
7579 10191
7580 10191
7593 10191
7597 10191
7598 10191
7601 10191
7613 10191
7614 10191
7616 10191
7617 10191
7618 10191
7622 10191
7624 10191
7626 10191
7638 10191
7639 10191
7645 10191
7647 10191
7651 10191
7661 10191
7662 10191
7667 10191
7668 10191
7669 10191
7673 10191
7676 10191
7681 10191
7683 10191
7685 10191
7693 10191
7695 10191
7701 10191
7707 10191
7712 10191
7714 10191
7720 10191
7727 10191
7740 10191
7741 10191
7748 10191
7752 10191
7758 10191
7768 10191
7776 10191
7781 10191
7797 10191
7803 10191
7808 10191
7813 10191
7817 10191
7822 10191
7823 10191
7829 10191
7840 10191
7843 10191
7848 10191
7852 10191
7857 10191
7858 10191
7860 10191
7868 10191
7872 10191
7873 10191
7874 10191
7881 10191
7882 10191
7885 10191
7886 10191
7887 10191
7893 10191
7904 10191
7906 10191
7907 10191
7910 10191
7915 10191
7925 10191
7928 10191
7931 10191
7938 10191
7939 10191
7950 10191
7953 10191
7955 10191
7960 10191
7965 10191
7967 10191
7975 10191
7979 10191
7985 10191
7988 10191
7995 10191
7996 10191
7998 10191
8005 10191
8006 10191
8010 10191
8012 10191
8013 10191
8015 10191
8018 10191
8024 10191
8025 10191
8033 10191
8039 10191
8044 10191
8048 10191
8049 10191
8050 10191
8051 10191
8053 10191
8054 10191
8055 10191
8061 10191
8064 10191
8070 10191
8071 10191
8080 10191
8081 10191
8082 10191
8086 10191
8087 10191
8091 10191
8099 10191
8106 10191
8122 10191
8125 10191
8129 10191
8134 10191
8138 10191
8141 10191
8149 10191
8154 10191
8163 10191
8167 10191
8171 10191
8172 10191
8175 10191
8177 10191
8184 10191
8185 10191
8186 10191
8188 10191
8190 10191
8194 10191
8200 10191
8202 10191
8205 10191
8206 10191
8207 10191
8229 10191
8230 10191
8231 10191
8235 10191
8237 10191
8243 10191
8246 10191
8247 10191
8248 10191
8249 10191
8250 10191
8252 10191
8256 10191
8258 10191
8262 10191
8264 10191
8266 10191
8268 10191
8276 10191
8277 10191
8289 10191
8291 10191
8296 10191
8305 10191
8310 10191
8315 10191
8318 10191
8328 10191
8333 10191
8339 10191
8353 10191
8356 10191
8357 10191
8363 10191
8366 10191
8370 10191
8378 10191
8382 10191
8389 10191
8399 10191
8402 10191
8407 10191
8411 10191
8414 10191
8418 10191
8419 10191
8421 10191
8426 10191
8427 10191
8428 10191
8429 10191
8439 10191
8443 10191
8449 10191
8450 10191
8451 10191
8461 10191
8463 10191
8478 10191
8481 10191
8483 10191
8485 10191
8488 10191
8489 10191
8495 10191
8500 10191
8501 10191
8513 10191
8515 10191
8520 10191
8528 10191
8531 10191
8532 10191
8537 10191
8538 10191
8541 10191
8549 10191
8551 10191
8552 10191
8561 10191
8562 10191
8564 10191
8570 10191
8571 10191
8572 10191
8574 10191
8576 10191
8579 10191
8582 10191
8585 10191
8602 10191
8606 10191
8610 10191
8612 10191
8614 10191
8617 10191
8622 10191
8628 10191
8631 10191
8632 10191
8633 10191
8634 10191
8639 10191
8640 10191
8641 10191
8642 10191
8643 10191
8648 10191
8651 10191
8657 10191
8660 10191
8663 10191
8669 10191
8675 10191
8676 10191
8679 10191
8680 10191
8682 10191
8683 10191
8687 10191
8689 10191
8698 10191
8701 10191
8709 10191
8711 10191
8715 10191
8716 10191
8717 10191
8718 10191
8721 10191
8722 10191
8727 10191
8729 10191
8732 10191
8748 10191
8750 10191
8752 10191
8755 10191
8758 10191
8759 10191
8763 10191
8776 10191
8779 10191
8780 10191
8783 10191
8791 10191
8793 10191
8797 10191
8800 10191
8803 10191
8806 10191
8807 10191
8808 10191
8809 10191
8819 10191
8827 10191
8830 10191
8831 10191
8832 10191
8837 10191
8841 10191
8850 10191
8854 10191
8857 10191
8869 10191
8870 10191
8875 10191
8877 10191
8878 10191
8880 10191
8882 10191
8883 10191
8890 10191
8894 10191
8896 10191
8903 10191
8906 10191
8907 10191
8909 10191
8917 10191
8918 10191
8922 10191
8924 10191
8933 10191
8937 10191
8939 10191
8940 10191
8945 10191
8959 10191
8966 10191
8968 10191
8971 10191
8972 10191
8973 10191
8980 10191
8983 10191
8988 10191
8989 10191
8991 10191
8992 10191
8993 10191
8997 10191
9000 10191
9003 10191
9008 10191
9020 10191
9028 10191
9030 10191
9031 10191
9035 10191
9037 10191
9045 10191
9047 10191
9048 10191
9051 10191
9054 10191
9067 10191
9074 10191
9075 10191
9076 10191
9083 10191
9087 10191
9090 10191
9095 10191
9099 10191
9102 10191
9104 10191
9106 10191
9110 10191
9111 10191
9117 10191
9129 10191
9132 10191
9133 10191
9136 10191
9145 10191
9148 10191
9149 10191
9150 10191
9153 10191
9154 10191
9162 10191
9165 10191
9183 10191
9184 10191
9185 10191
9186 10191
9187 10191
9189 10191
9196 10191
9198 10191
9209 10191
9223 10191
9228 10191
9229 10191
9233 10191
9234 10191
9235 10191
9248 10191
9256 10191
9261 10191
9262 10191
9263 10191
9266 10191
9271 10191
9274 10191
9276 10191
9288 10191
9297 10191
9307 10191
9308 10191
9315 10191
9316 10191
9324 10191
9329 10191
9337 10191
9351 10191
9355 10191
9357 10191
9358 10191
9360 10191
9363 10191
9372 10191
9376 10191
9382 10191
9383 10191
9387 10191
9399 10191
9403 10191
9416 10191
9424 10191
9427 10191
9430 10191
9431 10191
9433 10191
9450 10191
9455 10191
9462 10191
9463 10191
9464 10191
9466 10191
9469 10191
9473 10191
9477 10191
9481 10191
9494 10191
9498 10191
9502 10191
9503 10191
9508 10191
9521 10191
9530 10191
9531 10191
9534 10191
9535 10191
9545 10191
9547 10191
9559 10191
9562 10191
9563 10191
9566 10191
9569 10191
9571 10191
9574 10191
9578 10191
9605 10191
9610 10191
9612 10191
9614 10191
9616 10191
9618 10191
9623 10191
9629 10191
9632 10191
9640 10191
9644 10191
9661 10191
9666 10191
9667 10191
9671 10191
9673 10191
9684 10191
9687 10191
9688 10191
9691 10191
9692 10191
9694 10191
9701 10191
9707 10191
9708 10191
9711 10191
9714 10191
9717 10191
9718 10191
9720 10191
9721 10191
9722 10191
9727 10191
9731 10191
9732 10191
9734 10191
9735 10191
9736 10191
9742 10191
9746 10191
9747 10191
9753 10191
9757 10191
9759 10191
9762 10191
9764 10191
9765 10191
9768 10191
9774 10191
9775 10191
9788 10191
9795 10191
9801 10191
9806 10191
9807 10191
9810 10191
9811 10191
9814 10191
9817 10191
9818 10191
9819 10191
9823 10191
9825 10191
9826 10191
9827 10191
9829 10191
9830 10191
9831 10191
9833 10191
9836 10191
9838 10191
9842 10191
9845 10191
9846 10191
9847 10191
9849 10191
9850 10191
9852 10191
9853 10191
9854 10191
9855 10191
9857 10191
9859 10191
9860 10191
9861 10191
9862 10191
9863 10191
9866 10191
9874 10191
9875 10191
9876 10191
9877 10191
9878 10191
9879 10191
9881 10191
9882 10191
9886 10191
9890 10191
9894 10191
9896 10191
9897 10191
9900 10191
9902 10191
9904 10191
9917 10191
9919 10191
9923 10191
9924 10191
9931 10191
9937 10191
9938 10191
9939 10191
9940 10191
9951 10191
9954 10191
9956 10191
9958 10191
9960 10191
9961 10191
9962 10191
9964 10191
9967 10191
9969 10191
9971 10191
9972 10191
9978 10191
9979 10191
9980 10191
9985 10191
9996 10191
10001 10191
10005 10191
10007 10191
10016 10191
10019 10191
10020 10191
10024 10191
10028 10191
10030 10191
10033 10191
10035 10191
10036 10191
10038 10191
10044 10191
10045 10191
10055 10191
10056 10191
10057 10191
10058 10191
10061 10191
10065 10191
10066 10191
10067 10191
10068 10191
10072 10191
10084 10191
10086 10191
10093 10191
10094 10191
10095 10191
10096 10191
10101 10191
10103 10191
10111 10191
10113 10191
10115 10191
10120 10191
10121 10191
10122 10191
10123 10191
10147 10191
10151 10191
10155 10191
10169 10191
10174 10191
10179 10191
10183 10191
10205 10191
10211 10191
10212 10191
10216 10191
10219 10191
10224 10191
10225 10191
10228 10191
10230 10191
10237 10191
10241 10191
10242 10191
10243 10191
10245 10191
10255 10191
10257 10191
10259 10191
10270 10191
10271 10191
10272 10191
10275 10191
10277 10191
10282 10191
10286 10191
10290 10191
10294 10191
10299 10191
10300 10191
10303 10191
10309 10191
10313 10191
10317 10191
10318 10191
10327 10191
10328 10191
10337 10191
10346 10191
10357 10191
10361 10191
10372 10191
10378 10191
10388 10191
10391 10191
10394 10191
10395 10191
10396 10191
10399 10191
10404 10191
10407 10191
10410 10191
10413 10191
10414 10191
10415 10191
10436 10191
10443 10191
10444 10191
10448 10191
10449 10191
10452 10191
10457 10191
10469 10191
10471 10191
10481 10191
10483 10191
10486 10191
10490 10191
10493 10191
10494 10191
10499 10191
10503 10191
10507 10191
10508 10191
10510 10191
10514 10191
10515 10191
10516 10191
10518 10191
10520 10191
10521 10191
10524 10191
10525 10191
10526 10191
10527 10191
10534 10191
10542 10191
10548 10191
10549 10191
10557 10191
10559 10191
10570 10191
10586 10191
10587 10191
10600 10191
10601 10191
10614 10191
10615 10191
10616 10191
10632 10191
10636 10191
10637 10191
10651 10191
10652 10191
10656 10191
10663 10191
10670 10191
10679 10191
10685 10191
10687 10191
10693 10191
10699 10191
10701 10191
10709 10191
10710 10191
10712 10191
10719 10191
10720 10191
10721 10191
10722 10191
10723 10191
10730 10191
10733 10191
10734 10191
10736 10191
10737 10191
10738 10191
10739 10191
10741 10191
10742 10191
10743 10191
10744 10191
10745 10191
10746 10191
10747 10191
10748 10191
10750 10191
10751 10191
10754 10191
10756 10191
10760 10191
10761 10191
10762 10191
10765 10191
10766 10191
10767 10191
10768 10191
10770 10191
10773 10191
10776 10191
10777 10191
10779 10191
10780 10191
10784 10191
10785 10191
10791 10191
10794 10191
10796 10191
10800 10191
10806 10191
10807 10191
10808 10191
10811 10191
10817 10191
10824 10191
10828 10191
10854 10191
10858 10191
10860 10191
10867 10191
10872 10191
10881 10191
10882 10191
10885 10191
10892 10191
10893 10191
10903 10191
10909 10191
10913 10191
10914 10191
10916 10191
10919 10191
10921 10191
10926 10191
10928 10191
10929 10191
10935 10191
10945 10191
10951 10191
10956 10191
10958 10191
10962 10191
10969 10191
10970 10191
10971 10191
10976 10191
10979 10191
10984 10191
10992 10191
10994 10191
10998 10191
11000 10191
11003 10191
11004 10191
11005 10191
11012 10191
11014 10191
11017 10191
11018 10191
11026 10191
11031 10191
11034 10191
11035 10191
11038 10191
11039 10191
11044 10191
11046 10191
11047 10191
11049 10191
11060 10191
11068 10191
11070 10191
11082 10191
11087 10191
11099 10191
11104 10191
11106 10191
11115 10191
11116 10191
11139 10191
11144 10191
11152 10191
11155 10191
11157 10191
11158 10191
11170 10191
11175 10191
11182 10191
11183 10191
11188 10191
11198 10191
11202 10191
11206 10191
11209 10191
11214 10191
11217 10191
11219 10191
11221 10191
11229 10191
11231 10191
11232 10191
11236 10191
11237 10191
11239 10191
11242 10191
11243 10191
11249 10191
11250 10191
11258 10191
11261 10191
11268 10191
11269 10191
11279 10191
11281 10191
11286 10191
11292 10191
11296 10191
11298 10191
11299 10191
11303 10191
11312 10191
11314 10191
11316 10191
11318 10191
11319 10191
11326 10191
11328 10191
11330 10191
11335 10191
11343 10191
11345 10191
11347 10191
11357 10191
11358 10191
11365 10191
11367 10191
11373 10191
11374 10191
11375 10191
11376 10191
11378 10191
11381 10191
11387 10191
11411 10191
11413 10191
11419 10191
11421 10191
11424 10191
11441 10191
11446 10191
11447 10191
11455 10191
11457 10191
11462 10191
11464 10191
11472 10191
11473 10191
11476 10191
11478 10191
11479 10191
11482 10191
11486 10191
11491 10191
11494 10191
11503 10191
11512 10191
11514 10191
11518 10191
11519 10191
11521 10191
11526 10191
11528 10191
11530 10191
11534 10191
11538 10191
11541 10191
11547 10191
11557 10191
11558 10191
11562 10191
11571 10191
11572 10191
11575 10191
11578 10191
11580 10191
11584 10191
11586 10191
11588 10191
11592 10191
11593 10191
11599 10191
11601 10191
11604 10191
11605 10191
11607 10191
11617 10191
11624 10191
11627 10191
11630 10191
11637 10191
11638 10191
11640 10191
11653 10191
11654 10191
11659 10191
11665 10191
11666 10191
11668 10191
11677 10191
11678 10191
11687 10191
11689 10191
11690 10191
11691 10191
11692 10191
11700 10191
11704 10191
11717 10191
11718 10191
11720 10191
11721 10191
11732 10191
11735 10191
11736 10191
11745 10191
11748 10191
11753 10191
11756 10191
11758 10191
11760 10191
11761 10191
11765 10191
11767 10191
11771 10191
11772 10191
11774 10191
11776 10191
11784 10191
11786 10191
11787 10191
11794 10191
11796 10191
11804 10191
11806 10191
11809 10191
11812 10191
11813 10191
11822 10191
11836 10191
11837 10191
11839 10191
11844 10191
11846 10191
11847 10191
11851 10191
11857 10191
11858 10191
11859 10191
11861 10191
11876 10191
11879 10191
11883 10191
11886 10191
11889 10191
11890 10191
11895 10191
11897 10191
11900 10191
11901 10191
11903 10191
11904 10191
11905 10191
11909 10191
11912 10191
11914 10191
11916 10191
11918 10191
11919 10191
11921 10191
11922 10191
11927 10191
11929 10191
11930 10191
11931 10191
11932 10191
11934 10191
11938 10191
11940 10191
11941 10191
11942 10191
11943 10191
11945 10191
11946 10191
11947 10191
11951 10191
11953 10191
11959 10191
11961 10191
11970 10191
11972 10191
11977 10191
11979 10191
11983 10191
11989 10191
11990 10191
11996 10191
12003 10191
12008 10191
12012 10191
12016 10191
12019 10191
12021 10191
12024 10191
12026 10191
12029 10191
12030 10191
12047 10191
12048 10191
12054 10191
12056 10191
12059 10191
12061 10191
12063 10191
12069 10191
12071 10191
12072 10191
12074 10191
12077 10191
12079 10191
12081 10191
12083 10191
12084 10191
12085 10191
12086 10191
12088 10191
12092 10191
12093 10191
12094 10191
12099 10191
12104 10191
12107 10191
12113 10191
12115 10191
12117 10191
12123 10191
12130 10191
12132 10191
12134 10191
12136 10191
12137 10191
12140 10191
12142 10191
12143 10191
12144 10191
12145 10191
12150 10191
12151 10191
12152 10191
12153 10191
12154 10191
12155 10191
12163 10191
12165 10191
12173 10191
12184 10191
12188 10191
12194 10191
12198 10191
12203 10191
12207 10191
12208 10191
12211 10191
12212 10191
12213 10191
12217 10191
12219 10191
12222 10191
12224 10191
12226 10191
12228 10191
12229 10191
12230 10191
12232 10191
12234 10191
12235 10191
12236 10191
12237 10191
12239 10191
12240 10191
12241 10191
12242 10191
12243 10191
12247 10191
12248 10191
12253 10191
12254 10191
12255 10191
12256 10191
12257 10191
12258 10191
12259 10191
12260 10191
12261 10191
12262 10191
12263 10191
12264 10191
12266 10191
12267 10191
12268 10191
12269 10191
12270 10191
12271 10191
12272 10191
12274 10191
12276 10191
12278 10191
12285 10191
12289 10191
12300 10191
12311 10191
12315 10191
12319 10191
12320 10191
12325 10191
12331 10191
12332 10191
12334 10191
12344 10191
12349 10191
12354 10191
12356 10191
12367 10191
12368 10191
12370 10191
12372 10191
12381 10191
12383 10191
12385 10191
12389 10191
12390 10191
12391 10191
12394 10191
12396 10191
12413 10191
12414 10191
12419 10191
12422 10191
12424 10191
12427 10191
12431 10191
12434 10191
12435 10191
12436 10191
12437 10191
12440 10191
12442 10191
12443 10191
12445 10191
12454 10191
12457 10191
12461 10191
12468 10191
12470 10191
12471 10191
12474 10191
12475 10191
12476 10191
12480 10191
12481 10191
12482 10191
12484 10191
12486 10191
12489 10191
12493 10191
12495 10191
12502 10191
12503 10191
12505 10191
12516 10191
12522 10191
12539 10191
12543 10191
12544 10191
12545 10191
12555 10191
12557 10191
12558 10191
12565 10191
12567 10191
12581 10191
12587 10191
12591 10191
12593 10191
12596 10191
12598 10191
12599 10191
12609 10191
12615 10191
12617 10191
12622 10191
12626 10191
12637 10191
12642 10191
12661 10191
12665 10191
12666 10191
12668 10191
12673 10191
12676 10191
12683 10191
12688 10191
12693 10191
12698 10191
12705 10191
12721 10191
12726 10191
12736 10191
12739 10191
12753 10191
12759 10191
12760 10191
12762 10191
12764 10191
12769 10191
12785 10191
12789 10191
12797 10191
12802 10191
12811 10191
12814 10191
12815 10191
12818 10191
12819 10191
12821 10191
12827 10191
12828 10191
12829 10191
12836 10191
12840 10191
12849 10191
12850 10191
12851 10191
12852 10191
12853 10191
12856 10191
12866 10191
12871 10191
12876 10191
12883 10191
12887 10191
12888 10191
12897 10191
12899 10191
12904 10191
12909 10191
12917 10191
12944 10191
12948 10191
12949 10191
12955 10191
12959 10191
12964 10191
12966 10191
12968 10191
12970 10191
12972 10191
12974 10191
12976 10191
12989 10191
12999 10191
13002 10191
13006 10191
13019 10191
13028 10191
13029 10191
13031 10191
13032 10191
13033 10191
13043 10191
13065 10191
13084 10191
13086 10191
13089 10191
13090 10191
13105 10191
13107 10191
13114 10191
13122 10191
13128 10191
13131 10191
13139 10191
13142 10191
13145 10191
13149 10191
13150 10191
13157 10191
13159 10191
13163 10191
13165 10191
13170 10191
13172 10191
13203 10191
13208 10191
13210 10191
13213 10191
13215 10191
13219 10191
13220 10191
13221 10191
13224 10191
13225 10191
13230 10191
13234 10191
13237 10191
13247 10191
13248 10191
13249 10191
13251 10191
13256 10191
13260 10191
13261 10191
13269 10191
13270 10191
13273 10191
13275 10191
13281 10191
13282 10191
13283 10191
13286 10191
13295 10191
13298 10191
13301 10191
13304 10191
13305 10191
13316 10191
13323 10191
13329 10191
13330 10191
13331 10191
13333 10191
13338 10191
13341 10191
13342 10191
13351 10191
13352 10191
13355 10191
13356 10191
13357 10191
13358 10191
13386 10191
13400 10191
13404 10191
13406 10191
13407 10191
13418 10191
13421 10191
13424 10191
13428 10191
13431 10191
13432 10191
13434 10191
13441 10191
13442 10191
13444 10191
13446 10191
13450 10191
13451 10191
13455 10191
13457 10191
13458 10191
13459 10191
13460 10191
13464 10191
13466 10191
13473 10191
13482 10191
13484 10191
13485 10191
13490 10191
13494 10191
13495 10191
13496 10191
13498 10191
13500 10191
13504 10191
13506 10191
13514 10191
13516 10191
13535 10191
13538 10191
13544 10191
13550 10191
13555 10191
13557 10191
13559 10191
13564 10191
13565 10191
13566 10191
13569 10191
13576 10191
13580 10191
13585 10191
13586 10191
13588 10191
13591 10191
13595 10191
13598 10191
13603 10191
13607 10191
13608 10191
13610 10191
13613 10191
13621 10191
13645 10191
13653 10191
13654 10191
13657 10191
13659 10191
13660 10191
13664 10191
13665 10191
13667 10191
13669 10191
13670 10191
13671 10191
13672 10191
13741 10191
13743 10191
13744 10191
13745 10191
13746 10191
13747 10191
13754 10191
13773 10191
13810 10191
13812 10191
13823 10191
13825 10191
13840 10191
13841 10191
13845 10191
13877 10191
13887 10191
13893 10191
13916 10191
13917 10191
13918 10191
13921 10191
13932 10191
13936 10191
13940 10191
13944 10191
13947 10191
13948 10191
13951 10191
13952 10191
13953 10191
13954 10191
13956 10191
13958 10191
13961 10191
13962 10191
13968 10191
13969 10191
13970 10191
13983 10191
13985 10191
13986 10191
13995 10191
14002 10191
14003 10191
14004 10191
14006 10191
14007 10191
14008 10191
14010 10191
14011 10191
14012 10191
14013 10191
14014 10191
14016 10191
14018 10191
14019 10191
14020 10191
14022 10191
14026 10191
14027 10191
14030 10191
14036 10191
14037 10191
14039 10191
14040 10191
14041 10191
14044 10191
14045 10191
14054 10191
14055 10191
14060 10191
14061 10191
14062 10191
14066 10191
14067 10191
14070 10191
14074 10191
14075 10191
14076 10191
14077 10191
14078 10191
14080 10191
14085 10191
14087 10191
14090 10191
14091 10191
14096 10191
14098 10191
14100 10191
14102 10191
14104 10191
14106 10191
14107 10191
14109 10191
14111 10191
14112 10191
14116 10191
14117 10191
14118 10191
14129 10191
14130 10191
14131 10191
14132 10191
14133 10191
14134 10191
14135 10191
14136 10191
14138 10191
14139 10191
14140 10191
14141 10191
14142 10191
14143 10191
14144 10191
14145 10191
14146 10191
14147 10191
14148 10191
14149 10191
14150 10191
14151 10191
14152 10191
14153 10191
14154 10191
14155 10191
14156 10191
14157 10191
14159 10191
14160 10191
14161 10191
14162 10191
14163 10191
14164 10191
14165 10191
14166 10191
14167 10191
14169 10191
14170 10191
14171 10191
14172 10191
14174 10191
14175 10191
14176 10191
14177 10191
14178 10191
14179 10191
14180 10191
14182 10191
14183 10191
14184 10191
14185 10191
14186 10191
14187 10191
14188 10191
14189 10191
14190 10191
14191 10191
14193 10191
14194 10191
14196 10191
14197 10191
14198 10191
14199 10191
14200 10191
14202 10191
14203 10191
14205 10191
14206 10191
14207 10191
14208 10191
14209 10191
14210 10191
14211 10191
14213 10191
14214 10191
14215 10191
14216 10191
14217 10191
14218 10191
14219 10191
14221 10191
14223 10191
14224 10191
14225 10191
14226 10191
14227 10191
14228 10191
14229 10191
14230 10191
14231 10191
14234 10191
14236 10191
14237 10191
14238 10191
14239 10191
14240 10191
14241 10191
14244 10191
14245 10191
14246 10191
14247 10191
14248 10191
14249 10191
14250 10191
14251 10191
14252 10191
14253 10191
14254 10191
14255 10191
14256 10191
14257 10191
14258 10191
14259 10191
14260 10191
14262 10191
14268 10191
14272 10191
14275 10191
14283 10191
14285 10191
14286 10191
14287 10191
14288 10191
14289 10191
14291 10191
14292 10191
14293 10191
14294 10191
14295 10191
14296 10191
14297 10191
14300 10191
14301 10191
14303 10191
14304 10191
14305 10191
14307 10191
14308 10191
14309 10191
14310 10191
14311 10191
14312 10191
14313 10191
14314 10191
14315 10191
14317 10191
14318 10191
14319 10191
14320 10191
14321 10191
14322 10191
14323 10191
14324 10191
14325 10191
14326 10191
14327 10191
14329 10191
14330 10191
14331 10191
14332 10191
14334 10191
14337 10191
14338 10191
14339 10191
14341 10191
14345 10191
14347 10191
14348 10191
14349 10191
14353 10191
14355 10191
14356 10191
14361 10191
14362 10191
14363 10191
14364 10191
14365 10191
14366 10191
14367 10191
14368 10191
14370 10191
14371 10191
14373 10191
14374 10191
14375 10191
14378 10191
14380 10191
14381 10191
14382 10191
14383 10191
14385 10191
14389 10191
14390 10191
14391 10191
14394 10191
14395 10191
14398 10191
14399 10191
14400 10191
14401 10191
14402 10191
14405 10191
14407 10191
14409 10191
14410 10191
14411 10191
14412 10191
14413 10191
14414 10191
14415 10191
14416 10191
14417 10191
14418 10191
14419 10191
14420 10191
14421 10191
14423 10191
14424 10191
14430 10191
14437 10191
14438 10191
14439 10191
14445 10191
14447 10191
14448 10191
14449 10191
14450 10191
14451 10191
14453 10191
14454 10191
14456 10191
14457 10191
14459 10191
14460 10191
14461 10191
14462 10191
14463 10191
14464 10191
14465 10191
14466 10191
14467 10191
14468 10191
14469 10191
14470 10191
14471 10191
14472 10191
14473 10191
14474 10191
14475 10191
14476 10191
14477 10191
14478 10191
14479 10191
14480 10191
14481 10191
14482 10191
14483 10191
14484 10191
14485 10191
14486 10191
14488 10191
14489 10191
14490 10191
14501 10191
14504 10191
14507 10191
14509 10191
14510 10191
14511 10191
14512 10191
14513 10191
14514 10191
14515 10191
14518 10191
14519 10191
14521 10191
14526 10191
14527 10191
14528 10191
14529 10191
14531 10191
14532 10191
14534 10191
14535 10191
14537 10191
14539 10191
14540 10191
