14541 14541 157
184 357
289 1304
302 1473
440 2470
494 10280
601 1321
601 8163
656 846
664 6027
730 10699
1055 2281
1055 9823
1683 841
1683 10699
1836 2543
1967 93
1981 841
2207 5655
2492 2816
2494 12663
2654 10699
2682 1566
2682 6527
2682 7394
2682 8025
2682 12021
2716 2533
2757 2107
2791 371
2806 5655
2818 5655
3317 12319
3365 500
3365 9416
3480 5516
3618 841
3839 8532
3904 1303
3906 8230
3906 11602
3990 1304
4833 5456
5158 5655
5187 4446
5273 5272
5377 9818
5414 5655
5458 5456
5629 4446
5629 7506
5629 13342
5675 650
5675 9886
5881 8955
5962 12866
6120 10372
6167 8532
6279 4079
6289 5655
6290 8300
6519 5516
6552 2470
6737 1325
6905 11528
6921 12394
6998 9228
6998 9881
7013 702
7054 5183
7356 7332
7367 2470
7473 8955
7623 12598
7629 7332
7629 11188
7670 841
7670 10699
7786 7680
7812 8955
8092 2470
8107 8108
8191 3200
8273 10718
8313 8727
8314 10699
8495 9899
8616 8955
8679 5655
8913 9866
8921 8230
9138 5456
9138 7394
9138 8025
9150 5655
9161 5558
9161 8727
9291 13215
9291 13273
9390 10699
9519 9170
9519 9992
9519 9998
9539 5918
9560 8500
9560 9866
9560 9869
9560 9886
9560 11528
9560 12396
9642 474
9642 10994
9808 2470
9811 5655
9823 5655
9975 558
9975 7409
9975 7668
9975 7977
9999 2661
10013 474
10013 7483
10086 5655
10398 8086
10398 9818
10398 9897
10398 11602
10474 5517
10482 5146
10527 5655
10787 7578
10923 4116
11160 12251
11484 4660
11537 2470
11576 8230
11877 4384
12000 12970
12333 7680
12465 7985
12683 2816
12686 6781
12686 9866
12934 7381
12988 1678
13209 2470
13407 1783
13552 6542
13552 10058
13560 1325
13560 9025
13820 1468
13820 6645
13820 12475
13820 13823
14060 9195
14099 8495
14358 5183
