14541 14541 439
50 8515
60 6832
69 2619
102 10787
156 9500
156 9501
287 13971
347 9971
385 2429
385 13825
388 2429
388 6116
388 10201
585 12276
726 9970
736 1981
829 6879
830 6879
839 6879
844 12059
852 8515
892 7009
1147 43
1147 3036
1147 13234
1242 8334
1308 1265
1308 12999
1319 9970
1338 8900
1442 6227
1456 1455
1463 5873
1463 11477
1531 11156
1585 7894
1647 5873
1647 10715
1704 4705
1707 4705
1709 4705
1710 4705
1716 1163
1719 5629
1804 8120
1882 12276
1883 12276
1884 12276
1979 12276
2168 12276
2288 204
2315 12591
2329 9733
2469 6242
2481 9763
2515 13602
2534 10023
2641 12276
2978 8334
2996 1059
3007 7786
3340 3470
3351 6879
3391 2678
3392 9763
3420 5571
3423 7075
3423 9449
3423 9500
3424 43
3424 3036
3504 6894
3516 9970
3541 12276
3542 12276
3602 798
3651 3165
3657 4853
3674 5421
3674 10669
3679 297
3699 4816
3699 7936
3742 3470
3770 7552
3814 13346
3819 8472
3822 8334
3829 13585
3869 11164
3912 7239
3963 12276
3991 9060
4073 7033
4073 7085
4132 7471
4132 8120
4215 4216
4267 4337
4267 6166
4279 4705
4279 7437
4343 12276
4453 3470
4632 4005
4632 5463
4647 6207
4657 4656
4673 6286
4673 12276
4674 297
4726 13585
4777 5614
4818 7552
4819 13957
4832 1659
4832 3581
4832 8472
4832 11811
4857 2685
4869 6557
4873 6567
4960 6881
4994 8334
5011 9970
5025 9353
5034 3328
5056 12276
5097 6675
5104 11254
5130 6445
5135 12680
5166 2660
5168 12748
5182 12276
5224 9500
5224 9501
5224 13957
5248 6500
5289 2258
5389 11201
5491 8024
5493 6939
5494 6939
5495 6939
5496 6939
5507 6939
5575 13122
5578 8947
5595 11054
5623 9500
5623 9501
5670 6823
5685 313
5685 12326
5722 9789
5803 12591
5844 6227
5960 4705
5966 12796
5979 8262
5993 7192
6130 11008
6215 6939
6281 389
6305 4005
6305 5463
6333 2660
6338 13428
6441 286
6469 9959
6531 12276
6568 6668
6573 13122
6665 9574
6669 4649
6703 7378
6711 7934
6819 7471
6873 7352
6873 7551
6922 43
6922 3036
6925 43
6925 3036
6958 267
6971 7149
7000 1603
7000 3779
7010 43
7010 3036
7010 9733
7072 2663
7095 2575
7129 8024
7171 4337
7171 6166
7177 13085
7183 6823
7350 13122
7357 10167
7379 13275
7438 7471
7465 6227
7474 7250
7486 13283
7543 7239
7553 5629
7592 13346
7624 12059
7637 6675
7721 1455
7721 2929
7731 13085
7749 9970
7768 10357
7791 4649
7802 9993
7868 6724
7868 9380
7882 9763
7919 1368
8002 14452
8026 3470
8044 7075
8044 9500
8100 8863
8212 171
8214 8434
8228 6186
8350 6181
8387 11581
8486 3345
8492 7075
8492 7845
8492 9500
8558 4649
8562 8386
8577 14052
8680 10580
8700 10092
8700 11606
8747 7075
8747 9500
8747 11008
8748 7075
8748 9500
8754 2851
8758 2851
8760 2701
8760 2702
8766 43
8766 3036
8766 4705
8766 7702
8777 2851
8780 14498
8814 6918
8814 7513
9047 6894
9178 2429
9178 6116
9178 7033
9178 7085
9221 13970
9259 7894
9328 5869
9331 2309
9394 6832
9431 1538
9514 2331
9525 7641
9590 13085
9603 13234
9633 4005
9633 5463
9653 13122
9656 2660
9735 7513
9739 10329
9828 6832
9836 7936
9841 798
9844 3868
10015 6937
10041 6227
10080 4306
10140 7208
10146 9088
10146 13275
10189 8294
10205 6116
10221 12059
10250 2660
10269 5869
10345 11201
10433 9113
10456 13122
10466 556
10573 12591
10600 11806
10611 12060
10621 2632
10636 7075
10656 2293
10711 13428
10713 6207
10781 2632
10794 10505
10806 2663
10874 7075
10874 7845
10874 9500
10877 8472
10905 9970
10939 14498
10973 13417
10985 889
10985 4705
10985 7437
10992 2331
10992 12036
11030 9311
11044 3470
11045 5873
11049 889
11049 4705
11049 7437
11055 1849
11055 6557
11071 2993
11108 6850
11171 14498
11259 13450
11280 121
11287 7513
11293 7075
11296 8714
11298 158
11298 9970
11306 9733
11377 13450
11396 7665
11404 4306
11415 6883
11419 5629
11424 5962
11426 13941
11427 2660
11444 389
11451 12796
11459 13122
11462 2830
11518 14498
11546 12276
11589 389
11666 8757
11677 8757
11689 5629
11700 5629
11706 4340
11735 3328
11747 2660
11755 13346
11779 361
11780 6207
11800 6829
11831 7009
11844 11247
11847 5629
11886 7471
11886 8120
11886 8334
11900 7075
11900 7845
11900 9500
11953 5629
11977 5629
12009 6500
12093 12796
12180 9500
12180 9501
12192 4216
12214 6832
12218 12276
12284 12276
12303 9970
12354 9763
12365 12276
12366 12276
12406 6254
12420 10642
12420 13417
12454 8947
12456 3278
12490 3278
12491 43
12491 3036
12491 7437
12614 5421
12617 13815
12627 8515
12669 2632
12671 2660
12677 8863
12677 13272
12716 9970
12728 7286
12899 8024
12991 5328
12996 643
12996 12796
13096 4550
13100 7239
13113 13234
13115 13428
13140 2309
13149 6826
13164 7665
13166 9970
13196 10350
13223 5629
13312 9970
13317 12003
13323 9993
13325 13121
13533 13122
13579 1659
13593 9138
13850 6879
13964 9970
14031 9970
14032 9970
14035 12437
14121 867
14123 11213
14273 2309
14274 7956
14276 998
