14541 14541 369
145 2303
394 983
394 2303
440 983
440 2303
477 1369
523 983
561 983
561 1506
561 2303
562 2303
568 983
568 1506
571 983
571 2303
579 1369
579 8942
583 983
583 2303
587 8942
590 983
590 2303
591 1369
591 1506
591 8942
596 8942
607 1506
616 983
616 2303
618 8942
620 8942
716 1369
716 1506
716 8942
745 8942
1089 8942
1248 1369
1248 8942
1855 2303
2012 1369
2012 1506
2071 8942
2128 983
2128 1506
2128 2303
2158 8942
2172 8942
2180 983
2180 2303
2188 8942
2196 1369
2197 1369
2197 1506
2197 8942
2220 1369
2220 1506
2220 8942
2256 983
2273 1369
2273 1506
2465 1369
2465 8942
2966 983
2966 1506
2966 2303
3095 1506
3117 1369
3117 1506
3117 8942
3193 8942
3208 2303
3785 8942
3818 1506
3818 3701
3818 8942
4471 2303
4483 1369
4483 1506
4488 1506
4495 1369
4507 1369
4507 1506
4507 8942
4514 1369
4514 8942
4609 983
4609 1506
4609 3701
4609 8942
4779 1506
4779 2303
5212 983
5212 2303
5235 8942
5237 983
5237 2303
5498 1369
5498 8942
5633 1369
5633 1506
5635 3701
5662 1506
5662 8942
5677 1369
5687 1369
5687 8942
5701 1369
5701 1506
5705 983
5705 2303
5714 1506
5721 983
5721 2303
5728 983
5728 2303
5734 1369
5734 8942
5736 8942
5851 983
5851 1506
5851 2303
5864 983
5864 1506
5864 2303
5887 983
5887 2303
5887 3701
5897 983
5897 2303
6157 1506
6157 8942
6544 1506
6545 983
6552 983
6552 1506
6559 1369
6559 1506
6579 1506
6581 983
6587 983
6587 2303
7120 1369
7120 1506
7143 2303
7222 983
7222 2303
7222 3701
7367 983
7367 1506
7367 2303
7367 3701
7433 983
7433 1506
7433 8942
7436 983
7436 1506
7436 2303
7441 1369
7441 1506
7441 8942
7447 983
7447 1506
7447 2303
7732 1369
7732 1506
7732 8942
7734 1369
7734 8942
7737 1506
7737 8942
7747 1506
7767 1506
7767 2303
7774 983
7774 1506
7774 2303
7775 1369
7775 8942
7807 1369
7807 1506
7807 8942
8023 8942
8092 983
8092 1506
8092 2303
8136 983
8136 1506
8136 2303
8142 1506
8146 2303
8151 1369
8151 8942
8159 8942
8165 983
8174 1369
8174 1506
8174 8942
8178 1369
8381 1506
8502 3701
8505 983
8505 1506
8505 2303
8514 1369
8514 1506
8518 983
8518 1506
8523 3701
8523 8942
8537 1369
8537 8942
8542 8942
8583 1369
8583 1506
8583 8942
8587 1369
8587 1506
8587 8942
8591 1369
8591 1506
8591 8942
8901 8942
8915 1506
8915 8942
8949 983
8949 1369
8949 1506
8949 8942
8960 1369
8960 1506
8960 8942
8975 8942
9023 983
9023 2303
9079 1506
9079 8942
9084 983
9084 1506
9084 2303
9155 2303
9164 1369
9164 1506
9164 8942
9201 983
9201 2303
9203 983
9203 2303
9208 983
9208 2303
9210 983
9210 1506
9211 1369
9211 1506
9211 8942
9216 8942
9217 1369
9217 1506
9217 8942
9220 1506
9227 8942
9231 1369
9231 8942
9232 983
9232 1506
9232 2303
9239 1506
9542 983
9542 1506
9542 2303
9581 1369
9581 1506
9582 1369
9582 8942
9584 983
9584 1506
9584 2303
9586 8942
9591 983
9591 2303
9591 3701
9594 1506
9594 8942
9598 983
9598 2303
9808 983
9808 1506
9808 2303
9812 983
9812 1506
9812 8942
9821 1369
9821 8942
9834 1369
9834 3701
9834 8942
9837 1369
9837 1506
9837 8942
9913 1369
9913 8942
9932 1506
9932 8942
10031 983
10104 983
10104 2303
10108 1369
10108 8942
10110 8942
10416 1369
10416 8942
10543 1506
10582 983
10582 2303
10823 1369
10987 2303
11193 2303
11338 983
11338 2303
11465 983
11465 1506
11465 2303
11520 1506
11520 8942
11522 983
11522 8942
11523 1369
11524 983
11524 2303
11533 1506
11533 8942
11537 983
11537 1506
11537 2303
12011 1506
12244 1369
12244 8942
12393 8942
12620 8942
12742 1369
12799 1369
12799 8942
12805 983
12805 1506
12805 2303
12910 983
12910 1369
12910 3701
12910 8942
12914 2303
12918 1369
12930 1369
12930 1506
12930 8942
12936 2303
12998 983
13007 1369
13016 1369
13016 8942
13018 1369
13018 1506
13018 8942
13119 1369
13119 8942
13209 983
13209 1506
13209 2303
13401 983
13775 983
13775 2303
