14541 14541 136
117 8707
133 2304
133 11789
161 1595
161 3183
397 9479
448 8708
448 12103
503 13945
673 1595
1055 3183
1119 8708
1836 8707
2089 9479
2089 12103
3174 9479
3270 1595
3295 1595
3404 1595
3906 8708
4128 8707
4425 1595
4645 8708
4676 1424
5377 8708
5377 12103
5461 13945
5661 8708
5661 11789
5675 8708
5813 8708
5813 12103
5878 8708
5878 11789
5884 1595
5884 8708
5884 9479
6073 8707
6077 8707
6077 13945
6279 8708
6622 1595
6622 2304
6905 1595
6905 8708
6905 9479
6920 8708
6920 9479
6920 12103
6921 3183
6921 8708
6921 12103
6923 1595
6923 8708
6923 9479
6928 8708
6928 12103
7069 8708
7069 13945
7812 10437
8273 8708
8616 10437
8765 8707
8913 8708
8913 12103
8921 8708
8921 11789
9009 11994
9495 8708
9560 8708
9560 9479
9560 11789
9560 12103
9642 8708
9642 11789
9642 12103
9813 8708
9977 8708
9977 12106
9999 8707
9999 13945
10004 1595
10004 8708
10004 12103
10011 8708
10011 12103
10012 2566
10012 8708
10012 12087
10012 12103
10013 8708
10013 12103
10090 8708
10114 8708
10151 2304
10151 12103
10151 14025
10300 8707
10300 13945
10391 8708
10391 12103
10398 8708
10398 11789
10509 12087
10513 8708
10513 12105
10769 8708
11074 14025
11109 1595
11262 8708
11262 11789
11521 11789
11526 1424
11526 9479
11536 11789
11543 7713
11576 8708
11578 9479
11725 8707
11725 8708
11788 1595
11788 9479
11788 11789
12000 8708
12000 11789
12052 2566
12052 12103
12052 14025
12686 8708
13279 8707
13279 13945
13507 8707
14204 1595
14204 8708
14204 12103
14299 12103
