14541 14541 6070
48 5566
48 7837
442 11725
442 13588
465 3270
465 11260
982 7508
982 7780
982 10871
982 11246
984 9975
984 10058
984 10567
984 11628
1031 1109
1031 3165
1041 28
1041 132
1041 405
1041 407
1041 621
1041 1697
1041 1752
1041 2117
1041 2949
1041 2976
1041 5318
1041 7206
1041 11897
1041 12003
1041 12023
1041 13970
1047 111
1047 425
1047 1159
1047 1455
1047 1734
1047 2130
1047 2654
1047 3482
1047 3581
1047 3840
1047 4550
1047 5187
1047 5473
1047 5873
1047 5922
1047 6061
1047 6929
1047 7705
1047 8361
1047 8896
1047 11024
1047 11074
1047 11138
1047 11160
1047 11245
1047 11597
1047 11655
1047 12109
1047 12590
1047 12624
1047 12680
1047 12710
1047 12867
1047 13015
1047 13112
1047 13299
1047 13417
1047 13942
1047 14105
1186 1029
1186 1556
1186 12162
1196 392
1196 918
1196 1387
1196 1556
1196 3220
1196 5593
1196 7151
1196 7795
1196 8515
1196 8630
1196 9937
1196 12253
1196 13121
1196 13275
1207 206
1207 316
1207 795
1207 864
1207 955
1207 987
1207 1033
1207 1415
1207 1713
1207 1864
1207 1881
1207 2689
1207 2743
1207 2773
1207 2853
1207 2916
1207 2939
1207 3365
1207 3686
1207 3904
1207 3990
1207 4001
1207 4183
1207 4184
1207 4203
1207 4461
1207 4909
1207 5031
1207 5140
1207 5961
1207 6014
1207 8188
1207 8468
1207 9185
1207 10061
1207 10549
1207 11690
1207 11858
1207 11861
1207 11901
1207 12976
1207 13301
1207 13580
1207 13621
1207 14004
1207 14010
1234 76
1234 132
1234 178
1234 206
1234 212
1234 316
1234 381
1234 501
1234 601
1234 610
1234 731
1234 914
1234 955
1234 987
1234 1333
1234 1504
1234 1713
1234 1850
1234 1881
1234 1911
1234 1916
1234 1935
1234 1985
1234 1986
1234 2017
1234 2032
1234 2054
1234 2088
1234 2095
1234 2189
1234 2477
1234 2670
1234 2703
1234 2704
1234 2722
1234 2743
1234 2758
1234 2773
1234 2824
1234 2916
1234 2917
1234 2928
1234 3686
1234 3903
1234 3990
1234 4183
1234 4203
1234 4461
1234 4714
1234 4783
1234 4871
1234 4896
1234 4909
1234 4939
1234 5198
1234 5396
1234 5920
1234 5933
1234 6061
1234 6262
1234 6397
1234 7063
1234 7324
1234 8188
1234 8468
1234 9547
1234 9635
1234 9775
1234 10061
1234 10346
1234 10493
1234 10549
1234 10796
1234 10858
1234 11690
1234 11745
1234 11861
1234 12316
1234 12609
1234 13211
1234 13446
1234 13580
1234 14003
1234 14006
1234 14010
1234 14382
1246 113
1246 132
1246 501
1246 690
1246 882
1246 1415
1246 1494
1246 1864
1246 1949
1246 2275
1246 2787
1246 2861
1246 4380
1246 4489
1246 5396
1246 7808
1246 9185
1246 9547
1246 11326
1246 12390
1246 14004
1247 228
1247 672
1247 836
1247 6182
1247 10507
1247 10768
1247 11858
1247 11861
1247 12471
1247 13269
1247 13301
1247 13508
1270 178
1270 189
1270 316
1270 710
1270 731
1270 1713
1270 2308
1270 2478
1270 2689
1270 2709
1270 2736
1270 2741
1270 4724
1270 4909
1270 6079
1270 7589
1270 9076
1270 10346
1270 10858
1270 11017
1270 11690
1270 12917
1270 13442
1272 113
1272 205
1272 450
1272 690
1272 1033
1272 1333
1272 1415
1272 1838
1272 2111
1272 2275
1272 2404
1272 2773
1272 3486
1272 4380
1272 5396
1272 6056
1272 6061
1272 7097
1272 9185
1272 10061
1272 11000
1272 11637
1272 11901
1272 12316
1272 14006
1274 290
1275 76
1275 2718
1275 2757
1275 2762
1275 2764
1275 3875
1275 4554
1275 7275
1275 7531
1275 8418
1276 694
1276 867
1276 955
1276 2724
1276 2888
1276 2938
1276 3365
1276 3888
1276 4275
1276 6181
1276 11745
1277 178
1277 212
1277 381
1277 450
1277 575
1277 654
1277 1333
1277 1417
1277 2706
1277 2709
1277 2738
1277 2853
1277 4489
1277 6054
1277 6061
1277 6226
1277 7087
1277 8188
1277 9547
1277 11861
1277 12203
1277 13621
1284 8339
1284 11892
1285 2293
1296 228
1296 567
1296 605
1296 697
1296 988
1296 2703
1296 2848
1296 3016
1296 10346
1296 10858
1296 12431
1297 2478
1297 2703
1297 2753
1297 6226
1297 12431
1297 14006
1298 225
1298 2409
1298 2705
1298 2773
1298 9185
1298 12440
1298 13460
1298 14006
1299 672
1299 799
1299 1400
1299 1905
1299 2755
1299 6128
1299 6639
1299 9083
1299 12431
1299 14006
1301 188
1301 210
1301 2820
1301 2911
1301 3053
1301 3120
1301 4559
1301 4892
1301 4909
1301 5228
1301 6226
1301 7669
1301 8188
1301 9795
1301 10860
1301 12203
1301 12431
1301 13355
1301 13421
1301 13442
1301 14006
1301 14100
1302 178
1302 501
1302 1470
1302 2015
1302 2714
1302 2755
1302 2759
1302 2762
1302 2776
1302 2800
1302 2817
1302 2850
1302 2916
1302 2917
1302 3431
1302 4554
1302 5251
1302 5298
1302 5442
1302 6817
1302 6857
1302 7808
1302 8838
1302 9209
1302 9775
1302 10346
1302 12061
1302 12390
1302 12424
1328 178
1328 186
1328 1781
1328 2610
1328 2755
1328 2820
1328 2850
1328 2916
1328 2935
1328 6014
1328 6817
1328 9209
1328 9775
1328 10346
1328 12061
1330 225
1330 501
1330 2759
1330 2826
1330 2845
1330 3686
1330 4380
1330 5442
1330 7808
1330 10061
1330 12390
1353 166
1353 175
1353 221
1353 458
1353 574
1353 1781
1353 1869
1353 2610
1353 2758
1353 2759
1353 2845
1353 2850
1353 2883
1353 2890
1353 6065
1353 8922
1353 9775
1353 10005
1353 12390
1354 209
1354 4685
1354 4938
1354 7651
1354 7669
1354 9083
1354 9757
1354 10760
1354 14010
1354 14448
1389 230
1389 647
1389 1911
1389 2938
1389 4226
1389 4275
1389 11745
1395 230
1395 693
1395 695
1395 1935
1395 2127
1395 2913
1395 4275
1395 5751
1395 6147
1395 6181
1395 8186
1452 2830
1452 4374
1452 7286
1906 3270
1906 6119
1906 10127
1906 11109
1906 11260
1942 158
1942 171
1942 958
1942 1535
1942 2682
1942 2701
1942 3079
1942 3434
1942 3581
1942 3633
1942 3940
1942 4444
1942 6286
1942 6364
1942 7303
1942 7936
1942 8313
1942 8472
1942 9161
1942 9311
1942 10350
1942 10757
1942 10819
1942 11660
1942 11811
1942 12867
1942 14071
1962 1122
1962 1569
1962 2185
1962 2682
1962 3184
1962 3581
1962 3633
1962 4964
1962 6364
1962 7192
1962 7303
1962 7894
1962 8338
1962 8727
1962 9095
1962 9604
1962 11164
1962 11201
1962 11660
1962 13415
1962 13588
1962 13941
1962 14452
1993 6364
1993 7303
1993 8313
1993 8727
1993 11660
1996 856
1996 3633
1996 7303
1996 8727
1996 10819
1996 11660
2271 286
2271 6829
2271 13815
2276 1122
2276 11275
2323 1105
2586 918
2586 8190
2586 12434
3087 1029
3087 1387
3087 3220
3087 4311
3087 5328
3087 5334
3087 5593
3087 6557
3087 6939
3087 7556
3087 7663
3087 8339
3087 8515
3087 9858
3087 9937
3087 9981
3087 12162
3087 13121
3087 13275
3087 13957
3185 392
3185 1679
3185 4311
3185 5334
3185 7795
3185 8947
3185 9858
3185 12360
3209 1055
3209 2020
3209 2577
3209 2581
3209 4626
3209 7526
3209 8112
3209 12988
3315 11725
3379 76
3379 302
3379 664
3379 685
3379 836
3379 1417
3379 1438
3379 2718
3379 2754
3379 2757
3379 2759
3379 2762
3379 2853
3379 4554
3379 6584
3379 8831
3387 8827
3396 550
3396 1889
3396 2820
3396 2939
3396 3120
3396 4892
3396 6855
3396 13580
3396 14006
3398 550
3398 3077
3398 4892
3398 4909
3400 532
3400 1388
3400 10487
3400 11063
3400 12827
3401 532
3401 11063
3401 11369
3401 12763
3401 12827
3402 532
3402 1388
3402 5525
3402 11063
3402 11369
3413 644
3413 1357
3413 2501
3413 2853
3413 2942
3413 3203
3413 4264
3413 4265
3413 6034
3413 7009
3413 10346
3413 11063
3413 11185
3413 11325
3413 11897
3413 12853
3414 45
3414 290
3414 418
3414 450
3414 798
3414 4265
3414 6867
3414 9718
3414 12019
3415 448
3415 2043
3415 2358
3415 2655
3415 2877
3415 5324
3415 6181
3415 8970
3415 9076
3415 11185
3415 11856
3415 12972
3415 13265
3415 13948
3415 14508
3444 79
3444 345
3444 532
3444 659
3444 1388
3444 14003
3456 10487
3456 11063
3456 12012
3456 12763
3456 12827
3458 5525
3459 110
3459 345
3459 659
3459 1388
3459 2043
3459 5846
3460 110
3460 345
3462 79
3462 110
3462 345
3462 532
3462 1388
3462 2702
3462 5846
3462 8970
3462 10487
3462 11063
3462 12763
3463 79
3463 189
3463 1955
3463 2029
3463 2350
3463 3676
3463 3901
3463 4183
3463 4431
3463 8970
3488 87
3488 696
3488 798
3488 882
3488 1202
3488 1582
3488 1838
3488 2579
3488 2716
3488 2958
3488 3053
3488 3245
3488 4182
3488 4184
3488 4264
3488 4265
3488 4475
3488 4939
3488 5420
3488 8487
3488 12061
3488 12083
3488 12431
3488 13580
3488 13997
3489 87
3489 107
3489 142
3489 337
3489 418
3489 454
3489 577
3489 696
3489 923
3489 1103
3489 1281
3489 1949
3489 2404
3489 2636
3489 2699
3489 2704
3489 2722
3489 2743
3489 2755
3489 2854
3489 2958
3489 4001
3489 4184
3489 4265
3489 4297
3489 4307
3489 4476
3489 4876
3489 5023
3489 5062
3489 5140
3489 5777
3489 6226
3489 6404
3489 6405
3489 7256
3489 7540
3489 7858
3489 7934
3489 8417
3489 8648
3489 8970
3489 9035
3489 10885
3489 11455
3489 11690
3489 13358
3490 140
3490 337
3490 696
3490 1103
3490 1281
3490 2339
3490 2709
3490 2732
3490 2743
3490 2958
3490 3484
3490 4475
3490 5059
3490 5563
3490 7540
3490 7858
3490 7885
3490 8997
3490 9931
3490 10493
3490 10885
3490 12152
3491 140
3491 418
3491 1864
3491 2743
3491 2853
3491 3484
3491 4203
3491 4876
3491 4939
3491 5023
3491 5777
3491 7063
3491 8922
3491 10493
3491 11690
3491 12976
3493 337
3493 577
3493 2743
3493 2853
3493 2958
3493 3053
3493 3904
3493 4876
3493 5023
3493 5563
3493 5777
3493 12083
3493 12152
3570 1455
3570 3165
3570 9088
3571 1849
3571 3143
3571 3220
3571 5334
3571 5761
3571 7663
3571 8339
3571 8630
3571 9937
3571 10756
3571 12162
3571 12555
3571 13604
3572 918
3572 1427
3572 3220
3572 5334
3572 5761
3572 6210
3572 6557
3572 7556
3572 8630
3572 9858
3572 12360
3573 1029
3573 1387
3573 1427
3573 3220
3573 5334
3573 5593
3573 5761
3573 6210
3573 7556
3573 9858
3573 11176
3573 12439
3573 13275
3573 13604
3588 392
3588 1387
3588 1427
3588 1849
3588 3220
3588 5328
3588 6557
3588 7151
3588 7556
3588 7663
3588 9858
3588 9981
3588 11176
3588 12162
3588 13121
3588 13275
3589 392
3589 1387
3589 1849
3589 3220
3589 7151
3589 8339
3589 8630
3589 10441
3589 12360
3589 12555
3589 13604
3592 3220
3592 5334
3592 5761
3592 6557
3592 8630
3592 9858
3592 11176
3592 12439
3594 1387
3594 1849
3594 3220
3594 6210
3594 9858
3594 11176
3594 12439
3603 2875
3603 2910
3603 6704
3603 10710
3604 2875
3604 2928
3604 4871
3604 6704
3604 10640
3604 10710
3605 2875
3605 2928
3605 5945
3605 6704
3605 8468
3605 10710
3631 9987
3656 450
3656 1396
3656 1494
3656 1662
3656 1686
3656 2888
3656 2938
3656 4183
3656 4226
3656 6753
3656 8071
3656 11745
3656 11901
3656 14382
3658 230
3658 450
3658 647
3658 955
3658 1784
3658 3399
3658 3888
3658 4226
3658 10615
3658 13621
3658 14382
3659 189
3659 230
3659 450
3659 652
3659 693
3659 695
3659 867
3659 1268
3659 1396
3659 1686
3659 1871
3659 1953
3659 2002
3659 2127
3659 2724
3659 2913
3659 3485
3659 4183
3659 4226
3659 4275
3659 4584
3659 5751
3659 5965
3659 6753
3659 7904
3659 8071
3659 8551
3659 8552
3659 9076
3659 12413
3659 12470
3660 955
3660 1268
3660 1784
3660 1916
3660 2002
3660 2223
3660 3399
3660 3485
3660 4183
3660 4275
3660 5965
3660 6147
3660 10909
3660 12470
3660 13574
3660 13970
3660 14023
3662 1935
3662 2002
3662 3399
3662 4183
3662 4226
3662 8551
3662 10909
3662 13970
3663 316
3663 907
3663 2666
3663 2939
3663 5738
3663 6867
3663 7934
3663 11139
3663 13211
3663 13580
3682 2490
3682 2822
3682 3202
3682 5945
3682 10640
3682 11289
3720 3824
3720 10194
3720 11433
3723 451
3723 898
3723 1692
3723 1744
3723 1822
3723 1873
3723 1902
3723 2615
3723 2794
3723 2971
3723 4252
3723 5459
3723 5932
3723 6901
3723 7092
3723 7666
3723 9699
3723 9918
3723 12651
3723 12696
3723 12707
3723 12709
3723 12869
3723 13310
3723 13740
3747 428
3747 461
3747 538
3747 660
3747 661
3747 663
3747 725
3747 727
3747 749
3747 1549
3747 2748
3747 4852
3747 5345
3747 6763
3747 7089
3747 8925
3747 8956
3747 10455
3747 10856
3747 10913
3747 10938
3747 11074
3747 11098
3747 11247
3747 11979
3747 12115
3747 12749
3747 13271
3747 13475
3747 13973
3747 14017
3747 14284
3747 14517
3748 725
3748 4624
3748 4852
3748 5827
3748 10951
3748 11098
3748 13973
3748 14517
3752 538
3752 660
3752 663
3752 725
3752 732
3752 749
3752 1451
3752 1486
3752 2890
3752 3681
3752 5345
3752 7161
3752 7997
3752 8956
3752 9095
3752 10455
3752 10856
3752 11979
3752 12545
3752 13005
3752 13130
3752 14284
3752 14517
3753 441
3753 1607
3753 1787
3753 1873
3753 1902
3753 2215
3753 2615
3753 2772
3753 2971
3753 3894
3753 4653
3753 7092
3753 8207
3753 9699
3753 12696
3754 891
3754 1734
3754 2311
3754 2613
3754 3596
3754 3840
3754 4532
3754 4533
3754 7526
3754 7705
3754 8927
3754 9088
3754 9138
3754 9140
3754 9972
3754 11074
3754 11138
3754 11154
3754 11168
3754 12710
3754 13112
3754 13264
3756 111
3756 504
3756 891
3756 1159
3756 1464
3756 2217
3756 3052
3756 3840
3756 4389
3756 4533
3756 5187
3756 6115
3756 6572
3756 6724
3756 6954
3756 7362
3756 7526
3756 7705
3756 7819
3756 8863
3756 9088
3756 9138
3756 9225
3756 9763
3756 9972
3756 10351
3756 11074
3756 11138
3756 12590
3756 12680
3756 12710
3756 12999
3756 13015
3756 13264
3756 14033
3757 232
3757 406
3757 470
3757 487
3757 506
3757 660
3757 663
3757 722
3757 757
3757 1164
3757 1486
3757 2580
3757 2733
3757 2748
3757 2890
3757 4722
3757 4852
3757 5345
3757 5827
3757 6731
3757 6763
3757 6849
3757 7089
3757 7600
3757 7997
3757 8022
3757 8030
3757 8756
3757 8925
3757 8956
3757 9758
3757 10455
3757 10856
3757 10857
3757 10913
3757 11074
3757 11098
3757 11106
3757 11313
3757 11355
3757 11597
3757 11897
3757 11913
3757 11979
3757 12568
3757 12577
3757 12680
3757 12694
3757 13130
3757 13271
3757 13419
3757 13512
3757 13963
3757 14284
3757 14517
3760 619
3760 743
3760 990
3760 1873
3760 3358
3760 4852
3760 5037
3760 5376
3760 6940
3760 9567
3760 9758
3760 9918
3760 10455
3760 10530
3760 11857
3760 12668
3760 12886
3765 461
3765 546
3765 636
3765 642
3765 653
3765 743
3765 749
3765 750
3765 757
3765 764
3765 2184
3765 2368
3765 2406
3765 3003
3765 3051
3765 3280
3765 3344
3765 3681
3765 3895
3765 4163
3765 4464
3765 6630
3765 7834
3765 10455
3765 10702
3765 11983
3773 119
3773 2342
3773 5949
3773 6667
3773 8319
3773 9012
3773 9342
3773 9485
3773 9606
3773 11453
3773 13055
3775 3653
3775 5184
3775 12519
3812 3525
3812 3548
3812 3551
3812 3623
3812 3669
3812 8041
3823 4125
3823 4296
3823 10714
4204 1222
4204 1905
4204 2703
4204 4183
4204 6181
4204 6182
4204 12431
4204 13580
4204 14010
4204 14382
4205 45
4205 360
4205 1662
4205 2703
4205 2708
4205 2939
4205 12431
4205 13574
4232 76
4232 113
4232 208
4232 476
4232 709
4232 799
4232 954
4232 2705
4232 2716
4232 2718
4232 2930
4232 3016
4232 6744
4232 7087
4232 7097
4232 9099
4232 9757
4232 10122
4232 11541
4232 12083
4232 13535
4235 228
4235 338
4235 567
4235 639
4235 1736
4235 2610
4235 2718
4235 2731
4235 2747
4235 2755
4235 2848
4235 3016
4235 4554
4235 4909
4235 5171
4235 8763
4235 9248
4235 9807
4235 12431
4235 12581
4235 12917
4236 429
4236 476
4236 501
4236 639
4236 1686
4236 1838
4236 2705
4236 2716
4236 2861
4236 3486
4236 8564
4236 11745
4236 12440
4236 14383
4237 638
4237 797
4237 799
4237 808
4237 2637
4237 4938
4237 9636
4237 10123
4237 11541
4237 11858
4237 12887
4238 563
4238 698
4238 1400
4238 2718
4238 2754
4238 6028
4238 6056
4238 7097
4238 9248
4238 9978
4238 10768
4238 12390
4238 12440
4239 228
4239 698
4239 836
4239 2664
4239 2716
4239 2718
4239 2737
4239 2758
4239 2762
4239 2826
4239 3016
4239 7097
4239 9083
4239 9757
4239 10007
4239 10123
4239 11541
4239 11858
4239 12083
4239 12917
4239 13301
4240 228
4240 639
4240 1417
4240 2664
4240 2709
4240 2716
4240 2755
4240 2875
4240 7224
4240 8564
4240 10346
4240 12917
4241 76
4241 228
4241 501
4241 639
4241 2664
4241 2716
4241 3016
4241 5396
4241 6744
4241 9083
4241 9757
4241 10346
4241 10493
4241 10507
4241 12083
4241 12424
4242 30
4242 76
4242 346
4242 672
4242 698
4242 895
4242 2247
4242 2716
4242 6086
4242 6744
4242 7087
4242 7097
4242 10493
4242 10601
4242 11861
4242 12083
4243 228
4243 672
4243 698
4243 797
4243 2664
4243 2716
4243 2762
4243 5396
4243 10007
4243 10493
4243 11252
4243 11858
4243 12083
4243 12440
4243 14448
4244 672
4244 698
4244 2664
4244 2716
4244 2729
4244 2737
4244 2747
4244 2762
4244 3016
4244 5396
4244 6056
4244 6181
4244 7087
4244 8763
4244 9714
4244 9757
4244 11858
4244 12203
4244 12390
4244 13442
4245 338
4245 685
4245 2718
4245 2756
4245 2757
4245 2762
4245 2764
4245 2768
4245 2867
4246 302
4246 501
4246 2477
4246 12390
4247 76
4247 954
4247 1417
4247 2718
4247 5178
4247 6997
4247 7135
4247 8418
4248 675
4248 954
4248 2610
4248 2705
4248 2755
4248 2822
4248 2867
4248 6997
4248 7097
4248 8564
4248 10346
4248 12424
4248 12887
4248 12917
4249 208
4249 324
4249 7651
4249 7661
4249 7669
4249 9978
4249 10760
4249 11252
4249 11541
4249 11858
4249 13301
4250 638
4250 2705
4250 2822
4250 3486
4250 7097
4250 12887
4250 12917
4251 113
4251 208
4251 338
4251 467
4251 954
4251 2705
4251 2716
4251 2718
4251 2786
4251 2820
4251 2899
4251 2930
4251 9636
4251 10921
4251 11861
4269 2912
4270 1922
4270 2095
4270 3875
4270 8205
4271 340
4271 1748
4272 2798
4273 13
4273 695
4273 2046
4273 4275
4287 6226
4287 13355
4299 732
4299 957
4299 1097
4299 2084
4299 11098
4299 12115
4299 14517
4300 2971
4300 3005
4300 8207
4300 8498
4300 10530
4300 11348
4300 11971
4301 556
4301 889
4301 1455
4301 1464
4301 2625
4301 4923
4301 5187
4301 5571
4301 5629
4301 5850
4301 7936
4301 8927
4301 9138
4301 9391
4301 9733
4301 12333
4301 13112
4302 225
4302 476
4302 1103
4302 2740
4302 6078
4302 6225
4302 6857
4302 6861
4302 7097
4302 7224
4302 7531
4302 9099
4302 9795
4302 12424
4302 12917
4303 5629
4303 5873
4303 9138
4303 10786
4305 3653
4305 4358
4305 4662
4305 6372
4316 2724
4316 4001
4316 4871
4316 8468
4316 9133
4316 12471
4316 13421
4324 205
4324 337
4324 467
4324 1917
4324 1949
4324 1986
4324 2820
4324 2824
4324 2853
4324 2912
4324 2941
4324 3053
4324 4655
4324 5295
4324 5920
4324 6014
4324 7063
4324 8188
4324 8417
4324 14100
4335 5961
4335 6181
4345 22
4345 360
4345 448
4345 460
4345 529
4345 642
4345 660
4345 887
4345 1752
4345 1982
4345 2322
4345 2570
4345 2575
4345 2679
4345 2853
4345 2877
4345 3492
4345 4645
4345 5318
4345 5992
4345 6316
4345 6717
4345 6928
4345 7654
4345 7896
4345 8153
4345 8362
4345 8676
4345 9076
4345 10314
4345 11063
4345 11164
4345 11333
4345 11353
4345 11355
4345 11993
4345 12907
4345 13105
4345 13506
4353 2195
4353 2372
4353 7063
4363 171
4363 328
4363 589
4363 798
4363 923
4363 1162
4363 1163
4363 1809
4363 2067
4363 2403
4363 2701
4363 2702
4363 2853
4363 4001
4363 4182
4363 4203
4363 5961
4363 6867
4363 7936
4363 8472
4363 8970
4363 11784
4363 11811
4363 12012
4363 12249
4363 13211
4363 13343
4363 14007
4386 2732
4386 2751
4386 9746
4386 12083
4392 364
4392 1484
4392 1917
4392 1929
4392 1983
4392 2040
4392 2339
4392 2732
4392 4739
4392 4800
4392 5563
4392 8997
4392 10493
4412 3821
4412 4358
4412 6162
4412 7918
4412 9192
4412 10579
4513 3445
4513 5084
4513 7781
4513 8520
4594 268
4594 965
4594 1283
4594 2079
4594 2548
4594 5103
4594 11179
4594 12344
4677 297
4677 1368
4677 2309
4677 2613
4677 4089
4677 4374
4677 4394
4677 4986
4677 5476
4677 5477
4677 7665
4677 7705
4677 7956
4677 9078
4677 9789
4677 11139
4677 12748
4677 13112
4679 140
4679 1281
4679 2040
4679 2743
4679 2853
4679 5563
4679 7967
4679 10885
4691 212
4691 316
4691 710
4691 987
4691 2757
4691 2827
4691 2853
4691 2916
4691 2917
4691 3089
4691 3365
4691 4203
4691 4461
4691 5961
4691 10111
4691 10346
4691 10549
4691 13580
4763 268
4763 441
4763 682
4763 1375
4763 1523
4763 2236
4763 4167
4763 4227
4763 4525
4763 4545
4763 4549
4763 5160
4763 5840
4763 6044
4763 7460
4763 7852
4763 7929
4763 8547
4763 11348
4763 11856
4763 12023
4763 12068
4763 12651
4763 12778
4763 12898
4763 13310
4763 13414
4763 13486
4771 297
4771 425
4771 1464
4771 2217
4771 3052
4771 3306
4771 3840
4771 4532
4771 4533
4771 5187
4771 7705
4771 8361
4771 8896
4771 9088
4771 9138
4771 9971
4771 9972
4771 11138
4771 12710
4771 12867
4771 12999
4771 13112
4771 13264
4771 13299
4771 14033
4773 9661
4793 137
4793 462
4793 470
4793 564
4793 665
4793 828
4793 965
4793 1210
4793 1549
4793 2570
4793 2572
4793 2665
4793 2679
4793 3035
4793 3492
4793 3990
4793 4367
4793 4543
4793 5105
4793 5417
4793 5743
4793 6029
4793 6398
4793 6849
4793 6950
4793 7029
4793 7654
4793 8043
4793 10966
4793 11065
4793 11067
4793 11074
4793 11333
4793 11346
4793 11597
4793 11796
4793 11993
4793 12590
4793 12933
4793 13218
4793 13265
4799 5528
4804 1873
4804 2681
4804 9253
4808 2420
4808 3525
4808 3549
4808 3551
4808 3552
4808 3586
4808 3612
4808 3623
4808 3667
4808 3669
4808 3670
4808 3671
4808 3724
4808 3975
4808 4974
4808 5971
4808 5974
4808 5975
4808 7060
4808 7405
4808 7784
4808 7864
4808 8041
4808 8509
4808 8762
4808 9350
4808 10142
4808 10239
4808 12326
4813 1333
4866 28
4866 130
4866 529
4866 642
4866 887
4866 1415
4866 1913
4866 1939
4866 2111
4866 2575
4866 2900
4866 2973
4866 4367
4866 6061
4866 6079
4866 6179
4866 6364
4866 8043
4866 9469
4866 10819
4866 10853
4866 11063
4866 11164
4866 11325
4866 11353
4866 11355
4866 11507
4866 11796
4866 11811
4866 12316
4866 12344
4866 12568
4866 13415
4866 13454
4866 13960
4866 13963
4866 14007
4866 14071
4866 14452
4890 6371
4895 111
4895 889
4895 891
4895 1455
4895 4550
4895 5873
4895 7362
4895 7480
4895 7778
4895 7934
4895 8215
4895 8361
4895 8896
4895 9138
4895 11074
4895 11655
4895 13107
4895 13369
4903 87
4903 140
4903 142
4903 337
4903 542
4903 923
4903 1281
4903 1582
4903 2958
4903 3198
4903 5062
4903 7540
4903 8177
4903 8648
4903 9035
4903 10640
4903 11455
4903 13580
4917 4596
4917 5982
4917 6435
4917 6489
4917 10163
4917 10975
4917 11018
4918 1451
4918 1652
4918 2258
4918 3306
4918 4389
4918 4656
4918 6841
4918 8386
4918 8863
4918 9972
4918 12556
4921 296
4921 7378
4921 8120
4921 8334
4925 4358
4925 5303
4925 11489
4925 12408
4926 10357
4926 10505
4931 3277
4931 3833
4931 4831
4931 10287
4931 10305
4931 10308
4931 10321
4931 10623
4931 10804
4931 11246
4948 3470
4948 11812
4956 1542
4956 1577
4956 1829
4956 3014
4956 5991
4956 6299
4956 7226
4956 7974
4956 11475
4967 369
4967 891
4967 1464
4967 1544
4967 2552
4967 3306
4967 3596
4967 3626
4967 4254
4967 6881
4967 7480
4967 7705
4967 8179
4967 8863
4967 8896
4967 9138
4967 9225
4967 9972
4967 11074
4967 11138
4967 11655
4967 13332
5067 194
5067 1838
5067 2189
5067 2716
5067 2867
5067 4574
5067 4938
5067 4939
5067 6050
5067 6962
5067 7705
5067 7936
5067 9545
5067 9547
5067 9632
5067 10346
5067 10852
5067 11861
5067 12083
5067 12424
5067 12431
5067 12440
5067 12581
5101 576
5101 4655
5101 6014
5101 7967
5101 10493
5101 12152
5118 2293
5120 194
5120 1417
5120 2664
5120 2716
5120 2718
5120 2731
5120 2853
5120 3840
5120 4938
5120 5396
5120 6178
5120 6181
5120 7097
5120 8564
5120 9099
5120 9140
5120 9547
5120 9714
5120 10346
5120 11252
5120 12083
5120 13407
5120 14418
5121 9987
5121 11159
5134 450
5134 1357
5134 2814
5134 2910
5134 5017
5134 11289
5134 11896
5152 2311
5152 2552
5152 6858
5152 11168
5152 12444
5154 5122
5207 2156
5207 2822
5207 2875
5207 2910
5207 3202
5207 5945
5207 6704
5207 11289
5213 414
5213 461
5213 538
5213 722
5213 725
5213 727
5213 737
5213 1294
5213 1549
5213 1745
5213 2748
5213 2890
5213 4852
5213 5827
5213 6046
5213 6250
5213 7089
5213 7237
5213 8030
5213 8925
5213 10455
5213 10913
5213 10938
5213 11225
5213 11597
5213 12003
5213 12533
5213 12545
5213 12694
5213 13419
5213 13475
5213 13970
5213 13973
5213 14284
5214 891
5214 1159
5214 1464
5214 1734
5214 2656
5214 3306
5214 3596
5214 3626
5214 3629
5214 4254
5214 4550
5214 4786
5214 4944
5214 6724
5214 6929
5214 7705
5214 8179
5214 8215
5214 8863
5214 8896
5214 9138
5214 9139
5214 9225
5214 9631
5214 11074
5214 12680
5214 12710
5214 13112
5214 14105
5227 690
5227 1009
5227 2620
5227 2724
5227 2827
5227 2918
5227 3047
5227 4909
5227 4939
5227 11861
5227 12431
5227 12440
5227 13442
5227 13535
5232 1458
5232 1544
5232 2311
5232 2552
5232 3306
5232 3375
5232 3626
5232 3786
5232 4124
5232 4532
5232 4533
5232 4944
5232 5187
5232 6572
5232 6881
5232 7705
5232 8863
5232 8896
5232 9225
5232 9971
5232 11168
5232 12624
5232 12999
5232 13131
5232 13264
5232 13332
5250 2311
5250 3629
5250 3826
5250 6572
5250 6608
5250 7212
5250 7480
5250 7665
5250 10595
5250 11168
5256 1458
5256 1544
5256 2311
5256 3306
5256 3596
5256 3626
5256 3786
5256 4254
5256 4533
5256 6099
5256 6572
5256 7705
5256 8617
5256 9971
5256 11138
5256 13332
5265 7946
5267 696
5267 2477
5267 2724
5267 2740
5267 4184
5267 4783
5267 5125
5267 5420
5267 7480
5267 8940
5267 10640
5267 11074
5267 12012
5267 12390
5267 13580
5267 14006
5268 891
5268 1368
5268 3345
5268 4389
5268 4786
5268 7665
5268 7806
5268 8386
5268 10351
5268 12748
5269 406
5269 425
5269 619
5269 6972
5269 10786
5269 11028
5269 12556
5269 12748
5269 13107
5269 13332
5270 800
5270 856
5270 1566
5270 3433
5270 3434
5270 3483
5270 6556
5270 7668
5270 8025
5270 8495
5270 13273
5271 140
5271 2743
5271 2755
5271 2854
5271 5418
5271 6173
5274 588
5274 7656
5274 10194
5281 889
5281 4532
5281 4533
5281 4786
5281 8400
5281 8863
5281 9078
5281 9972
5281 11138
5281 11139
5281 12437
5282 414
5282 461
5282 667
5282 724
5282 757
5282 764
5282 2604
5282 3178
5282 3358
5282 3680
5282 4624
5282 4852
5282 6354
5282 6763
5282 7042
5282 8152
5282 11983
5282 12115
5282 13274
5282 13973
5282 14284
5282 14525
5283 348
5283 677
5283 2742
5283 10760
5283 11252
5283 13006
5284 461
5284 812
5284 889
5284 1135
5284 3328
5284 4533
5284 4562
5284 4786
5284 7705
5284 8361
5284 8863
5284 9225
5284 11154
5284 12556
5284 12710
5285 522
5285 1046
5285 1375
5285 1744
5285 1787
5285 1873
5285 1969
5285 4252
5285 4462
5285 5263
5285 6390
5285 6800
5285 7207
5285 7787
5285 10530
5285 11051
5285 11348
5285 12709
5285 12874
5287 248
5287 636
5287 749
5287 750
5287 758
5287 853
5287 896
5287 2078
5287 2255
5287 2439
5287 2580
5287 2659
5287 3003
5287 3051
5287 3591
5287 3681
5287 4274
5287 4624
5287 4723
5287 5086
5287 5093
5287 5112
5287 5549
5287 5624
5287 6119
5287 6692
5287 6717
5287 7315
5287 7997
5287 8925
5287 10054
5287 10455
5287 11257
5287 12668
5287 13274
5287 13973
5293 486
5293 751
5293 1453
5293 1976
5293 2368
5293 2844
5293 3051
5293 3680
5293 4191
5293 4643
5293 5093
5293 5529
5293 5663
5293 8599
5293 9476
5293 13973
5304 1084
5304 7581
5304 7793
5304 8187
5304 8386
5304 8554
5304 9700
5304 11235
5304 11417
5311 4098
5311 4656
5311 8850
5311 9078
5311 12556
5349 129
5349 238
5349 1016
5349 1210
5349 1376
5349 1523
5349 1645
5349 1692
5349 1822
5349 1902
5349 2317
5349 2358
5349 2740
5349 5839
5349 5932
5349 6010
5349 6339
5349 6901
5349 7358
5349 11067
5349 12035
5349 12696
5349 12706
5349 12731
5349 14040
5351 503
5351 522
5351 1320
5351 1638
5351 1692
5351 1787
5351 1822
5351 1852
5351 1902
5351 1969
5351 2317
5351 2359
5351 2519
5351 2971
5351 3190
5351 4252
5351 4462
5351 7358
5351 7666
5351 10886
5351 12696
5351 12707
5351 12709
5351 12731
5351 13740
5351 13814
5382 28
5382 441
5382 1692
5382 1873
5382 3610
5382 3894
5382 4194
5382 4296
5382 4468
5382 4986
5382 5288
5382 5840
5382 6339
5382 7460
5382 7852
5382 7886
5382 9526
5382 9787
5382 10772
5382 11348
5382 12696
5385 22
5385 232
5385 484
5385 506
5385 538
5385 631
5385 663
5385 757
5385 828
5385 1460
5385 1493
5385 2173
5385 2368
5385 2541
5385 2580
5385 2614
5385 3681
5385 5112
5385 5345
5385 6250
5385 6849
5385 6973
5385 7089
5385 7237
5385 8362
5385 10455
5385 11313
5385 11597
5385 11913
5385 14284
5386 451
5386 503
5386 522
5386 898
5386 1209
5386 1210
5386 1312
5386 1320
5386 1375
5386 1376
5386 1410
5386 1525
5386 1638
5386 1642
5386 1692
5386 1822
5386 1873
5386 1902
5386 2215
5386 2772
5386 2794
5386 3894
5386 4227
5386 5160
5386 6285
5386 6800
5386 6974
5386 7092
5386 7666
5386 7929
5386 10886
5386 10966
5386 11072
5386 11327
5386 11348
5386 12023
5386 12651
5386 12696
5386 12709
5386 13310
5386 13558
5501 458
5501 501
5501 601
5501 1869
5501 2750
5501 2759
5501 2826
5501 2845
5501 2850
5501 2935
5501 3875
5501 4525
5501 12390
5502 1357
5502 14003
5790 5991
5842 1427
5842 5761
5842 7151
5842 9858
5842 12162
5952 460
5952 476
5952 1085
5952 2216
5952 2232
5952 2251
5952 2716
5952 3301
5952 4296
5952 5084
5952 6285
5952 6997
5952 7808
5952 9493
5952 9810
5952 11050
5952 11086
5952 12344
5952 13556
5952 14060
5959 3736
5959 7206
5959 11453
5959 14059
6040 8199
6040 9539
6189 2293
6189 4306
6201 451
6201 891
6201 1368
6201 1486
6201 2309
6201 3345
6201 4533
6201 4786
6201 8400
6201 8951
6201 9972
6201 10669
6201 11139
6203 889
6203 1135
6203 2613
6203 2656
6203 4532
6203 4533
6203 4656
6203 4944
6203 6365
6203 7192
6203 7936
6203 8215
6203 8386
6203 8406
6203 9624
6203 9972
6203 13131
6228 2581
6228 12988
6360 2156
6360 2352
6360 2814
6360 2822
6360 2875
6360 6704
6360 11896
6417 550
6417 2111
6417 2501
6417 2864
6417 3686
6417 5961
6418 2015
6418 2339
6418 2732
6418 4559
6418 4655
6418 4896
6427 450
6427 2787
6427 3202
6436 222
6436 319
6436 625
6436 642
6436 1084
6436 1316
6436 1981
6436 2217
6436 2552
6436 3052
6436 3804
6436 4254
6436 4374
6436 5614
6436 5856
6436 6010
6436 6572
6436 7526
6436 7705
6436 9095
6436 9138
6436 9631
6436 9972
6436 10856
6436 10966
6436 11106
6436 11154
6436 11168
6436 11245
6436 11912
6436 12545
6436 12577
6436 12680
6436 12731
6436 12965
6436 13015
6436 13299
6436 13414
6436 13588
6436 14517
6475 1009
6475 2620
6475 2918
6475 3047
6475 5228
6475 13535
6493 10019
6495 113
6495 178
6495 221
6495 1033
6495 1713
6495 2554
6495 2759
6495 2892
6495 2930
6495 3120
6495 3466
6495 3686
6495 3888
6495 5031
6495 5171
6495 5198
6495 6855
6495 8188
6495 10493
6495 13442
6495 14100
6497 189
6497 381
6497 601
6497 1033
6497 1333
6497 1417
6497 2275
6497 2478
6497 2716
6497 2859
6497 4896
6497 5396
6497 5961
6497 6225
6497 6861
6497 7063
6497 7097
6497 7564
6497 7759
6497 8468
6497 9547
6497 9775
6497 10111
6497 12471
6497 12917
6497 13211
6497 13442
6497 14006
6503 441
6503 1481
6503 1744
6503 1806
6503 1890
6503 2215
6503 4319
6503 4700
6503 5288
6503 6269
6503 9403
6503 10772
6503 11194
6503 13032
6521 220
6521 801
6521 836
6521 923
6521 1357
6521 2096
6521 2344
6521 6712
6521 7593
6530 76
6530 2081
6530 2750
6530 2817
6530 2836
6530 2891
6530 7011
6535 507
6535 3135
6535 3253
6535 3349
6535 3914
6535 4478
6535 5155
6535 5307
6535 6048
6535 6060
6535 6229
6535 6345
6535 6641
6535 8614
6535 8734
6535 10165
6535 11984
6536 2908
6536 3497
6536 3722
6536 4139
6536 4176
6536 4668
6536 6122
6536 7052
6536 7118
6536 7180
6536 7875
6536 8670
6536 8836
6536 9268
6536 9583
6536 10265
6537 1854
6537 2126
6537 2474
6537 3590
6537 3914
6537 4478
6537 5155
6537 5254
6537 6060
6537 6121
6537 6192
6537 6229
6537 6347
6537 6596
6537 6641
6537 6790
6537 8203
6537 8267
6537 8443
6537 8614
6537 9968
6537 10134
6537 10149
6537 11101
6537 14306
6591 664
6591 685
6591 954
6591 2718
6591 2757
6591 2762
6591 2866
6591 4554
6592 639
6592 2540
6592 2762
6592 2764
6592 2770
6592 5251
6592 7588
6592 7651
6592 9099
6592 12390
6592 13210
6593 664
6593 2540
6593 2762
6593 2764
6593 3707
6593 4554
6593 7564
6593 8422
6593 9099
6593 12390
6605 601
6605 895
6605 987
6605 1881
6605 3365
6605 4938
6605 6639
6605 8188
6605 8607
6605 9083
6605 9185
6605 9714
6605 11858
6605 11861
6605 12431
6605 12471
6605 13301
6610 1686
6610 1713
6610 3686
6610 3990
6610 4001
6610 4203
6610 4896
6610 6226
6610 6291
6610 8468
6610 13580
6691 110
6691 166
6691 364
6691 550
6691 867
6691 1219
6691 1697
6691 2703
6691 2730
6691 2731
6691 2733
6691 2913
6691 2934
6691 3990
6691 4226
6691 4460
6691 4800
6691 5525
6691 6181
6691 7012
6691 7478
6691 7589
6691 9075
6691 9714
6691 10346
6691 10487
6691 10885
6691 11063
6691 11507
6691 11637
6691 11996
6691 13265
6691 13446
6691 13948
6691 14004
6745 7973
6745 10145
6745 13131
6750 9375
6750 10595
6750 11655
6750 12444
6750 13228
6827 392
6827 1849
6827 5761
6827 6879
6827 6939
6827 7663
6827 8339
6827 8900
6827 9574
6827 9858
6827 10441
6827 12162
6837 406
6837 425
6837 2217
6837 2552
6837 4089
6837 4394
6837 4766
6837 4815
6837 5390
6837 5856
6837 5922
6837 6517
6837 7362
6837 7526
6837 7705
6837 7719
6837 7819
6837 8063
6837 8896
6837 9088
6837 9138
6837 9528
6837 9907
6837 9972
6837 10435
6837 10757
6837 10927
6837 11028
6837 11106
6837 11178
6837 11245
6837 12585
6837 12624
6837 12710
6837 12867
6837 12999
6837 13015
6837 13112
6837 13942
6844 1387
6844 4311
6844 5334
6844 8339
6844 13122
6846 1029
6846 3143
6846 3220
6846 4311
6846 6557
6846 7151
6846 7556
6846 7663
6846 9858
6846 9937
6846 12162
6846 13121
6846 13604
6846 13957
7061 1387
7061 9858
7074 651
7074 3761
7074 9138
7074 9449
7101 2976
7101 10998
7133 337
7133 2699
7142 392
7142 5334
7142 6210
7142 6642
7142 6831
7142 7795
7142 8947
7142 9017
7142 9858
7142 10505
7142 11239
7142 11892
7142 12059
7142 12360
7142 13122
7322 425
7322 451
7322 619
7322 765
7322 1135
7322 1368
7322 2309
7322 4532
7322 4533
7322 4786
7322 5187
7322 6365
7322 6609
7322 6724
7322 8215
7322 8361
7322 8400
7322 8863
7322 8951
7322 9041
7322 9624
7322 9789
7322 9972
7322 11139
7322 11655
7322 12748
7322 12892
7322 13941
7344 1570
7344 2974
7344 6057
7344 11158
7344 11170
7344 12023
7344 12587
7345 3197
7345 3286
7345 3492
7345 6057
7360 3131
7360 3221
7360 6962
7360 8544
7456 4684
7456 8262
7510 428
7510 538
7510 546
7510 660
7510 663
7510 717
7510 722
7510 725
7510 732
7510 749
7510 2619
7510 2880
7510 2890
7510 4852
7510 5827
7510 6058
7510 6849
7510 8956
7510 9095
7510 10455
7510 10913
7510 10938
7510 11313
7510 12545
7510 12590
7510 12681
7510 13973
7510 14517
7527 5822
7535 687
7535 751
7535 957
7535 1584
7535 2253
7535 3163
7535 4274
7535 7237
7535 9692
7535 10913
7535 11086
7535 11106
7535 11346
7535 11441
7535 11588
7535 11935
7535 13107
7571 798
7571 1162
7571 1163
7571 1535
7571 1569
7571 2018
7571 2185
7571 2701
7571 2702
7571 3581
7571 7665
7571 7936
7571 8198
7571 8472
7571 9198
7571 9311
7571 10350
7604 171
7604 328
7604 798
7604 1162
7604 1163
7604 1264
7604 1265
7604 1808
7604 1809
7604 1949
7604 2067
7604 2403
7604 2701
7604 2702
7604 7665
7604 7936
7604 9198
7604 9469
7604 9604
7604 11507
7604 11811
7604 12012
7659 165
7659 10127
7659 11109
7659 12801
7860 2412
7860 4124
7937 8316
7937 11400
7937 11725
7982 87
7982 107
7982 142
7982 171
7982 337
7982 418
7982 454
7982 577
7982 923
7982 1103
7982 1582
7982 1795
7982 1940
7982 2050
7982 2579
7982 3198
7982 3393
7982 4106
7982 4184
7982 4265
7982 4307
7982 5062
7982 5203
7982 5216
7982 7540
7982 8658
7982 8779
7982 9644
7982 10618
7982 13358
7983 140
7983 171
7983 178
7983 316
7983 656
7983 710
7983 798
7983 882
7983 923
7983 1103
7983 1333
7983 1795
7983 1838
7983 1864
7983 1926
7983 1949
7983 2228
7983 2404
7983 2636
7983 2703
7983 2709
7983 2716
7983 2755
7983 2766
7983 2854
7983 3203
7983 4069
7983 4182
7983 4264
7983 4265
7983 5125
7983 5396
7983 5418
7983 5420
7983 6061
7983 6292
7983 6324
7983 9198
7983 10549
7983 11255
7983 11861
7983 12012
7983 12431
7983 13442
7983 13580
7984 164
7984 462
7984 1190
7984 2079
7984 2358
7984 2572
7984 2654
7984 2733
7984 2794
7984 3953
7984 3990
7984 5827
7984 5866
7984 6061
7984 6849
7984 6970
7984 7029
7984 7611
7984 7705
7984 7997
7984 8925
7984 9095
7984 9138
7984 9975
7984 10455
7984 10857
7984 10913
7984 10938
7984 10966
7984 11065
7984 11074
7984 11145
7984 11327
7984 11333
7984 11355
7984 11597
7984 11796
7984 11897
7984 12316
7984 12590
7984 12680
7984 12774
7984 12965
7984 13218
7984 13271
7984 13512
7984 13552
7984 14517
8019 2716
8019 8607
8019 9795
8052 77
8052 2359
8052 3344
8052 3680
8052 4274
8052 5583
8052 7161
8052 10455
8052 10708
8052 11935
8052 12939
8052 13499
8052 13602
8052 13971
8052 14017
8060 1556
8060 3165
8060 5357
8060 7151
8074 7967
8074 10323
8074 11054
8074 13815
8129 407
8129 5084
8129 5629
8129 5873
8129 6286
8129 7751
8129 8063
8129 10580
8129 10581
8129 10669
8129 10786
8129 12543
8129 13107
8129 13971
8129 14060
8134 476
8134 1085
8134 1135
8134 2277
8134 2716
8134 3005
8134 3301
8134 4210
8134 4296
8134 4694
8134 5464
8134 6720
8134 9099
8134 10360
8134 11086
8134 11158
8134 12894
8134 12939
8227 4474
8227 4645
8227 6928
8227 7896
8227 8273
8227 9642
8227 9818
8227 10013
8227 10090
8227 10374
8227 11521
8229 111
8229 871
8229 1109
8229 1544
8229 2342
8229 2755
8229 4550
8229 4923
8229 4986
8229 7761
8229 7806
8229 7925
8229 10329
8229 12856
8229 13107
8229 13644
8253 4626
8253 10374
8301 369
8301 2198
8301 2311
8301 3596
8301 4260
8301 6216
8301 7973
8301 9375
8301 12710
8301 13015
8301 13228
8301 13332
8365 5233
8365 6710
8365 8242
8365 9560
8365 11643
8365 11648
8425 11725
8449 338
8449 397
8449 425
8449 871
8449 896
8449 924
8449 1572
8449 2716
8449 3163
8449 3301
8449 4005
8449 6997
8449 7854
8449 8207
8449 9493
8449 9692
8449 9715
8449 10391
8449 10864
8449 11050
8449 11225
8449 11857
8449 12543
8449 13566
8449 14060
8450 111
8450 702
8450 704
8450 856
8450 3434
8450 3479
8450 3617
8450 4005
8450 4833
8450 5457
8450 5458
8450 5463
8450 5555
8450 5571
8450 5629
8450 6091
8450 6627
8450 7076
8450 7128
8450 7356
8450 7786
8450 8433
8450 8495
8450 8671
8450 8928
8450 9342
8450 9588
8450 9916
8450 9966
8450 10058
8450 10167
8450 13342
8450 13556
8465 338
8465 514
8465 751
8465 924
8465 1085
8465 1446
8465 1546
8465 1980
8465 2076
8465 2077
8465 2325
8465 3344
8465 3617
8465 4314
8465 4470
8465 5111
8465 6047
8465 6402
8465 7358
8465 8290
8465 9253
8465 9810
8465 10988
8465 11247
8465 13499
8465 14060
8481 1135
8481 2502
8481 2778
8481 3163
8481 5739
8481 6720
8481 8520
8481 12424
8485 178
8485 338
8485 2755
8485 2758
8485 2771
8485 2867
8485 3336
8485 4226
8485 4265
8485 5426
8485 6074
8485 6079
8485 9635
8494 79
8494 110
8494 407
8494 462
8494 1024
8494 1659
8494 2046
8494 2322
8494 2581
8494 2703
8494 2820
8494 2942
8494 3174
8494 3953
8494 5566
8494 5661
8494 6073
8494 6710
8494 6928
8494 6950
8494 6970
8494 6999
8494 7029
8494 7611
8494 7837
8494 7896
8494 8273
8494 8913
8494 9975
8494 10300
8494 10885
8494 11054
8494 11166
8494 11262
8494 11346
8494 11576
8494 11796
8494 12000
8494 12933
8494 13218
8494 14000
8595 2020
8677 338
8677 1202
8677 6065
8677 10061
8677 10346
8677 10892
8688 122
8688 534
8688 999
8688 1888
8688 1924
8688 2251
8688 2325
8688 2748
8688 3495
8688 3617
8688 4486
8688 5490
8688 5817
8688 7099
8688 9095
8688 9493
8688 10934
8688 11160
8688 11979
8688 13971
8688 14057
8688 14060
8688 14260
8690 6809
8690 7207
8690 9743
8690 12227
8692 5647
8692 7806
8694 122
8694 338
8694 367
8694 999
8694 1340
8694 5263
8694 5584
8694 6276
8694 7099
8694 8740
8694 10242
8694 11225
8694 11912
8694 13032
8694 13272
8694 13602
8694 14060
8695 1656
8695 2723
8695 3967
8695 7716
8695 10706
8695 10938
8695 13005
8695 13499
8695 13602
8695 13814
8695 13971
8695 14060
8696 129
8696 1692
8696 2615
8696 4227
8696 4229
8696 4548
8696 4549
8696 11277
8696 11856
8696 12035
8699 889
8699 1135
8699 9140
8699 9789
8699 13644
8723 3322
8723 5648
8723 6242
8723 6879
8723 8630
8723 8900
8723 9002
8723 9017
8723 9858
8723 9937
8723 11581
8723 12726
8723 14498
8767 406
8767 706
8767 1546
8767 7358
8767 9265
8767 12939
8775 9493
8775 11050
8775 12424
8775 12939
8826 11725
8855 1390
8855 3270
8855 11109
8855 11260
8855 11578
8887 12988
8969 11475
9219 4207
9330 4626
9330 5052
9330 8112
9330 9539
9330 12988
9420 6279
9420 9539
9461 2412
9461 4124
9461 7946
9478 488
9478 489
9478 646
9478 750
9478 1569
9478 2580
9478 3051
9478 3477
9478 4543
9478 5443
9478 5666
9478 6271
9478 6373
9478 6468
9478 6583
9478 6763
9478 6951
9478 7163
9478 7820
9478 10913
9478 11355
9478 11993
9478 12397
9478 12577
9478 12681
9478 12711
9478 12895
9478 13963
9478 14017
9480 369
9480 812
9480 1135
9480 1550
9480 2198
9480 2552
9480 2613
9480 3306
9480 3979
9480 8925
9480 9375
9480 9624
9480 9971
9480 10595
9480 11138
9480 12444
9480 12710
9480 13264
9480 13334
9499 11109
9499 11260
9499 12000
9535 111
9535 336
9535 407
9535 702
9535 856
9535 1566
9535 2342
9535 3479
9535 3789
9535 3939
9535 4932
9535 5084
9535 5457
9535 5458
9535 5517
9535 5555
9535 6290
9535 7128
9535 7332
9535 7356
9535 7859
9535 8420
9535 8495
9535 9205
9535 9588
9535 9966
9535 10058
9535 10158
9535 11979
9535 12319
9535 12849
9535 13107
9535 13971
9535 14060
9559 111
9559 407
9559 425
9559 896
9559 1538
9559 2204
9559 2502
9559 2619
9559 3950
9559 4005
9559 5463
9559 10030
9559 11106
9559 11279
9559 11979
9559 12003
9559 12543
9559 12768
9559 13971
9559 14060
9625 441
9625 1149
9625 1902
9625 12696
9657 5324
9657 9002
9675 238
9675 13032
9678 222
9678 1122
9678 2185
9678 3358
9678 7819
9678 8406
9820 6454
9820 7460
9820 12731
9820 13486
9926 6862
9926 7551
9926 7819
9926 8155
9926 8401
10063 1511
10063 2363
10063 2548
10063 4304
10063 7102
10063 8945
10129 85
10129 1331
10129 1572
10129 1859
10129 2187
10129 2609
10129 2614
10129 2655
10129 2686
10129 2793
10129 3051
10129 3070
10129 4173
10129 5841
10129 6179
10129 7163
10129 13963
10304 451
10304 503
10304 682
10304 1046
10304 1210
10304 1320
10304 1376
10304 1643
10304 1692
10304 1902
10304 2615
10304 2772
10304 3222
10304 3894
10304 5932
10304 7092
10304 8207
10304 9699
10304 10530
10304 11067
10304 11072
10304 11856
10304 12344
10304 12707
10304 13414
10304 13454
10304 13486
10304 13814
10367 406
10367 725
10367 749
10367 4852
10367 5345
10367 6058
10367 6763
10367 7182
10367 8956
10367 10455
10367 12115
10367 14284
10368 441
10368 522
10368 1692
10368 1873
10368 1969
10368 2215
10368 5160
10368 6974
10368 7092
10368 8207
10368 10530
10368 12497
10368 12696
10368 12709
10368 13740
10368 13814
10370 4759
10371 396
10371 757
10371 758
10371 907
10371 1486
10371 2173
10371 2925
10371 3051
10371 3681
10371 4585
10371 4852
10371 5029
10371 7161
10371 12003
10371 14525
10376 268
10376 1526
10376 2215
10376 2252
10376 4525
10376 4536
10376 5160
10376 6390
10376 7787
10376 7852
10376 7886
10376 9575
10376 10772
10376 11856
10376 11971
10376 12068
10377 77
10377 268
10377 322
10377 441
10377 488
10377 531
10377 534
10377 535
10377 646
10377 723
10377 743
10377 888
10377 1148
10377 1692
10377 1910
10377 2313
10377 2424
10377 2531
10377 2662
10377 2764
10377 3300
10377 3389
10377 3426
10377 3680
10377 3681
10377 3916
10377 3984
10377 4158
10377 4167
10377 4351
10377 4491
10377 4548
10377 4549
10377 4723
10377 4853
10377 5110
10377 5483
10377 5586
10377 5587
10377 5624
10377 6329
10377 6630
10377 6763
10377 7166
10377 7886
10377 7912
10377 8066
10377 8181
10377 8804
10377 8979
10377 9016
10377 9222
10377 9432
10377 9493
10377 9707
10377 10214
10377 10462
10377 10683
10377 11225
10377 12698
10377 13414
10377 13971
10377 14260
10377 14525
10379 1926
10379 2718
10379 2771
10379 2814
10379 3890
10379 4182
10379 6226
10379 6292
10379 8979
10379 9157
10379 10549
10379 10772
10379 12431
10379 12887
10379 13442
10379 13580
10379 13997
10421 406
10421 461
10421 538
10421 642
10421 660
10421 725
10421 727
10421 749
10421 753
10421 764
10421 1549
10421 2748
10421 3344
10421 5345
10421 5827
10421 6058
10421 6250
10421 7089
10421 7237
10421 8925
10421 10455
10421 10938
10421 11098
10421 11106
10421 11225
10421 11597
10421 13419
10421 13475
10421 13970
10421 14017
10421 14284
10421 14517
10421 14525
10423 211
10423 401
10423 451
10423 503
10423 1210
10423 1320
10423 1692
10423 1822
10423 1902
10423 2317
10423 2359
10423 2519
10423 2615
10423 2794
10423 3190
10423 3894
10423 6794
10423 7666
10423 10886
10423 10934
10423 11067
10423 11348
10423 11796
10423 12651
10423 12696
10423 12707
10423 12709
10423 13740
10423 13814
10431 891
10431 1464
10431 1544
10431 3328
10431 3626
10431 3840
10431 4260
10431 4532
10431 4533
10431 4550
10431 4786
10431 5614
10431 6115
10431 6216
10431 6572
10431 6724
10431 6954
10431 7705
10431 8179
10431 8215
10431 9088
10431 9138
10431 9225
10431 9972
10431 10463
10431 11138
10431 11154
10431 12590
10431 12680
10431 12710
10431 13015
10431 13112
10431 13299
10541 327
10541 1344
10541 1572
10541 2665
10541 2842
10541 4355
10541 5086
10541 12568
10545 2153
10545 11455
10599 1149
10599 2588
10599 2849
10599 3110
10599 3244
10599 3492
10599 4008
10599 6800
10599 7557
10599 7611
10599 8043
10599 10708
10599 11194
10599 13556
10599 14056
10602 519
10602 896
10602 990
10602 1519
10602 1671
10602 2192
10602 2665
10602 3070
10602 3896
10602 5324
10602 5588
10602 7295
10602 12907
10602 13055
10602 13409
10603 460
10603 700
10603 1139
10603 2450
10603 2548
10603 3244
10603 3492
10603 3984
10603 4545
10603 5489
10603 5605
10603 5943
10603 6555
10603 7966
10603 8043
10603 8284
10603 9706
10603 14056
10604 527
10604 751
10604 1344
10604 1601
10604 2177
10604 2416
10604 4173
10604 4357
10604 4467
10604 5324
10604 5604
10604 7733
10604 14024
10604 14083
10604 14088
10605 725
10605 749
10605 2368
10605 2619
10605 2748
10605 2890
10605 4852
10605 5345
10605 6058
10605 8956
10605 10455
10605 11098
10605 12115
10605 13005
10606 646
10606 2541
10606 3792
10606 4098
10606 5639
10606 6878
10606 7936
10606 8953
10606 12768
10606 12886
10606 12917
10606 14024
10607 451
10607 1680
10607 1782
10607 1939
10607 2861
10607 3190
10607 3492
10607 4536
10607 4545
10607 5519
10607 6555
10607 8586
10607 9924
10607 10988
10607 14059
10609 522
10609 1692
10609 1969
10609 2215
10609 3894
10609 5263
10609 6285
10609 7092
10609 10530
10609 10988
10609 11194
10609 11348
10609 12497
10609 12696
10609 13740
10609 13814
10634 77
10634 268
10634 322
10634 363
10634 425
10634 486
10634 488
10634 534
10634 535
10634 646
10634 718
10634 723
10634 743
10634 749
10634 751
10634 757
10634 764
10634 888
10634 890
10634 1149
10634 1638
10634 1692
10634 1910
10634 1921
10634 1924
10634 2159
10634 2187
10634 2282
10634 2368
10634 2495
10634 2584
10634 2615
10634 2662
10634 2764
10634 2880
10634 2965
10634 3029
10634 3045
10634 3134
10634 3300
10634 3389
10634 3426
10634 3680
10634 3681
10634 3768
10634 3984
10634 4101
10634 4151
10634 4158
10634 4167
10634 4262
10634 4351
10634 4491
10634 4548
10634 4549
10634 4565
10634 4723
10634 4759
10634 4853
10634 5088
10634 5185
10634 5288
10634 5445
10634 5464
10634 5586
10634 5587
10634 5624
10634 5653
10634 5827
10634 6058
10634 6229
10634 6276
10634 6329
10634 6347
10634 6414
10634 6464
10634 6586
10634 6630
10634 6748
10634 6763
10634 6974
10634 7161
10634 7166
10634 7182
10634 7701
10634 7711
10634 7716
10634 7886
10634 7912
10634 8110
10634 8181
10634 8254
10634 8312
10634 8372
10634 8851
10634 8873
10634 8979
10634 9016
10634 9222
10634 9224
10634 9432
10634 9493
10634 9630
10634 9707
10634 9761
10634 9765
10634 10214
10634 10462
10634 10683
10634 10706
10634 10988
10634 11175
10634 11225
10634 11452
10634 11749
10634 11897
10634 12002
10634 12215
10634 12497
10634 12709
10634 13310
10634 13414
10634 13486
10634 13971
10634 14263
10634 14525
10635 396
10635 461
10635 636
10635 757
10635 758
10635 1924
10635 2078
10635 2173
10635 2925
10635 3051
10635 3344
10635 3681
10635 6763
10635 7997
10635 10856
10635 11897
10635 12003
10635 12545
10635 14525
10647 268
10647 401
10647 441
10647 1345
10647 1692
10647 2079
10647 3768
10647 4525
10647 4536
10647 4610
10647 5160
10647 5288
10647 7654
10647 7852
10647 11856
10647 11971
10647 13486
10658 122
10658 7979
10658 14008
10659 4689
10659 5229
10664 4593
10665 3388
10665 7327
10666 122
10666 2558
10666 5850
10666 8868
10666 14009
10671 11529
10674 1460
10674 2558
10674 5229
10674 6934
10674 7454
10674 8802
10675 1458
10675 4665
10675 5850
10675 8868
10675 12710
10675 14009
10799 5272
10799 10372
10801 507
10801 3253
10801 4308
10801 6120
10801 6675
10801 7250
10801 7652
10801 8487
10801 8634
10801 9375
10801 10165
10862 28
10862 460
10862 887
10862 1046
10862 1376
10862 2215
10862 2438
10862 3290
10862 4468
10862 4653
10862 6759
10862 9596
10862 10886
10862 11179
10862 11796
10862 12497
10862 13414
10862 13454
10862 13486
10887 1014
10887 1318
10887 1419
10887 1607
10887 1638
10887 1822
10887 3125
10887 3376
10887 4101
10887 5459
10887 6031
10887 6681
10887 8088
10887 9787
10887 11065
10887 11179
10888 407
10888 665
10888 967
10888 1661
10888 1898
10888 1976
10888 2045
10888 2183
10888 2253
10888 2471
10888 4290
10888 5105
10888 5641
10888 5706
10888 6141
10888 6271
10888 6492
10888 6973
10888 8641
10888 8873
10888 11993
10888 12606
10889 503
10889 1066
10889 1210
10889 1375
10889 1607
10889 1642
10889 1692
10889 1822
10889 1873
10889 1902
10889 2849
10889 3190
10889 4545
10889 4993
10889 5387
10889 5839
10889 5840
10889 6285
10889 6339
10889 6478
10889 7084
10889 9596
10889 10886
10889 11065
10889 11067
10889 11179
10889 11856
10889 12706
10889 12707
10889 12731
10889 12869
10889 13414
10890 111
10890 163
10890 461
10890 489
10890 642
10890 644
10890 667
10890 735
10890 1913
10890 1924
10890 2580
10890 3358
10890 4565
10890 4727
10890 5092
10890 6141
10890 6271
10890 6468
10890 6717
10890 6849
10890 7163
10890 7546
10890 7554
10890 7964
10890 8641
10890 10702
10890 10856
10890 10913
10890 10938
10890 11106
10890 13419
10890 13514
10890 14033
10890 14517
10890 14525
10891 503
10891 1139
10891 1200
10891 2236
10891 3125
10891 3471
10891 4575
10891 4653
10891 4992
10891 5288
10891 5449
10891 6808
10891 9663
10891 13414
10894 527
10894 646
10894 764
10894 843
10894 890
10894 1913
10894 2973
10894 3035
10894 3260
10894 5046
10894 5509
10894 5624
10894 6468
10894 6717
10894 8083
10894 11106
10894 11597
10894 11993
10894 12694
10894 13419
10894 14263
10894 14491
10895 1374
10895 1376
10895 1787
10895 4653
10895 5110
10895 5465
10895 5519
10895 5983
10895 6785
10895 7654
10895 7865
10895 8043
10895 8181
10895 9179
10895 12731
10895 13414
10952 5233
10952 6710
10952 8242
10952 11648
10959 158
10959 1163
10959 9311
10959 12867
10959 12999
10959 14071
10980 367
10980 529
10980 2159
10980 3070
10980 3272
10980 3322
10980 4220
10980 4434
10980 5094
10980 7733
10980 8613
10980 9487
10980 10030
10980 12907
10999 1356
10999 2663
10999 4374
10999 4431
10999 5357
10999 6972
10999 8293
10999 8750
10999 9294
10999 9697
10999 11275
10999 13490
11016 375
11016 486
11016 530
11016 743
11016 1913
11016 3272
11016 3648
11016 4013
11016 5035
11016 5141
11016 5417
11016 5466
11016 6373
11016 7161
11016 8083
11016 10913
11016 12681
11016 12699
11016 14030
11032 564
11032 1200
11032 1376
11032 1410
11032 1532
11032 2942
11032 3222
11032 3984
11032 5519
11032 5840
11032 6759
11032 6785
11032 8586
11032 12497
11190 4485
11190 6193
11190 6480
11190 8460
11190 10236
11203 206
11203 656
11203 710
11203 798
11203 923
11203 959
11203 960
11203 1864
11203 1869
11203 1949
11203 2229
11203 2275
11203 2308
11203 2478
11203 2501
11203 2736
11203 2743
11203 2854
11203 3203
11203 3411
11203 3474
11203 4573
11203 4909
11203 5031
11203 5125
11203 5251
11203 5396
11203 5418
11203 5777
11203 6061
11203 6857
11203 8422
11203 8922
11203 9276
11203 9469
11203 10346
11203 10549
11203 10858
11203 11690
11203 11861
11203 12390
11203 12431
11203 13442
11203 14007
11256 1109
11256 1659
11256 2309
11256 4539
11256 6829
11256 6850
11256 9417
11256 10034
11256 11054
11256 13957
11264 9405
11264 9987
11294 407
11294 2682
11294 7009
11294 7786
11294 8825
11294 8840
11294 9026
11294 9138
11294 10387
11294 10470
11294 11923
11357 1162
11357 1163
11357 1923
11357 4164
11357 9024
11357 10060
11362 519
11362 820
11362 1671
11362 2097
11362 3607
11362 3697
11362 3730
11362 3732
11362 3734
11362 3736
11362 3759
11362 3860
11362 4120
11362 4872
11362 5231
11362 5997
11362 6666
11362 6668
11362 6724
11362 7173
11362 7786
11362 8319
11362 8702
11362 9012
11362 9238
11362 9304
11362 9528
11362 9600
11362 9658
11362 9916
11362 10213
11362 10347
11362 10350
11362 10463
11362 10474
11362 10764
11362 10815
11362 10879
11362 10927
11362 11040
11362 11453
11362 11579
11362 12333
11362 13556
11362 14024
11362 14059
11362 14072
11362 14089
11364 832
11364 1148
11364 1419
11364 1584
11364 1921
11364 1941
11364 2396
11364 2522
11364 2563
11364 2623
11364 2844
11364 2950
11364 3114
11364 3125
11364 3221
11364 3242
11364 3330
11364 3471
11364 3692
11364 3764
11364 3781
11364 4101
11364 4442
11364 4487
11364 4551
11364 4568
11364 4570
11364 4571
11364 4572
11364 4576
11364 4577
11364 4578
11364 4700
11364 4735
11364 4756
11364 4810
11364 4992
11364 5046
11364 5110
11364 5210
11364 5300
11364 5355
11364 5488
11364 5528
11364 5585
11364 5620
11364 5680
11364 5683
11364 5795
11364 5804
11364 5891
11364 5893
11364 6278
11364 6551
11364 6625
11364 6652
11364 6758
11364 6808
11364 6824
11364 6843
11364 6956
11364 7016
11364 7018
11364 7019
11364 7020
11364 7021
11364 7022
11364 7023
11364 7163
11364 7263
11364 7264
11364 7507
11364 7660
11364 7757
11364 7924
11364 8090
11364 8384
11364 8435
11364 8455
11364 8720
11364 8823
11364 8884
11364 8945
11364 8995
11364 9082
11364 9125
11364 9246
11364 9585
11364 9595
11364 9785
11364 10008
11364 10126
11364 10190
11364 10207
11364 10240
11364 10253
11364 10310
11364 10447
11364 10617
11364 10868
11364 11080
11364 11361
11364 11611
11364 11712
11364 11833
11364 11890
11364 12005
11364 12278
11364 12438
11364 12886
11364 13414
11431 1210
11431 1607
11431 1692
11431 2866
11431 3190
11431 3617
11431 4536
11431 4653
11431 5486
11431 6285
11431 7084
11431 11179
11431 11856
11431 11971
11431 12696
11431 12731
11432 660
11432 727
11432 749
11432 3358
11432 4565
11432 6849
11432 6951
11432 7182
11432 10702
11432 10913
11432 11597
11432 14525
11434 1148
11434 1419
11434 1607
11434 1778
11434 1822
11434 4101
11434 6031
11434 8455
11434 9787
11434 10447
11434 12869
11435 285
11435 662
11435 2844
11435 3114
11435 3221
11435 5060
11435 5641
11435 8254
11435 12886
11436 77
11436 460
11436 700
11436 990
11436 1139
11436 1414
11436 1671
11436 1726
11436 2216
11436 2232
11436 2363
11436 2416
11436 2445
11436 2793
11436 2842
11436 3320
11436 3598
11436 4008
11436 4173
11436 4220
11436 4309
11436 4906
11436 5035
11436 5486
11436 5489
11436 5604
11436 5605
11436 5702
11436 5808
11436 5835
11436 6001
11436 6168
11436 6335
11436 6800
11436 6813
11436 7002
11436 7295
11436 7632
11436 7716
11436 7730
11436 7848
11436 8015
11436 8068
11436 8144
11436 8220
11436 8382
11436 8383
11436 8384
11436 8544
11436 8640
11436 8693
11436 8789
11436 8888
11436 9385
11436 9471
11436 9706
11436 9780
11436 9799
11436 9800
11436 9947
11436 10008
11436 10052
11436 10168
11436 10243
11436 10331
11436 10708
11436 11040
11436 11042
11436 11354
11436 11380
11436 11401
11436 11408
11436 11409
11436 12131
11436 12133
11436 12426
11436 12727
11436 12738
11436 13556
11436 14056
11436 14072
11437 700
11437 1782
11437 3492
11437 3984
11437 6800
11437 7557
11437 11194
11437 13556
11437 14056
11437 14059
11516 3184
11516 3654
11516 8773
11516 9113
11516 9251
11516 12625
11516 13417
11531 589
11531 729
11531 1122
11531 1949
11531 3581
11531 4070
11531 6803
11531 7192
11531 8338
11531 8472
11531 9311
11531 9469
11531 11164
11531 11201
11531 11811
11531 12845
11531 14071
11531 14452
11684 1223
11684 2953
11684 4539
11684 6231
11684 6249
11684 6850
11684 9040
11684 9262
11684 9417
11684 9580
11684 9604
11684 9999
11684 10032
11684 10034
11684 11054
11684 11535
11684 11699
11684 12845
11684 13449
11684 13561
11684 13588
11708 369
11708 6934
11711 13032
11819 4833
11819 7471
11819 8120
11819 8714
11819 13112
11840 5052
11840 8112
11840 8936
11840 12988
11898 12999
11974 81
11974 163
11974 428
11974 461
11974 470
11974 473
11974 487
11974 527
11974 661
11974 663
11974 722
11974 725
11974 727
11974 749
11974 1294
11974 1549
11974 2619
11974 2733
11974 2748
11974 2890
11974 4852
11974 5827
11974 6058
11974 6411
11974 6849
11974 6950
11974 6970
11974 7029
11974 7089
11974 7161
11974 7237
11974 7600
11974 8925
11974 8956
11974 10455
11974 10913
11974 10931
11974 10938
11974 11098
11974 11167
11974 11313
11974 11333
11974 11346
11974 11355
11974 11597
11974 11913
11974 11937
11974 12115
11974 12533
11974 12554
11974 12568
11974 12577
11974 12846
11974 13218
11974 13271
11974 13963
11974 14017
11974 14284
11974 14517
12018 406
12018 425
12018 1464
12018 4533
12018 12249
12031 1084
12031 2097
12031 2331
12031 2471
12031 2993
12031 4979
12031 5949
12031 6661
12031 6962
12031 7362
12031 7390
12031 7396
12031 7786
12031 8093
12031 8187
12031 8386
12031 8554
12031 8866
12031 9485
12031 9700
12031 10209
12031 10213
12031 10382
12031 10489
12031 10759
12031 11235
12031 11417
12031 12376
12031 12746
12031 12751
12033 530
12033 724
12033 1192
12033 1677
12033 1859
12033 3134
12033 3330
12033 3569
12033 4570
12033 5141
12033 5620
12033 7263
12033 7264
12033 7879
12033 9015
12033 10030
12033 13055
12042 1752
12042 1782
12042 1982
12042 2090
12042 2538
12042 2665
12042 2780
12042 2797
12042 4633
12042 4761
12042 5318
12042 5476
12042 5477
12042 5949
12042 7009
12042 7083
12042 7945
12042 8153
12042 9098
12042 14000
12055 3469
12055 3629
12055 4566
12055 8739
12055 8825
12055 8840
12055 10435
12055 12186
12055 13305
12080 107
12080 337
12080 418
12080 1582
12080 2194
12080 2579
12080 4307
12080 7540
12119 757
12119 2368
12121 5791
12127 5017
12170 12731
12170 13310
12171 2615
12171 4189
12171 4548
12171 6031
12171 9526
12171 9918
12171 11072
12172 6425
12404 286
12404 2663
12404 2672
12404 6829
12404 9417
12404 10034
12506 2993
12506 4979
12506 5949
12506 8401
12506 11477
12506 12376
12507 460
12507 1046
12507 1822
12507 4194
12507 4545
12507 5288
12507 5486
12507 6785
12507 7363
12507 7628
12507 9179
12507 11050
12507 12894
12507 13594
12508 104
12508 298
12508 327
12508 450
12508 1713
12508 1782
12508 1939
12508 3931
12508 4367
12508 4545
12508 6061
12508 6079
12508 6179
12508 7828
12508 10061
12508 12774
12508 13442
12508 14057
12559 5017
12559 8757
12560 406
12560 425
12560 702
12560 704
12560 856
12560 1464
12560 1651
12560 2654
12560 3739
12560 3789
12560 3948
12560 4089
12560 4532
12560 4533
12560 4550
12560 4766
12560 5187
12560 5873
12560 6627
12560 7128
12560 7719
12560 7786
12560 8063
12560 8107
12560 8313
12560 9138
12560 9986
12560 10058
12560 10435
12560 10855
12560 11028
12560 11074
12560 11160
12560 11245
12560 11358
12560 12249
12560 12319
12560 12333
12560 12868
12560 13112
12560 13271
12560 13299
12560 13552
12560 13942
12561 204
12561 1241
12561 3450
12561 8404
12561 9975
12561 10249
12561 10915
12562 5672
12562 6662
12562 6663
12562 7236
12562 7395
12562 7492
12562 7844
12562 7913
12562 7917
12562 7962
12562 8014
12562 8032
12562 8035
12562 8042
12562 8072
12562 8131
12562 8133
12562 8367
12562 8588
12562 8753
12562 9366
12562 9390
12562 9451
12562 9452
12562 9601
12562 9628
12562 11114
12562 11148
12562 11309
12562 11715
12562 12126
12562 12223
12566 4713
12567 2311
12567 2619
12567 3717
12567 5017
12567 5614
12567 6572
12567 6740
12567 6881
12567 9907
12567 12710
12567 13264
12569 451
12569 503
12569 522
12569 887
12569 995
12569 1013
12569 1014
12569 1016
12569 1046
12569 1210
12569 1375
12569 1376
12569 1643
12569 1822
12569 1902
12569 1969
12569 2215
12569 2358
12569 2740
12569 2772
12569 2794
12569 4536
12569 5263
12569 6061
12569 6285
12569 7092
12569 7670
12569 8207
12569 9699
12569 10530
12569 10886
12569 10988
12569 11067
12569 11327
12569 11348
12569 11796
12569 11856
12569 12344
12569 12542
12569 12696
12569 12706
12569 12707
12569 12765
12569 12869
12569 12894
12569 13265
12569 13414
12569 13454
12569 13558
12569 13740
12570 6533
12570 10813
12570 11489
12570 12408
12571 198
12571 319
12571 395
12571 396
12571 406
12571 486
12571 489
12571 636
12571 642
12571 644
12571 1572
12571 1924
12571 2173
12571 2184
12571 2255
12571 2368
12571 2570
12571 2925
12571 3051
12571 3344
12571 3681
12571 3990
12571 4155
12571 4234
12571 4542
12571 5029
12571 5085
12571 5086
12571 5092
12571 5094
12571 5241
12571 5827
12571 5841
12571 5913
12571 5915
12571 5921
12571 6849
12571 7161
12571 7997
12571 8925
12571 9095
12571 11897
12571 12545
12571 12681
12571 14017
12572 268
12572 363
12572 441
12572 887
12572 1065
12572 1066
12572 1345
12572 1525
12572 1546
12572 1744
12572 2235
12572 2252
12572 2595
12572 2942
12572 3167
12572 3290
12572 3768
12572 4227
12572 4525
12572 4545
12572 4993
12572 5160
12572 5609
12572 5839
12572 5840
12572 7787
12572 10886
12572 11493
12572 11971
12572 12023
12572 12035
12572 12068
12572 13414
12572 13486
12573 140
12573 171
12573 316
12573 577
12573 656
12573 696
12573 710
12573 798
12573 882
12573 923
12573 1103
12573 1143
12573 1281
12573 1582
12573 1785
12573 1795
12573 1807
12573 1838
12573 1864
12573 1949
12573 2228
12573 2403
12573 2404
12573 2579
12573 2636
12573 2703
12573 2709
12573 2718
12573 2743
12573 2749
12573 2854
12573 3474
12573 4182
12573 4184
12573 4264
12573 4265
12573 4573
12573 4616
12573 5396
12573 5418
12573 6061
12573 6405
12573 8472
12573 9198
12573 9469
12573 9635
12573 10196
12573 10549
12573 10821
12573 11507
12573 12012
12573 12431
12573 13460
12573 13580
12574 204
12574 296
12574 7946
12574 8120
12574 8334
12575 2557
12575 4394
12575 5459
12575 5944
12575 6841
12575 7934
12575 9975
12575 10696
12575 14087
12576 588
12576 3694
12576 3824
12576 5180
12576 5871
12576 5989
12576 5999
12576 8115
12576 8158
12576 8213
12576 8737
12576 8982
12576 9011
12576 9044
12576 9131
12576 9171
12576 9182
12576 9496
12576 9712
12576 9891
12576 9930
12576 10081
12576 10194
12576 10256
12576 10419
12576 11174
12576 11802
12576 12020
12578 1053
12578 3821
12578 4358
12578 6162
12578 6533
12578 7668
12578 7918
12578 9088
12578 9192
12578 10579
12578 12319
12579 451
12579 634
12579 891
12579 1368
12579 1486
12579 2309
12579 2311
12579 3345
12579 4089
12579 4374
12579 4532
12579 4533
12579 4786
12579 5187
12579 6012
12579 6508
12579 6724
12579 6937
12579 7665
12579 7806
12579 7956
12579 8215
12579 8361
12579 8400
12579 8773
12579 8951
12579 9041
12579 9052
12579 9056
12579 9789
12579 10047
12579 10669
12579 11154
12579 11245
12579 13112
12579 13234
12579 13941
12580 171
12580 425
12580 619
12580 1135
12580 2666
12580 3079
12580 4532
12580 4533
12580 4656
12580 4944
12580 5187
12580 6365
12580 7936
12580 8215
12580 8362
12580 8386
12580 8863
12580 9056
12580 9113
12580 9204
12580 9624
12580 9972
12580 10047
12580 11245
12580 12625
12580 12892
12595 4170
12595 4358
12595 4662
12595 4770
12595 5192
12595 6506
12595 6736
12595 8627
12595 10820
12595 11113
12595 11224
12595 11529
12595 11701
12595 12277
12597 111
12597 508
12597 1455
12597 1464
12597 1734
12597 2270
12597 2656
12597 3305
12597 3482
12597 3826
12597 3948
12597 3985
12597 4389
12597 4532
12597 4533
12597 4550
12597 5187
12597 5473
12597 5873
12597 5922
12597 6724
12597 6954
12597 8215
12597 8361
12597 8896
12597 9138
12597 9225
12597 9972
12597 10855
12597 11024
12597 11074
12597 11160
12597 11245
12597 11655
12597 12333
12597 12590
12597 12623
12597 12624
12597 12680
12597 12710
12597 12867
12597 12868
12597 12999
12597 13015
12597 13112
12597 13299
12597 13369
12597 13417
12597 13942
12597 14105
12635 382
12635 3977
12635 6567
12635 7736
12635 9750
12635 9975
12635 10990
12635 13131
12740 7471
12740 12683
12745 1570
12745 11158
12745 12587
12844 1162
12844 1163
12844 6402
12844 10934
12844 11979
12844 13272
12844 13971
12920 4943
12945 2851
12945 8339
12945 9574
12945 10357
13206 3804
13206 5873
13206 5982
13206 6489
13206 7308
13206 10163
13206 11742
13425 87
13425 140
13425 142
13425 337
13425 542
13425 656
13425 1103
13425 1281
13425 1582
13425 1940
13425 1949
13425 1970
13425 1981
13425 2050
13425 2579
13425 2743
13425 2781
13425 3336
13425 3550
13425 4184
13425 4265
13425 4307
13425 4969
13425 5023
13425 6173
13425 6404
13425 6405
13425 7540
13425 8658
13425 9035
13425 9644
13425 9934
13425 10315
13425 10493
13425 10640
13425 10821
13425 13358
13503 2043
13551 11576
13565 85
13565 114
13565 336
13565 369
13565 382
13565 462
13565 820
13565 899
13565 1124
13565 1205
13565 1492
13565 1566
13565 1598
13565 1738
13565 1751
13565 1799
13565 1898
13565 1939
13565 1967
13565 2191
13565 2208
13565 2733
13565 2831
13565 2837
13565 3030
13565 3031
13565 3064
13565 3130
13565 3165
13565 3323
13565 3574
13565 3691
13565 3750
13565 3856
13565 4207
13565 4367
13565 4711
13565 5266
13565 5342
13565 5456
13565 5517
13565 5794
13565 6260
13565 6326
13565 6370
13565 6777
13565 7009
13565 7225
13565 7391
13565 7610
13565 7645
13565 7675
13565 8291
13565 8362
13565 8495
13565 8538
13565 8633
13565 8727
13565 8809
13565 9138
13565 9235
13565 9661
13565 10072
13565 10436
13565 11147
13565 11263
13565 11358
13565 11479
13565 11999
13565 12351
13565 12362
13565 12587
13565 12598
13565 12599
13565 12828
13565 13247
13565 13248
13565 13249
13565 13251
13565 13256
13565 13386
13565 13409
13565 13468
13565 14000
13565 14028
13965 1053
13965 3277
13965 3833
13965 4831
13965 7508
13965 8150
13965 8495
13965 10287
13965 10321
13965 10445
13965 10623
13965 10804
13965 10871
13965 11246
