14541 14541 204
113 5081
122 2227
124 2227
137 2227
167 2227
238 10386
309 2227
309 10386
338 2227
425 10386
441 2227
476 2227
510 1934
510 10386
514 10386
563 2227
722 2227
732 2227
845 2227
917 2227
1097 2227
1364 2227
1368 2227
1549 2227
1596 2227
1656 2227
1668 2227
1742 2227
1769 2227
1862 10386
1919 1934
1932 1934
1933 1934
1946 2227
2060 5081
2126 2227
2159 2227
2179 1934
2258 10386
2265 2227
2266 10386
2325 2227
2342 2227
2349 2227
2363 10386
2373 1934
2383 1934
2417 1934
2435 1934
2474 2227
2541 2227
2572 2227
2705 2227
2715 1934
2718 2227
2723 2227
2739 2227
2748 2227
2837 2227
2894 1934
2936 1934
2945 2227
2959 10386
2985 10386
3029 10386
3088 2227
3116 10386
3135 2227
3203 2227
3390 2227
3497 2227
3531 2227
3865 2227
3890 10386
3914 2227
3929 2227
3950 2227
3990 2227
4012 5081
4069 5081
4077 2227
4197 2227
4377 1934
4426 2227
4486 5081
4665 2227
4713 2227
5075 1934
5107 2227
5136 1934
5155 2227
5236 2227
5454 2227
5455 10386
5639 2227
5787 10386
5817 2227
5818 1934
5907 374
6003 1934
6005 1934
6013 1934
6069 2227
6092 1934
6122 2227
6263 5081
6296 10386
6398 2227
6471 2227
6474 10386
6487 1934
6652 10386
6675 2227
6744 2227
6752 1934
6838 2227
6847 2227
6926 1934
6997 2227
7009 374
7052 2227
7193 2227
7208 2227
7214 2227
7334 1934
7448 1934
7652 2227
7722 10386
7740 2227
7781 2227
7813 2227
7814 2227
8156 1934
8273 2227
8606 2227
8634 2227
8710 2227
8719 2227
8734 2227
8757 2227
9138 2227
9248 2227
9268 5081
9500 2227
9566 2227
9566 10386
9758 2227
10030 2227
10036 2227
10181 2227
10202 1934
10219 2227
10346 2227
10825 1934
10886 2227
10934 2227
10938 2227
10988 2227
11074 2227
11098 2227
11158 2227
11355 2227
11430 2227
11493 2227
11507 2227
11534 2227
11588 2227
11736 5081
11784 2227
11843 1934
11971 2227
11979 2227
12008 1934
12023 2227
12165 2227
12543 2227
12593 2227
12611 2227
12706 2227
12895 2227
12897 2227
12965 2227
13005 2227
13085 2227
13107 2227
13214 2227
13265 5081
13272 10386
13409 2227
13431 10386
13463 2227
13486 2227
13512 2227
13572 2227
13592 10386
13602 2227
13814 2227
13820 2227
13973 2227
14056 2227
14083 2227
14099 2227
14112 2227
14306 2227
