14541 14541 2622
430 590
430 2256
430 5635
430 5851
430 6544
430 7366
430 8136
430 8901
430 8915
430 9084
430 9107
430 9226
430 9808
430 10416
430 11338
430 11465
430 11524
430 12011
430 12770
936 5851
936 10416
936 11524
936 12910
981 477
981 2070
981 2256
981 3152
981 5635
981 6544
981 7413
981 8178
981 8605
981 8901
981 8960
981 9084
981 9594
981 9808
981 10079
981 10416
981 11338
981 11523
981 11524
981 12011
981 12930
981 13007
1022 440
1022 477
1022 523
1022 579
1022 716
1022 1315
1022 2070
1022 3152
1022 4488
1022 5190
1022 5633
1022 5635
1022 5851
1022 5887
1022 6176
1022 6543
1022 6544
1022 6545
1022 6552
1022 6559
1022 6579
1022 6581
1022 7413
1022 7734
1022 8092
1022 8136
1022 8502
1022 8518
1022 8901
1022 8960
1022 9079
1022 9084
1022 9107
1022 9120
1022 9122
1022 9164
1022 9220
1022 9226
1022 9584
1022 9808
1022 9812
1022 9834
1022 10416
1022 10582
1022 10823
1022 11338
1022 11465
1022 11523
1022 11524
1022 11537
1022 12011
1022 12742
1022 12770
1022 12910
1022 13209
1094 440
1094 477
1094 2012
1094 2070
1094 2197
1094 2220
1094 2273
1094 5635
1094 5714
1094 5851
1094 6136
1094 6176
1094 6544
1094 8092
1094 8136
1094 8151
1094 8502
1094 8518
1094 8901
1094 8949
1094 9084
1094 9107
1094 9122
1094 9226
1094 9808
1094 9812
1094 10416
1094 10823
1094 11338
1094 11465
1094 11523
1094 11524
1094 11537
1094 12011
1094 12770
1094 12910
1094 13007
1094 13209
1101 523
1101 579
1101 2273
1101 4488
1101 5635
1101 5714
1101 5851
1101 6544
1101 6581
1101 7120
1101 8502
1101 8901
1101 8915
1101 9084
1101 9164
1101 9808
1101 9812
1101 9821
1101 10416
1101 11338
1101 11523
1101 11524
1101 12011
1101 12770
1101 13018
1290 477
1290 523
1290 561
1290 571
1290 579
1290 587
1290 596
1290 599
1290 618
1290 716
1290 745
1290 1083
1290 1089
1290 1248
1290 1315
1290 2012
1290 2070
1290 2158
1290 2172
1290 2180
1290 2188
1290 2197
1290 2220
1290 2465
1290 2966
1290 3152
1290 3802
1290 3818
1290 4483
1290 4488
1290 4507
1290 5635
1290 5662
1290 5687
1290 5701
1290 5714
1290 5728
1290 5851
1290 5864
1290 5887
1290 6136
1290 6157
1290 6163
1290 6544
1290 6545
1290 6552
1290 6559
1290 6579
1290 7120
1290 7136
1290 7413
1290 7436
1290 7441
1290 7737
1290 7760
1290 7766
1290 7769
1290 7774
1290 7775
1290 7807
1290 8023
1290 8136
1290 8142
1290 8151
1290 8159
1290 8174
1290 8176
1290 8178
1290 8502
1290 8505
1290 8514
1290 8523
1290 8542
1290 8591
1290 8901
1290 8915
1290 8949
1290 9079
1290 9084
1290 9164
1290 9208
1290 9211
1290 9217
1290 9239
1290 9468
1290 9542
1290 9581
1290 9582
1290 9584
1290 9586
1290 9594
1290 9808
1290 9812
1290 9821
1290 9834
1290 9837
1290 9913
1290 10108
1290 10110
1290 10416
1290 10543
1290 10823
1290 10918
1290 11338
1290 11465
1290 11520
1290 11522
1290 11523
1290 11524
1290 11533
1290 11537
1290 12011
1290 12742
1290 12799
1290 12910
1290 12930
1290 12990
1290 13007
1290 13016
1290 13018
1290 13209
1290 13401
1422 523
1422 579
1422 2070
1422 2256
1422 5190
1422 5635
1422 6544
1422 7120
1422 7366
1422 7413
1422 7766
1422 8136
1422 8502
1422 8901
1422 8915
1422 9084
1422 9107
1422 9122
1422 9226
1422 9468
1422 9812
1422 10416
1422 11338
1422 11465
1422 11523
1422 11524
1422 11537
1422 12011
1422 12770
1608 440
1608 477
1608 2070
1608 2197
1608 5190
1608 5635
1608 5714
1608 5851
1608 6544
1608 6559
1608 6579
1608 7120
1608 7366
1608 7760
1608 7775
1608 8092
1608 8136
1608 8174
1608 8502
1608 8518
1608 8901
1608 8960
1608 9084
1608 9107
1608 9808
1608 9837
1608 9913
1608 9932
1608 10416
1608 10823
1608 11338
1608 11520
1608 11523
1608 11524
1608 11533
1608 11537
1608 12770
1608 12910
1608 12930
1608 13007
1608 13209
1703 440
1703 477
1703 523
1703 568
1703 579
1703 1315
1703 2012
1703 2070
1703 2197
1703 2256
1703 3152
1703 3818
1703 4488
1703 5190
1703 5633
1703 5635
1703 5714
1703 5851
1703 6136
1703 6176
1703 6544
1703 6552
1703 6581
1703 7120
1703 7366
1703 7413
1703 8092
1703 8142
1703 8502
1703 8518
1703 8523
1703 8605
1703 8901
1703 8915
1703 9084
1703 9107
1703 9122
1703 9164
1703 9220
1703 9226
1703 9594
1703 9808
1703 9812
1703 9821
1703 9913
1703 10416
1703 10823
1703 11338
1703 11523
1703 11524
1703 11537
1703 12011
1703 12770
1703 13007
1703 13016
1703 13018
1977 477
1977 562
1977 579
1977 596
1977 620
1977 716
1977 1083
1977 1089
1977 2012
1977 2070
1977 2197
1977 2220
1977 2256
1977 3152
1977 4483
1977 4514
1977 4609
1977 5190
1977 5633
1977 5635
1977 5714
1977 5851
1977 5864
1977 6136
1977 6543
1977 6544
1977 6545
1977 6552
1977 6559
1977 6581
1977 7366
1977 7401
1977 7413
1977 7436
1977 7447
1977 7732
1977 7766
1977 7769
1977 7774
1977 7807
1977 8023
1977 8092
1977 8136
1977 8142
1977 8151
1977 8502
1977 8518
1977 8867
1977 8901
1977 8915
1977 8949
1977 8960
1977 9079
1977 9084
1977 9107
1977 9122
1977 9164
1977 9226
1977 9468
1977 9582
1977 9594
1977 9808
1977 9812
1977 9834
1977 9913
1977 10105
1977 10110
1977 10416
1977 10823
1977 11338
1977 11465
1977 11520
1977 11523
1977 11524
1977 11537
1977 12011
1977 12742
1977 12770
1977 12805
1977 12910
1977 13007
1977 13119
1977 13209
2511 440
2511 477
2511 2070
2511 2071
2511 2197
2511 4471
2511 5190
2511 5633
2511 5635
2511 5714
2511 6063
2511 6544
2511 7120
2511 7367
2511 8092
2511 8136
2511 8502
2511 8605
2511 8901
2511 8915
2511 9084
2511 9107
2511 9808
2511 9913
2511 9990
2511 10416
2511 10823
2511 11338
2511 11465
2511 11523
2511 11524
2511 11537
2511 12011
2511 12770
2511 12910
2511 13007
2511 13209
3060 5190
3060 5635
3060 8136
3060 8901
3060 9107
3060 9808
3060 10416
3060 11523
3060 11524
3060 11537
3060 12011
3060 13209
3098 477
3098 579
3098 716
3098 745
3098 1083
3098 1089
3098 2070
3098 2256
3098 5190
3098 5635
3098 5851
3098 6136
3098 6544
3098 7366
3098 7413
3098 7766
3098 7769
3098 8136
3098 8502
3098 8518
3098 8901
3098 8915
3098 9084
3098 9107
3098 9122
3098 9226
3098 9468
3098 9812
3098 10416
3098 10918
3098 11338
3098 11465
3098 11523
3098 11524
3098 11537
3098 12011
3098 12742
3098 12770
3098 12805
3098 12910
3098 13007
3098 13016
3098 13209
3980 440
3980 2070
3980 2071
3980 3152
3980 5190
3980 5635
3980 5851
3980 6544
3980 6581
3980 8136
3980 8502
3980 8901
3980 8915
3980 9084
3980 9107
3980 9122
3980 9164
3980 9226
3980 9808
3980 9812
3980 9821
3980 10416
3980 11523
3980 11524
3980 11533
3980 11537
3980 12011
3980 12770
3980 13018
4102 477
4102 579
4102 2012
4102 5635
4102 5714
4102 5851
4102 6136
4102 6544
4102 8136
4102 8142
4102 8605
4102 8901
4102 9084
4102 9107
4102 9164
4102 9808
4102 9812
4102 9913
4102 10416
4102 10582
4102 10823
4102 11338
4102 11520
4102 11523
4102 11524
4102 11537
4102 12011
4102 12770
4102 13209
5179 477
5179 579
5179 2012
5179 2158
5179 4488
5179 5635
5179 5687
5179 5701
5179 5851
5179 6136
5179 6163
5179 6544
5179 7737
5179 7774
5179 8092
5179 8142
5179 8502
5179 8587
5179 8915
5179 9084
5179 9107
5179 9164
5179 9216
5179 9808
5179 9837
5179 10416
5179 10823
5179 11338
5179 11465
5179 11524
5179 11537
5179 12011
5179 12742
5179 12910
5179 12918
5179 13007
5337 440
5337 5635
5337 5851
5337 6545
5337 8092
5337 8542
5337 9084
5337 9164
5337 9808
5337 10416
5337 11338
5337 11465
5337 11523
5337 11524
5337 12910
5337 13007
5341 440
5341 477
5341 523
5341 579
5341 618
5341 1315
5341 2012
5341 2197
5341 2256
5341 4488
5341 5635
5341 5714
5341 5851
5341 6136
5341 6176
5341 6544
5341 6559
5341 6579
5341 7120
5341 7433
5341 7774
5341 8092
5341 8136
5341 8176
5341 8502
5341 8514
5341 8518
5341 8901
5341 8915
5341 8960
5341 9084
5341 9107
5341 9164
5341 9216
5341 9220
5341 9594
5341 9808
5341 9812
5341 9821
5341 9913
5341 10416
5341 10582
5341 10823
5341 11465
5341 11520
5341 11523
5341 11524
5341 11537
5341 12011
5341 12742
5341 12770
5341 12910
5341 13007
5341 13018
5700 440
5700 477
5700 2070
5700 2256
5700 3208
5700 5635
5700 5714
5700 5851
5700 6544
5700 6552
5700 6579
5700 7120
5700 7433
5700 7774
5700 8178
5700 8502
5700 8901
5700 9084
5700 9107
5700 9122
5700 9226
5700 9584
5700 9586
5700 9808
5700 9812
5700 10416
5700 10918
5700 11338
5700 11465
5700 11523
5700 11524
5700 12011
5700 12770
5700 12805
5700 12910
5700 13007
5774 10416
5859 440
5859 477
5859 523
5859 571
5859 579
5859 583
5859 587
5859 591
5859 596
5859 618
5859 620
5859 716
5859 1089
5859 1248
5859 1315
5859 2012
5859 2070
5859 2128
5859 2158
5859 2172
5859 2196
5859 2197
5859 2220
5859 2256
5859 2465
5859 2966
5859 3095
5859 3117
5859 3152
5859 3785
5859 3818
5859 4483
5859 4488
5859 4495
5859 5190
5859 5243
5859 5633
5859 5635
5859 5662
5859 5687
5859 5701
5859 5714
5859 5734
5859 5851
5859 5864
5859 6136
5859 6157
5859 6163
5859 6176
5859 6543
5859 6544
5859 6545
5859 6552
5859 6559
5859 6579
5859 6581
5859 7120
5859 7366
5859 7367
5859 7401
5859 7413
5859 7433
5859 7441
5859 7699
5859 7737
5859 7760
5859 7766
5859 7767
5859 7769
5859 7774
5859 7775
5859 7807
5859 8023
5859 8092
5859 8142
5859 8159
5859 8176
5859 8502
5859 8505
5859 8514
5859 8518
5859 8523
5859 8583
5859 8587
5859 8591
5859 8901
5859 8915
5859 8949
5859 8960
5859 9084
5859 9107
5859 9122
5859 9164
5859 9210
5859 9216
5859 9217
5859 9226
5859 9468
5859 9581
5859 9584
5859 9586
5859 9594
5859 9808
5859 9812
5859 9821
5859 9837
5859 9913
5859 9932
5859 10108
5859 10416
5859 10823
5859 10918
5859 11338
5859 11465
5859 11520
5859 11522
5859 11523
5859 11524
5859 11533
5859 11537
5859 12011
5859 12244
5859 12742
5859 12770
5859 12805
5859 12910
5859 12918
5859 12930
5859 12990
5859 12998
5859 13007
5859 13016
5859 13018
5859 13119
6124 523
6124 579
6124 716
6124 2070
6124 2197
6124 2256
6124 3152
6124 4483
6124 4488
6124 5190
6124 5498
6124 5635
6124 5851
6124 6136
6124 6544
6124 6579
6124 6581
6124 7120
6124 7413
6124 7774
6124 8023
6124 8136
6124 8142
6124 8151
6124 8174
6124 8178
6124 8502
6124 8583
6124 8901
6124 8915
6124 9107
6124 9164
6124 9211
6124 9226
6124 9468
6124 9584
6124 9594
6124 9812
6124 9821
6124 9913
6124 10416
6124 10823
6124 11338
6124 11520
6124 11522
6124 11523
6124 11524
6124 11533
6124 11537
6124 12011
6124 12742
6124 12770
6124 12998
6124 13007
6124 13016
6124 13018
6124 13119
6124 13209
6211 440
6211 477
6211 523
6211 579
6211 2012
6211 2070
6211 2197
6211 2220
6211 2256
6211 3152
6211 4483
6211 4495
6211 4514
6211 5190
6211 5633
6211 5635
6211 5714
6211 5851
6211 6136
6211 6176
6211 6544
6211 6552
6211 6579
6211 7120
6211 7366
6211 7367
6211 7413
6211 7760
6211 7766
6211 7774
6211 8092
6211 8136
6211 8151
6211 8502
6211 8518
6211 8901
6211 8915
6211 8960
6211 9084
6211 9107
6211 9122
6211 9164
6211 9226
6211 9468
6211 9584
6211 9808
6211 9812
6211 9821
6211 9837
6211 9913
6211 10416
6211 10582
6211 10823
6211 11338
6211 11465
6211 11520
6211 11523
6211 11524
6211 11533
6211 11537
6211 12011
6211 12742
6211 12770
6211 12910
6211 13007
6211 13018
6211 13209
6288 477
6288 2256
6288 2426
6288 5635
6288 6136
6288 6543
6288 8023
6288 8136
6288 8502
6288 8605
6288 8901
6288 8915
6288 9084
6288 9164
6288 9468
6288 9594
6288 9808
6288 10079
6288 11524
6288 11537
6288 12011
6288 12930
6288 13007
6288 13209
6538 477
6538 579
6538 591
6538 1315
6538 2012
6538 2070
6538 2197
6538 3152
6538 4483
6538 4495
6538 5190
6538 5633
6538 5635
6538 5714
6538 5851
6538 6136
6538 6544
6538 6545
6538 6552
6538 6579
6538 7120
6538 7366
6538 7413
6538 8136
6538 8502
6538 8518
6538 8901
6538 8915
6538 9084
6538 9122
6538 9164
6538 9468
6538 9594
6538 9808
6538 9812
6538 9913
6538 10416
6538 10823
6538 11338
6538 11465
6538 11523
6538 11524
6538 11533
6538 12011
6538 12910
6538 13007
6612 579
6612 2070
6612 2071
6612 5190
6612 5635
6612 7366
6612 8136
6612 8901
6612 9107
6612 9122
6612 10416
6612 11523
6612 11524
6612 11537
7145 477
7145 523
7145 579
7145 716
7145 1248
7145 1315
7145 2012
7145 2158
7145 2188
7145 2196
7145 2966
7145 3152
7145 4483
7145 4488
7145 5635
7145 5677
7145 5714
7145 5736
7145 5851
7145 6136
7145 6544
7145 6545
7145 6579
7145 6581
7145 7120
7145 7366
7145 7699
7145 7766
7145 7769
7145 8023
7145 8136
7145 8142
7145 8151
7145 8178
7145 8502
7145 8523
7145 8583
7145 8901
7145 8915
7145 9084
7145 9107
7145 9164
7145 9211
7145 9216
7145 9581
7145 9584
7145 9594
7145 9808
7145 9812
7145 9821
7145 9913
7145 10416
7145 10823
7145 11338
7145 11520
7145 11523
7145 11524
7145 11533
7145 11537
7145 12011
7145 12244
7145 12742
7145 12771
7145 12918
7145 12990
7145 12998
7145 13007
7145 13016
7145 13018
7145 13119
8795 440
8795 477
8795 523
8795 579
8795 2070
8795 2256
8795 3208
8795 4483
8795 4488
8795 5190
8795 5635
8795 5714
8795 5851
8795 6136
8795 6544
8795 6552
8795 6579
8795 6581
8795 7120
8795 7366
8795 7413
8795 7766
8795 7807
8795 8023
8795 8136
8795 8502
8795 8518
8795 8901
8795 8915
8795 9084
8795 9107
8795 9122
8795 9210
8795 9216
8795 9217
8795 9220
8795 9226
8795 9468
8795 9594
8795 9808
8795 9812
8795 9821
8795 10416
8795 10823
8795 11338
8795 11465
8795 11520
8795 11523
8795 11524
8795 11537
8795 12011
8795 12770
8795 12910
8795 12930
8795 13007
8795 13016
8795 13018
8795 13209
8904 10416
8904 11465
8962 440
8962 477
8962 523
8962 579
8962 716
8962 1089
8962 1315
8962 2070
8962 2071
8962 2158
8962 2197
8962 2256
8962 2273
8962 4488
8962 4495
8962 5190
8962 5635
8962 5714
8962 5851
8962 6063
8962 6136
8962 6163
8962 6176
8962 6544
8962 6545
8962 6552
8962 6559
8962 6579
8962 7120
8962 7413
8962 7766
8962 7767
8962 7807
8962 8092
8962 8136
8962 8174
8962 8176
8962 8502
8962 8518
8962 8587
8962 8901
8962 8915
8962 8960
8962 9084
8962 9107
8962 9164
8962 9220
8962 9226
8962 9468
8962 9584
8962 9594
8962 9808
8962 9812
8962 9821
8962 9837
8962 9913
8962 10105
8962 10416
8962 10823
8962 11338
8962 11465
8962 11520
8962 11522
8962 11523
8962 11524
8962 11533
8962 11537
8962 12011
8962 12742
8962 12910
8962 13007
8962 13016
8962 13018
8962 13209
9267 440
9267 477
9267 523
9267 579
9267 590
9267 716
9267 2012
9267 2070
9267 2197
9267 2256
9267 2273
9267 3152
9267 4488
9267 4495
9267 5190
9267 5633
9267 5635
9267 5714
9267 5851
9267 6136
9267 6176
9267 6544
9267 6552
9267 6579
9267 6581
9267 7413
9267 7766
9267 7767
9267 8023
9267 8092
9267 8136
9267 8502
9267 8518
9267 8901
9267 8960
9267 9084
9267 9107
9267 9164
9267 9203
9267 9217
9267 9220
9267 9226
9267 9584
9267 9594
9267 9808
9267 9812
9267 9837
9267 9883
9267 9913
9267 10416
9267 10543
9267 10582
9267 10823
9267 11338
9267 11465
9267 11523
9267 11524
9267 11537
9267 12011
9267 12770
9267 12910
9267 13007
9267 13119
9267 13209
9313 477
9313 2070
9313 4488
9313 5714
9313 5851
9313 6136
9313 6544
9313 6581
9313 7120
9313 8142
9313 8901
9313 9084
9313 9107
9313 9164
9313 9220
9313 9808
9313 9812
9313 10416
9313 10823
9313 11338
9313 11523
9313 11524
9313 12011
9313 12770
9313 13007
9314 440
9314 477
9314 523
9314 561
9314 562
9314 568
9314 571
9314 579
9314 587
9314 590
9314 591
9314 596
9314 599
9314 607
9314 618
9314 620
9314 716
9314 745
9314 1083
9314 1089
9314 1248
9314 1315
9314 2012
9314 2070
9314 2119
9314 2158
9314 2180
9314 2188
9314 2197
9314 2220
9314 2256
9314 2273
9314 2465
9314 2966
9314 3152
9314 3785
9314 3818
9314 4483
9314 4488
9314 4495
9314 5190
9314 5243
9314 5498
9314 5633
9314 5635
9314 5662
9314 5677
9314 5714
9314 5728
9314 5734
9314 5851
9314 5864
9314 5887
9314 6063
9314 6136
9314 6163
9314 6176
9314 6543
9314 6544
9314 6545
9314 6552
9314 6559
9314 6579
9314 6581
9314 7120
9314 7366
9314 7367
9314 7401
9314 7413
9314 7429
9314 7433
9314 7436
9314 7447
9314 7699
9314 7732
9314 7734
9314 7737
9314 7738
9314 7760
9314 7766
9314 7767
9314 7769
9314 7774
9314 7775
9314 8023
9314 8092
9314 8136
9314 8174
9314 8176
9314 8178
9314 8502
9314 8505
9314 8514
9314 8518
9314 8523
9314 8542
9314 8583
9314 8587
9314 8591
9314 8605
9314 8703
9314 8867
9314 8901
9314 8915
9314 8949
9314 8960
9314 9079
9314 9084
9314 9107
9314 9120
9314 9122
9314 9155
9314 9164
9314 9203
9314 9208
9314 9212
9314 9216
9314 9217
9314 9220
9314 9226
9314 9231
9314 9232
9314 9239
9314 9468
9314 9581
9314 9582
9314 9584
9314 9586
9314 9591
9314 9594
9314 9808
9314 9812
9314 9821
9314 9834
9314 9837
9314 9883
9314 9913
9314 9990
9314 10105
9314 10108
9314 10416
9314 10543
9314 10582
9314 10823
9314 10918
9314 11338
9314 11465
9314 11520
9314 11522
9314 11523
9314 11524
9314 11533
9314 11537
9314 12011
9314 12244
9314 12742
9314 12770
9314 12771
9314 12805
9314 12910
9314 12918
9314 12930
9314 12998
9314 13007
9314 13016
9314 13018
9314 13119
9314 13209
9314 13401
9323 579
9323 2070
9323 5190
9323 5635
9323 5851
9323 6544
9323 7120
9323 7366
9323 8092
9323 8136
9323 8502
9323 8901
9323 9164
9323 10416
9323 11338
9323 11465
9323 11523
9323 11524
9323 11537
9323 12011
9323 12770
9370 440
9370 477
9370 523
9370 562
9370 568
9370 579
9370 591
9370 596
9370 716
9370 745
9370 1248
9370 1315
9370 2012
9370 2070
9370 2197
9370 2256
9370 2273
9370 3095
9370 3152
9370 3818
9370 4483
9370 4488
9370 4495
9370 5190
9370 5243
9370 5633
9370 5635
9370 5714
9370 5851
9370 6136
9370 6163
9370 6176
9370 6543
9370 6544
9370 6545
9370 6552
9370 6559
9370 6579
9370 6581
9370 7120
9370 7143
9370 7366
9370 7367
9370 7401
9370 7413
9370 7433
9370 7750
9370 7766
9370 7769
9370 7774
9370 7807
9370 8023
9370 8092
9370 8136
9370 8142
9370 8151
9370 8174
9370 8381
9370 8502
9370 8518
9370 8523
9370 8542
9370 8591
9370 8605
9370 8867
9370 8901
9370 8915
9370 8960
9370 9079
9370 9084
9370 9107
9370 9122
9370 9164
9370 9212
9370 9220
9370 9226
9370 9239
9370 9468
9370 9542
9370 9581
9370 9584
9370 9594
9370 9808
9370 9812
9370 9821
9370 9837
9370 9883
9370 9913
9370 10416
9370 10543
9370 10582
9370 10823
9370 10918
9370 11338
9370 11465
9370 11520
9370 11522
9370 11523
9370 11524
9370 11533
9370 11537
9370 12011
9370 12742
9370 12770
9370 12805
9370 12910
9370 12918
9370 12998
9370 13007
9370 13016
9370 13018
9370 13119
9370 13209
9504 477
9504 523
9504 2070
9504 3152
9504 3818
9504 4488
9504 5635
9504 5851
9504 6063
9504 6544
9504 8136
9504 8502
9504 8901
9504 9084
9504 9164
9504 9468
9504 9594
9504 9808
9504 9913
9504 10079
9504 10416
9504 10823
9504 11338
9504 11523
9504 11524
9504 12742
9504 12910
9504 13007
9537 440
9537 477
9537 523
9537 579
9537 2012
9537 2070
9537 2071
9537 2197
9537 2256
9537 2273
9537 4488
9537 5190
9537 5635
9537 5851
9537 6136
9537 6544
9537 6545
9537 6581
9537 7120
9537 7367
9537 7447
9537 8092
9537 8502
9537 8587
9537 8901
9537 8915
9537 8960
9537 9084
9537 9107
9537 9122
9537 9226
9537 9468
9537 9594
9537 9808
9537 9812
9537 9821
9537 10416
9537 11338
9537 11465
9537 11523
9537 11524
9537 11533
9537 11537
9537 12011
9537 12770
9537 12910
9537 13007
9537 13209
9623 477
9623 523
9623 568
9623 587
9623 618
9623 716
9623 745
9623 1089
9623 1315
9623 2012
9623 2070
9623 2172
9623 2188
9623 2197
9623 2220
9623 2256
9623 2465
9623 2966
9623 3117
9623 3152
9623 3818
9623 4488
9623 5190
9623 5633
9623 5635
9623 5687
9623 5714
9623 5728
9623 5851
9623 5864
9623 5887
9623 6163
9623 6544
9623 6579
9623 7120
9623 7401
9623 7429
9623 7433
9623 7436
9623 7737
9623 7767
9623 7774
9623 7807
9623 8092
9623 8178
9623 8502
9623 8505
9623 8514
9623 8518
9623 8867
9623 8901
9623 8960
9623 9084
9623 9164
9623 9210
9623 9216
9623 9226
9623 9468
9623 9542
9623 9581
9623 9584
9623 9586
9623 9594
9623 9808
9623 9812
9623 9821
9623 10416
9623 10582
9623 10823
9623 11338
9623 11465
9623 11520
9623 11523
9623 11524
9623 11537
9623 12011
9623 12244
9623 12742
9623 12918
9623 12990
9623 13007
9623 13016
9623 13018
9623 13119
9648 440
9648 477
9648 579
9648 591
9648 596
9648 1089
9648 1315
9648 2012
9648 2070
9648 2158
9648 2197
9648 2256
9648 2465
9648 3152
9648 3785
9648 3818
9648 4488
9648 5635
9648 5662
9648 5714
9648 5851
9648 6136
9648 6176
9648 6544
9648 6545
9648 6579
9648 7120
9648 7366
9648 7367
9648 7433
9648 7734
9648 7766
9648 7774
9648 8023
9648 8092
9648 8142
9648 8178
9648 8502
9648 8518
9648 8587
9648 8867
9648 8901
9648 8915
9648 8960
9648 9084
9648 9122
9648 9164
9648 9211
9648 9220
9648 9226
9648 9468
9648 9584
9648 9586
9648 9808
9648 9812
9648 9913
9648 9932
9648 10416
9648 10823
9648 11338
9648 11520
9648 11523
9648 11524
9648 11537
9648 12011
9648 12770
9648 12918
9648 13007
9648 13209
9650 440
9650 523
9650 579
9650 2012
9650 2070
9650 2071
9650 2197
9650 5635
9650 5714
9650 5851
9650 6176
9650 6544
9650 6552
9650 6579
9650 7120
9650 7413
9650 7433
9650 8092
9650 8136
9650 8502
9650 8605
9650 8901
9650 8960
9650 9084
9650 9164
9650 9808
9650 9812
9650 9834
9650 9913
9650 10416
9650 10543
9650 10582
9650 11338
9650 11465
9650 11520
9650 11523
9650 11524
9650 12011
9650 12910
9650 13007
9650 13209
9767 440
9767 477
9767 590
9767 2012
9767 2070
9767 2197
9767 2220
9767 4483
9767 5635
9767 5851
9767 6136
9767 6544
9767 6552
9767 7760
9767 7767
9767 8092
9767 8502
9767 8518
9767 8901
9767 9084
9767 9107
9767 9122
9767 9164
9767 9226
9767 9808
9767 9812
9767 10105
9767 10416
9767 10823
9767 11338
9767 11465
9767 11523
9767 11524
9767 11537
9767 12011
9767 12770
9767 12910
9767 13007
9767 13209
10326 440
10326 477
10326 590
10326 2012
10326 2197
10326 3095
10326 4488
10326 5635
10326 5650
10326 5851
10326 5864
10326 6552
10326 8092
10326 8136
10326 8518
10326 8901
10326 9107
10326 9239
10326 9808
10326 9812
10326 10416
10326 10823
10326 11338
10326 11524
10326 11537
10326 12011
10326 13007
10326 13018
10381 2070
10381 5190
10381 5635
10381 5851
10381 6544
10381 8136
10381 8901
10381 9107
10381 9226
10381 9812
10381 10416
10381 11524
10381 12011
10381 12770
10383 2070
10383 5190
10383 5635
10383 5851
10383 6544
10383 7120
10383 8136
10383 8502
10383 8901
10383 9107
10383 9122
10383 9164
10383 9226
10383 9812
10383 10416
10383 11524
10383 12011
10383 12770
10384 579
10384 2070
10384 5190
10384 5851
10384 6544
10384 7120
10384 8136
10384 8502
10384 8901
10384 9084
10384 9107
10384 9226
10384 9812
10384 10416
10384 11338
10384 11465
10384 11523
10384 11524
10384 11537
10384 12011
10384 12770
10385 440
10385 523
10385 2070
10385 5635
10385 5851
10385 6136
10385 6176
10385 6544
10385 7366
10385 7769
10385 8092
10385 8136
10385 8142
10385 8502
10385 8901
10385 8915
10385 9164
10385 9808
10385 10416
10385 11338
10385 11465
10385 11523
10385 11524
10385 12011
10385 12770
10453 523
10453 2070
10453 5635
10453 5851
10453 6544
10453 6545
10453 7366
10453 7766
10453 8502
10453 8901
10453 8915
10453 8960
10453 9107
10453 9122
10453 9226
10453 9808
10453 9812
10453 9913
10453 10416
10453 11338
10453 11524
10453 11533
10453 12011
10453 12770
10453 13007
10597 477
10597 523
10597 2070
10597 5190
10597 5635
10597 5851
10597 6544
10597 8092
10597 8136
10597 8502
10597 8901
10597 9084
10597 9107
10597 9226
10597 9808
10597 10416
10597 11338
10597 11465
10597 11523
10597 11524
10597 11537
10597 12011
10597 12770
10597 12805
10680 440
10680 579
10680 716
10680 745
10680 2012
10680 2070
10680 2180
10680 2197
10680 2256
10680 2273
10680 2426
10680 5190
10680 5635
10680 5851
10680 6543
10680 6544
10680 6552
10680 7366
10680 7413
10680 7433
10680 7447
10680 7766
10680 7767
10680 7774
10680 8023
10680 8136
10680 8502
10680 8542
10680 8901
10680 8915
10680 9084
10680 9107
10680 9122
10680 9212
10680 9216
10680 9226
10680 9468
10680 9808
10680 10416
10680 10823
10680 10918
10680 11338
10680 11465
10680 11523
10680 11524
10680 11533
10680 11537
10680 12011
10680 12770
10680 12805
10680 12910
10680 13007
10680 13016
10680 13018
10688 440
10688 2070
10688 2256
10688 5635
10688 5851
10688 5887
10688 6544
10688 7366
10688 7447
10688 7767
10688 8092
10688 8502
10688 8901
10688 8915
10688 9107
10688 9122
10688 9164
10688 9468
10688 9808
10688 10416
10688 11338
10688 11465
10688 11524
10688 12011
10688 12770
10694 9808
11110 440
11110 477
11110 523
11110 561
11110 562
11110 568
11110 571
11110 579
11110 583
11110 587
11110 590
11110 591
11110 596
11110 599
11110 607
11110 616
11110 618
11110 620
11110 716
11110 745
11110 1083
11110 1089
11110 1248
11110 1315
11110 2012
11110 2070
11110 2119
11110 2128
11110 2158
11110 2172
11110 2180
11110 2188
11110 2196
11110 2197
11110 2220
11110 2256
11110 2273
11110 2465
11110 2966
11110 3095
11110 3117
11110 3152
11110 3208
11110 3785
11110 3802
11110 3818
11110 4483
11110 4488
11110 4495
11110 4507
11110 4514
11110 5190
11110 5243
11110 5498
11110 5635
11110 5650
11110 5662
11110 5677
11110 5687
11110 5701
11110 5714
11110 5728
11110 5734
11110 5736
11110 5851
11110 5864
11110 5887
11110 6136
11110 6157
11110 6163
11110 6176
11110 6543
11110 6544
11110 6545
11110 6552
11110 6559
11110 6579
11110 6581
11110 7120
11110 7136
11110 7143
11110 7366
11110 7401
11110 7413
11110 7429
11110 7433
11110 7436
11110 7441
11110 7699
11110 7732
11110 7734
11110 7737
11110 7738
11110 7750
11110 7760
11110 7766
11110 7767
11110 7774
11110 7775
11110 7807
11110 8023
11110 8092
11110 8136
11110 8151
11110 8174
11110 8176
11110 8178
11110 8381
11110 8502
11110 8505
11110 8514
11110 8518
11110 8523
11110 8542
11110 8583
11110 8587
11110 8591
11110 8605
11110 8867
11110 8901
11110 8915
11110 8949
11110 8960
11110 9079
11110 9084
11110 9107
11110 9120
11110 9122
11110 9164
11110 9201
11110 9203
11110 9208
11110 9210
11110 9211
11110 9212
11110 9216
11110 9217
11110 9220
11110 9226
11110 9227
11110 9231
11110 9232
11110 9239
11110 9468
11110 9581
11110 9582
11110 9584
11110 9586
11110 9591
11110 9594
11110 9598
11110 9808
11110 9812
11110 9821
11110 9834
11110 9837
11110 9883
11110 9913
11110 9932
11110 9990
11110 10108
11110 10110
11110 10416
11110 10543
11110 10582
11110 10823
11110 10918
11110 11338
11110 11465
11110 11520
11110 11522
11110 11523
11110 11524
11110 11533
11110 11537
11110 12011
11110 12244
11110 12742
11110 12770
11110 12771
11110 12799
11110 12805
11110 12910
11110 12918
11110 12930
11110 12990
11110 12998
11110 13007
11110 13016
11110 13018
11110 13119
11110 13209
11110 13401
11449 2256
11449 5714
11449 6136
11449 6544
11449 7120
11449 8023
11449 8901
11449 8915
11449 9084
11449 9468
11449 9808
11449 10416
11449 11338
11449 11523
11449 11524
11549 440
11549 477
11549 5190
11549 5635
11549 5851
11549 6544
11549 6552
11549 7774
11549 8092
11549 8136
11549 8502
11549 8518
11549 9084
11549 9808
11549 9812
11549 10416
11549 11338
11549 11465
11549 11524
11549 11537
11549 12011
11549 12770
11549 13209
11550 440
11550 477
11550 579
11550 4483
11550 5635
11550 5851
11550 5887
11550 6544
11550 6552
11550 8092
11550 8502
11550 8901
11550 9584
11550 9808
11550 10416
11550 11338
11550 11465
11550 11524
11550 11537
11550 12011
11550 12770
11550 12910
11873 477
11873 523
11873 579
11873 2070
11873 2197
11873 4488
11873 5190
11873 5633
11873 5635
11873 5851
11873 6136
11873 6544
11873 6552
11873 7120
11873 7366
11873 7413
11873 8502
11873 8518
11873 8901
11873 9084
11873 9164
11873 9808
11873 9812
11873 9913
11873 10416
11873 10823
11873 11338
11873 11520
11873 11523
11873 11524
11873 12011
11873 12770
11873 13007
14357 440
14357 477
14357 523
14357 568
14357 579
14357 2012
14357 2070
14357 2188
14357 2197
14357 2273
14357 3152
14357 4488
14357 4495
14357 5190
14357 5243
14357 5635
14357 5714
14357 5851
14357 6136
14357 6176
14357 6544
14357 6545
14357 6559
14357 6579
14357 6581
14357 7120
14357 7367
14357 7760
14357 7766
14357 7769
14357 7807
14357 8092
14357 8136
14357 8142
14357 8502
14357 8591
14357 8901
14357 8915
14357 8960
14357 9079
14357 9084
14357 9107
14357 9164
14357 9210
14357 9212
14357 9226
14357 9542
14357 9581
14357 9584
14357 9808
14357 9812
14357 9913
14357 10416
14357 10582
14357 10823
14357 11338
14357 11520
14357 11522
14357 11523
14357 11524
14357 11533
14357 11537
14357 12011
14357 12244
14357 12910
14357 13209
