14541 14541 5097
13 10416
16 10416
22 6552
25 8901
25 9812
28 10416
31 10416
36 10416
39 10416
40 10416
43 10416
43 11524
45 10416
46 10416
54 10416
77 10416
79 12011
80 9155
80 9808
81 10416
85 10416
87 6544
104 9808
106 10416
107 10416
110 10416
111 10416
113 4483
113 10416
114 10416
115 10416
117 6581
118 10416
119 10416
120 10416
121 10416
122 6176
124 10416
125 10416
129 12011
130 5635
130 10416
132 10416
133 10416
136 10416
136 11524
137 10416
137 11524
140 12011
142 7433
148 10416
149 10416
149 11537
154 11524
157 10416
158 10416
161 10416
163 10416
164 10416
165 10416
166 10416
167 10416
171 10416
177 9808
178 10416
181 10416
184 10416
185 10582
186 10416
187 10416
188 10416
188 10823
189 10416
190 4471
190 10416
193 4471
193 9808
196 10416
198 10416
204 4471
204 9808
205 11524
206 10416
211 4471
218 4471
218 9808
220 4471
221 10416
222 9808
225 10416
226 5635
226 10416
228 10416
229 4471
229 9808
230 10416
232 4471
233 10416
233 13016
238 4471
238 11523
241 4471
244 4471
244 9808
248 10416
267 5851
268 9808
268 12936
285 4471
286 10416
289 10416
290 5887
293 10416
296 11338
297 11338
298 10416
299 10416
300 10416
302 10416
309 6136
309 10416
312 4471
313 10416
316 9808
319 9808
322 10416
325 12936
327 10416
328 4471
328 9808
333 10416
337 10416
338 10416
340 10416
345 8605
345 10416
345 13018
354 4471
354 9808
360 10416
361 10416
363 10416
364 10416
365 10416
365 12011
366 10416
366 11524
367 10416
369 11523
375 10416
389 12011
392 10416
393 4471
395 10416
396 10416
397 10416
401 9808
401 10416
403 4471
403 9808
405 10416
406 10416
407 10416
408 10416
412 4471
414 10416
415 10416
418 5635
419 10416
422 10416
424 9812
424 10416
425 10416
426 4471
426 9808
427 4471
427 9808
428 10416
429 10416
436 10416
437 10416
441 11338
450 10416
451 4471
454 10416
460 10416
461 10416
462 10416
470 10416
471 10416
472 4471
472 9808
473 12770
476 10416
483 10416
484 6544
486 10416
487 10416
488 4471
489 10416
494 6545
497 10416
501 10416
502 8092
503 9808
504 4471
506 4471
507 6545
508 4471
510 10416
511 10416
514 10416
518 10416
519 4471
519 9808
522 9808
524 10416
527 10416
529 10416
530 4471
530 9808
530 10416
531 6552
531 9808
532 6136
532 9808
534 10416
535 4471
535 9808
536 10416
538 4471
539 4471
539 9808
542 10416
544 5635
544 10416
546 4471
548 10416
550 10416
555 10416
556 10416
563 11524
564 4471
564 10416
567 10416
569 10416
575 10416
577 10416
578 4471
584 10416
586 9808
588 10416
589 10416
601 10416
605 11338
608 10416
611 10416
612 10416
615 4471
617 10416
619 10416
621 10416
625 4471
626 10416
631 10416
633 9808
634 4471
634 9808
635 4471
635 9808
636 10416
639 10416
642 4471
643 4471
643 6136
644 4471
644 9808
646 4471
646 9808
647 10416
649 4471
649 9808
651 6544
652 10416
653 4471
654 4471
654 9808
656 10416
659 6581
659 10416
660 4471
661 10416
662 10416
663 10416
664 10416
665 10416
667 10416
668 10416
673 10416
676 4471
682 4471
683 4471
684 9808
685 10416
687 10416
690 10416
691 10416
693 10416
694 10416
695 10416
696 10416
697 10416
700 10416
701 10416
706 10416
710 10416
714 9808
714 12936
717 9808
718 4471
718 9808
722 9808
722 11338
723 8178
724 10416
724 10823
725 4471
725 6552
725 9808
727 9808
729 10416
730 10416
731 10416
732 10416
735 10416
737 8146
737 9808
740 10416
743 4471
749 11338
750 4471
750 9808
751 10416
753 10416
757 9084
758 10416
764 9808
765 10416
785 9808
790 6544
792 10416
798 4471
801 4471
809 10416
811 5851
812 10416
820 10416
824 10416
827 4471
828 8915
828 10416
832 4471
843 4471
845 11537
848 9808
850 10416
853 10416
854 5635
864 4471
864 9808
867 10416
870 10416
871 11524
878 11338
881 4471
881 9808
882 10416
887 10416
888 12936
889 4471
889 10416
890 4471
890 11338
891 10416
896 10416
898 10416
906 9808
907 10416
913 6552
914 5635
917 10416
918 10416
919 10416
919 11524
920 10416
923 10416
924 10416
954 10416
957 6552
957 10416
959 10416
960 10416
962 9808
965 10416
967 10416
972 4471
977 10416
987 4471
988 10416
988 12910
989 4471
990 10416
991 10416
995 10416
998 10416
999 10416
1009 10416
1013 10416
1014 10416
1015 10416
1016 10416
1024 10416
1029 10416
1033 10416
1034 10416
1038 4488
1038 12011
1046 10416
1048 10416
1053 11524
1055 10416
1056 10416
1057 10416
1059 6552
1059 9808
1065 10416
1066 10416
1079 10416
1084 10416
1085 10416
1088 145
1088 10416
1097 10416
1103 6544
1105 10416
1109 10416
1119 8960
1122 10416
1135 10416
1139 10416
1141 9808
1142 10416
1143 10416
1148 11524
1149 11338
1155 10416
1159 10416
1162 10416
1163 10416
1164 10416
1166 10416
1167 4471
1167 9808
1174 10416
1190 10416
1192 10416
1198 9808
1198 12936
1200 10416
1202 11524
1209 4471
1209 9808
1209 10416
1210 10416
1219 10416
1222 10416
1223 9808
1224 4471
1235 10416
1241 10416
1250 10416
1251 10416
1252 10416
1253 9808
1255 10416
1264 10416
1265 10416
1268 4471
1268 9155
1268 9808
1281 9808
1283 10416
1291 4471
1291 9808
1294 10416
1300 9808
1300 11465
1312 10416
1316 6136
1316 9808
1318 10416
1320 10416
1323 10416
1331 9155
1331 9808
1333 11524
1334 10416
1340 10416
1344 10416
1345 10416
1346 10416
1347 11523
1347 11524
1356 10416
1357 10416
1359 10416
1364 10416
1368 10416
1370 10416
1371 10416
1374 10416
1375 10416
1376 10416
1386 10416
1387 10416
1388 6581
1388 8703
1388 9084
1388 13007
1390 10416
1396 10416
1410 10416
1412 5635
1412 10416
1414 10416
1415 10416
1416 10416
1419 10416
1427 10416
1437 6544
1444 10416
1446 10416
1451 4471
1453 10416
1455 10416
1458 11523
1460 11523
1464 10416
1466 10416
1470 10416
1481 4471
1481 10416
1484 10416
1486 10416
1493 4471
1494 10416
1511 10416
1519 10416
1523 4471
1524 4471
1525 10416
1526 10416
1530 10416
1532 10416
1534 6544
1534 10416
1535 10416
1538 10416
1541 10416
1542 10416
1544 10416
1545 10416
1546 6544
1546 10416
1549 10416
1550 5851
1552 10416
1553 10416
1556 10416
1556 11524
1562 10416
1569 10416
1570 10416
1572 10416
1575 10416
1575 11524
1577 10416
1579 10416
1582 6545
1583 6545
1584 10416
1587 6545
1596 10416
1601 10416
1603 10416
1607 10416
1636 10416
1636 11537
1638 10416
1642 10416
1643 10416
1644 6544
1644 10416
1645 10416
1648 10416
1650 10416
1651 10416
1652 10416
1656 10416
1658 5635
1659 10416
1661 10416
1662 10416
1668 10416
1671 10416
1674 4471
1674 9808
1674 10416
1677 10416
1679 5851
1680 10416
1683 10416
1686 11524
1690 10416
1691 10416
1692 4471
1696 10416
1697 10416
1712 10416
1713 10416
1720 12910
1726 10416
1726 11524
1734 4471
1734 9808
1736 6544
1736 10416
1739 10416
1742 6552
1743 6544
1743 9594
1744 10416
1745 10416
1746 4471
1748 10416
1752 10416
1753 10416
1754 10416
1767 10416
1767 12998
1769 10416
1772 10416
1776 10416
1777 10416
1778 10416
1781 10416
1782 9808
1782 10416
1787 11338
1795 10416
1795 11308
1801 10416
1806 10416
1807 10416
1808 10416
1809 10416
1822 10416
1829 10416
1830 10416
1836 11524
1838 9155
1838 9808
1843 5851
1843 10416
1846 4471
1846 9808
1848 10416
1849 10416
1850 10416
1852 10416
1854 6545
1857 10416
1859 10416
1862 10416
1864 10416
1867 10416
1868 4471
1868 9808
1869 10416
1870 10416
1871 10416
1873 9808
1873 10416
1881 11524
1886 10416
1887 10416
1888 10416
1889 10416
1890 11524
1898 10416
1900 10416
1902 10416
1904 10416
1905 10416
1910 10416
1911 10416
1913 10416
1913 11524
1916 10416
1917 10416
1919 5851
1921 5635
1921 9808
1922 10416
1923 10416
1924 10416
1925 5635
1925 5908
1925 8114
1925 10031
1926 4471
1929 10416
1932 5851
1933 5851
1935 10416
1937 10416
1938 10416
1939 10416
1940 10416
1941 10416
1944 4471
1946 145
1946 10416
1949 10416
1953 10416
1954 11524
1955 10416
1963 4471
1964 10416
1965 9155
1965 9808
1967 6552
1969 10416
1969 12910
1970 10416
1974 9808
1974 12011
1976 10416
1980 10416
1981 4471
1983 10416
1985 10416
2000 5635
2000 5908
2000 8114
2000 10031
2001 10416
2002 10416
2008 10416
2010 4471
2010 9808
2015 10416
2017 10416
2018 4471
2018 10416
2020 9808
2024 9084
2027 10416
2029 10416
2032 10416
2040 10416
2043 10416
2045 10416
2046 10416
2048 6544
2048 10416
2050 11524
2051 10416
2052 9808
2054 11524
2060 10416
2067 10416
2072 10416
2074 10416
2076 10416
2077 10416
2078 10416
2079 10416
2080 10416
2081 5887
2084 10416
2087 10416
2088 10416
2090 10416
2093 4471
2094 4471
2095 10416
2096 10416
2097 10416
2098 9107
2098 12910
2099 4471
2100 10416
2101 6545
2104 10416
2111 10416
2113 10416
2117 10416
2123 10416
2126 6545
2127 10416
2130 10416
2133 4471
2133 9808
2134 5635
2135 10416
2137 10416
2142 9808
2143 10416
2151 10416
2153 9084
2156 10416
2159 10416
2162 10416
2163 4471
2164 4471
2164 9808
2169 10416
2171 10416
2173 10416
2174 10416
2175 10416
2177 10416
2178 10416
2179 5851
2182 10416
2183 10416
2184 4471
2185 10416
2187 10416
2189 5851
2192 10416
2194 4471
2195 4471
2198 10416
2201 10416
2202 10416
2203 10416
2204 10416
2209 10416
2212 10416
2215 10416
2216 4471
2216 11524
2217 4471
2219 4483
2219 10416
2221 4471
2221 9808
2223 4471
2228 10416
2229 4471
2229 9808
2230 10416
2231 10416
2232 10416
2234 10416
2235 11465
2235 11524
2236 4471
2237 4471
2237 9808
2238 5635
2238 10416
2239 4471
2240 10416
2240 11338
2245 4471
2245 9808
2248 10416
2249 10416
2251 10416
2252 10416
2253 10416
2255 10416
2258 10416
2259 10416
2261 4471
2261 9808
2262 12936
2264 10416
2265 10416
2266 10416
2268 4471
2269 8146
2270 10416
2275 4471
2277 10416
2279 10416
2280 6545
2282 10416
2292 6544
2292 10416
2293 10416
2307 10416
2307 11524
2308 10416
2309 10416
2311 5714
2311 12011
2313 11338
2314 10416
2317 12011
2319 6545
2322 10416
2325 10416
2326 10416
2331 10416
2339 10416
2342 10416
2344 10416
2349 10416
2350 10416
2352 8523
2352 10416
2354 4471
2354 10416
2356 5851
2358 6544
2358 12011
2359 10416
2363 10416
2365 4471
2368 8523
2368 9084
2372 10416
2373 5851
2376 6545
2383 5851
2386 10416
2387 9155
2388 10416
2396 10416
2398 10416
2399 10416
2401 10416
2403 4471
2403 10416
2404 10416
2405 10416
2406 4471
2408 9808
2409 10416
2410 11465
2412 5851
2414 10416
2416 10416
2417 5851
2420 10416
2423 12011
2424 10416
2429 10416
2435 5851
2438 4471
2439 10416
2443 10416
2445 6544
2445 10416
2447 10416
2450 10416
2458 10416
2460 6545
2468 10416
2471 4471
2471 11524
2472 10416
2474 6545
2477 6157
2477 10416
2478 10416
2479 10416
2490 9084
2490 10416
2492 10416
2494 10416
2495 10416
2497 10416
2500 10416
2501 10416
2502 10416
2508 10416
2510 10416
2519 10416
2522 10416
2531 4471
2531 9232
2538 10416
2540 10416
2541 10416
2545 4471
2545 9808
2548 10416
2549 9107
2549 12011
2552 12011
2554 6559
2554 10416
2557 10416
2558 6176
2558 11523
2562 10416
2563 10416
2567 9808
2570 10416
2572 10416
2575 4471
2577 5635
2579 11524
2580 10416
2581 4471
2581 9808
2584 10416
2588 10416
2593 11524
2595 10416
2602 10416
2604 10416
2605 4471
2605 9808
2606 10416
2606 11524
2609 11524
2610 10416
2613 6552
2614 9808
2615 4471
2617 11524
2619 6544
2620 10416
2621 10416
2623 10416
2624 6552
2625 10416
2626 10416
2626 11524
2629 10416
2630 10416
2632 8901
2635 9808
2636 9808
2645 10416
2649 10416
2650 10416
2652 10416
2653 4471
2654 10416
2655 4471
2655 9808
2656 10416
2659 4471
2659 9808
2660 4471
2662 9155
2663 10416
2664 4471
2664 9808
2665 10416
2666 10416
2670 10416
2672 10416
2677 10416
2678 12011
2679 10416
2680 4471
2680 9808
2681 10416
2682 10416
2685 5851
2686 10416
2688 9808
2689 4471
2691 10416
2695 10416
2698 4488
2698 11524
2699 10416
2701 10416
2702 10416
2703 10416
2704 4471
2705 10416
2707 11524
2708 10416
2709 9808
2710 6552
2711 4471
2712 4471
2714 10416
2715 5851
2716 10416
2718 10416
2720 4471
2722 4471
2723 10416
2724 10416
2725 8915
2725 9808
2725 10416
2726 5635
2727 6552
2728 4471
2728 9808
2730 10416
2731 4471
2731 9808
2732 10416
2733 10416
2734 4471
2735 4471
2736 4471
2736 9808
2737 4471
2738 10416
2739 10416
2740 10416
2741 10416
2742 4471
2743 10416
2744 10416
2745 4471
2745 10416
2746 10416
2747 10416
2748 10416
2749 10416
2750 10416
2751 6552
2752 12011
2753 10416
2754 10416
2755 10416
2756 10416
2757 10416
2758 4471
2758 9808
2759 10416
2760 10416
2761 10416
2762 10416
2763 10416
2764 10416
2766 10416
2768 10416
2769 10416
2770 10416
2771 4471
2772 10416
2773 10416
2776 10416
2777 10416
2778 10416
2779 10416
2780 9808
2780 10416
2781 4471
2782 10416
2784 10416
2785 10416
2786 10416
2787 9808
2787 10416
2788 6552
2789 6545
2789 9808
2790 10416
2791 10416
2793 10416
2794 10416
2797 10416
2798 10416
2799 10416
2800 10416
2805 4471
2811 4471
2811 9808
2814 10416
2814 11520
2815 3152
2815 4471
2815 9808
2817 10416
2820 10416
2822 8523
2822 10416
2824 10416
2825 10416
2826 10416
2827 10416
2829 10416
2830 4471
2832 4471
2832 9808
2833 10416
2834 4471
2834 9808
2835 10416
2836 10416
2837 10416
2842 10416
2844 10416
2845 10416
2846 8523
2847 10416
2848 4471
2849 10416
2850 10416
2851 9808
2852 9155
2852 9808
2853 10416
2854 10416
2855 9155
2859 10416
2861 10416
2862 10416
2863 4471
2864 10416
2865 10416
2866 10416
2867 10416
2868 4471
2870 9155
2870 9808
2871 10416
2872 10416
2875 2012
2876 10416
2877 10416
2878 10416
2879 10416
2880 9155
2880 9808
2881 10416
2882 10416
2883 4471
2884 10416
2885 11338
2886 10416
2887 10416
2888 10416
2889 10416
2890 10416
2891 10416
2892 8146
2892 9808
2893 10416
2894 5851
2895 10416
2898 10416
2899 4471
2900 10416
2902 10416
2904 4471
2905 9155
2905 9808
2906 10416
2908 6545
2908 10416
2910 10416
2912 10416
2913 10416
2914 4471
2915 10416
2916 10416
2917 10416
2918 10416
2918 11338
2920 10416
2923 9808
2924 6552
2925 9808
2925 12936
2927 5851
2928 10416
2929 10416
2930 10416
2931 10416
2931 12998
2932 10416
2933 10416
2934 10416
2935 10416
2936 5851
2937 10416
2938 11524
2940 5887
2940 10416
2941 10416
2942 8523
2942 10416
2944 5635
2944 11524
2945 6545
2949 10416
2950 10416
2953 11338
2953 12910
2955 5714
2957 10416
2958 10416
2959 4471
2959 9808
2964 10416
2965 10416
2971 9808
2971 11338
2973 10416
2974 10416
2976 10416
2979 10416
2985 10416
2993 10416
2995 10416
3003 9808
3004 4471
3005 10416
3009 10416
3010 10416
3014 10416
3016 10416
3019 10416
3028 11537
3029 11524
3035 9468
3035 10416
3036 10416
3045 10416
3046 10416
3047 10416
3048 10416
3051 11524
3052 4471
3053 10416
3054 10416
3056 4471
3058 10416
3061 11524
3063 12011
3065 10416
3067 11524
3070 10416
3077 10416
3079 10416
3081 10416
3081 11523
3088 10416
3089 10416
3090 10416
3091 10416
3092 10416
3110 10416
3114 10416
3116 10416
3120 10416
3125 10416
3131 10416
3134 10416
3135 6545
3143 9155
3143 9808
3144 10416
3148 10416
3154 6545
3162 745
3162 6545
3163 9808
3163 10416
3167 10416
3172 4471
3172 9808
3172 10416
3174 10416
3178 10416
3184 10416
3189 4471
3189 9808
3190 10416
3191 6544
3197 10416
3198 12011
3201 10416
3201 13209
3202 8523
3202 10416
3202 10823
3203 10416
3204 10416
3212 10416
3216 10416
3220 10416
3221 10416
3222 10416
3235 11524
3239 9808
3242 10416
3244 10416
3245 9808
3245 10416
3253 6545
3255 10416
3258 10416
3260 10416
3267 10416
3267 11524
3268 10416
3270 10416
3272 10416
3277 10416
3278 10416
3280 4471
3286 10416
3288 10416
3290 10416
3295 10416
3297 10416
3300 10416
3300 11524
3301 5635
3301 10416
3305 10416
3306 4471
3312 4471
3317 10416
3318 10416
3319 10416
3320 10416
3320 11524
3322 10416
3324 10416
3328 10416
3330 10416
3334 10416
3335 4471
3336 10416
3341 10416
3344 11338
3345 10416
3349 6545
3356 9808
3356 12936
3358 10416
3359 4471
3360 10416
3361 10416
3362 10416
3365 10416
3368 10416
3371 10416
3372 10416
3374 6545
3375 6579
3376 10416
3377 9812
3377 10416
3381 10416
3386 9808
3386 12936
3388 11338
3389 9808
3390 6545
3393 11338
3394 9808
3404 10416
3405 10416
3411 9808
3412 9808
3419 10416
3425 10416
3426 11465
3431 10416
3437 10416
3438 10416
3440 10416
3445 10416
3447 10416
3448 10416
3449 4471
3449 9808
3450 10416
3451 10416
3453 10416
3466 10416
3468 10416
3469 11524
3470 10416
3471 10416
3474 10416
3477 10416
3480 10416
3481 10416
3482 10416
3484 10416
3485 10416
3486 10416
3492 10416
3495 10416
3497 6545
3525 10416
3530 4471
3531 6545
3548 10416
3549 10416
3550 10416
3550 12770
3551 10416
3555 10416
3557 10416
3565 10416
3568 10416
3569 10416
3575 10416
3579 4471
3579 9808
3581 10416
3586 10416
3587 10416
3590 6545
3591 10416
3595 10416
3596 10416
3598 10416
3607 10416
3608 10416
3610 10416
3612 10416
3616 9808
3617 10416
3618 10416
3622 10416
3623 10416
3624 10416
3626 10416
3629 11524
3633 10416
3637 10416
3644 477
3648 10416
3653 5714
3653 10416
3654 10416
3665 9084
3667 10416
3669 10416
3670 10416
3671 10416
3676 11524
3680 10416
3681 5635
3681 12770
3684 9808
3686 10416
3688 6545
3692 10416
3694 10416
3697 10416
3702 10416
3705 4471
3705 9808
3707 10416
3711 10416
3717 6544
3719 11524
3722 6545
3724 10416
3727 10416
3728 6545
3729 10416
3730 10416
3731 10416
3732 10416
3734 10416
3735 10416
3736 10416
3737 10416
3738 10416
3739 10416
3740 5635
3740 10416
3744 145
3744 2070
3744 9808
3746 10416
3749 10416
3755 10416
3759 10416
3761 6544
3763 10416
3764 4471
3768 10416
3778 10416
3779 10416
3780 10416
3781 4471
3782 8591
3786 9468
3786 12011
3788 10416
3789 10416
3792 10416
3795 6545
3801 10416
3804 4471
3804 9808
3813 10416
3815 10416
3817 10416
3824 11338
3826 10416
3830 10416
3833 10416
3834 11524
3839 10416
3840 10416
3842 10416
3851 4471
3851 9808
3860 10416
3863 10416
3865 10416
3868 6545
3874 6545
3875 10416
3881 6545
3885 10416
3885 11524
3888 10416
3890 11524
3894 10416
3895 10416
3896 10416
3899 6544
3900 6544
3901 10416
3903 10416
3904 10416
3905 10416
3906 10416
3914 6545
3916 11338
3929 10416
3930 4471
3930 10416
3931 10416
3933 10416
3939 10416
3940 10416
3946 10416
3948 10416
3950 10416
3952 10416
3953 5635
3953 10416
3965 10416
3965 11524
3967 10416
3975 10416
3976 10416
3977 10416
3979 9164
3984 10416
3985 6544
3985 10416
3986 10416
3990 10416
3995 10416
3998 4471
3999 4471
4001 10416
4005 10416
4008 10416
4010 10416
4012 10416
4013 9808
4014 10416
4018 10416
4018 11524
4021 11524
4069 6544
4070 10416
4077 10416
4082 10416
4085 10416
4087 10416
4089 11465
4092 13007
4094 10416
4098 10416
4101 10416
4106 10416
4120 10416
4121 9808
4122 10416
4124 5851
4125 10416
4127 9808
4128 9808
4131 10416
4131 11338
4133 4471
4133 10416
4139 6545
4143 4471
4146 4471
4146 9808
4148 10416
4151 9808
4153 10416
4155 8901
4157 8605
4157 11308
4158 11338
4162 10416
4163 4471
4164 11524
4167 4471
4167 9808
4170 10416
4173 10416
4176 6545
4179 10416
4182 10416
4183 10416
4184 10416
4189 4471
4189 9808
4191 587
4191 10416
4194 10416
4196 10416
4197 10416
4199 4471
4199 9808
4202 11338
4203 11524
4207 10416
4210 10416
4216 10416
4220 10416
4225 10416
4226 10416
4227 4471
4227 9808
4229 4471
4234 10416
4252 10416
4254 4471
4254 6552
4255 10416
4256 10416
4257 10416
4259 6545
4260 10416
4262 11338
4264 10416
4265 10416
4274 10416
4275 10416
4290 4471
4292 10416
4293 9808
4295 10416
4296 10416
4297 4471
4304 10416
4306 10416
4307 9808
4308 6545
4309 10416
4311 10416
4314 10416
4315 6552
4315 10416
4319 6579
4319 10416
4325 10416
4326 10416
4337 10416
4339 10416
4340 10416
4351 4471
4355 10416
4355 12770
4357 10416
4358 11465
4364 10416
4367 10416
4374 4471
4374 5635
4374 9808
4377 5851
4380 10416
4381 10416
4389 4471
4389 9808
4391 10416
4394 12011
4395 9913
4395 10416
4396 6545
4397 6545
4398 6545
4411 10416
4425 10416
4426 10416
4431 10416
4434 10416
4435 10416
4440 4471
4442 11338
4448 10416
4455 10416
4456 10416
4460 10416
4462 10416
4464 10416
4466 10416
4467 10416
4468 10416
4469 10416
4470 10416
4475 10416
4476 10416
4478 6545
4479 10416
4485 10416
4486 10416
4487 10416
4491 4471
4492 10416
4519 10416
4520 10416
4525 10416
4527 10416
4532 10416
4533 10416
4536 10416
4539 10416
4541 10416
4542 10416
4543 10416
4545 10416
4548 9808
4549 9808
4549 12011
4550 10416
4551 10416
4554 10416
4557 4471
4562 10416
4565 10416
4566 9122
4566 11524
4567 10416
4568 10416
4570 10416
4571 6544
4571 10416
4572 9808
4572 10416
4573 4471
4574 4471
4575 10416
4576 10416
4577 10416
4578 6544
4578 10416
4579 10416
4580 10416
4582 10416
4584 10416
4585 10416
4588 10416
4589 5635
4591 5635
4591 12770
4593 10416
4593 11523
4596 10416
4598 9808
4598 10416
4601 10416
4605 10416
4610 10416
4613 10416
4615 10416
4616 10416
4619 10416
4620 10416
4624 10416
4626 9808
4626 11465
4627 10416
4633 10416
4641 10416
4643 10416
4645 10416
4649 10416
4653 10416
4655 10416
4656 10416
4658 10416
4661 10416
4662 9808
4663 10416
4664 5635
4664 10416
4665 11523
4667 6545
4668 6545
4676 10416
4678 10416
4682 10416
4684 10416
4684 11524
4688 10416
4689 8960
4694 10416
4700 10416
4705 10416
4713 10416
4714 10416
4721 11523
4722 10416
4723 10416
4724 10416
4727 10416
4728 4471
4728 9808
4735 10416
4737 10416
4738 10416
4739 10416
4740 10416
4752 6544
4752 10416
4755 8092
4756 6552
4759 6545
4759 9808
4761 10416
4766 4471
4770 6544
4781 4471
4782 10416
4786 10416
4800 10416
4801 10416
4810 10416
4815 9808
4816 10416
4822 10416
4825 10416
4833 10416
4843 10416
4846 10416
4847 6545
4848 4471
4851 10416
4852 10416
4853 10416
4856 10416
4860 10416
4861 10416
4870 6545
4871 2197
4871 10416
4872 10416
4876 10416
4878 10416
4879 6545
4880 6545
4881 10416
4882 6545
4892 10416
4894 10416
4896 10416
4899 6545
4906 10416
4909 4471
4912 5635
4912 10416
4913 10416
4914 10416
4915 6545
4923 10416
4927 10416
4932 10416
4935 10416
4936 4471
4937 10416
4939 10416
4943 11338
4944 11465
4954 6545
4958 10416
4964 10416
4968 10416
4969 10416
4974 10416
4975 5851
4976 11524
4979 10416
4986 10416
4992 10416
4993 10416
4995 10416
4997 12936
5006 10416
5009 4471
5009 9808
5017 9084
5021 10416
5023 10416
5027 6545
5029 10416
5031 10416
5035 9808
5035 10416
5036 10416
5037 11524
5039 10416
5045 11524
5046 10416
5052 6544
5052 10416
5058 10416
5059 10416
5060 10416
5062 6544
5073 10416
5074 10416
5075 5851
5076 10416
5082 10416
5083 10416
5084 10416
5085 10416
5086 10416
5088 10416
5089 10416
5090 10416
5091 10416
5092 10416
5093 10416
5094 10416
5096 4471
5098 10416
5103 4471
5103 10416
5105 10416
5106 4471
5107 6545
5108 10416
5110 9155
5111 10416
5112 10416
5119 10416
5122 10416
5125 10416
5126 11537
5127 10416
5127 11524
5132 10416
5136 5851
5138 477
5140 10416
5141 10416
5150 4471
5150 9808
5153 6544
5155 6545
5160 10416
5163 10416
5165 8591
5167 10416
5171 4471
5176 10416
5178 10416
5180 10416
5184 10416
5185 10416
5185 11520
5187 10416
5192 10416
5192 12011
5194 10416
5198 10416
5198 12011
5201 10416
5203 10416
5210 9808
5216 5635
5216 10416
5217 10416
5220 10416
5221 11524
5225 9808
5225 10416
5226 5635
5228 10416
5229 6176
5231 10416
5233 10416
5236 6545
5238 10416
5239 10416
5240 11524
5241 10416
5251 10416
5253 6545
5254 6545
5255 10416
5260 6545
5261 10416
5262 10416
5263 10416
5273 6545
5278 10416
5288 10416
5290 10416
5292 10416
5294 10416
5295 10416
5298 10416
5300 4471
5300 6552
5300 9808
5301 10416
5303 10416
5305 10416
5306 6545
5307 6545
5314 6581
5314 10416
5315 10416
5318 10416
5319 9155
5322 10416
5322 11524
5323 10416
5324 10416
5328 10416
5330 6552
5332 10416
5334 10416
5338 10416
5340 11524
5343 9164
5345 10416
5355 10416
5357 10416
5360 10416
5376 4471
5377 10416
5380 10416
5381 10416
5387 10416
5390 9808
5394 10416
5396 4471
5401 9808
5403 9808
5407 9164
5408 9164
5416 4471
5417 10416
5418 10416
5419 10416
5420 10416
5421 10416
5425 11338
5426 11537
5428 10416
5430 4471
5432 10416
5438 10416
5439 10416
5442 10416
5443 11338
5445 10416
5448 10416
5449 10416
5450 10416
5453 10416
5454 11524
5455 10416
5458 10416
5459 10416
5461 4471
5462 10416
5463 10416
5464 10416
5465 10416
5466 10416
5473 6544
5473 10416
5475 10416
5476 4471
5476 9808
5477 4471
5477 9808
5478 10416
5479 10416
5481 10416
5482 10416
5483 10416
5483 11524
5486 10416
5488 10416
5489 10416
5490 10416
5499 10416
5503 10416
5504 10416
5505 10416
5509 10416
5519 10416
5519 11524
5522 11524
5525 10416
5526 9808
5528 10416
5529 8591
5529 10416
5535 10416
5542 4471
5542 9808
5549 10416
5560 8901
5561 12770
5562 10416
5563 10416
5564 10416
5565 10416
5566 9808
5566 12770
5570 4471
5570 9808
5571 5635
5572 10416
5573 10416
5574 10416
5577 10416
5579 10416
5583 10416
5584 10416
5585 10416
5586 5635
5587 10416
5588 10416
5591 10416
5593 10416
5594 10416
5603 10416
5604 10416
5605 10416
5607 10416
5609 10416
5614 6544
5619 10416
5620 10416
5621 10416
5624 10416
5626 11523
5629 10416
5639 10416
5640 10416
5641 10416
5647 10416
5648 4471
5649 10416
5653 10416
5656 5190
5656 10416
5659 6544
5663 10416
5666 10416
5672 10416
5675 394
5675 10416
5676 10416
5676 11524
5680 10416
5682 10416
5683 9808
5692 4471
5702 4471
5702 9808
5706 10416
5715 10416
5718 10416
5724 10416
5732 10416
5737 10416
5738 10416
5739 4471
5739 9808
5740 11524
5743 10416
5744 10416
5751 10416
5752 10416
5757 10416
5758 5635
5761 10416
5763 10416
5764 12011
5769 10416
5771 10416
5773 10416
5775 4471
5777 10416
5784 4471
5787 10416
5791 9808
5791 10416
5795 10416
5796 6544
5802 6545
5804 10416
5808 10416
5810 10416
5812 9155
5813 10416
5817 11524
5818 5851
5822 4471
5823 12011
5827 10416
5828 10416
5832 10416
5835 10416
5837 5635
5839 10416
5840 10416
5841 10416
5846 10416
5847 10416
5849 11338
5849 11465
5850 11523
5854 10416
5855 10416
5855 11524
5856 6545
5857 6552
5866 10416
5869 6552
5870 5635
5871 6544
5873 11524
5878 10416
5880 10416
5881 8605
5884 10416
5890 10416
5891 11524
5893 10416
5894 10416
5895 10416
5895 11520
5896 10416
5901 4471
5901 9808
5907 10416
5913 9808
5915 10416
5920 4471
5921 10416
5922 10416
5929 4471
5929 5635
5932 4471
5933 10416
5943 10416
5944 10416
5945 9084
5948 10416
5949 10416
5951 10416
5954 10416
5955 11524
5957 6545
5958 10416
5961 3152
5961 10416
5962 6552
5962 9808
5965 10416
5967 10416
5969 6545
5974 10416
5975 10416
5978 10416
5980 6176
5980 11523
5981 6545
5982 4471
5983 6544
5983 11338
5984 10416
5985 10416
5986 10416
5989 4471
5991 10416
5992 10416
5999 12011
6000 10416
6001 10416
6003 5851
6005 5851
6010 12011
6012 10416
6013 5851
6014 10416
6020 6545
6022 6544
6023 6545
6026 6545
6029 10416
6030 4471
6031 4471
6031 10416
6032 10416
6032 11524
6033 10416
6034 10416
6035 6545
6043 10416
6043 11524
6044 4471
6044 9808
6044 11338
6045 4471
6045 9808
6046 10416
6047 10416
6048 6545
6049 145
6049 2071
6050 10416
6052 10416
6053 10416
6054 4471
6055 10416
6056 10416
6057 10416
6058 4471
6059 6581
6059 10416
6060 6545
6061 10416
6064 10416
6065 10416
6066 8901
6066 10416
6067 10416
6069 4471
6070 10416
6072 10416
6073 9808
6074 10416
6075 10416
6076 4471
6077 9155
6077 9808
6078 10416
6079 10416
6085 10416
6091 10416
6092 5851
6099 10416
6112 10416
6115 10416
6116 10416
6117 4471
6117 9808
6119 10416
6120 6545
6121 6545
6122 6545
6123 10416
6127 10416
6129 10416
6140 10416
6141 10416
6147 10416
6148 4471
6148 9808
6152 10416
6156 10416
6165 4471
6165 9808
6166 10416
6167 10416
6168 10416
6170 10416
6173 12011
6174 10416
6175 10416
6177 10416
6178 10416
6179 11338
6181 10416
6182 10416
6183 10416
6186 10416
6192 6545
6193 11338
6194 10416
6204 4471
6204 9808
6205 10416
6207 4471
6207 9808
6210 10416
6216 6552
6217 6545
6218 9808
6221 10416
6224 10416
6225 4471
6226 4471
6226 9808
6227 4471
6229 6545
6230 10416
6231 12011
6242 13209
6243 10416
6247 4471
6249 5635
6249 9107
6250 4471
6251 10416
6253 10416
6254 10416
6257 10416
6261 10416
6262 10416
6263 10416
6267 10416
6269 4471
6269 9808
6269 10416
6271 10416
6276 10416
6278 10416
6279 10416
6285 10416
6286 10416
6290 10416
6291 10416
6292 4471
6292 9808
6294 10416
6296 10416
6298 10416
6299 10416
6301 9164
6301 10416
6302 10416
6314 10416
6316 10416
6318 10416
6322 10416
6324 10416
6327 10416
6329 10416
6335 10416
6339 10416
6345 6545
6347 6545
6351 477
6354 11524
6356 12936
6357 10416
6357 11524
6362 10416
6365 10416
6369 10416
6372 10416
6373 10416
6390 10416
6396 10416
6397 10416
6398 4471
6401 10416
6402 10416
6404 10416
6405 10416
6408 10416
6410 10416
6411 10416
6413 10416
6414 10416
6415 10416
6416 10416
6425 4471
6426 10416
6431 10416
6431 11520
6435 10416
6444 5851
6445 10416
6454 4471
6462 8136
6464 10416
6465 10416
6468 10416
6468 11524
6471 10416
6474 10416
6476 10416
6477 11524
6478 10416
6479 11524
6480 10416
6485 4471
6485 9808
6485 10416
6487 5851
6489 10416
6491 10416
6492 10416
6500 10416
6501 10416
6506 6544
6508 10416
6512 6545
6514 10416
6516 10416
6517 9155
6519 10416
6533 10416
6540 10416
6541 4471
6541 9808
6547 10416
6549 10416
6551 10416
6555 10416
6557 10416
6558 12011
6566 4471
6566 11524
6567 10416
6572 11537
6574 394
6574 3428
6574 4471
6577 5635
6583 10416
6584 10416
6586 9808
6586 12910
6595 10416
6596 6545
6607 10416
6608 4471
6609 10416
6622 10416
6624 10416
6625 10416
6627 10416
6628 10416
6629 9155
6629 9808
6630 4471
6631 10416
6631 10823
6638 10416
6640 10416
6641 6545
6642 6544
6643 10416
6652 10416
6653 10416
6659 10416
6661 10416
6662 10416
6663 10416
6666 10416
6668 10416
6671 4471
6675 6545
6679 10416
6681 10416
6684 11338
6687 6545
6690 10416
6692 10416
6704 2012
6709 10416
6710 10416
6712 10416
6716 4471
6717 10416
6719 10416
6720 13209
6721 10416
6722 10416
6724 10416
6725 10416
6726 10416
6727 10416
6731 10416
6732 10416
6733 9468
6733 11524
6736 9808
6737 10416
6740 6544
6740 12011
6744 10416
6746 10416
6748 4471
6752 5851
6753 10416
6754 10416
6755 5633
6758 10416
6759 10416
6763 9808
6766 10416
6767 10416
6769 10416
6776 10416
6779 4471
6785 10416
6785 11524
6790 6545
6794 10416
6800 10416
6803 10416
6808 10416
6809 10416
6813 10416
6815 10416
6816 8901
6816 10416
6817 10416
6822 10416
6823 12011
6824 10416
6826 8502
6826 9808
6829 10416
6831 13007
6832 4471
6836 10416
6838 6545
6841 6552
6841 9808
6843 10416
6847 6545
6849 10416
6850 10416
6851 10416
6855 10416
6857 10416
6858 12011
6861 7774
6862 10416
6867 10416
6870 10416
6875 10416
6876 10416
6878 9808
6879 12910
6881 5635
6881 12770
6882 10416
6883 10416
6889 10416
6893 6544
6894 4471
6897 4471
6899 9107
6899 12011
6901 10416
6905 10416
6909 10416
6917 10416
6918 10416
6919 10416
6920 10416
6921 10416
6926 5851
6927 10416
6928 10416
6929 10416
6931 10416
6932 5908
6932 6138
6934 11523
6937 10416
6939 4471
6939 9808
6940 10416
6943 10416
6948 6545
6950 10416
6951 10416
6954 10416
6956 10416
6957 9084
6959 10416
6962 10416
6964 10416
6965 6545
6966 12770
6970 10416
6972 10416
6973 10416
6974 10416
6982 10416
6984 9808
6988 12011
6997 10416
6998 10416
6999 10416
7001 10416
7002 10416
7003 10416
7004 4471
7006 10416
7007 10416
7009 10416
7011 10416
7012 10416
7013 10416
7013 11308
7016 4471
7017 10416
7018 10416
7019 10416
7020 10416
7021 10416
7022 4471
7022 10416
7023 9164
7023 10416
7024 10416
7026 6545
7027 6545
7028 6545
7029 10416
7031 10416
7032 10416
7033 10416
7034 9220
7034 11523
7037 10416
7038 10416
7039 4471
7039 10416
7041 5887
7042 10416
7044 5635
7045 12011
7046 11524
7047 10416
7049 10416
7050 10416
7051 10416
7052 6545
7054 8932
7055 6545
7060 10416
7063 11524
7067 394
7067 4471
7075 10416
7078 10416
7083 10416
7084 10416
7085 10416
7089 10416
7090 6545
7092 10416
7094 4471
7097 10416
7099 7433
7099 10416
7099 11524
7102 10416
7103 10416
7108 8542
7111 9808
7111 12770
7117 6544
7117 10416
7118 6545
7132 6545
7135 10416
7144 10416
7147 4471
7147 5728
7147 9808
7149 10416
7151 10416
7152 1855
7152 5635
7152 9808
7155 10416
7161 10416
7163 10416
7166 10416
7168 6545
7170 10416
7173 4471
7173 9808
7180 6545
7182 10416
7192 10416
7193 10416
7200 10416
7206 10416
7206 10823
7207 11524
7208 5635
7208 10416
7209 10416
7212 9808
7214 6545
7224 11338
7226 10416
7227 9155
7229 10416
7236 9808
7237 10416
7239 4471
7239 9808
7242 10416
7250 6545
7256 10416
7262 10416
7263 10416
7264 10416
7265 5851
7265 10416
7266 10416
7267 10416
7268 10416
7269 10416
7271 4471
7275 10416
7276 10416
7277 12936
7281 10416
7282 6545
7286 6545
7286 9808
7287 6545
7288 10416
7290 6545
7295 10416
7296 6545
7299 10416
7300 10416
7303 10416
7304 6544
7304 10416
7308 10416
7315 10416
7318 10416
7324 12011
7326 10416
7334 5851
7338 10416
7339 12011
7343 10416
7347 10416
7349 10416
7351 6545
7352 8092
7356 6136
7356 10416
7358 5635
7358 10416
7362 10416
7363 10416
7363 12011
7370 10416
7372 10416
7373 11523
7377 10416
7378 10416
7390 10416
7390 12011
7395 10416
7396 10416
7402 10416
7405 10416
7406 8591
7408 10416
7412 6544
7412 10416
7414 10416
7422 10416
7424 10416
7426 9808
7426 10416
7426 12770
7431 10416
7432 6545
7437 10416
7439 10416
7442 6545
7448 5851
7452 10416
7454 6176
7454 11523
7460 4471
7471 10416
7473 8605
7473 8901
7473 11308
7476 4471
7477 1855
7477 9107
7477 11308
7479 5635
7480 13209
7492 4471
7492 5635
7492 9808
7493 9808
7507 10416
7508 10416
7509 10416
7512 10416
7513 10416
7526 10416
7528 6544
7537 10416
7540 6544
7540 10416
7546 11524
7550 6545
7551 11524
7552 5635
7552 10416
7554 10416
7555 9808
7555 10416
7556 10416
7557 10416
7561 10416
7562 10416
7563 10416
7563 11524
7564 10416
7579 10416
7579 11520
7581 10416
7582 10416
7583 10416
7588 10416
7589 10416
7593 10416
7595 8932
7597 10416
7600 10416
7610 10416
7611 10416
7622 4471
7623 10416
7628 10416
7629 6581
7632 10416
7633 12011
7634 10416
7636 10416
7641 10416
7652 6545
7653 6545
7654 10416
7655 10416
7656 4471
7660 10416
7663 10416
7665 9808
7666 5851
7666 8136
7670 10416
7670 11524
7671 10416
7671 11524
7678 6545
7679 4471
7682 4471
7682 10416
7685 10416
7689 10416
7690 10416
7694 3095
7698 4471
7701 10416
7702 10416
7705 10416
7711 10416
7716 10416
7719 10416
7722 10416
7723 10416
7730 10416
7733 10416
7736 10416
7739 8146
7739 9808
7740 6545
7741 9808
7746 10416
7751 10416
7753 9808
7757 10416
7759 10416
7761 4471
7761 9808
7763 10416
7764 10416
7765 10416
7772 10416
7773 10416
7778 10416
7779 10416
7780 10416
7781 10416
7784 10416
7786 10416
7787 10416
7789 6552
7789 10416
7793 10416
7795 4471
7795 9808
7800 10416
7801 6545
7803 10416
7804 9084
7805 5635
7806 10416
7808 10416
7812 11523
7813 6545
7814 6545
7818 10416
7819 10416
7820 4471
7828 2012
7828 10416
7833 10416
7834 4471
7835 10416
7836 10416
7837 10416
7842 10416
7844 8901
7844 10416
7845 10416
7848 10416
7850 10416
7852 10416
7854 10416
7858 13007
7859 7433
7864 10416
7865 9808
7867 10416
7875 6545
7879 10416
7885 4471
7886 10416
7893 10416
7894 10416
7896 10416
7904 10416
7907 9084
7912 10416
7913 10416
7913 10823
7914 5887
7916 10416
7917 6136
7918 10416
7920 11524
7922 10416
7923 10416
7924 10416
7925 5635
7926 10416
7927 10416
7929 4471
7934 10416
7935 10416
7936 10416
7945 10416
7946 5851
7954 10416
7956 9808
7956 12910
7962 10416
7964 6552
7965 10416
7966 10416
7967 10416
7968 10416
7972 10416
7973 4471
7973 9808
7974 10416
7976 10416
7979 6176
7979 10416
7979 11523
7980 5851
7997 10416
8000 10416
8001 11338
8001 11524
8007 6545
8010 10416
8013 10416
8014 10416
8015 10416
8022 10416
8024 10416
8030 10416
8032 10416
8035 10416
8037 10416
8038 10416
8041 10416
8042 9468
8042 10416
8043 10416
8051 10416
8055 10416
8057 10416
8063 10416
8066 10416
8068 6544
8068 10416
8069 4471
8069 9808
8070 10416
8071 10416
8072 10416
8073 12011
8075 6544
8079 10416
8083 10416
8088 10416
8090 6544
8090 10416
8091 10416
8093 10416
8096 10416
8103 6552
8107 10416
8110 4471
8111 4471
8111 9808
8111 10416
8111 11524
8112 13209
8115 10416
8119 8146
8119 9808
8120 10416
8122 10416
8123 10416
8126 6545
8128 568
8128 6545
8130 9808
8130 12936
8131 10416
8133 10416
8135 10416
8137 10416
8143 10416
8144 8542
8147 10416
8152 10416
8153 10416
8155 10416
8156 5851
8157 10416
8158 6136
8158 10416
8162 9812
8162 10416
8170 4471
8170 5662
8177 10416
8179 4471
8181 4471
8183 10416
8186 11465
8187 10416
8190 10416
8191 10416
8197 10416
8198 11524
8199 145
8199 2150
8199 10416
8203 6545
8203 9808
8205 10416
8207 10416
8208 10416
8213 11537
8215 10416
8216 10416
8218 10416
8219 10416
8220 10416
8221 10416
8223 10416
8225 10416
8236 10416
8242 4471
8242 9808
8254 10416
8262 10416
8267 6545
8273 12910
8275 10416
8281 6545
8284 10416
8290 10416
8290 11524
8292 10416
8293 10416
8294 10416
8302 10416
8303 10416
8309 5635
8312 10416
8313 10416
8314 10416
8316 8901
8319 10416
8328 10416
8329 6545
8334 10416
8338 10416
8339 4471
8339 9808
8343 6545
8352 10416
8361 10416
8362 10416
8367 4471
8372 4471
8374 9808
8377 10416
8382 10416
8383 10416
8384 10416
8386 11524
8393 10416
8397 3428
8398 10416
8399 9155
8400 10416
8401 10416
8404 10416
8405 10416
8406 4471
8406 4488
8410 10416
8412 10416
8413 10416
8417 5635
8418 11524
8420 9808
8423 10416
8424 10416
8433 10416
8434 6552
8435 10416
8436 6545
8443 6545
8447 10416
8455 10416
8456 10416
8460 10416
8472 10416
8473 10416
8487 6545
8489 10416
8498 10416
8501 11338
8507 5714
8509 10416
8511 6545
8513 10416
8515 10416
8520 10416
8520 11524
8531 10416
8535 10416
8536 10416
8540 11465
8544 11524
8546 10416
8547 11524
8551 10416
8552 10416
8553 4471
8554 10416
8564 10416
8580 11524
8581 10416
8582 477
8584 11524
8585 10416
8586 10416
8588 10416
8590 10416
8592 10416
8597 10416
8599 4471
8600 10416
8606 6545
8607 9808
8608 10416
8612 10416
8613 10416
8614 6545
8616 8605
8616 11308
8617 5635
8618 11524
8620 10416
8623 10416
8627 11338
8630 10416
8634 6545
8635 10416
8636 4471
8640 10416
8641 10416
8646 10416
8647 4471
8647 9808
8648 9155
8648 9808
8650 10416
8651 10416
8656 6545
8658 10416
8663 10416
8668 10416
8668 11524
8669 10416
8670 6545
8671 10416
8676 10416
8691 10416
8693 10416
8702 10416
8704 9084
8710 10416
8714 10416
8719 11523
8720 10416
8733 5851
8734 6545
8737 9808
8738 6545
8739 11524
8740 4471
8740 9808
8742 10416
8743 10416
8745 6544
8745 10416
8750 10416
8751 6136
8751 10416
8753 10416
8756 4471
8757 10823
8759 10416
8762 10416
8763 4471
8763 9808
8764 8901
8765 11524
8773 10416
8774 10416
8779 10416
8781 10416
8784 10416
8789 10416
8790 6545
8798 11524
8802 11523
8804 6552
8806 10416
8810 10416
8819 9155
8822 10416
8823 10416
8825 4471
8827 6545
8831 10416
8832 10416
8835 10416
8836 6545
8838 10416
8840 440
8840 11524
8841 10416
8842 10416
8843 10416
8850 10416
8851 4471
8854 10416
8863 10416
8866 10416
8868 11523
8870 10416
8871 10416
8872 10416
8873 10416
8876 10416
8876 11524
8877 10416
8881 10416
8884 10416
8888 10416
8892 10416
8893 10416
8896 8502
8896 12011
8900 10416
8905 10416
8906 10416
8912 10416
8916 5635
8917 6545
8921 10416
8922 10416
8923 10416
8925 6544
8925 10416
8927 4471
8928 10416
8929 11338
8936 10416
8937 9808
8940 10416
8944 10416
8945 10416
8947 8136
8947 10416
8951 10416
8952 9808
8952 10416
8953 10416
8956 11338
8956 11465
8963 3193
8963 10416
8964 10416
8965 10416
8970 10416
8977 4471
8977 9808
8979 10416
8980 1089
8980 9808
8981 10416
8982 10416
8986 10416
8989 4471
8990 6545
8991 10416
8994 6545
8995 10416
8997 10416
8999 10416
9002 10416
9003 10416
9005 10416
9006 10416
9009 10416
9011 10416
9012 10416
9015 10416
9016 4471
9017 10416
9021 10416
9024 10416
9026 10416
9030 10416
9031 10416
9033 10416
9034 10416
9035 5851
9040 4471
9041 10416
9044 10416
9044 11523
9046 6545
9052 10416
9056 10416
9059 10416
9060 9155
9060 9808
9064 11338
9065 4471
9065 9808
9066 10416
9067 10416
9068 10416
9073 9155
9074 10416
9076 10416
9077 10416
9078 10416
9082 10416
9085 10416
9086 10416
9088 10416
9089 9808
9090 9808
9095 9808
9098 10416
9099 571
9105 12770
9110 8960
9113 10416
9116 10416
9121 10416
9125 4471
9125 9155
9126 10416
9131 4471
9133 4471
9134 4471
9134 9808
9137 10416
9138 10416
9139 10416
9140 10416
9148 6545
9157 10416
9161 10416
9165 10416
9166 6544
9166 10416
9167 9084
9167 13007
9171 4471
9179 10416
9182 10416
9185 10416
9192 10416
9196 10416
9198 4471
9204 10416
9205 10416
9206 8092
9207 10416
9209 10416
9215 10416
9218 4471
9218 9808
9222 4471
9224 10416
9225 10416
9229 10416
9234 10416
9238 10416
9240 10416
9243 5635
9244 10416
9246 10416
9248 11524
9249 10416
9251 10416
9252 10416
9253 10416
9262 6552
9265 10416
9268 6545
9269 8901
9276 10416
9277 10416
9277 10823
9290 10416
9291 10416
9294 10416
9295 9155
9296 10416
9297 5635
9297 10416
9302 10416
9304 10416
9311 10416
9315 10416
9319 10416
9320 10416
9325 6545
9338 10416
9339 6545
9339 7807
9342 10416
9344 6581
9344 10416
9348 4471
9348 9808
9348 12910
9350 10416
9353 10416
9358 10416
9361 10416
9364 4471
9365 10416
9366 5635
9368 11338
9373 6545
9375 6545
9376 9155
9377 4471
9377 9808
9380 10416
9382 10416
9385 10416
9390 6552
9391 10416
9397 10416
9399 10416
9400 10416
9401 6545
9402 6552
9402 10987
9403 10416
9405 5635
9405 10416
9417 10416
9417 11524
9418 11524
9419 10416
9421 10416
9426 10416
9429 10416
9432 9808
9438 10416
9439 6545
9447 10416
9448 10416
9449 10416
9450 10416
9451 10416
9452 10416
9458 10416
9469 10416
9471 11524
9473 10416
9474 4471
9474 8178
9476 10416
9483 10416
9484 10416
9485 10416
9487 10416
9493 10416
9495 11522
9496 10416
9497 10416
9500 10416
9501 10416
9503 4471
9506 6545
9511 10416
9518 7222
9519 5635
9519 12770
9523 10416
9526 4471
9526 9808
9528 10416
9538 10416
9539 10416
9551 9808
9560 10416
9566 10416
9567 9107
9568 10416
9568 11524
9573 10416
9574 4471
9574 9808
9575 10416
9576 10416
9577 10416
9579 10416
9580 2071
9580 10416
9583 6545
9585 9808
9587 10416
9588 10416
9595 9155
9596 4471
9599 6176
9599 10416
9600 10416
9601 8901
9601 10416
9604 4471
9604 9808
9604 10416
9605 5714
9606 10416
9614 11524
9615 11524
9616 10416
9616 11524
9624 2070
9624 4471
9626 13209
9627 5635
9628 10416
9630 10823
9631 9808
9634 12936
9635 10416
9637 10416
9644 10416
9651 6545
9652 6545
9658 10416
9663 10416
9665 10416
9669 6544
9692 10416
9695 10416
9697 10416
9699 12011
9700 10416
9702 10416
9705 4471
9705 9808
9705 10416
9705 12936
9706 10416
9707 5635
9709 4471
9712 10416
9715 10416
9716 5635
9717 10416
9721 10416
9728 11338
9729 11338
9730 10416
9733 10416
9742 10416
9743 10416
9746 10416
9748 11524
9750 10416
9753 10416
9755 10416
9758 10416
9759 10416
9761 10416
9763 10416
9765 4471
9768 6545
9770 4471
9770 9808
9775 10416
9780 10416
9781 10416
9785 10416
9787 10416
9789 10416
9790 10416
9792 6545
9799 10416
9800 10416
9807 10416
9810 10416
9816 6545
9835 10416
9838 4471
9838 9808
9840 10416
9843 9164
9858 10416
9891 8901
9891 10416
9901 10416
9907 6544
9907 12011
9914 12011
9916 10416
9917 10416
9918 10416
9922 6545
9924 10416
9928 4471
9930 10416
9931 11520
9934 5714
9935 4471
9937 10416
9943 4471
9943 11465
9947 2220
9948 6544
9948 10416
9948 13209
9952 8146
9952 9808
9955 10416
9959 4471
9963 10416
9964 10416
9965 6581
9968 6545
9969 10416
9970 9808
9971 5635
9972 10416
9975 10416
9981 10416
9981 11524
9986 10416
9987 4471
9987 10416
9988 10416
9989 12770
9993 9808
9993 12011
9999 4471
9999 9808
10000 4471
10000 9808
10004 10416
10005 10416
10008 10416
10011 10416
10012 10416
10013 10416
10014 9084
10014 10823
10018 10416
10019 12011
10021 5635
10021 11524
10023 10416
10030 11524
10032 6552
10034 10416
10035 10416
10036 6545
10039 10416
10043 10416
10047 10416
10048 10416
10051 6545
10052 10416
10054 10416
10060 10416
10061 10416
10062 10416
10069 11338
10070 6545
10077 10416
10081 10416
10082 6545
10091 9808
10096 11537
10111 4471
10111 9808
10112 6545
10112 8542
10112 11524
10114 10416
10121 11465
10124 10416
10125 4471
10126 9808
10127 10416
10131 9211
10133 10416
10134 6545
10138 5635
10138 9808
10139 9155
10142 10416
10144 10416
10145 10416
10149 6545
10150 10416
10151 10416
10152 9808
10154 10416
10158 10416
10161 8092
10162 10416
10163 10416
10163 12742
10165 8542
10167 10416
10168 10416
10171 11338
10173 10416
10175 10416
10178 10416
10180 10416
10181 6545
10190 5635
10190 10416
10194 11338
10195 11524
10196 11465
10201 10416
10202 10416
10207 10416
10209 10416
10210 10416
10213 10416
10214 5635
10214 6552
10219 6545
10223 10416
10226 10416
10227 10416
10234 6545
10236 10416
10237 6545
10239 10416
10240 4471
10242 10416
10243 10416
10244 10416
10245 5851
10245 10416
10248 11524
10249 10416
10251 6545
10253 10416
10256 9808
10264 6545
10265 6545
10272 10416
10276 10416
10282 10416
10284 10416
10290 4471
10290 10416
10300 9155
10300 9808
10309 10416
10310 10416
10314 10416
10315 10416
10318 10416
10321 10416
10323 10416
10324 6545
10329 10416
10331 10416
10346 10416
10347 10416
10350 10416
10351 10416
10356 6136
10357 4471
10357 9808
10360 10416
10365 5635
10369 10416
10369 11523
10374 10416
10380 6545
10382 10416
10387 10416
10391 10416
10398 10416
10405 9808
10405 10416
10408 10416
10409 6544
10409 10416
10410 8092
10419 10416
10435 4471
10435 9808
10441 10416
10442 10416
10443 6545
10445 10416
10447 10416
10450 10416
10451 10416
10455 10416
10458 11524
10459 10416
10460 10416
10462 7807
10463 10416
10464 10416
10470 10416
10482 4471
10482 9808
10486 10416
10487 8901
10488 10416
10489 10416
10493 10416
10500 12770
10505 9808
10509 394
10513 11520
10516 10416
10530 6581
10530 10416
10531 11465
10532 5635
10532 11465
10535 6545
10537 4471
10537 9217
10546 4471
10546 5662
10549 9808
10550 10416
10556 9468
10557 10416
10560 11465
10563 10416
10565 10416
10565 12770
10567 10416
10579 10416
10580 10416
10581 10416
10581 10823
10584 10416
10586 10416
10588 8901
10595 6544
10598 4471
10598 10416
10601 4471
10612 12011
10615 10416
10617 10416
10618 10416
10619 6545
10623 10416
10640 13007
10642 10416
10649 11465
10654 6545
10668 10416
10669 10416
10683 4471
10684 10416
10691 10416
10696 9155
10697 10416
10700 10416
10702 4471
10702 9808
10706 10416
10707 10416
10708 10416
10714 10416
10715 10416
10753 10416
10756 10416
10757 11465
10759 10416
10763 4471
10763 10416
10764 10416
10769 10416
10772 10416
10775 10416
10786 10416
10787 12011
10789 4471
10790 10416
10792 6545
10795 6545
10796 4471
10796 9808
10807 10416
10812 10416
10813 10416
10814 10416
10815 10416
10816 1089
10816 4471
10818 10416
10819 10416
10820 10416
10820 12011
10821 10416
10824 10416
10825 5851
10826 10416
10828 10416
10852 10416
10853 6544
10855 9808
10856 4471
10857 10416
10857 10823
10858 10416
10864 10416
10868 10416
10870 10416
10875 10416
10879 10416
10880 9808
10885 10416
10886 11537
10892 10416
10898 11465
10899 10416
10908 5635
10908 9990
10909 10416
10913 10416
10915 10416
10923 394
10923 9808
10924 9107
10926 5887
10927 10416
10928 4471
10929 6545
10931 10416
10933 9808
10933 12936
10934 10416
10938 10416
10941 10416
10944 10416
10948 10416
10950 10416
10951 10416
10953 10416
10961 10416
10961 12770
10966 4471
10966 10416
10975 6544
10975 10416
10976 10416
10977 11338
10988 10416
10990 10416
10995 10416
10995 12011
10996 10416
10998 10416
11000 11524
11003 10416
11006 5635
11008 10416
11012 6545
11014 10416
11017 10416
11018 10416
11024 8373
11028 10416
11037 10416
11040 10416
11042 10416
11047 10416
11050 10416
11051 10416
11053 10416
11054 10416
11057 10416
11059 6545
11063 10416
11065 10416
11066 4471
11067 10416
11072 9808
11074 10416
11078 10416
11078 12011
11080 4471
11086 10416
11090 10416
11098 10416
11099 10416
11101 6545
11106 4471
11109 10416
11113 10416
11114 6544
11116 9808
11117 10416
11138 10416
11139 10416
11139 11524
11141 10416
11145 10416
11148 10416
11153 2197
11153 6544
11154 10416
11156 4471
11158 10416
11159 6544
11159 10416
11160 10416
11160 11338
11161 6544
11161 10416
11164 10416
11165 7774
11165 12011
11166 10416
11167 10416
11168 8502
11170 10416
11172 10416
11174 6544
11174 10416
11175 10416
11176 10416
11178 11338
11179 10416
11185 10416
11191 6544
11194 10416
11199 10416
11201 10416
11213 4471
11215 10416
11223 10416
11224 10416
11225 10416
11227 5635
11228 12770
11231 11338
11234 10416
11235 10416
11236 10416
11239 10416
11240 10416
11245 10416
11245 12770
11246 10416
11247 9808
11250 12011
11254 10416
11255 10416
11257 4471
11260 10416
11263 10416
11270 6545
11272 10416
11274 6545
11275 10416
11277 12011
11283 9808
11289 13007
11290 6545
11300 10416
11301 6545
11309 10416
11313 10416
11315 10416
11321 6545
11322 6545
11324 10416
11325 9808
11325 12936
11327 10416
11328 4471
11333 10416
11344 10416
11346 10416
11348 10416
11350 9812
11350 10416
11351 10416
11352 10416
11353 9808
11354 10416
11355 10416
11361 10416
11367 4471
11367 10416
11369 10416
11374 10416
11380 10416
11382 10416
11385 9155
11389 9808
11390 6545
11393 10416
11400 6545
11400 9808
11401 10416
11402 10416
11408 10416
11409 10416
11410 10416
11417 10416
11418 10416
11420 10416
11420 12770
11430 6545
11433 11338
11441 10416
11450 10416
11452 10416
11453 10416
11455 12011
11460 12011
11461 4471
11461 13401
11475 10416
11477 10416
11480 6545
11484 9808
11489 10416
11493 10416
11507 10416
11508 10416
11513 6545
11514 4471
11515 4471
11519 10416
11521 10416
11526 10416
11529 10416
11534 10416
11535 6545
11535 10987
11536 10416
11539 4471
11543 9808
11544 10416
11548 4471
11548 5728
11573 12011
11576 10416
11577 11338
11578 10416
11579 10416
11581 4471
11581 9808
11583 10416
11585 11537
11587 9808
11588 11524
11591 10416
11597 10416
11606 10416
11611 10416
11615 6545
11628 10416
11636 571
11636 4471
11636 9808
11637 10416
11641 10416
11643 10416
11647 10416
11648 10416
11648 11524
11654 10416
11655 6544
11656 10416
11661 10416
11670 10416
11686 6545
11690 10416
11698 6545
11699 6552
11701 10416
11712 4471
11714 10416
11715 10416
11721 6545
11722 6581
11725 12011
11730 6545
11736 10416
11737 4471
11737 5728
11738 4471
11738 9808
11742 11524
11745 10416
11749 10416
11770 10416
11771 9808
11771 12936
11784 4471
11788 10416
11794 10416
11796 9808
11798 6581
11802 10416
11806 10416
11811 10416
11812 4471
11812 11338
11826 10416
11833 9808
11838 10416
11839 10416
11843 5851
11854 4471
11854 5662
11856 4471
11856 9808
11857 10416
11859 10416
11862 8901
11862 11308
11877 3428
11877 4471
11878 4471
11878 9808
11879 10416
11890 10416
11892 10416
11896 10416
11896 11520
11897 10416
11899 12011
11899 12742
11901 9808
11901 11338
11912 4471
11912 9808
11913 10416
11914 9808
11916 10416
11920 10416
11921 10416
11923 10416
11928 6552
11931 6581
11931 10416
11935 11524
11936 6545
11937 4471
11937 9808
11950 10416
11950 12011
11954 10416
11956 10416
11957 10416
11963 10416
11971 2966
11971 10416
11979 10416
11982 6581
11983 10416
11984 6545
11991 10416
11993 10416
11996 10416
12000 10416
12001 8915
12001 10416
12002 10416
12003 10416
12005 10416
12007 10416
12008 5851
12012 4471
12012 9808
12019 10416
12020 10416
12023 10416
12025 10416
12025 11524
12035 12011
12036 10416
12051 11524
12052 10416
12059 9808
12060 10416
12061 10416
12067 6545
12068 10416
12083 4471
12083 12910
12109 10416
12110 6545
12111 10416
12115 10416
12126 10416
12131 10416
12133 11524
12145 10416
12146 12936
12150 10416
12151 10416
12152 10416
12153 10416
12162 10416
12165 10416
12174 10416
12175 10416
12186 11524
12193 6545
12199 10416
12200 10416
12201 6545
12209 11524
12215 10416
12223 4471
12227 10416
12236 4471
12237 5851
12245 4471
12249 10416
12253 9808
12265 3152
12265 12011
12275 10416
12276 4471
12276 9808
12277 10416
12278 10416
12283 10416
12289 6545
12298 10416
12316 10416
12326 10416
12333 10416
12334 6545
12334 10416
12338 5714
12344 10416
12351 10416
12360 10416
12376 10416
12380 5635
12380 10416
12383 6544
12388 4471
12388 9211
12390 10416
12397 4471
12408 10416
12409 4471
12409 6552
12411 9808
12416 6581
12424 10416
12426 10416
12431 10416
12432 12011
12434 11524
12437 10416
12438 10416
12439 10416
12440 10416
12440 11524
12441 10416
12444 9107
12444 12011
12465 10416
12470 10416
12497 10416
12502 10416
12510 10416
12519 10416
12525 6544
12525 10416
12528 10416
12531 10416
12533 10416
12534 10416
12542 10416
12542 12011
12543 10416
12545 4471
12550 6545
12551 10416
12552 6545
12554 4471
12554 10416
12555 10416
12556 10416
12557 10416
12568 9107
12577 9808
12584 10416
12585 10416
12587 10416
12588 10416
12590 10416
12591 10416
12593 10416
12594 10416
12606 11524
12609 10416
12610 8146
12611 10416
12621 10416
12623 10416
12623 11308
12624 10416
12625 10416
12651 10416
12668 10416
12680 10416
12681 10416
12683 10416
12685 5714
12686 10416
12690 10416
12694 4471
12694 6552
12695 9808
12695 10416
12696 10416
12698 9808
12699 4471
12702 10416
12706 10416
12707 10416
12709 10416
12710 8960
12710 10416
12711 9808
12711 10416
12726 10416
12727 10416
12730 10416
12730 12770
12731 4471
12732 5635
12738 10416
12746 11524
12747 10416
12748 4471
12748 9808
12749 6552
12749 10416
12750 10416
12750 13209
12751 10416
12763 4471
12765 10416
12768 10416
12774 5635
12774 10416
12778 10416
12795 10416
12796 4471
12796 9808
12801 10416
12807 10416
12812 477
12825 4471
12825 9808
12827 12011
12845 10416
12846 10416
12847 10416
12847 12770
12848 10416
12848 11338
12853 4471
12854 10416
12855 6136
12856 10416
12862 5635
12867 5635
12867 10416
12868 10416
12869 10416
12873 10416
12874 6544
12874 10416
12886 6552
12886 10416
12892 10416
12894 10416
12895 9808
12897 10416
12898 10416
12907 10416
12907 11524
12913 9808
12913 12936
12917 10416
12926 5635
12933 10416
12934 12011
12939 10416
12944 6544
12944 10416
12965 4471
12972 4471
12976 10416
12988 5635
12988 8114
12988 9107
12988 10031
12988 10416
12988 12770
12992 10416
12999 10416
13005 10416
13015 4471
13015 9808
13032 11523
13055 10416
13066 10416
13067 10416
13085 10416
13101 10922
13105 10416
13105 12011
13107 6545
13107 10416
13112 11465
13114 10416
13116 10416
13121 10416
13122 10416
13130 9808
13131 10416
13152 6545
13157 10416
13160 8901
13162 9155
13162 9808
13163 10416
13163 11524
13167 10416
13193 5635
13198 11537
13198 12011
13200 10416
13205 6552
13210 10416
13211 4471
13211 9808
13214 10416
13218 10416
13228 5635
13234 10416
13237 9808
13237 10416
13239 10416
13246 10416
13264 5851
13265 4471
13268 4471
13268 9808
13270 4471
13270 9808
13270 11537
13271 10416
13272 10416
13274 10416
13275 9079
13275 9808
13278 4471
13278 9808
13279 394
13282 12011
13283 10416
13299 4471
13300 5851
13303 9808
13305 10416
13305 11524
13306 9808
13307 6545
13310 4471
13311 6545
13330 6545
13331 10416
13332 10416
13333 4471
13333 9808
13334 6545
13343 10416
13346 9155
13346 9808
13355 10416
13358 9155
13369 10416
13407 10416
13407 11524
13409 10416
13414 4471
13415 4471
13417 10416
13419 10416
13424 9808
13424 11524
13428 9808
13428 10416
13429 5635
13429 10416
13431 10416
13442 4471
13442 9808
13446 11524
13449 12011
13450 9808
13454 9808
13454 10416
13459 10416
13460 10416
13463 10416
13473 10416
13475 10416
13486 9808
13489 10416
13490 10416
13499 10416
13501 10416
13506 5635
13507 4471
13507 9808
13508 6552
13508 10416
13512 10416
13514 10416
13535 11524
13539 5635
13541 9808
13542 10416
13552 10416
13552 11524
13556 10416
13557 10416
13558 9808
13558 10416
13560 10416
13561 6579
13561 9808
13566 440
13568 6579
13570 145
13570 10416
13572 6176
13572 11523
13574 10416
13580 10416
13585 10416
13588 4471
13588 9808
13592 9808
13592 10987
13594 10416
13595 10416
13602 10416
13603 10416
13604 10416
13605 11524
13619 10416
13620 10416
13644 4471
13644 9808
13740 10416
13747 9808
13814 10416
13815 10416
13820 4471
13820 9808
13825 10416
13853 8932
13873 5635
13873 10416
13931 10416
13936 4471
13937 10416
13941 4471
13941 9808
13942 10416
13942 12770
13944 10416
13948 10416
13957 10416
13958 10416
13960 10416
13960 12011
13963 4471
13963 9808
13969 10416
13969 11524
13970 10416
13971 9808
13971 10416
13971 11524
13972 10416
13973 10416
13975 10416
13988 8901
13988 10416
13997 10416
13998 10416
14000 10416
14002 4471
14003 6545
14004 10416
14006 10416
14007 10416
14008 11523
14009 1315
14009 11523
14010 4471
14010 9808
14017 10416
14023 10416
14023 11524
14024 10416
14028 10416
14030 10416
14033 8146
14040 4471
14040 12011
14055 10416
14056 10416
14056 12011
14057 10416
14059 10416
14060 10416
14067 10416
14071 10416
14072 10416
14083 10416
14087 10416
14088 10416
14089 10416
14099 6136
14100 4471
14102 4471
14104 4471
14105 4471
14110 10416
14112 10416
14204 10416
14260 10416
14262 10416
14263 10416
14264 10416
14268 10416
14284 10416
14299 10416
14299 12770
14302 9155
14306 6545
14358 12742
14382 10416
14383 10416
14384 10416
14408 9808
14418 10416
14452 10416
14491 11524
14498 4471
14498 9808
14508 11524
14517 9808
14517 12936
14525 10416
14530 10416
14533 11308
