14541 14541 3557
13 7855
16 7855
22 7855
28 1555
31 7855
39 7855
40 7855
45 7855
54 7855
81 7855
85 7855
106 7855
107 7855
110 7855
111 7855
113 7855
114 7855
115 7855
117 7855
118 7855
119 7855
120 7855
121 1555
121 7855
122 7855
124 1555
124 7855
125 7855
129 7855
130 7855
132 7855
133 7855
136 7855
137 7855
140 7855
149 7855
154 7855
157 7855
158 1555
161 7855
163 7855
164 7855
165 7855
166 7855
167 7855
171 7855
177 7855
178 7855
181 7855
184 7855
185 1555
185 7855
186 7855
187 7855
188 7855
189 7855
190 7855
193 7855
198 7855
205 7855
206 7855
221 7855
222 7855
225 7855
226 7855
228 1555
228 7855
230 7855
232 7855
233 7855
238 7855
244 7855
248 7855
267 7855
268 7855
285 7855
286 7855
289 7855
290 7855
293 7855
297 7855
298 7855
299 7855
309 7855
312 1555
313 7855
316 7855
319 7855
322 7855
325 1555
327 7855
328 1555
328 7855
333 7855
337 7855
338 7855
340 7855
345 7855
354 7855
360 7855
363 7855
364 7855
365 1555
366 7855
367 7855
369 7855
375 7855
389 7855
392 7855
393 1555
393 7855
395 7855
396 7855
401 1555
401 7855
403 1555
405 7855
406 7855
407 7855
408 7855
415 7855
418 7855
424 1555
424 7855
425 7855
426 1555
427 7855
428 7855
429 7855
436 7855
437 7855
441 7855
448 7855
451 7855
454 7855
460 1555
460 7855
461 7855
462 7855
470 7855
471 7855
472 7855
473 7855
476 7855
483 1555
483 7855
484 1555
484 7855
486 7855
487 7855
488 7855
489 7855
494 7855
497 7855
501 1555
503 7855
504 7855
506 7855
507 7855
508 7855
510 7855
514 7855
518 7855
519 1555
522 1555
522 7855
524 1555
527 7855
529 7855
531 1555
531 7855
535 7855
536 7855
538 7855
539 7855
542 7855
544 7855
546 1555
546 7855
548 7855
550 7855
555 1555
556 7855
563 7855
564 7855
567 7855
575 7855
577 7855
578 7855
584 7855
586 7855
588 7855
589 7855
601 7855
605 7855
608 7855
611 7855
612 7855
615 7855
619 7855
621 7855
625 1555
625 7855
631 7855
634 7855
635 1555
635 7855
636 7855
639 7855
642 1555
643 7855
644 7855
647 7855
649 7855
652 7855
653 7855
654 7855
656 7855
660 7855
661 7855
662 7855
663 1555
663 7855
664 1555
664 7855
665 7855
667 7855
668 7855
673 7855
682 7855
684 7855
687 1555
687 7855
691 7855
694 7855
695 7855
696 7855
697 7855
700 7855
701 7855
710 7855
714 7855
717 1555
718 1555
722 7855
723 1555
724 7855
725 1555
725 7855
727 7855
729 1555
729 7855
730 7855
731 7855
732 1555
732 7855
735 7855
737 7855
740 7855
743 1555
743 7855
749 7855
750 1555
750 7855
751 7855
753 7855
757 7855
758 7855
764 7855
765 7855
785 1555
785 7855
790 7855
792 7855
798 7855
801 7855
811 7855
812 1555
820 7855
824 7855
827 7855
828 7855
832 7855
843 7855
845 7855
848 7855
850 7855
853 7855
854 7855
864 7855
867 7855
870 7855
871 7855
878 7855
881 7855
882 7855
887 7855
888 1555
888 7855
889 7855
890 7855
891 1555
896 7855
898 7855
906 7855
913 7855
914 7855
917 7855
918 7855
919 7855
923 7855
924 7855
957 7855
960 7855
962 7855
965 7855
967 7855
972 7855
977 7855
987 7855
989 1555
989 7855
990 7855
991 7855
995 1555
995 7855
1009 7855
1013 7855
1014 7855
1015 7855
1016 7855
1024 7855
1034 7855
1038 7855
1046 7855
1048 7855
1053 7855
1055 1217
1057 7855
1059 7855
1065 7855
1066 7855
1084 7855
1085 1555
1085 7855
1088 7855
1097 7855
1105 7855
1109 7855
1119 7855
1122 7855
1135 7855
1139 7855
1142 7855
1143 7855
1148 1555
1148 7855
1149 7855
1155 7855
1159 7855
1162 7855
1163 7855
1164 7855
1166 7855
1167 7855
1174 7855
1190 7855
1192 7855
1198 1555
1198 7855
1200 7855
1202 1555
1209 7855
1210 7855
1219 7855
1222 7855
1223 7855
1224 7855
1235 7855
1241 7855
1250 7855
1252 7855
1253 7855
1255 7855
1268 7855
1281 7855
1283 7855
1291 7855
1294 1555
1300 7855
1312 1555
1312 7855
1313 7855
1316 7855
1318 7855
1323 7855
1331 7855
1331 13010
1333 7855
1345 7855
1346 7855
1347 1555
1356 7855
1357 7855
1359 7855
1364 7855
1368 7855
1370 7855
1374 7855
1375 7855
1376 7855
1387 7855
1388 7855
1390 7855
1396 7855
1410 7855
1414 7855
1415 1555
1415 7855
1437 1555
1437 7855
1444 7855
1446 1555
1446 7855
1451 7855
1453 1555
1453 7855
1455 7855
1458 7855
1460 7855
1464 7855
1466 7855
1470 7855
1481 7855
1486 1555
1486 7855
1493 7855
1494 7855
1511 7855
1519 1555
1519 7855
1523 7855
1525 7855
1526 7855
1532 7855
1535 7855
1538 7855
1541 7855
1545 1555
1545 7855
1546 1555
1549 7855
1550 7855
1552 7855
1556 7855
1562 1555
1562 7855
1570 1555
1572 1555
1572 7855
1575 1555
1575 7855
1577 7855
1579 7855
1582 7855
1583 7855
1584 7855
1587 7855
1601 7855
1603 7855
1607 1555
1607 7855
1636 7855
1638 7855
1642 7855
1643 7855
1644 7855
1645 1555
1645 7855
1648 7855
1650 7855
1651 7855
1652 7855
1656 7855
1659 7855
1661 7855
1662 7855
1668 7855
1671 7855
1674 7855
1677 7855
1679 7855
1680 7855
1683 7855
1686 1555
1690 7855
1692 7855
1696 7855
1697 7855
1713 7855
1720 7855
1734 7855
1742 7855
1743 1555
1743 7855
1744 7855
1745 1555
1745 7855
1746 7855
1748 7855
1752 7855
1753 7855
1754 1555
1754 7855
1767 1555
1772 7855
1776 7855
1778 7855
1781 7855
1782 7855
1787 7855
1795 7855
1801 7855
1806 7855
1807 7855
1808 7855
1809 7855
1822 7855
1829 1555
1830 7855
1836 7855
1838 7855
1843 7855
1846 7855
1848 7855
1852 7855
1854 7855
1857 7855
1859 7855
1862 7855
1867 7855
1868 7855
1870 7855
1871 7855
1873 7855
1886 7855
1890 7855
1898 7855
1900 7855
1902 1555
1902 7855
1904 7855
1905 7855
1910 7855
1913 7855
1916 7855
1917 7855
1921 1555
1922 7855
1923 7855
1924 7855
1926 7855
1932 7855
1935 7855
1937 7855
1939 7855
1940 7855
1941 7855
1946 7855
1949 7855
1953 7855
1963 7855
1964 7855
1965 7855
1967 7855
1969 1555
1974 7855
1976 7855
1980 7855
1981 7855
1982 7855
2001 7855
2002 7855
2010 7855
2020 7855
2027 7855
2029 7855
2040 7855
2043 7855
2045 1555
2045 7855
2046 7855
2048 1555
2050 7855
2060 7855
2067 1555
2074 7855
2076 7855
2077 1555
2077 7855
2078 7855
2079 7855
2080 7855
2084 1555
2084 7855
2087 7855
2090 7855
2093 7855
2095 7855
2096 7855
2097 7855
2098 7855
2099 7855
2100 7855
2101 7855
2104 7855
2111 7855
2117 7855
2123 7855
2126 7855
2127 7855
2130 7855
2133 7855
2135 7855
2142 1555
2142 7855
2143 7855
2151 1555
2156 7855
2159 7855
2163 7855
2169 1555
2169 7855
2173 1555
2174 7855
2175 7855
2177 7855
2178 7855
2183 7855
2184 7855
2185 7855
2187 1555
2189 7855
2192 7855
2194 7855
2195 1555
2198 7855
2201 7855
2202 7855
2203 7855
2204 7855
2215 7855
2216 1555
2216 7855
2219 7855
2221 1555
2228 7855
2229 7855
2230 7855
2231 7855
2234 7855
2235 7855
2236 7855
2237 1555
2238 7855
2239 1555
2239 7855
2240 7855
2248 7855
2251 1555
2252 7855
2253 7855
2255 7855
2258 7855
2259 7855
2261 1555
2261 7855
2262 1555
2264 7855
2265 1555
2265 7855
2266 7855
2268 1555
2268 7855
2269 1555
2270 7855
2275 7855
2277 7855
2279 7855
2280 7855
2282 7855
2292 7855
2293 1555
2294 1555
2294 7855
2307 7855
2308 7855
2311 7855
2313 7855
2314 7855
2317 1555
2319 7855
2322 7855
2325 1555
2326 7855
2331 7855
2339 7855
2342 7855
2349 7855
2350 7855
2352 7855
2358 7855
2359 1555
2359 7855
2363 7855
2365 1555
2372 7855
2376 7855
2383 7855
2387 7855
2388 7855
2396 7855
2398 7855
2399 7855
2401 7855
2404 7855
2405 7855
2406 1555
2406 7855
2408 1555
2408 7855
2409 7855
2410 7855
2412 7855
2414 7855
2416 7855
2424 7855
2429 7855
2435 7855
2438 7855
2439 7855
2443 1555
2443 7855
2445 7855
2447 7855
2450 7855
2458 7855
2460 7855
2460 13010
2468 7855
2471 7855
2472 7855
2477 7855
2479 7855
2492 7855
2494 7855
2495 7855
2500 7855
2501 7855
2508 7855
2510 7855
2519 7855
2531 7855
2538 7855
2540 7855
2541 7855
2545 7855
2548 7855
2549 1555
2549 7855
2552 1555
2552 7855
2554 7855
2557 7855
2558 7855
2562 7855
2563 7855
2567 7855
2570 7855
2572 7855
2575 7855
2577 7855
2579 7855
2580 7855
2581 7855
2584 7855
2588 7855
2593 7855
2595 7855
2602 7855
2604 7855
2605 7855
2609 7855
2610 7855
2613 1555
2613 7855
2614 7855
2615 7855
2617 7855
2619 7855
2620 1555
2621 7855
2623 1555
2625 7855
2626 7855
2629 7855
2630 7855
2632 7855
2635 7855
2645 7855
2649 7855
2652 7855
2653 7855
2654 7855
2655 7855
2656 7855
2659 7855
2660 7855
2662 7855
2664 7855
2665 1555
2665 7855
2666 7855
2672 7855
2677 1555
2678 7855
2679 7855
2681 1555
2681 7855
2685 7855
2686 7855
2688 1555
2689 7855
2691 7855
2698 7855
2701 7855
2702 7855
2703 7855
2704 7855
2705 7855
2707 7855
2708 7855
2709 7855
2709 13010
2710 1555
2712 7855
2714 7855
2715 7855
2716 1555
2716 7855
2718 7855
2720 7855
2722 7855
2723 1555
2723 7855
2724 7855
2725 7855
2726 1555
2727 7855
2728 7855
2730 1555
2731 7855
2732 7855
2733 7855
2734 1555
2734 7855
2735 7855
2736 7855
2737 7855
2738 7855
2739 7855
2740 7855
2741 7855
2742 7855
2743 7855
2745 7855
2746 7855
2748 7855
2749 7855
2752 7855
2753 7855
2754 1555
2755 1555
2755 7855
2756 7855
2757 7855
2758 1555
2759 7855
2761 7855
2762 7855
2763 7855
2766 7855
2768 7855
2770 7855
2772 1555
2772 7855
2773 1555
2773 7855
2777 7855
2778 7855
2779 1555
2779 7855
2780 7855
2781 7855
2782 7855
2784 7855
2785 7855
2786 7855
2787 7855
2790 7855
2791 7855
2793 7855
2794 7855
2798 7855
2799 7855
2805 7855
2814 7855
2815 7855
2817 7855
2822 1555
2826 1555
2830 7855
2832 7855
2835 1217
2837 7855
2844 7855
2845 7855
2846 7855
2848 7855
2849 7855
2851 7855
2853 1555
2853 7855
2855 1555
2855 7855
2861 7855
2862 7855
2864 7855
2865 7855
2867 7855
2868 7855
2870 7855
2872 7855
2875 1555
2876 7855
2877 7855
2878 7855
2879 7855
2880 7855
2881 7855
2882 7855
2884 1555
2885 7855
2887 7855
2888 7855
2889 7855
2892 7855
2895 7855
2899 1555
2900 7855
2902 7855
2904 7855
2905 7855
2908 7855
2910 7855
2912 7855
2913 7855
2914 7855
2916 7855
2917 7855
2918 7855
2920 7855
2924 1555
2924 7855
2925 7855
2927 7855
2929 7855
2931 7855
2932 7855
2933 7855
2934 7855
2937 7855
2938 7855
2940 1555
2940 7855
2942 7855
2945 1555
2945 7855
2949 1555
2950 7855
2957 7855
2958 7855
2959 7855
2964 7855
2965 7855
2971 1555
2973 7855
2974 7855
2976 7855
2979 7855
2985 7855
2993 7855
2995 7855
3003 7855
3004 7855
3010 7855
3014 7855
3016 7855
3019 7855
3028 1555
3028 7855
3029 1555
3035 7855
3036 7855
3046 7855
3047 7855
3048 7855
3051 7855
3052 7855
3053 7855
3054 1555
3054 7855
3056 1555
3056 7855
3058 1555
3058 7855
3061 7855
3063 7855
3070 7855
3079 7855
3081 7855
3088 1555
3088 7855
3090 7855
3091 7855
3110 7855
3114 7855
3116 1555
3116 7855
3120 7855
3125 7855
3131 7855
3134 7855
3135 7855
3144 7855
3148 1555
3148 7855
3162 7855
3163 7855
3165 7855
3167 7855
3172 7855
3174 7855
3178 7855
3184 7855
3189 7855
3190 7855
3197 7855
3198 7855
3201 1555
3201 7855
3203 7855
3204 7855
3212 7855
3216 7855
3220 7855
3221 7855
3222 7855
3235 7855
3239 7855
3245 7855
3253 7855
3255 7855
3258 7855
3260 7855
3267 7855
3268 7855
3270 7855
3272 7855
3280 7855
3286 1555
3286 7855
3288 7855
3290 7855
3295 7855
3300 7855
3305 7855
3306 7855
3312 7855
3317 7855
3318 7855
3322 7855
3330 1555
3330 7855
3334 7855
3335 7855
3336 7855
3341 7855
3344 1555
3349 7855
3358 7855
3360 7855
3362 1555
3362 7855
3368 7855
3371 7855
3374 7855
3375 7855
3376 7855
3377 1555
3381 7855
3386 7855
3389 7855
3390 7855
3393 7855
3394 1555
3404 7855
3405 7855
3411 7855
3412 7855
3419 7855
3426 7855
3438 7855
3440 7855
3445 7855
3448 7855
3449 7855
3450 7855
3451 7855
3453 7855
3466 7855
3469 7855
3470 7855
3471 7855
3477 7855
3480 7855
3481 7855
3482 7855
3484 7855
3492 7855
3495 1555
3497 1555
3525 7855
3530 7855
3531 7855
3548 7855
3549 7855
3550 7855
3555 7855
3568 7855
3569 7855
3575 7855
3579 1555
3581 7855
3590 7855
3591 7855
3595 7855
3596 1555
3598 1555
3607 7855
3610 7855
3612 7855
3616 7855
3617 1555
3617 7855
3618 7855
3624 7855
3626 7855
3629 7855
3633 7855
3637 7855
3644 7855
3648 7855
3653 7855
3654 7855
3671 7855
3676 7855
3681 7855
3684 7855
3686 7855
3688 7855
3697 7855
3702 7855
3717 7855
3719 7855
3722 7855
3724 7855
3729 7855
3731 7855
3732 7855
3737 7855
3744 7855
3749 7855
3755 7855
3759 7855
3761 7855
3778 7855
3786 7855
3788 7855
3789 7855
3792 7855
3795 7855
3801 7855
3804 7855
3813 7855
3815 7855
3817 7855
3824 7855
3826 7855
3840 7855
3842 7855
3851 7855
3863 7855
3865 7855
3868 7855
3874 7855
3885 7855
3888 7855
3890 7855
3894 7855
3895 7855
3896 7855
3900 1555
3900 7855
3901 7855
3903 7855
3904 7855
3906 7855
3914 7855
3916 7855
3929 7855
3930 7855
3931 7855
3939 1555
3939 7855
3940 7855
3946 7855
3948 7855
3950 7855
3952 7855
3953 7855
3965 7855
3967 7855
3975 7855
3976 7855
3984 7855
3985 7855
3990 7855
3995 1555
3998 7855
3999 13010
4005 7855
4008 7855
4010 1555
4010 7855
4012 7855
4013 7855
4014 7855
4018 7855
4021 7855
4069 1555
4069 7855
4070 7855
4085 7855
4087 7855
4089 7855
4092 7855
4094 7855
4098 7855
4106 7855
4121 7855
4124 7855
4125 7855
4128 7855
4131 7855
4133 7855
4139 7855
4148 7855
4151 7855
4153 7855
4155 7855
4157 7855
4162 7855
4163 1555
4167 7855
4170 7855
4173 7855
4176 7855
4179 7855
4182 7855
4184 7855
4189 1555
4191 1555
4196 7855
4197 7855
4199 7855
4202 7855
4203 7855
4207 7855
4216 7855
4220 7855
4225 7855
4226 7855
4227 1555
4229 1555
4229 7855
4234 7855
4252 1555
4252 7855
4254 7855
4255 7855
4256 7855
4257 7855
4259 7855
4260 7855
4262 7855
4265 7855
4274 7855
4275 7855
4290 7855
4293 1555
4295 7855
4296 7855
4297 7855
4304 7855
4306 7855
4308 7855
4309 7855
4314 1555
4314 7855
4315 7855
4319 7855
4326 7855
4337 7855
4351 7855
4355 7855
4357 7855
4364 7855
4367 7855
4374 7855
4380 7855
4381 7855
4389 7855
4391 7855
4394 7855
4396 7855
4398 7855
4411 7855
4425 7855
4426 7855
4434 7855
4435 7855
4440 7855
4442 7855
4448 7855
4456 7855
4460 7855
4462 7855
4466 7855
4467 7855
4468 7855
4469 7855
4475 7855
4476 7855
4485 1555
4487 7855
4491 7855
4520 7855
4527 7855
4532 7855
4533 7855
4536 7855
4539 7855
4541 7855
4542 7855
4543 7855
4545 7855
4548 7855
4549 7855
4551 7855
4557 7855
4565 7855
4566 7855
4567 1555
4567 7855
4568 1555
4568 7855
4570 7855
4572 7855
4573 7855
4574 7855
4575 1555
4577 7855
4579 7855
4580 7855
4582 7855
4584 7855
4585 1555
4588 7855
4589 1555
4589 7855
4596 7855
4598 7855
4601 7855
4605 7855
4610 7855
4613 7855
4615 7855
4616 7855
4619 7855
4620 7855
4624 7855
4627 7855
4633 7855
4641 1555
4641 7855
4643 7855
4645 7855
4649 7855
4653 1555
4653 7855
4656 7855
4658 7855
4663 7855
4664 7855
4667 7855
4668 7855
4676 7855
4678 7855
4682 7855
4684 7855
4688 7855
4694 7855
4700 7855
4705 7855
4713 7855
4714 7855
4722 1555
4722 7855
4723 1555
4724 1555
4727 7855
4732 7855
4737 7855
4738 7855
4740 7855
4755 7855
4759 1555
4761 7855
4770 7855
4782 7855
4786 7855
4815 1555
4815 7855
4816 7855
4825 7855
4833 7855
4843 7855
4846 7855
4848 7855
4852 1555
4853 7855
4856 7855
4861 7855
4870 7855
4872 7855
4879 7855
4881 7855
4892 7855
4896 7855
4899 7855
4909 7855
4913 7855
4915 7855
4927 7855
4932 7855
4935 7855
4936 7855
4937 7855
4939 7855
4943 7855
4944 7855
4958 7855
4964 7855
4969 7855
4975 7855
4986 1555
4986 7855
4992 7855
4993 7855
4995 7855
4997 7855
5006 7855
5017 7855
5021 7855
5023 7855
5027 7855
5029 7855
5031 7855
5036 1555
5036 7855
5037 7855
5046 7855
5052 7855
5058 7855
5059 7855
5060 7855
5062 7855
5073 7855
5074 7855
5076 7855
5082 7855
5083 7855
5084 1555
5084 7855
5085 7855
5086 7855
5088 7855
5089 7855
5090 7855
5091 7855
5092 7855
5093 7855
5094 7855
5096 7855
5098 7855
5103 7855
5105 7855
5106 7855
5107 7855
5108 7855
5110 7855
5111 7855
5112 7855
5119 7855
5122 7855
5125 7855
5126 1555
5126 7855
5127 7855
5132 7855
5138 7855
5141 7855
5150 7855
5155 7855
5160 7855
5165 7855
5171 7855
5176 1555
5176 7855
5180 7855
5185 7855
5187 7855
5192 1555
5201 7855
5203 7855
5210 7855
5216 7855
5220 7855
5221 7855
5225 7855
5228 7855
5229 7855
5233 7855
5236 7855
5238 7855
5239 7855
5240 7855
5241 7855
5251 7855
5253 7855
5254 7855
5255 7855
5260 7855
5261 7855
5262 7855
5273 7855
5278 7855
5294 7855
5295 7855
5298 1555
5301 7855
5303 7855
5305 7855
5306 7855
5307 7855
5315 7855
5319 7855
5322 7855
5323 7855
5324 7855
5330 7855
5332 7855
5334 7855
5338 7855
5340 7855
5343 7855
5345 7855
5357 7855
5360 7855
5376 7855
5377 7855
5381 7855
5387 7855
5390 1555
5396 1555
5416 1555
5416 7855
5417 7855
5419 7855
5421 7855
5425 7855
5428 7855
5432 1555
5432 7855
5438 7855
5439 7855
5442 7855
5443 7855
5445 7855
5448 7855
5450 7855
5453 7855
5454 7855
5455 7855
5458 7855
5459 7855
5461 7855
5462 7855
5463 7855
5464 7855
5465 1555
5466 1555
5473 7855
5475 7855
5476 7855
5477 7855
5478 7855
5481 7855
5482 7855
5483 7855
5486 7855
5488 1555
5488 7855
5489 7855
5490 7855
5503 7855
5504 7855
5509 7855
5519 1555
5519 7855
5522 7855
5526 7855
5529 7855
5535 7855
5549 7855
5560 7855
5561 7855
5564 7855
5565 7855
5572 7855
5574 7855
5577 7855
5579 7855
5584 7855
5585 7855
5586 1555
5586 7855
5587 7855
5588 7855
5591 1555
5591 7855
5593 7855
5594 7855
5603 7855
5604 1555
5605 7855
5607 7855
5609 7855
5614 7855
5619 1555
5620 7855
5621 7855
5629 7855
5639 1555
5640 7855
5641 7855
5647 7855
5648 7855
5649 7855
5653 1555
5656 7855
5659 1555
5661 7855
5663 7855
5666 7855
5672 7855
5675 7855
5676 7855
5680 7855
5683 7855
5692 7855
5702 7855
5706 7855
5715 7855
5718 7855
5724 7855
5732 7855
5737 7855
5739 7855
5740 7855
5743 7855
5744 7855
5751 7855
5752 7855
5757 7855
5761 7855
5763 7855
5769 7855
5771 7855
5773 7855
5775 7855
5777 7855
5784 7855
5787 7855
5791 1555
5791 7855
5795 7855
5796 7855
5802 7855
5804 7855
5808 7855
5810 7855
5813 7855
5827 7855
5828 7855
5832 7855
5835 7855
5839 7855
5840 7855
5841 7855
5846 7855
5847 7855
5849 7855
5850 7855
5854 7855
5855 1555
5857 7855
5866 7855
5869 7855
5870 7855
5873 7855
5876 7855
5878 7855
5880 7855
5881 7855
5884 7855
5890 7855
5891 1555
5891 7855
5894 7855
5907 7855
5913 7855
5915 7855
5920 7855
5921 7855
5932 7855
5933 7855
5943 1555
5943 7855
5944 7855
5945 7855
5949 7855
5957 7855
5958 7855
5961 7855
5962 7855
5965 7855
5967 7855
5969 7855
5978 7855
5982 7855
5983 7855
5984 7855
5992 7855
5997 1555
6010 7855
6012 7855
6014 7855
6022 7855
6023 7855
6029 7855
6030 1555
6030 7855
6031 1555
6031 7855
6032 7855
6035 7855
6044 1555
6045 1555
6046 1555
6046 7855
6047 7855
6048 7855
6050 7855
6053 7855
6054 7855
6056 7855
6057 7855
6058 1555
6058 7855
6059 7855
6060 7855
6061 7855
6066 7855
6069 7855
6070 7855
6072 7855
6073 7855
6074 7855
6075 7855
6076 7855
6077 7855
6078 7855
6085 7855
6099 7855
6112 7855
6115 7855
6116 7855
6117 7855
6119 7855
6120 7855
6121 7855
6123 7855
6129 7855
6140 7855
6141 7855
6147 7855
6148 7855
6156 7855
6165 7855
6167 7855
6173 7855
6174 7855
6175 7855
6179 7855
6181 7855
6182 7855
6183 7855
6192 7855
6194 7855
6204 7855
6205 7855
6207 7855
6210 7855
6216 7855
6217 7855
6218 7855
6221 7855
6226 1555
6226 7855
6229 7855
6231 7855
6243 7855
6247 7855
6249 7855
6250 1555
6250 7855
6251 1555
6251 7855
6253 7855
6261 7855
6262 7855
6263 7855
6267 7855
6269 7855
6271 7855
6276 7855
6278 7855
6279 7855
6285 1555
6285 7855
6290 7855
6291 7855
6292 7855
6294 1555
6294 7855
6298 7855
6299 7855
6301 7855
6314 7855
6318 7855
6322 7855
6324 7855
6327 7855
6329 7855
6335 7855
6339 1555
6339 7855
6345 7855
6347 7855
6357 7855
6362 7855
6369 7855
6373 1555
6373 7855
6390 1555
6396 7855
6397 1555
6398 1217
6398 7855
6404 7855
6405 7855
6408 7855
6410 7855
6411 7855
6413 7855
6414 7855
6415 7855
6425 7855
6426 7855
6431 7855
6435 7855
6444 7855
6454 7855
6462 7855
6464 7855
6465 7855
6468 7855
6471 1555
6471 7855
6474 7855
6476 7855
6478 7855
6479 7855
6480 7855
6485 1555
6485 7855
6491 7855
6492 7855
6500 7855
6501 7855
6508 7855
6512 7855
6516 7855
6517 7855
6533 7855
6547 7855
6549 7855
6555 7855
6557 7855
6558 7855
6567 7855
6572 1555
6572 7855
6583 7855
6584 7855
6586 13010
6595 7855
6596 7855
6607 7855
6608 7855
6609 7855
6624 7855
6627 7855
6628 7855
6630 7855
6631 7855
6638 7855
6640 7855
6641 7855
6642 7855
6643 7855
6653 7855
6659 7855
6662 7855
6663 7855
6668 7855
6679 7855
6684 7855
6690 7855
6692 7855
6704 7855
6709 7855
6710 7855
6716 7855
6717 7855
6719 7855
6720 1555
6720 7855
6721 7855
6724 7855
6725 7855
6727 1555
6731 7855
6732 7855
6733 7855
6737 7855
6740 7855
6744 7855
6753 7855
6754 7855
6755 7855
6758 7855
6759 7855
6763 1555
6767 7855
6769 7855
6776 7855
6779 7855
6785 7855
6790 7855
6794 7855
6800 7855
6803 7855
6808 7855
6815 1555
6817 1555
6817 7855
6822 7855
6823 7855
6826 7855
6829 7855
6831 7855
6836 7855
6838 7855
6847 7855
6849 7855
6850 7855
6851 7855
6858 1555
6861 7855
6867 7855
6875 7855
6876 7855
6878 7855
6879 7855
6881 7855
6882 7855
6883 7855
6889 7855
6893 7855
6894 1555
6894 7855
6897 7855
6899 1555
6901 7855
6905 7855
6909 7855
6917 7855
6918 7855
6919 7855
6920 7855
6921 7855
6926 7855
6927 7855
6928 7855
6929 7855
6931 7855
6932 7855
6934 7855
6937 7855
6939 7855
6940 7855
6943 7855
6948 7855
6950 7855
6951 7855
6954 7855
6956 7855
6957 7855
6959 7855
6962 7855
6965 7855
6966 7855
6970 7855
6972 1555
6973 1555
6973 7855
6988 1555
6988 7855
6997 7855
6998 7855
6999 7855
7001 7855
7002 1555
7002 7855
7003 7855
7007 7855
7009 7855
7011 7855
7012 1555
7013 7855
7016 1555
7016 7855
7018 7855
7020 7855
7021 1555
7022 1555
7023 7855
7024 7855
7026 7855
7027 7855
7028 7855
7029 7855
7031 7855
7032 7855
7034 7855
7037 7855
7038 7855
7039 1555
7041 7855
7046 7855
7047 7855
7049 7855
7050 7855
7052 7855
7055 7855
7063 7855
7069 1555
7069 7855
7075 7855
7078 1555
7083 7855
7084 7855
7085 7855
7089 7855
7090 7855
7092 7855
7094 7855
7117 1555
7118 7855
7144 7855
7147 7855
7149 7855
7152 7855
7155 1555
7155 7855
7163 7855
7166 7855
7168 7855
7180 7855
7182 7855
7193 7855
7200 7855
7206 7855
7208 7855
7209 7855
7212 7855
7214 1555
7226 7855
7227 7855
7229 7855
7237 7855
7239 7855
7242 7855
7250 7855
7262 7855
7264 7855
7265 7855
7266 7855
7267 7855
7268 7855
7269 7855
7271 1555
7271 7855
7276 1555
7277 7855
7281 7855
7282 7855
7286 7855
7287 7855
7288 7855
7290 7855
7295 7855
7296 7855
7304 7855
7315 7855
7318 7855
7324 7855
7339 7855
7343 7855
7347 7855
7349 7855
7351 7855
7352 7855
7362 7855
7363 7855
7372 7855
7377 7855
7378 7855
7390 7855
7395 7855
7396 7855
7402 7855
7408 7855
7412 7855
7422 7855
7424 7855
7431 7855
7437 7855
7452 7855
7460 7855
7471 7855
7473 7855
7476 7855
7477 7855
7480 7855
7493 1555
7509 7855
7512 7855
7513 7855
7537 7855
7546 7855
7550 7855
7552 7855
7554 7855
7555 7855
7557 7855
7563 7855
7579 7855
7581 7855
7582 7855
7589 7855
7593 7855
7595 7855
7597 7855
7600 1555
7600 7855
7610 7855
7611 7855
7622 7855
7629 7855
7633 7855
7634 7855
7636 7855
7641 7855
7652 7855
7653 7855
7654 7855
7655 1555
7656 7855
7660 7855
7665 7855
7666 1555
7666 7855
7670 7855
7678 7855
7679 7855
7682 7855
7685 7855
7694 7855
7698 1555
7698 7855
7705 7855
7711 1555
7716 7855
7719 7855
7722 7855
7723 7855
7730 7855
7733 7855
7736 7855
7739 7855
7740 7855
7741 7855
7746 7855
7753 7855
7757 7855
7759 7855
7761 7855
7763 1555
7764 7855
7772 7855
7773 1555
7773 7855
7781 7855
7786 7855
7787 1555
7789 7855
7793 7855
7800 7855
7801 7855
7803 7855
7804 7855
7805 7855
7808 7855
7812 7855
7813 1555
7819 7855
7820 7855
7828 1555
7828 7855
7833 1555
7833 7855
7834 7855
7835 7855
7836 7855
7837 7855
7844 7855
7852 7855
7854 7855
7859 7855
7864 7855
7865 7855
7867 7855
7875 7855
7879 7855
7885 7855
7886 1555
7886 7855
7896 7855
7904 7855
7912 7855
7913 7855
7918 7855
7923 7855
7924 7855
7925 7855
7926 7855
7927 7855
7929 7855
7934 7855
7936 7855
7945 7855
7946 7855
7956 7855
7964 7855
7967 7855
7973 7855
7974 7855
7976 7855
7979 7855
7997 7855
8015 7855
8022 7855
8024 7855
8032 7855
8037 7855
8038 7855
8041 7855
8043 7855
8051 1555
8055 7855
8063 7855
8069 7855
8071 7855
8083 7855
8088 7855
8090 7855
8091 7855
8096 7855
8103 7855
8111 7855
8112 7855
8115 7855
8120 7855
8122 7855
8126 7855
8131 7855
8143 7855
8147 7855
8152 1555
8155 7855
8156 7855
8162 7855
8177 7855
8181 7855
8186 1555
8186 7855
8187 7855
8190 7855
8191 7855
8197 7855
8198 7855
8203 7855
8205 7855
8207 7855
8208 7855
8213 7855
8218 7855
8219 7855
8223 7855
8242 7855
8254 7855
8267 7855
8273 7855
8275 7855
8281 7855
8284 7855
8290 7855
8293 7855
8294 7855
8302 7855
8309 1555
8309 7855
8312 7855
8313 7855
8314 7855
8316 7855
8319 7855
8328 7855
8329 7855
8334 7855
8338 7855
8339 7855
8352 7855
8361 7855
8362 1555
8362 7855
8367 7855
8372 7855
8374 1555
8377 7855
8382 7855
8383 7855
8384 7855
8386 7855
8397 7855
8398 7855
8399 7855
8400 7855
8401 7855
8404 7855
8405 7855
8406 7855
8412 7855
8413 7855
8417 7855
8420 7855
8423 7855
8434 7855
8435 7855
8436 7855
8443 7855
8447 7855
8455 7855
8456 7855
8460 7855
8472 7855
8473 7855
8487 7855
8509 7855
8511 7855
8513 7855
8515 7855
8520 7855
8531 7855
8544 7855
8546 7855
8547 7855
8552 7855
8553 7855
8554 7855
8564 7855
8580 7855
8581 7855
8584 7855
8585 7855
8588 7855
8590 7855
8597 7855
8608 7855
8613 7855
8614 7855
8616 7855
8617 7855
8618 1555
8623 7855
8630 7855
8634 7855
8635 7855
8636 1555
8636 7855
8640 7855
8641 7855
8646 7855
8647 7855
8650 7855
8656 7855
8658 7855
8670 7855
8671 7855
8676 7855
8704 7855
8710 7855
8720 7855
8733 7855
8734 1555
8734 7855
8737 7855
8738 7855
8742 7855
8743 7855
8751 7855
8753 7855
8756 7855
8757 7855
8759 7855
8764 7855
8765 7855
8773 7855
8774 7855
8779 7855
8781 7855
8784 7855
8798 7855
8802 7855
8804 7855
8810 7855
8819 13010
8825 7855
8831 7855
8836 7855
8843 7855
8850 7855
8851 7855
8854 7855
8866 7855
8870 7855
8873 7855
8876 7855
8877 1555
8881 7855
8884 7855
8888 1555
8892 7855
8893 7855
8896 7855
8900 7855
8905 7855
8906 7855
8912 7855
8913 7855
8916 7855
8917 7855
8921 7855
8922 7855
8923 7855
8925 1555
8925 7855
8927 7855
8928 1555
8928 7855
8936 7855
8937 7855
8940 1555
8940 7855
8945 7855
8947 7855
8951 7855
8952 7855
8953 7855
8956 7855
8963 7855
8964 7855
8977 7855
8979 7855
8980 7855
8981 7855
8986 7855
8989 7855
8991 1555
8994 7855
8999 7855
9005 7855
9009 7855
9011 7855
9015 1555
9015 7855
9016 1555
9016 7855
9017 7855
9024 7855
9026 7855
9031 7855
9033 7855
9034 7855
9035 7855
9040 7855
9041 7855
9044 7855
9046 7855
9052 7855
9056 7855
9059 7855
9060 7855
9066 7855
9067 7855
9073 7855
9074 7855
9077 7855
9078 7855
9086 7855
9088 7855
9089 7855
9090 7855
9095 7855
9105 7855
9110 7855
9113 7855
9116 7855
9125 7855
9131 7855
9137 7855
9138 7855
9139 7855
9140 7855
9148 7855
9161 7855
9165 7855
9166 1555
9167 1555
9171 7855
9179 7855
9182 7855
9192 7855
9196 7855
9205 7855
9207 7855
9209 1555
9215 7855
9218 7855
9222 7855
9224 7855
9225 7855
9240 7855
9250 7855
9251 7855
9253 7855
9262 7855
9268 7855
9269 7855
9277 7855
9290 7855
9291 1555
9291 7855
9294 7855
9295 7855
9297 7855
9302 7855
9311 7855
9315 7855
9320 7855
9325 7855
9339 7855
9348 7855
9353 1555
9358 7855
9361 7855
9365 7855
9368 7855
9373 7855
9375 7855
9380 7855
9382 7855
9385 7855
9390 7855
9391 7855
9397 7855
9400 7855
9402 7855
9403 7855
9405 7855
9418 7855
9419 7855
9421 7855
9429 7855
9438 7855
9439 7855
9447 7855
9448 7855
9449 7855
9451 7855
9469 1555
9471 7855
9483 7855
9485 7855
9493 7855
9495 7855
9496 7855
9497 7855
9500 7855
9519 7855
9526 7855
9528 7855
9538 7855
9539 7855
9560 7855
9567 7855
9568 7855
9574 7855
9575 7855
9576 7855
9577 7855
9580 7855
9583 7855
9587 7855
9595 1555
9595 7855
9596 7855
9599 7855
9600 7855
9601 7855
9604 7855
9605 1555
9605 7855
9606 7855
9614 7855
9615 7855
9624 7855
9630 7855
9631 7855
9634 7855
9635 7855
9642 7855
9644 1555
9651 7855
9652 7855
9658 7855
9697 7855
9699 1555
9700 7855
9706 7855
9707 7855
9715 1555
9717 7855
9721 7855
9728 7855
9729 7855
9730 7855
9742 7855
9743 7855
9746 7855
9755 7855
9758 7855
9759 7855
9763 1555
9763 7855
9765 7855
9768 7855
9775 1555
9775 7855
9785 1555
9787 7855
9813 7855
9816 7855
9835 7855
9840 7855
9858 7855
9891 7855
9901 7855
9907 7855
9918 7855
9922 7855
9924 7855
9930 7855
9934 7855
9935 7855
9937 7855
9943 7855
9948 7855
9952 7855
9959 7855
9968 7855
9969 7855
9970 7855
9971 1555
9971 7855
9972 1555
9972 7855
9975 7855
9977 7855
9986 7855
9987 7855
9988 7855
9989 7855
9993 7855
9999 7855
10004 7855
10005 7855
10008 7855
10011 7855
10012 7855
10013 7855
10019 7855
10023 1217
10023 7855
10030 7855
10032 7855
10034 7855
10036 7855
10047 7855
10048 1217
10051 7855
10054 7855
10060 7855
10061 7855
10062 1555
10070 7855
10082 7855
10090 7855
10091 7855
10096 7855
10111 7855
10114 7855
10125 7855
10126 7855
10127 7855
10131 7855
10133 7855
10134 7855
10138 7855
10139 7855
10142 7855
10144 7855
10145 7855
10149 7855
10151 7855
10154 7855
10158 7855
10161 1555
10162 7855
10163 7855
10165 7855
10167 7855
10173 7855
10175 7855
10180 7855
10181 7855
10190 7855
10194 7855
10196 7855
10201 7855
10202 7855
10207 7855
10210 7855
10213 7855
10219 7855
10223 7855
10226 7855
10227 7855
10234 7855
10236 7855
10237 7855
10240 7855
10243 7855
10245 7855
10253 7855
10256 7855
10264 7855
10272 7855
10276 7855
10300 7855
10309 7855
10310 7855
10314 7855
10315 7855
10318 7855
10323 7855
10324 7855
10329 7855
10331 7855
10346 7855
10350 7855
10351 7855
10357 7855
10360 7855
10365 7855
10369 7855
10374 7855
10380 7855
10382 7855
10387 7855
10391 7855
10398 7855
10405 7855
10409 7855
10410 7855
10419 7855
10435 7855
10442 7855
10443 7855
10455 7855
10462 7855
10463 7855
10464 7855
10482 7855
10487 7855
10493 7855
10509 7855
10513 7855
10530 7855
10532 7855
10535 7855
10563 7855
10565 7855
10567 7855
10580 7855
10581 7855
10584 7855
10586 7855
10595 7855
10598 7855
10601 7855
10615 7855
10617 1555
10618 7855
10640 7855
10642 7855
10654 7855
10683 7855
10691 7855
10696 7855
10697 7855
10702 1555
10706 1555
10708 1555
10708 7855
10714 7855
10715 7855
10753 7855
10757 7855
10759 7855
10763 7855
10769 7855
10772 1555
10786 7855
10787 1555
10787 7855
10789 7855
10790 7855
10792 7855
10795 7855
10796 7855
10812 7855
10814 7855
10818 1555
10818 7855
10819 7855
10820 7855
10824 7855
10826 7855
10828 1555
10828 7855
10852 1555
10852 7855
10855 7855
10856 7855
10857 7855
10858 7855
10864 7855
10875 7855
10879 7855
10880 7855
10885 7855
10886 7855
10892 1555
10898 7855
10913 1555
10915 7855
10923 7855
10924 7855
10926 7855
10927 7855
10928 7855
10929 7855
10931 7855
10933 7855
10934 1555
10938 7855
10941 7855
10944 1555
10948 7855
10950 7855
10953 7855
10966 1555
10966 7855
10977 1555
10977 7855
10988 7855
10990 7855
10995 7855
10996 7855
10998 7855
11000 7855
11006 7855
11008 7855
11012 7855
11024 7855
11028 7855
11037 7855
11040 7855
11042 7855
11047 7855
11050 7855
11051 7855
11053 7855
11054 7855
11059 7855
11065 7855
11067 7855
11072 7855
11074 1555
11074 7855
11086 7855
11090 7855
11098 7855
11101 7855
11106 7855
11109 7855
11114 7855
11116 7855
11138 7855
11139 7855
11141 7855
11145 7855
11153 7855
11154 1555
11154 7855
11156 7855
11158 7855
11160 7855
11161 7855
11166 7855
11167 7855
11168 7855
11170 7855
11174 7855
11178 7855
11179 1555
11179 7855
11194 1555
11194 7855
11199 7855
11201 1555
11213 7855
11215 7855
11224 7855
11225 1555
11225 7855
11227 7855
11231 1555
11231 7855
11234 7855
11236 1555
11236 7855
11240 7855
11245 7855
11247 7855
11250 1555
11250 7855
11254 7855
11255 7855
11257 7855
11260 7855
11262 7855
11270 7855
11272 7855
11275 7855
11277 1555
11277 7855
11290 7855
11301 7855
11309 7855
11313 7855
11315 7855
11321 7855
11325 7855
11327 7855
11328 7855
11333 7855
11344 7855
11346 7855
11348 1555
11353 7855
11355 7855
11361 1555
11367 7855
11374 7855
11380 7855
11385 7855
11389 7855
11393 7855
11400 7855
11401 7855
11409 7855
11417 7855
11418 7855
11430 7855
11441 7855
11452 7855
11453 7855
11475 7855
11477 7855
11484 7855
11489 7855
11493 1555
11493 7855
11507 7855
11508 7855
11513 7855
11514 7855
11515 7855
11521 7855
11526 7855
11529 7855
11535 7855
11536 7855
11539 7855
11543 7855
11544 7855
11576 7855
11577 7855
11578 7855
11581 7855
11583 1555
11585 7855
11587 7855
11588 7855
11597 7855
11606 7855
11611 1555
11615 7855
11637 7855
11641 7855
11647 7855
11648 7855
11655 7855
11656 7855
11670 7855
11686 7855
11690 7855
11698 7855
11701 7855
11712 7855
11714 7855
11715 7855
11725 7855
11738 7855
11742 7855
11770 7855
11771 7855
11784 7855
11788 7855
11796 1555
11796 7855
11802 7855
11806 7855
11811 7855
11812 7855
11826 7855
11838 7855
11839 7855
11843 7855
11856 7855
11859 7855
11862 7855
11878 1555
11878 7855
11890 7855
11892 7855
11896 7855
11897 7855
11899 7855
11901 7855
11912 7855
11913 7855
11914 7855
11916 7855
11920 7855
11921 7855
11923 7855
11931 7855
11935 1555
11936 7855
11937 7855
11950 7855
11963 7855
11971 1555
11971 7855
11979 7855
11982 7855
11983 7855
11984 7855
11991 7855
11993 7855
11996 7855
12000 7855
12001 7855
12003 1555
12003 7855
12005 7855
12007 7855
12012 7855
12019 7855
12020 7855
12023 1555
12023 7855
12025 7855
12035 1555
12052 7855
12059 7855
12060 7855
12061 7855
12068 1555
12068 7855
12083 7855
12109 7855
12111 7855
12115 7855
12131 7855
12145 7855
12146 7855
12150 7855
12151 7855
12152 7855
12153 7855
12162 7855
12165 7855
12186 7855
12199 7855
12200 7855
12209 7855
12223 7855
12236 7855
12237 7855
12249 1555
12275 7855
12276 7855
12277 7855
12283 7855
12289 7855
12298 7855
12316 7855
12326 7855
12333 7855
12338 7855
12344 7855
12351 7855
12376 7855
12380 7855
12390 7855
12397 1555
12411 7855
12424 1555
12424 7855
12431 7855
12432 7855
12434 1555
12434 7855
12437 7855
12438 7855
12439 7855
12440 7855
12441 7855
12444 1555
12444 7855
12465 7855
12470 7855
12497 7855
12502 7855
12525 7855
12528 7855
12533 7855
12534 7855
12542 7855
12543 7855
12545 7855
12550 7855
12551 7855
12552 7855
12554 7855
12568 7855
12577 7855
12584 7855
12587 1555
12590 7855
12606 1555
12606 7855
12609 1555
12609 7855
12611 1555
12621 7855
12623 7855
12624 7855
12625 7855
12651 7855
12668 7855
12680 1555
12680 7855
12681 7855
12683 7855
12685 1555
12685 7855
12686 7855
12694 7855
12695 7855
12696 1555
12696 7855
12698 1555
12702 7855
12706 7855
12707 7855
12709 7855
12710 7855
12711 7855
12726 7855
12730 7855
12731 7855
12732 7855
12748 7855
12749 7855
12750 7855
12763 1555
12765 7855
12768 7855
12774 7855
12778 7855
12795 7855
12796 7855
12801 7855
12807 1555
12807 7855
12812 1555
12812 7855
12825 7855
12845 7855
12846 7855
12847 7855
12848 7855
12853 1555
12853 7855
12854 7855
12855 1555
12856 7855
12862 7855
12867 7855
12868 7855
12869 1555
12869 7855
12873 7855
12874 7855
12886 7855
12892 7855
12894 7855
12895 7855
12897 7855
12898 7855
12907 7855
12917 7855
12933 7855
12934 7855
12939 7855
12944 7855
12965 7855
12972 7855
12976 7855
12988 7855
12992 7855
12999 1555
12999 7855
13005 1555
13005 7855
13015 7855
13055 7855
13066 7855
13085 7855
13101 7855
13105 7855
13107 7855
13112 7855
13114 7855
13122 7855
13130 7855
13131 7855
13152 7855
13157 7855
13160 7855
13162 7855
13163 7855
13167 7855
13193 7855
13198 7855
13200 7855
13214 7855
13218 7855
13228 1555
13228 7855
13234 7855
13237 7855
13264 7855
13265 7855
13268 7855
13271 7855
13272 1555
13272 7855
13274 1555
13274 7855
13275 7855
13278 7855
13282 1555
13282 7855
13283 7855
13299 7855
13300 7855
13303 7855
13305 7855
13307 7855
13310 1555
13311 7855
13330 7855
13331 1555
13332 7855
13333 7855
13334 7855
13343 7855
13346 7855
13355 7855
13358 7855
13369 7855
13407 7855
13409 7855
13414 7855
13415 1555
13417 7855
13419 7855
13424 1555
13424 7855
13429 7855
13431 7855
13442 7855
13446 1555
13449 7855
13450 7855
13454 7855
13459 7855
13460 1555
13460 7855
13463 7855
13473 7855
13475 1555
13475 7855
13486 7855
13489 1555
13499 1555
13499 7855
13501 7855
13506 7855
13507 7855
13512 7855
13514 7855
13535 7855
13539 7855
13541 7855
13542 7855
13552 7855
13556 1555
13556 7855
13557 1555
13558 7855
13560 7855
13561 7855
13566 7855
13570 7855
13572 7855
13574 7855
13580 7855
13585 7855
13588 7855
13592 7855
13595 7855
13602 7855
13603 7855
13605 7855
13620 7855
13644 7855
13740 7855
13814 7855
13815 7855
13820 7855
13853 7855
13873 7855
13931 7855
13941 7855
13942 7855
13944 7855
13948 7855
13957 7855
13958 7855
13960 7855
13963 7855
13969 7855
13970 7855
13971 7855
13972 7855
13973 7855
13975 7855
13988 7855
13997 7855
13998 7855
14000 7855
14002 1555
14003 1555
14003 7855
14004 7855
14006 7855
14008 7855
14009 7855
14010 7855
14017 7855
14023 7855
14024 7855
14028 7855
14030 1555
14033 7855
14040 1555
14052 7855
14055 7855
14056 7855
14057 7855
14059 7855
14060 7855
14071 7855
14072 7855
14083 7855
14088 7855
14089 7855
14099 7855
14100 7855
14102 7855
14104 1555
14104 7855
14110 7855
14112 7855
14204 7855
14260 7855
14262 1555
14262 7855
14263 1555
14263 7855
14268 7855
14284 7855
14299 7855
14306 7855
14382 7855
14383 7855
14408 7855
14418 7855
14452 7855
14491 7855
14498 7855
14508 7855
14517 7855
14525 7855
14530 7855
14533 7855
