24624 24624 53
1321 22562
2161 20400
3632 13040
4431 10604
4431 13861
5488 14319
6110 6320
7145 10049
7150 23575
7341 15636
7750 15636
7750 24269
7968 10049
8403 10342
8669 13969
8898 15636
8898 22659
9679 15636
10220 10342
11626 22492
12367 8924
12421 10930
12648 16532
14589 15220
15032 9619
15524 23575
17165 10049
17264 13384
17428 2160
17656 13040
19905 11394
20162 15448
20369 10920
20652 20652
20892 14506
21039 8081
21066 10049
21225 18015
21262 3063
21407 14896
21427 17697
21470 10501
21520 14043
21725 22562
21741 6320
21796 5055
21996 23575
21998 16665
22001 18296
22843 14520
23361 1114
23361 9619
24105 20231
