24624 24624 44
1821 22035
1821 24022
1841 6738
2833 7224
4310 14462
4811 4812
5742 6808
5984 10676
6023 2773
6023 10970
6216 13905
7224 2833
7979 7978
9214 5001
9962 23295
10486 16990
10676 6191
10880 15198
10970 6023
10985 11094
10985 13390
11094 13390
11154 14554
11365 21691
12639 16492
12841 12841
13562 13431
13562 20444
14030 6121
14289 12805
14838 23699
15173 19538
16728 765
16990 10486
19597 754
19790 4915
20444 13431
20444 13562
20458 11623
22106 24010
23199 14654
23295 9962
23699 14838
24010 22106
