24624 24624 436
596 3981
607 20832
611 611
713 8111
863 3987
952 4409
982 23056
1064 12194
1164 9526
1191 11648
1197 3984
1197 19936
1232 7783
1232 18950
1305 8111
1341 24138
1342 3986
1344 12165
1355 12255
1355 12308
1437 1436
1468 23635
1679 19223
1772 3602
1808 3990
1846 24263
1979 23381
2076 8111
2170 5334
2179 12938
2193 19936
2244 14873
2341 4567
2345 3993
2363 14945
2379 11926
2384 3983
2384 19936
2443 6235
2463 13042
2474 11926
2475 2476
2551 4199
2557 3987
2579 12484
2631 13453
2698 2696
2761 22950
2910 2911
2911 2910
3031 8111
3094 12210
3109 10747
3129 3130
3129 8447
3130 8447
3170 5136
3226 14103
3281 17382
3366 12194
3373 3372
3376 17815
3387 9075
3388 7702
3398 6049
3483 23635
3489 16107
3657 23635
3658 3733
3695 4646
3768 4695
3829 17382
3979 14933
3981 596
4183 23635
4223 2824
4412 11661
4512 8994
4529 8111
4530 4646
4579 8111
4619 11648
4712 4712
4751 5911
4769 20080
4790 14944
4795 18967
4820 15257
4825 4695
4861 7529
4870 22950
4887 7959
4952 3637
5056 12349
5130 18717
5136 23381
5153 16638
5307 5308
5307 19926
5578 9925
5594 14581
5681 23635
5722 19936
6155 9845
6176 24509
6259 8873
6274 8111
6281 14159
6349 19926
6466 5775
6469 17317
6470 6206
6518 6519
6649 22790
6668 23635
6846 19223
6854 3996
6867 19926
7122 15842
7122 19926
7142 8839
7186 3983
7186 19936
7216 15577
7347 1291
7390 19952
7507 23381
7514 19926
7621 4540
7758 14795
7787 11661
7884 7885
7913 13090
7971 3988
7975 19936
8171 4646
8328 12194
8329 12194
8330 12127
8331 8591
8332 24192
8333 12194
8334 12194
8335 6103
8336 8591
8337 3366
8337 12194
8338 12194
8339 12194
8340 8591
8341 8591
8342 12194
8343 15101
8344 12194
8345 8591
8346 8591
8347 24192
8348 8591
8349 8591
8350 8591
8351 8591
8351 12220
8352 8591
8353 8591
8354 8591
8355 19792
8356 12194
8357 19792
8358 8591
8359 2921
8360 8591
8361 12194
8362 8591
8363 18433
8364 8591
8365 8591
8366 8591
8367 8591
8368 20160
8369 8591
8370 8591
8426 12194
8512 16638
8543 8544
8560 9867
8569 7927
8573 18096
8589 14409
8608 9576
8637 14944
8751 21001
8764 981
8821 2824
8821 14653
8822 2824
8842 17395
8852 17816
8855 3986
8868 11164
8874 17230
8896 11926
8964 19376
9060 14795
9330 13358
9353 1291
9358 6260
9361 8111
9453 8873
9468 8111
9502 23635
9527 15162
9587 17312
9598 9587
9598 17312
9847 11661
9849 9848
9858 19223
9860 11661
9947 9947
10044 7476
10051 12194
10145 12665
10145 19926
10403 20899
10408 20899
10454 19926
10612 14873
10805 9117
11126 18915
11591 13929
11593 8854
11638 3500
11677 20899
11704 12076
11710 11661
11711 11661
11718 11719
11797 4864
11797 23635
11817 13254
11820 23635
11943 11944
12023 11661
12063 20608
12116 18990
12118 3982
12122 3989
12171 8823
12179 23382
12220 8591
12250 7211
12255 12308
12263 643
12277 12252
12278 6800
12317 12327
12317 16638
12327 16638
12400 19926
12420 19428
12420 20899
12427 4567
12434 8111
12531 3574
12762 8111
12777 13154
12936 4646
12948 12165
12974 4647
12984 3996
13009 13496
13152 11926
13165 3993
13197 5136
13295 23382
13508 3976
13549 4751
13575 3343
13719 3733
13831 20256
13924 12349
13926 13927
13962 13963
14116 4751
14196 22790
14263 8111
14376 2697
14523 5755
14525 7529
14587 22859
14631 14631
14653 15015
14735 23607
14773 8111
14790 19926
14823 8111
14865 12429
14872 7959
14941 19926
14978 19926
15015 2824
15165 22790
15200 11923
15256 18921
15288 19936
15310 3351
15383 12210
15425 15694
15441 17817
15569 7862
15700 17429
15702 15694
15811 8111
15891 23635
15952 23635
16007 4513
16104 23635
16168 2080
16293 23635
16293 23862
16395 19926
16584 19926
16624 19926
16700 16699
16803 16803
16806 15791
16924 13830
16968 16967
16973 9117
17126 3351
17131 18429
17135 15770
17221 17222
17407 8492
17442 4846
17565 2824
17616 17405
17667 19936
17691 12349
17714 3343
17772 23668
17884 12349
17892 23635
17940 6348
17940 16827
18043 6800
18070 20923
18121 23635
18543 22790
18737 6800
18741 22967
18793 3351
18866 15263
18877 6150
18885 14194
18915 11126
18933 18932
18947 19936
19104 981
19167 19936
19207 3995
19223 1679
19223 24336
19378 1291
19413 19414
19428 20899
19437 19352
19578 23639
19580 23635
19673 23382
19700 12950
19714 23637
19815 11119
19835 3343
19878 13395
19924 23635
19933 22868
19939 1291
19954 8873
19980 3351
20028 23635
20047 8873
20063 20064
20084 8111
20164 8111
20310 17817
20419 4646
20433 3993
20471 830
20555 3372
20608 6153
20608 6154
20661 12194
20831 3993
20833 8823
20845 8712
20845 11661
20862 16396
20940 18990
22531 23382
22732 643
22732 22733
22733 643
22857 15819
22894 3351
22960 11926
22963 12165
22992 11661
23030 643
23059 4206
23070 12656
23071 23635
23218 17317
23226 13717
23609 616
23609 8611
23609 19926
23613 8111
23671 8111
23723 17817
23765 11838
23841 3351
23858 12637
23893 4851
24110 12194
24135 4864
24135 23635
24191 24192
24222 12678
24263 1846
24333 6047
24336 19223
24448 24449
24449 24448
24543 9117
24622 5911
