24624 24624 145
553 4042
668 8660
947 4932
947 8660
947 17275
947 17277
947 23633
1622 11843
1966 11843
3051 17238
3110 11843
3596 17278
3728 11843
3790 13937
3861 941
3861 11843
3861 11991
3861 24139
4066 17275
4121 17278
4234 11843
4370 8548
4370 10139
4370 17278
4370 17421
4485 11991
4485 24139
4634 15675
5173 2343
5173 4842
5173 17640
5173 18886
5186 11843
5555 11843
5675 12248
5840 11843
6141 3197
6141 17785
6565 2343
6565 6302
6565 16193
7137 8548
7161 941
7268 11843
7592 3197
7592 11843
8718 4615
8718 22463
8965 4042
8965 11843
8965 18927
9031 1874
9031 19665
9223 11843
9425 17277
9578 811
9578 2585
9578 3197
9578 19216
9578 20798
9578 23633
9629 17277
10095 16965
10779 12248
11191 13908
11225 17640
11225 18872
11225 22603
11247 941
11247 24139
11878 10139
12269 3705
12301 11843
12301 17640
12301 23633
12451 1874
12718 13466
13357 11843
13426 23633
13545 17238
14160 4816
14176 15675
14740 23633
14779 1874
14779 4042
15011 8660
15442 3197
15442 11842
15606 15675
15630 2343
15630 18886
16258 10139
16615 17276
16615 17278
16773 4615
17133 22603
17201 17277
17254 941
17307 941
17307 7120
17308 4932
17308 17276
17308 23633
17436 17640
17570 17238
17745 11843
17745 16965
17793 13560
18074 17277
18074 17278
18162 9480
18282 17277
18373 11843
18499 941
18562 1874
18562 13937
18807 13937
18807 16965
18807 17785
18807 23633
18956 3349
19113 4816
19358 11842
19358 13937
19521 11843
19521 16965
19568 4042
19646 17277
19646 23633
19689 11991
20166 13560
20269 811
20269 10139
20269 17278
20579 11843
20939 8548
22699 11843
23024 941
23600 11843
23600 16965
23958 941
23958 11843
23958 13937
23958 18872
24033 19665
