24624 24624 324
739 3612
757 10119
882 7027
882 7555
968 3949
971 19921
1044 10113
1060 7043
1142 23346
1149 7043
1149 7062
1224 2149
1479 7010
1647 19062
1685 17743
1728 9696
1741 846
1763 7043
1881 23288
1881 23289
1925 15153
2559 12218
2859 20492
2871 20094
2922 3427
2923 9732
3085 2429
3085 15427
3088 19133
3108 15123
3183 9732
3403 432
3403 16917
3403 18635
3408 7557
3415 12223
3816 10063
3963 17398
4097 7555
4395 4457
4613 3697
4799 22921
4830 7005
5209 5734
5246 435
5246 447
5246 22740
5265 3964
5266 10117
5289 18302
5294 23896
5304 7077
5318 8427
5330 2903
5347 15749
5371 3552
5390 3558
5431 9387
5521 15427
5759 3486
5760 23039
5761 7057
5772 14271
5778 1074
5778 23151
5803 13264
5897 7010
5899 7038
5939 15124
5940 20492
6085 17001
6085 18881
6089 7077
6208 4934
6366 9696
6744 7444
6855 18629
6878 4565
7155 9483
7155 19361
7251 9696
7253 3187
7271 7002
7302 481
7607 10117
7613 5880
7613 19101
7759 12679
7851 4962
7943 12350
7955 24182
8044 3112
8074 16848
8083 7444
8136 3612
8138 7027
8190 438
8190 4824
8190 8202
8273 18754
8301 24114
8480 7075
8480 17398
8685 2748
8685 7404
8690 22745
8725 18516
8767 3419
8767 4563
8768 23015
8861 10117
9185 15
9208 7555
9278 1074
9510 3528
9617 17450
9935 916
9935 18385
9939 2748
9949 7043
10102 7042
10364 1611
10364 7040
10507 7038
10538 23015
10624 7027
10624 7555
10784 897
10935 4568
11017 18466
11017 24114
11019 15749
11032 15516
11134 18302
11197 7024
11197 24096
11198 11466
11246 22765
11258 22767
11258 22774
11266 3556
11266 3559
11266 18648
11346 19970
11370 3556
11370 22768
11449 1074
11456 15
11457 23151
11676 7444
11676 20811
11681 7004
11681 18665
11829 2429
11835 4603
11916 18646
12215 18651
12579 7010
12579 7020
12580 7048
12684 11705
12946 7075
12946 7828
13225 3530
13225 22946
13227 4784
13227 5660
13229 3554
13238 15124
13461 7015
13611 17450
13619 7005
13623 7073
13648 7003
13701 7042
13726 10113
13796 18466
13796 19101
13944 481
13984 1898
14014 23638
14052 7003
14322 3427
14344 7004
14354 7014
14372 22761
14383 20492
14455 12466
14487 2418
14514 15124
14517 7002
14539 11712
14609 16692
15006 1074
15063 7020
15197 23288
15273 7080
15296 3964
15303 24182
15311 4784
15443 20492
15458 3697
15458 20698
15472 1309
15510 19101
15536 7078
15552 16312
15553 16312
15573 486
15578 3041
15587 929
15844 14223
15846 3625
15917 7020
15921 18646
16023 17743
16113 1636
16194 4806
16320 10113
16320 16931
16439 11945
16495 22761
16499 2418
16531 13004
16561 3187
16561 23288
16562 3527
16563 3486
16564 3239
16569 18664
16658 2082
16660 22768
16669 3562
16669 17743
16777 2695
16781 15749
17202 5061
17499 14831
17573 8135
17624 9696
17827 23151
17854 12223
17879 2036
17879 17398
17879 23288
17881 1074
17926 7014
17926 7045
17926 7053
18218 3193
18221 7078
18304 7444
18371 7010
18487 20492
18528 7024
18540 17141
18795 22905
18924 2353
18938 6608
18998 10113
19013 486
19014 7078
19141 481
19141 8675
19245 7041
19277 18646
19278 7062
19422 19062
19510 2748
19535 24182
19537 12452
19565 3263
19613 18635
19631 481
19631 3612
20119 23896
20185 10381
20188 7047
20197 22745
20229 13474
20272 18779
20297 12774
20671 2036
20755 11712
20805 12679
20880 9197
22138 6998
22193 3563
22193 7051
22391 11945
22419 7029
22425 19484
22451 3697
22452 3697
22647 441
23036 3187
23036 8675
23041 7042
23087 3561
23087 7021
23107 12743
23130 19062
23137 7024
23137 24096
23211 7074
23213 6997
23241 481
23267 7036
23307 7058
23378 7014
23378 7020
23622 15427
23923 1357
24223 19360
24270 4006
24306 7020
24418 7039
24530 18630
24530 23288
24562 18883
24602 7078
24603 7082
24619 17476
24619 20492
