24624 24624 137
180 177
192 190
197 196
207 206
437 6294
447 17295
897 19076
1111 5569
1154 5569
1488 5569
1506 5569
1580 5569
1581 5569
1721 5569
2072 18072
2681 5569
3213 5569
3217 5569
3266 5569
3268 5569
3288 5569
3392 5569
3424 5569
3560 5868
3562 5868
4326 5569
4882 5569
4966 3676
5003 5569
5172 5569
5220 5569
5263 5569
5285 5569
5319 5569
5320 5569
5515 5569
5524 5569
5626 5569
5669 5569
5888 5569
6042 5569
6327 5569
6608 5865
6698 5569
6702 5569
6930 5569
6984 12522
6994 5865
6995 5865
7073 17190
7076 7378
7081 17190
7140 19075
7325 5569
7404 984
7632 5569
8070 5569
8202 6294
8481 5569
8909 5569
9011 5569
9901 5569
9911 5569
10014 6311
10256 5569
10295 5569
10328 5569
10539 5569
10628 5569
10645 5569
10653 5569
10655 5569
10726 5569
10813 5569
11135 5569
11234 5569
11787 5569
11861 22202
11865 5569
11877 5569
12163 5569
12350 15710
12503 5569
12954 5569
12977 5569
13353 10116
13775 5569
13785 5569
13792 5569
13881 5569
13981 5569
13987 5569
13995 5569
14318 5569
14456 5569
14463 5569
14469 5569
14612 5569
14647 5569
14791 5569
15404 15710
15482 5569
15625 5569
17503 15710
17585 5569
17849 5569
17880 5569
17966 5867
18258 5569
18342 5569
18368 5569
18879 17295
18971 8700
19067 5569
19101 7480
19126 22202
19138 5569
19240 5569
19243 5569
19357 5569
19364 5569
20044 5569
20265 5569
20271 5569
20360 19979
20426 5569
20565 5569
20676 22996
20968 5569
22246 5569
22352 5569
22353 5569
22409 5569
23079 4044
23160 5569
23747 5569
24435 5569
