24624 24624 932
5 12344
10 1295
38 20865
58 1682
115 1682
169 4595
308 15269
316 24454
335 22657
341 6701
344 13733
401 5988
456 3406
509 17583
536 23179
545 12043
546 7905
554 9256
556 977
563 12041
564 4297
570 17985
577 17905
578 18395
579 17970
645 14412
669 17449
672 9835
694 15643
827 8203
829 23932
831 9575
862 5064
876 22657
884 12375
886 6580
902 22657
1225 16597
1244 16846
1253 8641
1256 1910
1262 5229
1315 20391
1330 14060
1345 18152
1345 20605
1369 1368
1389 1682
1390 10604
1399 4322
1626 7099
1654 22627
1672 2876
1676 3272
1718 13772
1761 12344
1829 16525
1840 10981
1884 17670
1895 13392
1895 15750
1917 11886
1981 8829
2021 10372
2087 23984
2090 6701
2090 16548
2095 3539
2159 14878
2161 5988
2164 8632
2171 13797
2242 11399
2257 12344
2258 12344
2260 9575
2265 4297
2281 23245
2292 972
2301 1704
2302 8243
2404 1583
2405 10700
2435 12289
2545 5012
2565 8243
2566 13802
2570 18860
2615 6580
2615 9059
2616 16057
2665 12428
2673 4210
2699 20415
2756 14335
2760 3055
2767 13733
2785 1578
2809 3063
2811 17905
2815 1682
2852 3055
2881 19512
2915 13861
2932 7686
2949 23201
2953 9059
2970 5822
2970 11599
3123 13555
3184 15750
3224 12512
3244 15195
3254 14060
3257 9575
3325 5423
3333 6701
3336 5085
3371 16503
3380 13791
3380 18152
3435 3231
3435 5085
3441 17549
3475 19265
3493 1449
3526 16886
3630 8243
3686 11864
3730 778
3773 20745
3837 9256
3848 14060
3909 22241
3915 6701
3921 8039
3958 15512
3965 5397
4027 3012
4027 13998
4043 13392
4055 22369
4056 5029
4057 16477
4064 15558
4070 14335
4073 20122
4138 21730
4251 9841
4262 17488
4492 20865
4515 7686
4551 4802
4621 1012
4670 12344
4677 11340
4679 2218
4685 20275
4766 14284
4838 4297
4839 20311
4859 7419
4863 1295
4896 12442
4899 2430
4946 5085
4978 22448
5039 5085
5095 11139
5106 23922
5122 13069
5128 13922
5128 14663
5129 5085
5132 22657
5298 20605
5340 16597
5357 22448
5483 1869
5489 12224
5504 17970
5533 18152
5539 7686
5552 9575
5563 15527
5565 20295
5567 13392
5573 13789
5689 23122
5708 11204
5729 754
5783 13862
5790 17559
5827 3496
5829 9575
5852 6923
5874 18152
5907 15558
5921 11340
5935 5969
5937 1529
5951 18349
5952 9575
5958 13861
6033 4400
6057 20865
6075 8039
6087 22395
6095 5166
6098 23560
6134 8326
6134 12041
6196 9450
6204 10621
6219 20238
6251 18191
6253 9829
6280 6280
6298 1910
6316 22221
6371 22657
6438 3306
6441 3012
6441 17690
6446 10802
6447 1295
6455 18721
6464 5118
6511 6701
6551 3066
6551 13733
6581 8326
6609 10621
6879 15269
6898 9841
6900 14060
6904 22369
6908 15643
6919 13861
6935 18495
6936 5365
6936 14412
6952 13861
6953 2088
6954 13033
6960 18191
6972 10330
6972 12408
6993 23955
7102 6011
7144 13867
7151 5770
7194 6709
7204 22995
7305 1295
7351 20865
7394 12800
7396 22357
7408 22432
7431 22369
7450 12224
7453 22219
7465 22062
7471 2802
7482 16846
7483 969
7485 519
7486 20238
7631 14282
7719 14284
7743 20091
7748 13797
7792 2737
8157 4318
8159 13566
8160 14379
8232 8621
8289 14878
8290 23551
8307 14060
8312 17670
8375 13867
8386 1773
8403 3061
8412 7686
8457 12513
8465 13733
8466 15558
8500 1214
8508 1910
8575 3301
8594 12344
8595 14380
8596 11886
8596 18495
8598 22606
8599 2876
8645 16548
8658 10474
8702 22241
8720 13555
8777 12952
8838 2580
8844 5108
8889 18152
8891 3447
8908 13851
8961 5085
9045 5029
9055 519
9067 23560
9083 6427
9123 23984
9160 10588
9164 6746
9171 9575
9173 18571
9260 10496
9292 14060
9314 1841
9315 23984
9341 20295
9363 18391
9397 945
9401 778
9413 5423
9439 20238
9444 8039
9452 7686
9471 20512
9485 4137
9544 4229
9557 23560
9558 10798
9569 10798
9570 9059
9570 22520
9572 22520
9633 14412
9638 22438
9652 4336
9655 18168
9701 3447
9719 9575
9721 9022
9723 972
9753 8843
9754 12344
9757 12513
9771 3447
9775 6701
9778 3267
9780 8203
9786 14384
9787 13282
9797 9575
9801 3055
9805 8243
9815 3884
9819 13998
9820 9600
9827 13705
9854 10248
9868 15109
9868 22074
9886 13998
9887 5225
9943 9059
9966 9270
9968 11003
9994 10798
10000 10798
10005 19610
10006 18191
10012 4871
10056 18152
10074 13733
10090 9575
10143 9730
10153 1910
10208 9840
10224 23623
10228 6536
10234 9066
10235 10798
10322 467
10615 10621
10687 5085
10878 2736
10891 22448
11056 18014
11057 18014
11107 6701
11296 3055
11296 9575
11296 11139
11296 22392
11342 5012
11360 11361
11409 9554
11415 2658
11418 6431
11421 18395
11496 9022
11583 23955
11587 467
11588 11623
11627 22320
11628 22320
11657 16841
11737 14335
11767 10788
11841 12043
11942 467
11983 22657
11985 1967
11986 4336
11995 16140
12024 17110
12031 20306
12032 3497
12083 22657
12091 16886
12097 22657
12133 7900
12162 3232
12190 23623
12239 14060
12297 1700
12303 467
12332 22657
12393 13998
12404 10863
12437 11340
12444 15558
12464 3055
12620 12558
12623 13566
12627 2581
12633 17645
12636 12344
12641 6431
12641 16846
12703 10893
12707 6241
12725 23245
12726 19750
12728 13392
12775 467
12796 10737
12871 23574
12897 22520
12899 20311
13003 2897
13014 23184
13015 18808
13048 9064
13049 11863
13071 6137
13096 22520
13110 7416
13130 10248
13131 7700
13133 14380
13139 22069
13266 20494
13293 5011
13293 15750
13342 24107
13406 11003
13454 12344
13525 4398
13599 5064
13958 10248
14035 5636
14045 16083
14097 1928
14123 4475
14125 12344
14177 13566
14177 22520
14189 3231
14189 22520
14248 11472
14256 19444
14574 22657
14575 22657
14745 16784
14755 17449
14756 13484
14784 20295
14818 13566
14826 15643
14844 410
14860 16886
14883 18050
14886 2240
14907 9835
14949 22657
14962 18480
14974 13566
14990 16784
14999 7686
15005 9575
15022 22657
15030 15513
15196 5085
15252 3180
15254 16846
15306 10854
15375 22438
15381 1704
15409 12224
15420 10589
15420 12043
15522 10863
15574 19512
15591 8243
15604 5012
15613 10798
15615 8632
15621 13791
15631 15512
15651 4336
15713 17670
15744 10881
15769 4297
15769 15558
15779 9256
15802 19518
15804 24584
15807 13555
15808 996
15808 13484
15822 670
15827 22438
15872 20633
15904 16140
15940 10915
15974 22657
15975 20122
15977 5423
15977 23984
16011 969
16015 13861
16017 22657
16066 17176
16076 18395
16105 12085
16108 22657
16182 2580
16189 1660
16189 22222
16199 14524
16199 16200
16203 22107
16264 5375
16337 15558
16362 15512
16375 4802
16399 9022
16409 14060
16411 3447
16424 13733
16585 10714
16592 8326
16594 2427
16687 19831
16820 5966
16833 12557
16970 12041
16996 2860
17028 1012
17044 11472
17045 3721
17052 19120
17072 14060
17147 10621
17153 14284
17168 5011
17169 11003
17195 14483
17217 20311
17223 18395
17265 11052
17273 20266
17289 13862
17375 13998
17409 8326
17409 12041
17411 5941
17414 9066
17425 1704
17438 972
17438 8243
17438 22131
17448 18152
17516 17449
17574 12558
17623 1967
17644 5513
17665 5080
17719 2004
17724 9575
17724 11886
17724 14000
17724 24460
17777 22317
17797 5225
17843 20604
17850 13733
17904 20605
17910 5178
17918 13772
17919 7619
17930 6225
17935 11003
17936 18814
17937 20781
18060 5363
18060 14335
18073 23245
18087 13784
18088 20512
18109 15291
18110 15558
18136 15643
18264 4341
18267 14012
18426 18152
18493 5972
18511 13786
18544 3382
18925 17970
18951 12139
18970 11886
18979 2840
18989 9575
19017 13789
19021 12829
19131 8151
19154 14060
19155 20238
19156 20295
19156 20667
19168 12041
19311 17844
19322 13733
19324 5085
19324 6580
19324 13228
19339 6580
19393 1295
19407 22438
19412 4297
19454 8326
19463 20238
19464 8995
19505 13867
19666 6701
19678 7416
19680 6729
19688 19687
19728 3063
19733 9601
19748 3447
19749 10946
19752 13862
19763 20295
19765 18216
19774 4111
19779 13843
19789 13566
19789 15750
19803 10788
19809 12547
19826 11003
19830 4137
19839 19297
19846 1295
19894 12041
19897 17790
19976 3012
19982 16787
19993 9841
20082 5085
20082 15750
20149 23560
20176 24107
20178 20295
20338 18495
20344 12344
20357 20238
20366 1682
20369 964
20378 5353
20381 24349
20394 977
20394 2051
20409 9600
20413 9575
20441 13854
20450 8729
20453 10921
20461 16471
20505 8243
20506 14379
20508 1704
20516 24347
20524 957
20585 3012
20587 4333
20603 22430
20606 19540
20607 2106
20669 6427
20687 13867
20712 3827
20744 19517
20764 17539
20770 4336
20858 13998
20866 11472
20921 16494
20926 13854
21006 13566
21010 13566
21011 1682
21018 22413
21020 20339
21030 10700
21033 17905
21034 1295
21048 8039
21050 21050
21057 5085
21069 10155
21073 22366
21077 1910
21079 4297
21080 5085
21080 17569
21106 13867
21115 10981
21120 20091
21122 20295
21131 18212
21132 972
21146 24460
21147 10330
21156 9059
21183 14284
21188 2845
21260 1700
21265 8243
21269 5085
21270 3267
21276 16784
21282 23551
21296 12408
21297 5108
21333 13861
21357 1869
21358 11886
21372 18860
21381 10981
21386 22069
21419 14328
21428 23703
21433 14284
21450 15269
21457 8829
21458 10492
21467 4229
21471 6701
21472 12513
21489 1700
21492 20238
21492 21491
21497 17463
21502 20275
21510 9059
21514 18816
21522 14095
21525 7686
21536 19990
21542 1682
21547 1700
21550 6709
21551 3063
21555 18860
21557 1700
21567 18152
21573 19444
21605 21604
21609 10798
21614 14284
21617 1531
21626 8740
21630 4193
21635 20181
21639 16784
21649 5972
21666 13733
21674 16159
21681 18816
21688 22426
21710 18242
21749 3395
21758 15269
21760 10714
21770 13862
21774 3535
21774 14284
21778 8211
21778 10334
21786 13843
21796 5055
21812 14363
21813 14284
21817 23560
21823 8117
21829 12041
21836 18860
21847 6979
21852 18495
21855 24159
21856 15512
21866 1967
21867 410
21880 8243
21880 14335
21887 12513
21899 20400
21942 11003
21942 14379
21942 16785
21943 18535
21968 5972
21974 16447
21983 22534
21986 8326
21997 11117
22014 16548
22045 2240
22046 9575
22049 14284
22049 19540
22065 18814
22081 10774
22084 5413
22089 12344
22157 9575
22164 21140
22165 18860
22206 19697
22295 16886
22328 22657
22458 2876
22465 4800
22468 9575
22498 5447
22498 11229
22507 22107
22540 19968
22542 410
22543 410
22587 5108
22587 21351
22623 20295
22628 5029
22635 10278
22641 18395
22645 20865
22664 22357
22812 5012
22833 15750
22836 1449
22840 19265
22846 14334
22848 5413
22891 5229
22965 9066
22966 15269
23014 14342
23062 16130
23076 17488
23102 22074
23144 17844
23144 18451
23181 22430
23203 11623
23248 10541
23326 14060
23468 4333
23515 23984
23524 4314
23545 4268
23548 977
23595 2580
23648 1157
23650 11003
23661 2580
23683 3944
23687 7760
23783 5029
23789 8203
23796 8243
23807 14335
23813 3012
23833 5513
23842 10714
23843 969
23846 18349
23867 20295
23879 8203
23887 12043
23901 10196
23912 22369
24083 8243
24084 6405
24094 15527
24102 5012
24161 18297
24207 15269
24224 22413
24277 467
24300 13877
24370 3447
24372 18395
24400 15558
24446 24206
