24624 24624 431
631 22907
639 17617
662 22902
662 22907
725 22904
756 22914
841 20653
870 2625
934 20653
965 22904
988 20653
994 17478
1002 22904
1102 23532
1182 22893
1199 3186
1199 20653
1384 22881
1530 22895
1537 5324
1545 6001
1693 22893
1693 22904
1832 22913
1894 20873
1930 22913
1943 4188
1958 22913
2107 22904
2130 22921
2243 22904
2330 2270
2395 13553
2438 23750
2661 13092
2668 18882
2778 23065
3045 22881
3072 22897
3084 17868
3090 15393
3201 22898
3215 22939
3240 22902
3264 22916
3285 22904
3295 20420
3311 22904
3438 22931
3537 17364
3796 5324
3797 22913
3956 22904
4046 22911
4078 5324
4099 14641
4103 22893
4104 22904
4146 22913
4192 9978
4204 18138
4209 23259
4342 22910
4360 20653
4365 22921
4405 20653
4484 19305
4531 22922
4536 1712
5009 22921
5048 22904
5104 17672
5176 22921
5207 3225
5264 13092
5355 22881
5372 22904
5378 18755
5391 22921
5409 22904
5496 13092
5527 22915
5527 22921
5549 733
5605 733
5875 22901
5967 5499
5979 2121
5986 22906
5993 22903
5994 22921
5995 805
6009 22913
6190 22928
6191 22881
6213 22904
6214 14641
6318 22897
6353 9978
6394 22915
6397 22893
6512 22904
6575 22931
6636 13092
6657 22926
6717 22910
6743 22904
7136 22907
7214 922
7214 22923
7285 22904
7286 22900
7593 21000
7608 22921
7617 5324
7635 3243
7636 22904
7647 22913
7682 2270
7728 22910
7864 2695
7895 22904
7948 22921
7981 3186
8026 22910
8045 13094
8062 15393
8093 22898
8097 11118
8125 22918
8169 22893
8169 22931
8216 22921
8223 22921
8265 22904
8299 22931
8473 10018
8532 22904
8561 22928
8614 21000
8614 22935
8714 9189
8917 22931
8920 22897
8950 20332
9008 22929
9032 5324
9032 13094
9032 22898
9068 22897
9131 20332
9181 22910
9212 17868
9225 22930
9232 13092
9280 22910
9351 22929
9470 22921
9595 13092
9602 22904
9603 15393
9839 22934
10159 22904
10259 22931
10291 22904
10293 4622
10396 22904
10428 22904
10432 22931
10437 22903
10451 22931
10467 13092
10467 23065
10479 22893
10482 22913
10511 22898
10551 22904
10552 22922
10572 22921
10595 22881
10595 22922
10599 22904
10685 22918
10715 8112
10715 13092
10720 22905
10725 22893
10753 22902
10757 23065
10769 21000
10904 22910
10924 22934
10955 22904
10961 14932
10964 22921
10994 22904
11045 22921
11051 5324
11060 22929
11076 22921
11095 22931
11101 21000
11153 20653
11160 22904
11170 13956
11203 20077
11209 22904
11224 22911
11334 7644
11426 22899
11458 22910
11465 13094
11590 22929
11646 22913
11672 22930
11804 22904
11807 22913
11812 4639
11856 22904
11898 22907
11920 22904
11974 19224
12153 19930
12371 20232
12376 3186
12379 22921
12560 22914
12699 8875
12783 13092
12986 1712
13060 3186
13068 18882
13221 2270
13221 22927
13263 8875
13288 22913
13306 22907
13307 22907
13313 5324
13482 22904
13610 22931
13678 22921
13704 2270
13704 22934
13706 22921
13773 13092
13776 22881
13776 24174
13787 22903
13801 22913
13918 22931
13991 22921
14010 19292
14050 22910
14057 22910
14070 22910
14081 23750
14092 22904
14179 22914
14281 22904
14288 23750
14292 22911
14307 4407
14370 9946
14462 5324
14480 13159
14561 5324
14861 3994
14864 22907
14925 22923
14979 13829
15156 22929
15217 16249
15295 16249
15384 22904
15492 22904
15509 22895
15511 22904
15539 7108
15679 22922
15857 22922
15962 22938
16008 22895
16123 18137
16123 22924
16141 22910
16146 23065
16196 22893
16196 22904
16386 13094
16471 22931
16482 22904
16489 22917
16528 9978
16542 9978
16543 5324
16549 23750
16620 5324
16646 22895
16664 20332
16667 22893
16734 22934
16740 20653
16757 22897
16758 9355
16765 9978
16772 3186
16789 18286
16807 22921
16838 15424
16858 22915
16861 3225
16985 22936
17173 22902
17184 2270
17200 6361
17455 13092
17456 22904
17492 22902
17496 5324
17540 13092
17564 22902
17566 9978
17575 22921
17579 22921
17593 22921
17608 3833
17633 13863
17695 22913
17698 22921
17712 22898
17713 13829
17752 3833
17752 22902
17984 22910
17988 14932
17988 20420
17993 15393
17999 22893
18008 22893
18009 23259
18141 22912
18166 22916
18171 22921
18179 22910
18185 9978
18187 13092
18189 20420
18194 15424
18196 22913
18209 22934
18226 13092
18231 17838
18237 13094
18403 17364
18406 22934
18445 22900
18490 22881
18490 22896
18491 13092
18526 22904
18776 15809
18777 22942
18797 22942
18814 22904
18840 22921
18848 22913
18944 1472
19003 13094
19072 22598
19196 22921
19201 14967
19232 5501
19313 22921
19353 20232
19469 22921
19472 1472
19524 17672
19721 7108
19812 15424
19819 4407
19819 22902
19819 22904
19829 2270
19829 22902
19898 22910
19957 22921
20066 22914
20070 16243
20239 9058
20243 22937
20469 22902
20539 22921
20558 3186
20558 18044
20561 20332
20820 16243
20976 13094
22034 22921
22115 22904
22140 23532
22218 4622
22231 21000
22243 22931
22272 22934
22279 3186
22356 13092
22971 22921
22980 22910
23043 22921
23093 10018
23175 5324
23182 22910
23204 22904
23317 2270
23394 13092
23555 3186
23555 22931
23558 22910
23578 22904
23617 22931
23620 22881
23660 2903
23944 5324
23968 22904
23976 11118
23992 22906
23995 22913
24016 23532
24017 21000
24606 22919
