24624 24624 468
4 4697
24 348
24 393
334 4697
524 4697
531 4697
580 2016
803 4697
886 4697
1240 348
1242 4697
1257 4697
1272 4697
1345 4697
1351 348
1376 348
1376 393
1391 348
1423 5786
1438 4697
1462 4697
1593 4697
1596 393
1625 2016
1718 4697
1915 4697
2010 4697
2011 348
2115 348
2169 4697
2261 2016
2294 4697
2295 4697
2313 348
2348 4697
2468 348
2556 2016
2561 348
2564 4697
2613 4697
2647 348
2647 393
2768 4697
2947 2016
2955 348
3050 2016
3175 348
3246 348
3252 4697
3332 348
3381 4697
3396 4697
3451 348
3471 4697
3499 4697
3499 19988
3511 2016
3758 2016
3909 4697
3968 4697
4052 4697
4203 2016
4250 2016
4253 4697
4292 348
4456 4697
4463 348
4528 2016
4553 4697
4590 4697
4666 4697
4678 4697
4720 393
4734 348
4760 4697
4787 348
4788 348
4833 4697
4900 4697
5096 4697
5116 348
5185 4697
5188 348
5286 4697
5288 2016
5484 4697
5489 4697
5506 4697
5514 4697
5553 348
5563 4697
5713 348
5753 4697
5820 348
5820 393
5847 348
5847 393
5909 348
5921 5786
5925 4697
5929 4697
5930 348
5935 4697
5957 4697
6108 348
6124 4697
6126 348
6126 393
6128 4697
6233 4697
6343 2016
6438 4697
6458 393
6468 4697
6484 4697
6597 2016
6611 4697
6614 4697
6782 348
6789 4697
6790 2016
6884 4697
6890 348
6902 4697
6913 4697
6924 4697
6926 4697
7103 348
7111 4697
7143 4697
7184 348
7235 4697
7345 4697
7367 2016
7432 4697
7450 4697
7471 4697
7495 4637
7690 4697
7696 20379
7734 393
7800 348
8086 348
8086 393
8178 4697
8232 4697
8234 4697
8259 348
8325 5786
8411 4697
8463 348
8463 393
8465 4697
8467 348
8661 2016
8739 393
8885 4697
8886 4697
8890 4697
8893 348
8894 348
8962 4697
9056 4697
9061 348
9112 4697
9156 348
9166 4697
9263 4697
9316 5786
9325 4697
9348 4697
9377 348
9397 4697
9477 348
9552 4697
9561 2016
9722 4697
9723 4697
9724 4697
9728 348
9750 2016
9761 4697
9777 4697
9778 4697
9794 4697
9812 4697
9846 348
9875 393
9920 348
9921 348
9975 348
9981 5786
10026 348
10026 393
10047 4697
10060 348
10215 348
10230 4697
10303 348
10320 348
10688 348
10688 393
10840 348
11147 348
11339 348
11393 2016
11410 348
11420 4697
11422 4697
11439 4697
11749 348
11998 348
11998 393
12059 348
12064 4697
12239 4697
12267 348
12271 348
12295 4697
12304 393
12332 4697
12367 4637
12423 348
12622 348
12631 4697
12640 4697
12694 348
12724 4697
12797 348
12865 4697
12976 348
13050 348
13050 393
13055 4697
13070 348
13070 393
13109 4697
13163 4697
13369 348
13397 348
13399 348
13402 4697
13419 348
13517 2016
13576 4697
13600 348
13607 348
13632 4697
13849 348
13913 348
13954 2016
14198 4697
14217 348
14217 393
14634 393
14644 348
14682 393
14757 4697
14857 4697
14905 4697
14909 393
14911 4697
14916 348
15024 348
15025 4697
15028 4697
15035 4697
15036 3547
15048 4697
15058 4697
15113 348
15113 393
15131 4697
15272 8134
15279 348
15348 4697
15395 4697
15407 4697
15518 4697
15590 4697
15603 4697
15609 4697
15615 4697
15620 4697
15726 20379
15775 4697
15827 4697
15858 4697
15885 348
15997 348
16025 4697
16031 348
16037 4697
16053 2016
16203 4697
16223 348
16228 348
16269 4697
16343 4697
16405 348
16430 4697
16432 348
16437 2016
16595 2016
16876 4697
16981 348
17013 4697
17018 4697
17038 2016
17047 4697
17051 4697
17124 348
17159 348
17187 348
17187 393
17249 348
17266 4697
17333 348
17367 348
17384 393
17428 2016
17489 348
17512 5786
17732 348
17737 348
17761 4697
17835 5786
17882 4697
17914 348
18082 348
18261 4697
18287 4697
18354 348
18438 4697
18447 348
18511 2016
18673 348
18698 4697
18733 348
18827 4697
18838 4697
18974 4697
18991 4697
19192 4697
19395 4697
19402 4697
19403 4697
19404 4697
19663 4697
19728 4697
19772 4697
19798 4697
19903 4697
19977 4697
19992 4697
20130 393
20155 3547
20173 2016
20223 4697
20260 4697
20290 4697
20372 4697
20396 5786
20413 4697
20455 4697
20465 4697
20513 4697
20606 2016
20611 4697
20712 2016
20764 348
20764 393
20793 348
20840 4697
20871 4697
20891 348
20901 2016
20944 4697
20951 348
21016 348
21026 348
21104 2016
21125 4637
21194 348
21207 393
21262 348
21270 4697
21287 4697
21310 348
21320 393
21341 348
21346 4637
21366 2016
21403 4697
21418 393
21420 348
21428 4697
21484 4697
21528 348
21528 393
21532 348
21532 393
21569 348
21595 348
21595 393
21634 4697
21651 393
21741 348
21747 4697
21748 4697
21762 348
21816 348
21816 2016
21824 2016
21868 348
21881 20727
21947 20727
21953 348
21961 4697
21978 348
22018 4697
22081 4697
22082 4697
22084 4697
22086 4697
22087 4697
22180 4697
22260 348
22314 348
22328 4697
22418 4697
22454 348
22466 348
22484 20727
22582 4697
22824 348
22837 348
22839 348
22841 4697
23300 348
23300 393
23328 4697
23356 4697
23390 2016
23529 4697
23530 4697
23651 2016
23672 4697
23675 4697
23676 4697
23693 348
23717 5786
23784 4697
23805 2016
23806 4697
23809 4697
23886 4697
24063 4697
24090 4697
24099 15003
24142 2016
24167 4697
24285 393
24295 5786
24387 4697
24395 4697
24401 4697
24411 4697
