24624 24624 499
589 17020
664 17020
679 17020
681 17020
685 17020
686 17020
689 17020
697 17020
744 17020
749 17020
786 17020
792 17020
793 17020
852 17020
854 17020
887 17020
1303 17020
1467 17020
1471 17020
1473 17020
1619 17020
1627 17020
1717 17020
1777 17020
1807 17020
1830 17020
1848 17020
1964 17020
1976 17020
1985 17020
2014 17020
2017 17020
2066 17020
2091 17020
2096 17020
2156 17020
2267 17020
2328 17020
2340 17020
2378 17020
2409 17020
2584 17020
2715 17020
2759 17020
2792 17020
2800 17020
2966 17020
3122 17020
3148 17020
3177 17020
3315 17020
3316 17020
3317 17020
3318 17020
3319 17020
3320 17020
3321 17020
3322 17020
3323 17020
3374 17020
3609 17020
3610 17020
3617 17020
3639 17020
3645 17020
3646 17020
3647 17020
3648 17020
3649 17020
3666 17020
3679 17020
3680 17020
3706 17020
3707 17020
3752 17020
3775 17020
3805 17020
3875 17020
3878 17020
3917 17020
3924 17020
3927 17020
3928 17020
3947 17020
3952 17020
3961 17020
3972 17020
3998 17020
4003 17020
4005 17020
4024 17020
4039 17020
4171 17020
4236 17020
4390 17020
4410 17020
4423 17020
4448 17020
4449 17020
4450 17020
4452 17020
4461 17020
4543 17020
4583 17020
4585 17020
4699 17020
4735 17020
4765 17020
4785 17020
4834 17020
4835 17020
4891 17020
4941 17020
4942 17020
4948 17020
4957 17020
4970 17020
4980 17020
5017 17020
5021 17020
5024 17020
5027 17020
5030 17020
5037 17020
5114 17020
5115 17020
5141 17020
5582 17020
5614 17020
5615 17020
5616 17020
5617 17020
5618 17020
5619 17020
5620 17020
5621 17020
5680 17020
5704 17020
5746 17020
5756 17020
5757 17020
5758 17020
5762 17020
5800 17020
5808 17020
5814 17020
5818 17020
5819 17020
6081 17020
6082 17020
6144 17020
6240 17020
6295 17020
6477 17020
6492 17020
6612 17020
6623 17020
6647 17020
6672 17020
6673 17020
6674 17020
6676 17020
6693 17020
6694 17020
6695 17020
6713 17020
6767 17020
6770 17020
6779 17020
6780 17020
6781 17020
6826 17020
6827 17020
6868 17020
6945 17020
7113 17020
7281 17020
7304 17020
7452 17020
7620 17020
7735 17020
7784 17020
7863 17020
7878 17020
7969 17020
8012 17020
8023 17020
8219 17020
8324 17020
8371 17020
8420 17020
8434 17020
8435 17020
8436 17020
8472 17020
8546 17020
8650 17020
8680 17020
8684 17020
8686 17020
8801 17020
8884 17020
9076 17020
9151 17020
9192 17020
9307 17020
9328 17020
9368 17020
9370 17020
9418 17020
9442 17020
9490 17020
9517 17020
9521 17020
9548 17020
9632 17020
9642 17020
9670 17020
9671 17020
9674 17020
9675 17020
9680 17020
9932 17020
9977 17020
10128 17020
10129 17020
10130 17020
10131 17020
10132 17020
10133 17020
10134 17020
10135 17020
10136 17020
10137 17020
10359 17020
11194 17020
11424 17020
12051 17020
12052 17020
12299 17020
12300 17020
12307 17020
12341 17020
12346 17020
12358 17020
12436 17020
12519 17020
12591 17020
12593 17020
12644 17020
12742 17020
12756 17020
12757 17020
12939 17020
12990 17020
13024 17020
13025 17020
13061 17020
13062 17020
13063 17020
13064 17020
13065 17020
13256 17020
13257 17020
13258 17020
13259 17020
13260 17020
13261 17020
13262 17020
13279 17020
13292 17020
13344 17020
13361 17020
13365 17020
13386 17020
13475 17020
13503 17020
13513 17020
13534 17020
13541 17020
14066 17020
14162 17020
14164 17020
14225 17020
14395 17020
14398 17020
14399 17020
14542 17020
14547 17020
14599 17020
14656 17020
14657 17020
14824 17020
14934 17020
14951 17020
15070 17020
15277 17020
15331 17020
15332 17020
15341 17020
15342 17020
15345 17020
15357 17020
15736 17020
15781 17020
15839 17020
15847 17020
15848 17020
15849 17020
15859 17020
15860 17020
15862 17020
15863 17020
15864 17020
15865 17020
15911 17020
15982 17020
15983 17020
15984 17020
15985 17020
15986 17020
15987 17020
15989 17020
16019 17020
16052 17020
16060 17020
16065 17020
16096 17020
16134 17020
16138 17020
16205 17020
16244 17020
16251 17020
16252 17020
16253 17020
16254 17020
16280 17020
16281 17020
16282 17020
16283 17020
16309 17020
16339 17020
16349 17020
16635 17020
16647 17020
16648 17020
16662 17020
16677 17020
16678 17020
16689 17020
16710 17020
16814 17020
16816 17020
16828 17020
16890 17020
16898 17020
16899 17020
16905 17020
16912 17020
16913 17020
16923 17020
16969 17020
16983 17020
17008 17020
17022 17020
17023 17020
17024 17020
17025 17020
17026 17020
17063 17020
17082 17020
17084 17020
17087 17020
17091 17020
17111 17020
17114 17020
17116 17020
17132 17020
17136 17020
17297 17020
17302 17020
17323 17020
17329 17020
17341 17020
17343 17020
17391 17020
17508 17020
17660 17020
17663 17020
17688 17020
17853 17020
17907 17020
17908 17020
17909 17020
17955 17020
17961 17020
17962 17020
18091 17020
18509 17020
18531 17020
18546 17020
18583 17020
18615 17020
18724 17020
18726 17020
18766 17020
18909 17020
18981 17020
19015 17020
19034 17020
19038 17020
19053 17020
19095 17020
19102 17020
19203 17020
19204 17020
19205 17020
19211 17020
19212 17020
19213 17020
19214 17020
19215 17020
19229 17020
19440 17020
19495 17020
19588 17020
19794 17020
19885 17020
19891 17020
19984 17020
19999 17020
20002 17020
20003 17020
20051 17020
20111 17020
20112 17020
20113 17020
20114 17020
20115 17020
20210 17020
20212 17020
20258 17020
20325 17020
20326 17020
20380 17020
20532 17020
20572 17020
20596 17020
20612 17020
20656 17020
20734 17020
20857 17020
20875 17020
20900 17020
20985 17020
22021 17020
22047 17020
22210 17020
22211 17020
22212 17020
22213 17020
22214 17020
22215 17020
22216 17020
22568 17020
22573 17020
22575 17020
22577 17020
22578 17020
22579 17020
22580 17020
22584 17020
22585 17020
22586 17020
22588 17020
22604 17020
22806 17020
22991 17020
23016 17020
23017 17020
23075 17020
23127 17020
23139 17020
23281 17020
23364 17020
23365 17020
23366 17020
23367 17020
23802 17020
23888 17020
24095 17020
24210 17020
24211 17020
24230 17020
24231 17020
24463 17020
24515 17020
24536 17020
24555 17020
