24624 24624 45
426 14945
427 14945
428 14945
890 12994
898 19920
1246 4633
1897 12994
2031 10114
3594 17958
4344 16701
4690 17137
5091 8134
5332 8134
5658 12994
6616 2397
7333 1436
7546 8111
7697 19920
8000 2397
9391 12994
10180 10114
11585 8134
11846 11130
12012 12072
12229 12383
12448 16882
12449 12646
13427 14945
13909 2352
14230 16887
14576 2552
15234 7508
15954 12994
17897 2397
19132 23635
19157 12994
19556 19555
19861 14945
19872 14945
20135 14945
20136 14945
23414 8134
24482 14945
24483 14945
24525 14945
