24624 24624 644
1 8134
32 17199
70 19920
80 8134
91 19920
133 8134
134 8134
143 19956
145 10120
153 8134
163 8134
174 8134
182 8134
193 8134
209 8134
212 8134
219 8134
298 8134
300 8134
343 19956
346 19956
349 19956
357 19956
360 12001
361 19956
365 19956
386 19956
387 17199
397 19956
415 17199
418 19956
495 19937
543 19937
607 10114
609 10114
610 10114
668 8134
711 19937
750 8134
750 13272
816 10114
863 10114
889 19937
925 20654
927 20654
928 20654
1197 10114
1203 20654
1218 10114
1232 10114
1240 19937
1241 19937
1259 1606
1279 10114
1313 8134
1333 8134
1342 10114
1366 10114
1421 10114
1428 8134
1430 13370
1490 10114
1516 19956
1548 13370
1679 19937
1680 8134
1681 8134
1727 13370
1805 10114
1808 10114
1833 10114
1856 8134
1921 10114
1933 12001
1980 10114
1987 8134
2003 10114
2009 2633
2015 10114
2031 10114
2039 10114
2041 8134
2092 13370
2093 13370
2170 10114
2193 10114
2198 3434
2199 16701
2204 10114
2205 10114
2208 10114
2247 10114
2251 10114
2300 19937
2303 19937
2305 8134
2306 8134
2307 8134
2309 8134
2321 10114
2323 10114
2336 10114
2337 10114
2344 10114
2364 10114
2384 10114
2386 10114
2419 10114
2458 10114
2463 3115
2557 10114
2600 8134
2602 10114
2704 19920
2781 10114
2803 19937
2812 19937
2934 19920
2956 19937
3097 8134
3121 10114
3150 10114
3243 8134
3324 19937
3326 19937
3352 8682
3455 10114
3462 19937
3523 8134
3618 19920
3654 8134
3659 16701
3712 16701
3732 19937
3814 16701
3905 8134
3915 19920
3992 7350
4013 14769
4025 10114
4058 16303
4071 10114
4074 10114
4170 3115
4180 10114
4181 10114
4344 16701
4346 19956
4406 19937
4466 8134
4654 16303
4691 8134
4692 19722
4742 19722
4793 16701
4906 19937
4967 19920
4997 8134
5091 8134
5113 8134
5152 10114
5162 19937
5188 19937
5257 14769
5283 10114
5332 8134
5333 10114
5369 19920
5396 16303
5479 20654
5575 8134
5577 10114
5578 10114
5579 10114
5580 10114
5581 10114
5592 8134
5609 14769
5722 10114
5873 10114
5918 10114
6028 10114
6161 10114
6180 10114
6301 8134
6430 10114
6439 8134
6596 8134
6686 10114
6740 10114
6771 8134
6846 19937
6861 7350
6861 8134
6909 19937
7175 10114
7186 10114
7195 19937
7216 10114
7227 10114
7293 8134
7386 10114
7397 19937
7575 19152
7697 19920
7702 8134
7755 10114
7778 19937
7783 10114
7817 8134
7818 8134
7856 10114
7887 10114
7922 10114
7925 10114
7966 19920
7970 8134
7971 10114
7973 23631
7975 10114
7983 8134
7984 10114
8121 8134
8139 3434
8165 10114
8199 8134
8208 8134
8391 19937
8408 10114
8424 10114
8492 10114
8498 8134
8514 19920
8586 3434
8631 8134
8677 3115
8687 17199
8719 10114
8778 19937
8788 19722
8823 10114
8834 10114
8854 20654
8855 10114
8869 8134
8877 8134
8883 19722
8892 10114
8910 8134
8939 10114
8948 19937
8955 10114
8966 20654
9034 8134
9037 10114
9049 8134
9143 10114
9168 19937
9186 8134
9189 7350
9203 8134
9246 19937
9259 14769
9296 8134
9302 10114
9375 10114
9391 8134
9409 8134
9410 8134
9419 10114
9449 8134
9495 19937
9500 8134
9527 10114
9582 10114
9583 10114
9584 10114
9585 10114
9593 16701
9795 19937
9858 19937
9884 19937
9906 19956
9923 10114
9925 10114
9927 10114
10036 8134
10041 8134
10042 19937
10122 19937
10180 10114
10182 10114
10282 10114
10374 10114
10403 10114
10408 10114
10526 19937
10527 10114
10578 10114
10578 19937
10735 8134
10807 10114
11124 8134
11485 19937
11585 8134
11593 20654
11595 10114
11597 10114
11614 10114
11635 8134
11636 8134
11638 22790
11642 8134
11665 10114
11677 10114
11678 8134
11743 10114
11816 10114
11892 19722
11894 10114
11899 10114
11901 10114
11902 10114
11903 10114
11905 10114
11912 10114
11915 10114
11918 20751
11922 10114
11923 10114
11924 10114
11925 10114
11972 19937
11981 19937
12047 8134
12060 8134
12095 20751
12118 10114
12121 10114
12122 10114
12123 10114
12141 8134
12164 19920
12170 10114
12171 10114
12172 10114
12173 10114
12174 10114
12175 10114
12197 19937
12257 3115
12310 10114
12322 13473
12325 3115
12325 16701
12340 16701
12343 1606
12343 3922
12401 8134
12403 8134
12413 16701
12420 10114
12476 8134
12538 8134
12617 19937
12618 19937
12705 19920
12746 13473
12792 8134
12877 8134
13042 3115
13136 10114
13140 19937
13206 8134
13304 8134
13421 10114
13446 8134
13468 19722
13472 10114
13493 17199
13537 3115
13545 8134
13567 19937
13574 8134
13593 10114
13718 19956
13757 10114
13903 8134
13911 10114
13953 19937
14083 8134
14087 10114
14090 22790
14137 10114
14147 10114
14229 8134
14232 8134
14243 8134
14272 10114
14551 19937
14579 10114
14580 19937
14586 2633
14590 19956
14606 10114
14629 10114
14635 19937
14662 8134
14728 19920
14768 14769
14922 10114
14954 8134
14983 10114
15155 10114
15158 10114
15162 10114
15179 10114
15200 10114
15231 8134
15241 22596
15253 16303
15288 10114
15364 8134
15544 2633
15577 10114
15584 10114
15658 19937
15692 19937
15757 19722
15764 10114
15777 10114
15812 8134
15853 19937
15994 19937
16040 14769
16098 20654
16106 12001
16122 10114
16139 7350
16167 19920
16169 7350
16256 19937
16266 10114
16267 10114
16284 8134
16289 16701
16297 20751
16317 10114
16370 8134
16396 10114
16655 10114
16808 19722
16810 8134
16815 19920
16918 19937
16991 10114
16992 10114
17059 16303
17073 10114
17103 17199
17129 22596
17144 10114
17145 10114
17146 10114
17152 8134
17241 3434
17296 10114
17351 3115
17368 19937
17399 10114
17400 10114
17401 10114
17402 10114
17403 10114
17404 10114
17405 10114
17407 10114
17429 15700
17443 3115
17464 8134
17544 10114
17545 10114
17547 10114
17568 10114
17605 13370
17615 10114
17616 10114
17667 10114
17681 8134
17775 19956
17877 8134
17887 19937
17947 8134
17953 10114
17967 8134
18180 12001
18205 8134
18450 8134
18463 10114
18501 23631
18519 10114
18545 10114
18699 19937
18711 19937
18723 10114
18757 8682
18762 10114
18772 8134
18785 10114
18787 7350
18820 10114
18826 19937
18828 10114
18923 3115
18933 10114
18947 10114
18949 10114
18952 10114
18953 10114
18959 10114
18960 10114
19029 8134
19040 8134
19044 8134
19045 8134
19046 8134
19108 8134
19159 19937
19167 10114
19200 10114
19210 14039
19222 19937
19223 19937
19224 19937
19314 10114
19316 10114
19328 10114
19344 10114
19370 10114
19428 10114
19437 10114
19448 20654
19466 10114
19467 10114
19522 10114
19556 19555
19561 8134
19566 10021
19652 10114
19667 10114
19693 8134
19730 2633
19783 14769
19818 10114
19864 8134
19900 19937
19936 10114
19955 10114
19959 12397
19972 8134
20097 8134
20205 8134
20395 8134
20411 12397
20411 19920
20459 8134
20478 19937
20495 19937
20537 19920
20628 8134
20731 10114
20785 10114
20802 7350
20806 10114
20824 16701
20832 10114
20833 10114
20848 19722
20855 8134
20862 10114
20863 19937
20873 8134
20899 10114
20994 8134
21441 19937
21518 19956
21540 19937
21725 8134
21860 19937
21953 8134
22024 19937
22318 16701
22415 10114
22478 8134
22480 10114
22593 22596
22618 19920
22671 10114
22694 8134
22791 22790
22909 8134
22918 8134
22940 7350
22975 10114
22981 16701
23053 19937
23081 10114
23169 8134
23275 19956
23390 8134
23414 8134
23539 8134
23596 8134
23630 8134
23680 19937
23705 8134
23706 8134
23722 19920
23724 19920
23778 8134
23890 8134
23909 19937
23994 19937
24153 19937
24183 19920
24197 19937
24261 7230
24290 19937
24293 19937
24320 10114
24322 7350
24336 19937
24337 19937
24407 8134
24461 10114
24468 10114
24469 10114
24472 10114
24484 10114
24487 8134
24508 10114
24513 10114
24593 8134
24600 19722
