24624 24624 61
957 22931
1091 2268
1091 6308
1139 22931
1183 10062
1656 12363
1904 5499
2775 22921
2834 2268
3273 22904
3785 2268
4360 13956
4497 22931
5376 24057
5468 22934
6388 9058
6388 22881
8034 12994
8034 17478
8850 22934
9441 22922
9610 3342
9838 9978
9838 12994
9838 22904
10298 6448
10475 2270
10486 13829
11098 22904
11391 19224
11622 12994
11921 2270
12482 19224
12541 3628
13306 2270
13840 22904
13960 20577
14285 2270
14448 22893
15156 22969
15301 22921
15314 8134
15893 22790
15893 22908
16449 23635
16512 5324
16778 22904
17988 2270
18141 2270
18198 2270
18507 22913
18559 22904
18561 22904
18853 22904
18911 4159
19206 22932
20746 22923
22117 9978
22809 22933
23543 2270
23997 22916
