24624 24624 73
198 7480
201 15236
203 206
216 7480
229 19076
234 232
235 7480
242 241
245 241
252 255
260 7480
279 283
284 7480
431 6294
448 17295
449 6294
451 17295
869 12472
897 19076
2071 8700
2085 10020
2796 18536
3268 20583
3550 5868
3560 5868
3562 5868
3575 18536
3607 22875
4457 9482
4966 3676
5220 20583
5524 19949
5660 19175
6608 5865
6994 5865
6995 5865
7076 17190
7081 17190
7140 19075
7404 984
7830 9744
8202 6294
9462 18633
10014 6311
10316 15517
10885 20583
11431 20583
12350 15710
15126 17190
15404 15710
15625 20583
15686 10020
15960 14768
16586 10116
17471 18536
17503 15710
17639 15517
17966 5867
18258 20583
18607 19949
18632 17295
18684 17225
18879 17295
18971 8700
19101 7480
19139 20583
20360 19979
20676 22996
20678 7064
22265 20583
23079 4044
23896 9744
24586 22324
