24624 24624 171
540 18382
1190 13301
1227 21317
1228 9544
1329 13132
1356 18680
1423 2285
1927 9562
2253 15382
2594 9707
2611 6074
2967 5836
3237 17205
3445 23704
3634 21490
3689 12709
4056 22628
4446 14165
4553 4552
4667 20593
4900 14915
4902 16236
5051 1797
5532 9713
5538 15990
5563 24094
5740 11766
5763 7909
5838 17109
5852 8161
5947 4674
5952 2545
5961 21170
6134 17409
6442 22653
6445 6278
6615 22549
6907 6906
6911 6936
6913 6912
6918 19173
6920 13049
6974 14557
7412 15248
7549 6386
7695 17558
7765 13003
7872 13104
8185 17759
8325 19664
8455 23797
8885 19154
8947 11611
9100 14784
9102 11933
9112 15593
9338 11951
9445 4898
9657 2276
9714 21760
9718 6112
9721 16399
9722 15000
9725 20157
9773 23527
9807 21993
9824 11610
9825 5530
9992 9965
10000 9994
10212 22814
10376 10377
11369 23187
11763 608
11769 15337
11857 4442
11996 9568
12037 3521
12091 3526
12290 21229
12469 9713
12629 9547
12680 8254
12862 21699
12894 12893
13041 37
13142 9114
13455 6685
14788 20872
14792 9493
14849 10856
14898 3124
14911 20120
15050 21065
15254 7482
15613 9558
15621 3380
15981 17839
15995 17380
16400 14664
16876 21895
17018 10081
17207 6059
17372 13522
17426 4718
17901 4940
17935 21101
18105 7319
18280 21317
18553 21065
18555 21687
18736 9437
18765 11630
18969 21304
18970 21358
19340 2298
19340 14974
19398 2568
19401 21870
19503 4843
19698 21065
19726 54
19960 4663
19969 23347
20346 21187
20377 18075
20384 3452
20396 21205
20491 21787
20609 17964
20729 5974
20767 15972
20783 823
20852 15041
20920 9486
20929 14097
21031 11496
21037 21505
21041 3124
21400 19496
21466 9883
21481 9374
21698 61
22091 22090
22253 9427
22422 13253
22646 11949
22655 4442
22709 19290
23301 1433
23529 2383
23594 17933
23595 16182
23673 1835
23678 20909
23692 23689
23781 23782
23783 22628
23785 21941
23822 17380
23829 21531
23869 15870
23874 9713
23875 534
23875 22261
23881 19347
23917 9567
23920 14557
24378 9537
24388 9332
24389 13342
