24624 24624 47
2261 10294
2262 10294
2457 2457
2776 14324
2895 14032
4179 22567
5713 13612
5782 22232
5821 4545
5930 15948
6225 6225
6793 3784
7152 7939
7156 7156
7646 16508
8183 10977
9728 15359
11626 19501
12817 10977
13119 4502
13515 23984
14595 22320
15014 16240
15026 9837
15093 17878
16287 479
16598 3784
17689 15942
17773 8562
17930 6225
18888 479
20012 13898
20012 22320
20137 18049
20917 20885
20945 3422
21067 23237
21135 15363
21602 3075
21602 13384
21671 995
21842 12158
21922 2833
23076 17488
23606 3061
23851 22221
24355 4110
