24624 24624 58
616 19926
1294 13090
1986 13090
2342 8111
3611 13090
4226 14918
4518 8111
4763 19926
4864 23635
5308 19926
6048 23635
6254 13090
7125 19926
8112 8111
8448 13090
8564 13090
8607 13090
8611 19926
8634 10206
10019 3351
10107 13090
11910 11911
12055 23635
12240 13090
12262 13090
12302 13090
12520 13090
12665 19926
12761 13090
13092 13090
13093 13090
13094 13090
13160 13090
14245 13090
14650 8111
15434 8111
15838 8111
15842 19926
16166 13090
16249 23635
16487 13090
17080 8111
17782 13090
17784 13090
18679 13090
18912 10747
19941 13090
20074 13090
22144 3351
22597 8111
22930 19926
23618 8111
23636 8111
23853 23635
23862 23635
24077 13090
24245 23635
24393 8111
