24624 24624 51
2110 8134
2111 8134
2229 8134
2232 8134
2232 11612
2232 22339
2233 8134
2233 11612
2233 22339
2234 11612
2234 22339
4211 16120
4215 16120
4216 16120
4217 19920
4218 16120
4218 19920
4389 4556
4460 7498
4460 8134
7299 14680
7311 19920
7391 7350
8815 10114
9687 19937
10641 1798
11927 11612
11927 19722
13433 14770
14086 9382
14086 15177
14208 8134
14208 19920
14209 8134
14210 8134
14210 22339
14211 8134
16804 19722
17057 9343
17858 23779
18650 2397
20843 13190
22511 18920
22512 1798
22610 19807
23339 7995
23342 8910
23342 20818
23352 4993
23352 10114
23352 19920
