24624 24624 246
40 6815
382 4809
510 13485
669 17449
672 9835
838 23255
1227 21141
1243 670
1264 7550
1270 16479
1369 1368
1626 7099
1784 17345
1840 1841
1917 11287
2159 14878
2196 15207
2285 16597
2417 5118
2804 8843
2852 1209
2932 1812
2949 23201
3336 21141
3581 24107
3604 4972
3709 6965
3783 6536
3845 6495
4230 10468
4491 18492
4664 16725
4675 15209
4677 13028
4839 20311
5007 16174
5106 23922
5552 9087
5825 1214
5853 15195
6196 9450
6204 10621
6298 12561
6422 6421
6464 5118
6613 6421
6888 14855
6915 19084
6935 11287
6954 13033
6960 18191
7188 574
7321 6525
7351 7352
7366 18931
7485 519
7743 20091
7764 22952
7792 2737
7912 5143
8161 6923
8289 14878
8312 17670
8412 6109
8432 8431
8580 12431
8596 11287
8598 22606
8599 24054
8702 22241
8777 12952
9045 5029
9057 21871
9113 5086
9314 1841
9341 21706
9363 9363
9404 18808
9454 6421
9533 10046
9544 4229
9787 13282
9791 21667
9827 13705
9885 4750
10100 18931
10228 6536
10234 9066
10322 467
10375 16756
11004 11003
11085 20685
11296 7238
11342 10310
11360 11361
11587 467
11617 10272
11630 491
11717 18451
11917 18470
11942 467
12024 17110
12034 4237
12086 491
12162 2211
12264 1464
12303 467
12404 10863
12623 9534
12627 19831
12633 17645
12700 9242
12707 6241
12709 6328
12775 467
12796 10737
12899 20311
12910 17449
13071 6137
13103 8752
13125 6536
13139 22069
13338 15164
13342 24107
13352 21264
13519 6923
14076 7624
14122 3089
14123 4475
14127 6421
14622 14621
14738 5408
14746 21141
14755 17449
14886 2240
15001 15636
15248 16725
15376 10737
15522 10863
15593 20339
15651 19523
15724 6467
15793 467
15802 19518
15822 670
15905 19697
16026 8843
16103 6066
16103 20182
16142 15170
16199 16200
16687 19831
17045 3721
17147 10621
17208 20339
17265 22275
17338 1235
17414 9066
17510 20512
17518 19671
17524 17523
17644 5513
17906 15868
17911 18557
17927 16725
18088 20512
18274 20257
18277 17705
18288 6536
18493 18492
18692 53
18871 10272
18925 17970
19107 21803
19115 18535
19131 8151
19202 737
19479 17778
19487 6421
19680 6729
19688 19687
19733 9601
19762 6580
19766 20897
19826 11003
19845 18026
19858 6536
19902 10783
20176 11340
20359 16756
20467 15647
20509 21936
20642 17945
20808 7416
21020 20339
21065 19697
21080 17569
21113 20605
21203 13526
21233 22275
21280 3227
21317 21141
21326 6580
21377 4750
21386 22069
21421 17852
21458 10492
21467 4229
21492 21491
21512 6897
21551 3063
21605 21604
21635 20181
21679 5384
21679 6322
21796 5055
21820 20257
21888 24098
21927 18703
21942 14379
21943 18535
21951 472
21983 22534
22045 2240
22164 21140
22206 19697
22228 22227
22540 19968
22628 5029
22634 20965
22653 491
22716 10783
22849 1841
23124 3467
23597 23598
23648 1157
23674 20123
23687 7760
23704 23703
23833 5513
23873 15463
24094 15527
24145 19233
24277 467
24498 17523
24601 12590
