24624 24624 58
527 23984
1918 5445
2182 10664
2261 10294
2776 14324
5509 22363
5693 2736
5716 23984
5782 22232
5916 2218
6225 6225
7156 7156
7164 23984
7654 23984
7777 10565
8183 10977
8903 23984
9477 11001
9551 18259
11056 18014
11057 18014
12794 15942
13050 3825
13050 6516
14962 14313
15107 5229
15997 10860
16056 7619
16595 20878
17264 13384
17431 15491
17459 5165
17930 6225
18667 13591
19758 23984
19827 13612
19964 23237
20018 5988
20137 18049
20137 19509
20511 23984
20901 8917
21091 23984
21338 10664
21341 1529
21369 23984
21370 23984
21460 5423
21652 23984
21677 23984
21709 23984
21794 20251
21815 23984
21816 23984
21842 12158
22822 17551
24325 24325
24335 6701
