24624 24624 3179
72 14223
85 18881
86 14223
107 22280
132 20492
135 15153
162 4006
168 14223
170 3964
173 20492
176 3964
185 5880
207 20492
224 1074
225 4568
227 7021
231 18664
236 23152
258 481
272 20492
460 5061
460 8001
597 5190
599 8135
599 18666
599 23151
600 15427
601 9122
604 10113
613 3554
613 17027
624 23262
626 486
690 3552
722 24096
727 3964
729 20098
739 3612
742 18466
751 17476
768 20098
769 9122
769 24182
772 481
772 18385
777 23288
779 16299
779 16884
783 7002
783 15103
784 10063
855 8427
866 937
867 14655
867 16232
867 16692
868 13285
872 8970
875 10316
882 7555
906 7071
909 7045
914 11712
933 14223
958 2429
963 15749
963 20492
966 10027
968 3949
973 17895
975 6626
991 2149
991 3341
1001 15749
1011 7014
1018 18635
1019 14266
1019 18883
1020 18664
1020 19958
1021 9394
1021 18635
1032 17500
1040 7037
1041 7073
1041 7074
1042 3041
1043 7083
1045 7075
1046 7073
1046 18642
1047 10381
1047 24096
1049 7043
1050 7043
1052 7010
1052 7074
1060 7020
1060 8942
1065 7043
1066 7010
1069 7020
1070 6997
1070 7059
1071 6997
1075 4934
1078 431
1078 448
1080 3612
1081 10243
1082 10243
1083 481
1084 16917
1086 434
1087 18635
1087 22740
1095 2149
1095 6220
1096 5061
1098 18466
1098 24182
1099 3964
1100 7140
1103 7140
1107 8675
1107 24292
1120 7003
1131 4561
1141 7556
1141 20098
1144 3187
1144 4006
1146 2036
1149 7043
1149 7062
1160 6626
1166 17744
1167 14266
1168 481
1185 7048
1185 7404
1192 5880
1192 7031
1194 10119
1195 937
1195 19360
1196 15406
1219 7031
1219 12981
1220 10117
1233 7011
1233 22679
1234 10028
1280 4564
1283 5639
1283 15785
1286 897
1307 3527
1307 17141
1348 1898
1349 7030
1349 7050
1350 15124
1359 5880
1375 3187
1377 4457
1377 7715
1387 3612
1416 7075
1417 13353
1420 5145
1442 7032
1446 7032
1446 22884
1479 7010
1489 4966
1495 448
1496 438
1496 19101
1497 432
1497 435
1497 6985
1497 18635
1497 22745
1500 23152
1501 18449
1501 20094
1504 16931
1507 7036
1507 7043
1511 481
1511 7020
1512 7074
1513 7043
1515 18385
1527 12018
1536 9666
1536 17627
1541 2036
1541 4966
1542 18881
1542 19921
1544 7010
1544 18646
1546 7006
1546 7010
1547 18646
1550 7051
1551 7555
1552 3527
1552 15686
1552 16312
1553 7020
1553 7027
1554 4966
1557 3187
1557 22189
1560 1452
1561 11433
1570 15749
1570 20492
1571 15749
1573 4575
1576 3964
1576 12018
1576 16848
1582 4568
1599 846
1620 7027
1668 21015
1694 7027
1702 20492
1702 23039
1705 9197
1705 13439
1722 15798
1728 9696
1730 8633
1731 18635
1732 438
1732 481
1732 18635
1734 3484
1735 19970
1737 4824
1739 438
1740 19970
1743 7048
1745 4934
1747 17140
1747 17141
1753 7066
1764 17140
1765 3554
1822 23864
1823 4568
1823 15390
1824 18465
1834 7081
1860 7042
1868 10113
1881 23288
1892 22765
1900 7044
1902 5061
1912 1898
1931 7000
1931 7038
1932 7020
1932 22797
1936 6626
1936 15749
1954 6626
1968 6999
1968 7015
1970 2109
1970 3530
1972 6996
2059 7047
2072 3697
2125 7022
2125 7520
2136 481
2136 18635
2140 24173
2141 1074
2141 17476
2144 17895
2197 6931
2209 22738
2331 1898
2335 15746
2424 680
2439 5734
2439 18516
2439 23896
2440 10381
2440 23896
2444 23288
2459 8135
2460 8135
2559 12218
2560 7048
2560 7404
2662 3263
2662 9736
2662 14413
2662 15719
2663 6626
2663 24173
2664 19101
2666 23773
2711 2036
2711 8675
2729 434
2730 4966
2734 1074
2742 15749
2743 15390
2744 3964
2826 2748
2826 7070
2837 6626
2856 4568
2859 3964
2859 24173
2865 4603
2871 20094
2872 17895
2875 3964
2875 18466
2875 19101
2879 14655
2879 16232
2898 18896
2924 7021
2924 13329
3047 434
3047 481
3054 2418
3067 17001
3080 3964
3081 5061
3081 8001
3082 18466
3085 2429
3085 15427
3087 9197
3088 19133
3091 2155
3091 7140
3091 19101
3092 6626
3106 19970
3107 7071
3107 7075
3107 7828
3108 15123
3156 20094
3157 7043
3157 12056
3159 7077
3159 18641
3162 24595
3164 19723
3166 7047
3167 2085
3168 16221
3169 2082
3169 17715
3169 18649
3169 22765
3183 5880
3183 9732
3216 8300
3233 7404
3284 20492
3297 18870
3303 3964
3303 7140
3304 6626
3310 24182
3312 5880
3403 16917
3403 18632
3404 2036
3407 4557
3407 18649
3409 10243
3410 4006
3410 22945
3412 7821
3412 18630
3413 16312
3416 2035
3416 2036
3416 7512
3417 15140
3418 2035
3669 24173
3791 15427
3800 2149
3807 448
3807 10243
3808 434
3808 435
3808 18635
3812 22284
3813 23288
3815 2036
3818 2418
3818 9666
3818 13532
3819 18630
3820 7822
3820 17141
3821 15749
3821 22765
3822 2012
3872 19360
3886 7032
4009 5663
4011 5880
4015 10113
4031 21015
4068 4457
4068 9483
4090 7027
4097 2418
4136 6284
4136 9197
4149 24173
4160 5061
4162 17730
4182 3561
4194 19360
4254 8135
4271 13474
4296 13004
4298 2149
4298 3341
4300 24182
4302 23229
4311 15749
4315 1074
4316 6626
4320 18466
4320 19061
4321 4568
4321 7140
4323 15749
4323 18466
4330 2418
4330 12533
4331 2429
4331 15427
4332 3697
4332 18870
4332 18881
4332 19133
4334 7447
4338 7021
4338 20492
4367 8135
4377 16312
4377 16931
4378 15185
4395 4457
4395 9483
4404 3554
4414 7520
4414 12087
4414 16154
4422 3187
4437 3561
4437 7042
4437 18385
4499 483
4506 432
4506 453
4506 10243
4507 7048
4517 23773
4526 2036
4527 4966
4571 8678
4592 2429
4592 17946
4592 23773
4606 6626
4606 15749
4606 20492
4609 3155
4611 4568
4612 7140
4613 3697
4733 19101
4733 24173
4746 7019
4748 7042
4814 23015
4822 3386
4826 3561
4826 7005
4826 7042
4830 18385
4832 7042
4832 10113
4832 16312
4855 12452
4878 9666
4885 24114
4914 447
4914 7512
4917 2083
4918 482
4918 16917
4918 18385
4919 1452
4920 4560
4921 17046
4922 7042
4922 18385
4923 435
4926 2109
4926 5661
4927 3530
4927 4784
4929 14655
5004 18466
5042 7023
5043 23079
5044 434
5044 3612
5044 23262
5045 2109
5045 4784
5045 5660
5045 5661
5046 22764
5047 9696
5047 17744
5049 23151
5050 17141
5050 22741
5050 23288
5054 482
5140 15749
5140 20492
5154 17074
5155 17074
5156 3155
5156 24182
5157 19101
5196 10113
5196 17736
5196 17744
5196 22765
5197 17141
5199 450
5205 24173
5210 20811
5210 24173
5211 23896
5216 17141
5221 7038
5223 3697
5224 17743
5232 481
5235 3556
5235 3561
5235 5071
5235 17715
5237 8678
5243 2013
5243 22616
5244 1452
5244 22284
5245 7024
5245 11467
5247 12223
5248 10243
5251 4934
5252 7003
5252 7048
5252 17398
5253 16
5255 17140
5255 18302
5260 3964
5260 15749
5261 12539
5261 20093
5265 3964
5266 7140
5269 2418
5270 7140
5270 17895
5271 18302
5272 13008
5272 24182
5273 15749
5275 8675
5279 3486
5289 17476
5289 18302
5290 17398
5291 4934
5294 3964
5295 15125
5304 7077
5304 7444
5310 2380
5311 897
5313 2429
5314 15749
5326 23896
5330 2903
5330 7512
5347 24182
5354 9666
5360 4603
5367 6626
5368 24182
5370 16312
5370 23288
5381 19133
5387 18646
5387 23288
5387 23289
5394 434
5401 1452
5417 15749
5428 23773
5431 9387
5434 9696
5434 18648
5436 22765
5438 3964
5439 9666
5448 14266
5449 22765
5450 24173
5455 7044
5455 8633
5471 436
5471 18635
5472 16848
5477 11467
5477 18302
5478 22770
5517 24114
5522 9197
5526 24114
5558 3041
5583 19101
5584 7071
5625 7444
5625 17490
5629 432
5629 434
5630 22745
5632 12218
5633 15125
5634 1074
5638 16312
5641 8135
5647 1357
5653 7020
5653 22797
5655 18646
5656 7010
5656 22797
5657 2085
5672 2429
5672 15427
5714 438
5714 23262
5721 23150
5724 2149
5730 3041
5744 3964
5744 17895
5750 20492
5759 7044
5761 7003
5761 7027
5761 7057
5761 20038
5768 3554
5769 8675
5771 1452
5772 7512
5773 5664
5773 18630
5773 22765
5774 4966
5774 15139
5776 2109
5776 5660
5778 23151
5779 1074
5779 7018
5780 3529
5793 434
5793 18635
5797 486
5798 486
5798 16221
5799 916
5803 13264
5805 3697
5809 3419
5810 3527
5810 17140
5811 3964
5811 6626
5812 7057
5812 15124
5882 7043
5883 6997
5883 7002
5883 15103
5884 7043
5886 12218
5897 7010
5898 7020
5898 22797
5940 10243
5940 20492
5942 434
5944 7555
6003 19360
6051 23896
6056 498
6084 7080
6086 7071
6089 7077
6097 7140
6100 7038
6147 3964
6147 19360
6160 4966
6160 7020
6160 8675
6165 7048
6165 7062
6165 14730
6168 15749
6186 7080
6192 3155
6200 7033
6207 7555
6291 10117
6330 24114
6334 2149
6338 14266
6338 18883
6346 7071
6347 7081
6355 8675
6356 8866
6357 7555
6367 2036
6367 4966
6367 18095
6368 4006
6368 6986
6373 3187
6374 9696
6374 17500
6374 17501
6374 19970
6375 4558
6375 9696
6380 3553
6383 1452
6383 8678
6383 13511
6384 4966
6384 8678
6415 18302
6426 5659
6428 7021
6454 19360
6462 23079
6478 18302
6479 20475
6497 983
6497 2748
6497 7084
6497 7404
6503 3997
6503 7042
6522 12237
6541 4934
6542 3697
6548 432
6548 16917
6560 3427
6568 4784
6568 22946
6570 3556
6570 17743
6586 3561
6586 14223
6586 22765
6590 3561
6591 8633
6592 18466
6606 8135
6607 22685
6622 10028
6622 16692
6639 9394
6640 481
6641 434
6641 435
6641 481
6643 18641
6644 7046
6645 3549
6646 4560
6646 5664
6646 24466
6658 481
6659 10113
6703 15749
6707 7003
6719 15
6719 7044
6730 18449
6731 24096
6732 11712
6733 8675
6741 4966
6741 8678
6741 14223
6750 16702
6751 1452
6751 4966
6774 15124
6795 22946
6812 11467
6817 10243
6817 22745
6835 7075
6864 16917
6878 2036
6878 8678
6880 23288
6881 4966
6881 15140
6882 4966
6927 15798
6930 2623
7095 432
7095 447
7095 16917
7096 10243
7096 20492
7097 438
7098 22767
7109 10063
7110 23151
7116 16590
7154 9483
7155 9483
7155 19360
7160 10028
7179 4966
7183 10117
7202 11752
7202 18302
7203 7239
7205 7822
7212 15
7212 17450
7213 7044
7231 17046
7240 434
7240 3561
7240 10242
7248 8675
7249 7003
7250 2035
7250 3726
7252 3726
7253 3187
7253 12679
7253 23288
7254 23011
7261 2036
7261 3187
7261 4966
7270 17071
7279 22685
7283 7044
7283 8633
7287 17141
7288 17500
7289 10113
7289 17500
7289 17715
7290 18302
7291 14266
7301 481
7302 481
7303 3554
7326 15124
7326 22616
7327 17141
7327 18630
7331 438
7403 7070
7414 7042
7440 2155
7441 22745
7442 20098
7443 2155
7445 5061
7462 3187
7559 10243
7560 434
7560 22745
7572 7042
7577 2082
7580 23151
7589 6626
7597 15749
7601 3697
7602 18647
7603 7021
7603 8135
7612 9197
7612 24173
7612 24182
7613 6626
7615 7020
7629 3846
7642 15427
7655 6626
7657 19101
7658 6626
7659 1074
7684 18302
7684 20094
7687 23288
7740 3112
7740 3263
7757 7555
7759 12679
7807 8675
7809 23288
7810 2036
7810 3187
7810 23346
7811 486
7811 5734
7811 7044
7811 16931
7812 7630
7814 3561
7844 8675
7849 3561
7850 2109
7851 17500
7851 22765
7852 18385
7882 10027
7882 10028
7882 16692
7917 15749
7936 15427
7937 8292
7938 13285
7943 9666
7944 12533
7944 17895
7946 6626
7946 15153
7947 18466
7950 2606
7952 7444
7952 18466
7954 9666
7955 17895
7956 18046
7962 17625
7972 24182
7986 488
7986 18385
7988 18643
8007 7054
8008 7007
8009 6997
8010 7043
8015 6626
8015 19133
8018 17476
8057 15427
8057 24114
8058 4568
8058 20492
8060 12350
8060 17503
8061 6626
8074 2418
8074 3964
8076 18754
8078 2418
8083 6626
8083 7444
8098 7140
8101 18385
8107 16312
8108 7043
8114 3612
8114 10113
8114 22745
8126 15
8133 7003
8138 7027
8141 3697
8141 18881
8166 18643
8186 481
8187 433
8188 3612
8188 4824
8189 481
8190 18635
8192 4823
8193 6931
8197 16221
8198 16312
8214 15427
8220 483
8221 8675
8222 4966
8222 8675
8225 7044
8237 481
8239 7014
8239 7038
8240 7014
8241 7026
8241 7066
8242 7010
8242 7014
8246 481
8246 18635
8248 18635
8250 1452
8251 434
8251 3612
8251 10243
8267 10243
8271 434
8271 3612
8271 7027
8273 10243
8274 4823
8276 2109
8279 435
8279 447
8279 18635
8284 7014
8287 2036
8287 4966
8287 8678
8396 5880
8396 13532
8407 4006
8449 7821
8451 1919
8451 11433
8476 486
8478 7026
8478 7075
8479 4934
8479 19484
8480 7075
8482 2418
8482 19101
8484 20492
8486 24173
8489 4532
8489 19292
8529 6626
8534 13008
8538 24182
8539 19101
8540 15427
8566 12056
8566 24182
8567 2380
8618 5061
8623 3964
8625 15121
8625 16312
8644 11467
8648 10113
8685 2748
8688 3612
8688 18635
8690 10243
8690 22745
8713 9733
8728 1919
8730 7821
8730 8675
8743 5734
8743 24096
8746 8942
8810 10117
8811 10117
8812 13353
8814 18646
8825 18630
8826 11752
8860 17500
8861 10117
8861 13353
8930 11467
8980 18465
8992 17151
8992 18754
8992 20676
9000 897
9005 13439
9020 15421
9020 19101
9028 7004
9036 11752
9036 14223
9041 10117
9043 7556
9134 8827
9176 19921
9193 18646
9201 18646
9202 18302
9204 18666
9207 3193
9207 17071
9208 7555
9211 483
9231 18896
9269 14655
9284 3419
9284 10381
9284 23896
9289 10063
9290 3527
9299 6931
9299 7027
9300 17476
9350 6986
9350 19484
9378 18645
9378 19484
9380 4006
9504 6626
9505 3337
9505 19101
9512 4558
9531 20977
9590 4934
9606 12533
9608 3846
9613 7003
9616 23346
9618 17715
9620 3529
9620 17140
9621 22741
9623 1452
9623 4560
9625 17141
9627 15720
9692 9696
9692 19970
9693 4966
9698 24292
9831 2418
9832 2429
9832 17503
9834 15719
9836 12539
9842 19101
9843 3964
9844 3597
9844 15749
9851 7044
9891 7555
9891 23039
9893 18644
9894 7007
9896 7038
9897 7071
9899 7002
9900 7012
9900 7053
9900 7066
9904 10381
9904 18516
9905 6997
9917 7010
9917 7016
9917 7038
9926 17500
9933 5734
9933 16299
9936 7042
9938 7077
9940 7052
9944 9982
9949 7043
9950 7054
9959 7038
9959 22797
10030 10027
10102 7042
10103 443
10105 18646
10105 18664
10106 18385
10112 7010
10112 7014
10121 13004
10144 18646
10162 19970
10168 19921
10185 9696
10189 10028
10189 14655
10189 16232
10199 14266
10200 2036
10200 16221
10244 9462
10247 7010
10249 7404
10251 7075
10252 4934
10253 15798
10254 18646
10255 7038
10257 8230
10262 16225
10271 10243
10273 16221
10274 15153
10275 4934
10281 3556
10281 17743
10284 3576
10284 24292
10286 17743
10300 13158
10326 6626
10327 7140
10327 23773
10332 6626
10346 2429
10364 7040
10390 1452
10390 4558
10390 22284
10391 2083
10392 7077
10392 8678
10393 3187
10393 4966
10394 10028
10394 14655
10395 7716
10400 18516
10400 24096
10406 15427
10415 15427
10415 24114
10424 24173
10425 12679
10431 10113
10431 16692
10449 24182
10464 20492
10489 24114
10494 6284
10495 6284
10495 24114
10500 2418
10500 18466
10500 24114
10503 6998
10504 16
10504 7003
10506 11467
10516 486
10516 7077
10529 23015
10532 8135
10537 23015
10538 15
10561 2418
10562 20799
10566 20492
10567 5061
10567 8001
10569 17476
10570 12452
10575 18466
10575 19101
10577 482
10579 1452
10579 2083
10580 9696
10581 22765
10582 9696
10583 22284
10584 4561
10586 4558
10657 22861
10663 11469
10663 19921
10665 9696
10667 6996
10667 10238
10683 19101
10692 3155
10693 18466
10701 17476
10721 23151
10740 9696
10744 2085
10748 926
10748 4558
10748 8675
10751 8678
10767 15427
10768 7140
10770 19101
10777 6284
10782 6626
10784 3964
10784 9483
10785 897
10785 3964
10791 18466
10797 20492
10813 19043
10819 6627
10821 7027
10821 18635
10831 5880
10831 22740
10843 16702
10849 2036
10852 4568
10859 18752
10864 24173
10868 17895
10868 19101
10868 20492
10882 5880
10882 10381
10890 3625
10896 13285
10897 5880
10898 20098
10899 3571
10899 20098
10922 15427
10934 24173
10949 1452
10949 4558
10949 5663
10949 24466
10965 6626
10965 14596
10975 6626
10982 1452
10991 19133
11016 18466
11017 15749
11018 2418
11018 24173
11019 15427
11019 20492
11024 15427
11024 20492
11026 1357
11026 19921
11050 17503
11087 17468
11109 6626
11110 15749
11134 5639
11137 18466
11140 7029
11140 15746
11144 19101
11151 1919
11151 17743
11155 442
11155 24114
11159 13285
11159 15720
11171 24182
11175 4568
11176 11469
11176 24182
11178 19101
11179 4568
11179 7140
11180 19970
11181 2174
11181 16221
11184 4966
11184 8678
11185 17500
11185 23288
11188 8675
11188 8678
11188 15153
11190 3964
11207 7027
11237 3949
11240 24114
11240 24182
11242 9387
11243 3964
11246 19970
11246 22765
11249 20038
11249 23151
11251 14266
11251 18883
11252 9696
11252 23227
11254 17625
11255 17500
11259 4784
11264 3187
11264 19484
11267 2083
11267 17743
11267 20098
11268 4558
11268 9696
11268 17743
11269 22764
11273 3549
11275 3560
11278 17141
11278 18630
11279 22742
11279 23288
11283 2035
11283 4966
11283 8675
11295 7043
11300 16226
11302 3527
11302 17140
11305 7404
11306 4966
11307 3419
11309 1452
11309 19360
11314 3557
11314 17501
11317 5662
11317 20037
11321 17743
11322 5071
11322 9696
11322 22765
11324 2109
11327 17140
11343 12056
11344 7029
11344 23015
11346 19970
11346 22765
11359 8135
11362 4563
11362 11712
11363 7042
11370 3556
11370 22763
11372 4557
11375 17500
11375 17743
11378 5061
11378 7512
11381 8135
11384 19970
11395 3155
11395 9197
11397 2075
11401 15103
11403 15
11405 12056
11428 1710
11428 3155
11428 18466
11429 20492
11437 7002
11438 481
11440 8678
11441 7027
11441 8633
11442 7555
11443 3187
11444 3263
11445 7051
11446 7267
11453 4563
11453 8678
11455 15
11456 15
11457 15749
11600 7029
11603 4006
11631 7011
11631 7043
11632 12218
11632 15575
11633 7830
11660 7035
11686 7044
11695 17895
11716 5880
11720 4067
11736 1327
11739 1325
11751 2418
11772 10316
11774 11624
11779 15427
11779 19101
11779 20492
11784 17895
11791 7031
11792 17895
11792 18466
11796 15955
11796 19101
11798 13439
11798 24114
11799 23079
11811 13532
11815 6626
11815 20492
11827 5061
11828 897
11829 2429
11830 20492
11834 18868
11835 4603
11836 15749
11836 24182
11848 5880
11858 19101
11860 6284
11866 23151
11867 8866
11867 17736
11869 19101
11870 7140
11873 4568
11873 12018
11874 11468
11875 8633
11875 17450
11880 3697
11880 7021
11881 6626
11882 24173
11883 13501
11885 14407
11888 4860
11888 17895
11888 24173
11889 8135
11890 18466
11893 7239
11893 22738
11936 17895
11937 15749
11966 10381
11971 4006
11976 23015
12014 7041
12048 1074
12048 20707
12054 2036
12054 3187
12081 4006
12102 7010
12102 18644
12105 10113
12108 10014
12119 7043
12119 15103
12124 15
12124 18647
12126 18644
12140 15798
12159 7001
12161 735
12161 6627
12161 13043
12207 4187
12209 5734
12212 5880
12212 18466
12215 18651
12217 434
12281 3561
12337 9483
12357 432
12382 15749
12409 485
12414 916
12414 8633
12414 23079
12424 4457
12424 8795
12424 9483
12430 2429
12433 3625
12433 8001
12453 1452
12454 7003
12454 10014
12455 8675
12456 11712
12457 23262
12458 4966
12459 3239
12480 10028
12497 7140
12505 19101
12509 24114
12509 24182
12510 4568
12534 15427
12534 20492
12535 8001
12535 19134
12548 11469
12559 20535
12569 481
12570 2083
12570 22284
12571 1919
12572 10063
12574 18883
12575 1919
12576 7239
12579 7010
12579 7020
12583 8675
12584 7821
12585 15
12655 20492
12659 18466
12673 12679
12673 19360
12675 19101
12684 486
12684 11705
12782 8675
12946 7075
13037 7025
13037 22745
13038 10243
13161 7556
13167 434
13167 10243
13167 22745
13168 451
13169 23262
13170 16917
13170 22745
13171 3769
13171 24466
13172 5663
13172 9736
13173 10014
13173 10063
13173 20039
13174 931
13174 2036
13176 7027
13179 7010
13179 7042
13179 18385
13179 18646
13181 3561
13181 18385
13181 22189
13183 18879
13184 18648
13212 18651
13214 432
13214 10243
13214 22745
13218 1452
13220 1452
13220 7512
13222 7555
13223 2085
13223 17500
13225 1452
13225 2109
13225 22946
13230 14266
13231 9394
13231 18635
13232 3187
13232 8675
13232 8678
13232 15153
13234 4966
13234 15139
13235 3997
13236 4966
13237 4565
13239 4934
13240 8135
13241 10028
13243 24173
13246 6284
13246 18466
13247 16
13247 7044
13268 9666
13274 13511
13274 19921
13275 3561
13275 4966
13276 486
13276 17140
13283 7140
13283 14776
13283 19101
13283 24114
13297 7052
13300 8675
13300 14564
13303 3187
13355 10381
13355 12478
13355 22770
13356 3964
13356 24096
13393 3427
13393 9733
13410 15720
13410 22616
13418 3964
13425 434
13462 7017
13465 7016
13465 18646
13486 1326
13486 1327
13495 7020
13502 18666
13507 17450
13510 13511
13510 23151
13571 10113
13571 16299
13581 9696
13582 19970
13584 432
13584 12223
13586 17450
13587 17743
13589 20418
13608 3554
13608 19970
13613 8135
13620 7555
13621 15
13625 3187
13625 8678
13625 9979
13626 2036
13626 8678
13628 4784
13628 5661
13629 8678
13630 3187
13630 3997
13630 8675
13635 9660
13636 12478
13636 23896
13637 7038
13637 22770
13638 10113
13638 12478
13639 3578
13639 7830
13640 12478
13640 24096
13641 10381
13644 486
13644 916
13645 18883
13646 22745
13647 18635
13648 7003
13649 1074
13649 7021
13649 8135
13650 12223
13650 22745
13651 11712
13651 15140
13652 4558
13652 7996
13653 4564
13655 7042
13656 434
13658 20094
13662 5880
13662 22616
13664 3400
13667 2036
13669 15103
13701 7042
13702 22765
13703 10063
13709 6627
13712 15124
13716 15124
13727 18666
13729 22766
13731 7079
13731 19360
13732 2748
13732 7084
13734 1074
13734 8135
13735 7038
13736 4561
13736 17046
13736 17625
13738 481
13739 14266
13739 18883
13740 5660
13744 15122
13745 4934
13749 486
13750 11705
13754 7021
13754 18302
13754 24096
13755 18516
13755 23896
13755 24096
13756 17477
13756 18516
13762 19134
13765 2149
13765 6220
13767 6626
13768 15749
13770 6284
13771 18466
13783 7140
13795 15749
13795 20492
13796 18466
13799 9666
13799 19101
13799 24173
13803 24173
13809 15124
13811 7068
13814 11467
13815 20098
13817 15123
13818 2155
13821 5061
13824 8135
13826 8135
13834 7009
13834 7072
13848 7028
13855 5639
13856 3155
13856 6284
13858 18466
13864 16
13868 22616
13869 486
13869 11469
13878 18664
13880 20093
13880 24114
13882 4639
13894 7512
13894 12533
13895 4561
13895 17625
13901 4568
13901 12018
13901 24173
13919 11712
13919 15153
13920 1898
13933 10117
13939 481
13940 434
13941 10243
13942 436
13942 438
13943 434
13943 481
13943 22740
13944 481
13944 10243
13961 18466
13965 7821
13970 3561
13970 7021
13970 7048
13971 11548
13973 8675
13976 15
13977 15124
13977 18646
13978 18516
13978 23896
13979 13285
13979 20094
13982 24173
13984 12466
13984 19101
13988 23773
13989 24182
13990 9387
14003 434
14004 18635
14005 434
14005 10243
14017 6626
14017 15749
14018 7555
14020 19061
14022 1919
14027 17625
14037 3530
14038 17736
14041 22745
14042 3697
14055 4532
14065 434
14065 3612
14065 8675
14072 4557
14073 17625
14074 20039
14075 4962
14078 22761
14093 14655
14093 16692
14093 23039
14104 7028
14104 22884
14111 499
14131 19062
14138 7140
14138 14831
14142 10117
14146 14223
14146 16590
14168 9267
14168 16154
14173 14266
14178 20098
14200 2037
14224 7043
14224 7081
14244 22685
14277 481
14277 13532
14310 20492
14310 24173
14322 23151
14323 14596
14325 4568
14337 15
14337 18664
14339 13439
14343 8135
14344 5639
14344 7004
14348 15749
14349 12533
14355 15121
14356 7072
14360 17477
14360 18516
14361 23039
14364 7044
14368 3612
14369 8942
14383 3964
14388 434
14389 15956
14393 24173
14427 17743
14427 19970
14431 1611
14432 15686
14432 17140
14433 9736
14434 4558
14435 17743
14436 4561
14438 7020
14438 17140
14439 17046
14440 14266
14440 18883
14441 22765
14442 14266
14443 2109
14443 4784
14445 18385
14446 7043
14454 7054
14455 6626
14457 17001
14465 19133
14470 13004
14470 19101
14474 19101
14479 5061
14486 3697
14486 18870
14486 18881
14487 7512
14490 5061
14490 22761
14492 18649
14494 6997
14499 7056
14499 7060
14507 15
14512 10117
14515 486
14517 7002
14519 8675
14521 15427
14531 16226
14532 23896
14539 11712
14540 20492
14563 8678
14591 4006
14591 7085
14591 23896
14600 452
14600 22740
14601 10243
14601 18635
14607 432
14607 16917
14607 22745
14608 15123
14608 18881
14609 16232
14609 16694
14610 15124
14614 7071
14619 7081
14648 3951
14652 17476
14671 15
14691 20977
14692 3576
14693 7044
14693 20098
14698 11467
14698 17743
14700 10117
14701 10117
14703 10117
14710 7239
14711 3041
14714 8970
14714 22738
14734 7027
14753 10113
14753 20811
14794 3041
14837 18449
14837 22616
14851 16586
14862 7021
14880 7027
14880 11467
14880 23288
14881 6284
14881 23079
14895 20098
14913 15121
14913 15123
14920 7042
14924 10028
14924 14655
14927 16232
14968 7060
14976 9482
15007 11891
15008 11752
15010 7555
15063 7020
15065 7055
15089 8675
15090 8678
15091 3527
15095 3951
15095 19970
15137 3556
15137 17743
15137 22765
15146 10117
15176 17141
15197 23288
15218 3964
15219 6626
15219 13439
15219 15749
15219 24182
15266 8970
15267 9462
15275 18664
15290 2418
15290 12533
15292 2429
15293 3949
15293 17913
15296 3964
15296 13532
15296 15707
15296 15749
15296 24182
15299 19101
15309 17141
15311 2109
15311 5661
15312 16355
15323 17450
15324 23151
15325 481
15352 17500
15352 17501
15358 7003
15437 3726
15443 17895
15443 20492
15455 7517
15458 3697
15459 3697
15460 15749
15470 20492
15473 8135
15476 5639
15476 20492
15476 23151
15480 3155
15480 24114
15483 4824
15484 18664
15485 432
15485 10243
15486 449
15486 12223
15488 10243
15488 16917
15489 4824
15489 9394
15494 433
15495 15
15496 23039
15498 11469
15501 451
15501 16917
15502 434
15507 7027
15532 4638
15533 4934
15533 7020
15535 7078
15536 7077
15536 7078
15537 11469
15550 10113
15554 18302
15555 16299
15555 16312
15559 8135
15560 8135
15567 7073
15666 7021
15667 6255
15672 17468
15725 10117
15751 18466
15766 3041
15766 7239
15776 3527
15776 10381
15786 8678
15787 17140
15788 2109
15790 22946
15820 11469
15820 22189
15844 7042
15844 14223
15845 18883
15855 8942
15892 3427
15917 7010
15917 7020
15918 7020
15919 7006
15919 7016
15919 18646
15920 7020
15920 12981
15920 18646
15921 18644
15921 18646
15922 18646
15924 7006
15924 7020
15926 7006
15926 7010
15926 7038
15927 7010
15927 7053
15927 7055
15927 18646
15928 7010
15929 7020
15930 7038
15932 7010
15944 15
15949 16312
15950 3964
15950 7555
15961 18883
15963 7081
16021 18666
16023 19970
16082 8942
16087 2748
16088 22685
16094 17141
16110 20977
16111 7043
16111 23151
16118 2083
16171 916
16171 7555
16172 8633
16172 23288
16194 4806
16201 18643
16211 5639
16234 3612
16235 17625
16239 17625
16257 13532
16257 17895
16259 3964
16286 4966
16286 8675
16301 16221
16302 16221
16327 12223
16330 16917
16330 22740
16332 481
16332 916
16333 10243
16334 23039
16340 11467
16381 11712
16418 8135
16419 3041
16419 3527
16419 22741
16420 9736
16422 481
16422 10243
16439 4575
16439 16848
16443 3400
16443 18466
16444 19101
16455 4966
16462 3528
16462 3531
16462 3951
16469 4966
16469 8678
16469 15139
16474 7027
16474 23079
16475 20492
16491 897
16491 17895
16499 2418
16509 897
16513 15427
16513 24173
16519 897
16519 7140
16520 6626
16527 481
16530 18385
16531 13004
16539 7140
16559 23288
16561 4006
16562 23288
16563 18630
16564 8675
16565 8675
16565 18890
16566 22946
16572 7042
16574 7016
16574 7062
16577 16312
16580 24096
16581 17074
16581 18302
16582 9660
16582 12478
16582 24096
16583 10381
16583 22770
16599 3997
16599 7512
16607 2084
16607 4561
16609 4966
16610 20035
16658 3562
16669 17743
16672 7020
16672 7828
16674 16221
16674 16312
16682 15319
16682 19101
16707 7014
16708 15124
16709 15798
16729 1710
16746 23038
16751 6284
16751 18466
16769 6626
16769 23039
16771 3964
16775 9696
16775 11467
16781 15749
16786 11469
16788 24173
16797 20676
16801 5734
16801 10113
16801 16931
16819 24226
16836 18466
16839 12533
16844 6626
16847 1309
16847 12466
16847 15427
16849 19101
16855 5880
16857 11945
16865 8135
16873 23640
16935 7042
16935 8633
16936 7556
16937 3193
16937 11466
16939 5880
16941 5639
16950 437
16986 11561
16986 17001
17005 451
17005 3612
17005 12223
17181 11467
17185 11467
17185 18302
17186 7081
17186 18643
17202 19134
17383 1898
17397 434
17397 12056
17420 3554
17497 6627
17497 12517
17498 11469
17504 18449
17504 20492
17505 7081
17506 7024
17522 7069
17522 7080
17527 3419
17527 3997
17527 18095
17527 23346
17529 17625
17530 7014
17530 17715
17533 440
17533 3528
17534 17140
17534 18629
17536 15102
17536 18516
17536 23896
17537 481
17537 17074
17537 24096
17553 15749
17578 18870
17578 18881
17604 22685
17610 929
17610 13420
17613 22284
17624 9696
17630 10063
17634 4560
17635 14266
17636 2036
17636 8675
17664 23015
17675 10117
17682 7014
17682 7043
17687 8678
17704 20492
17722 17743
17762 8805
17809 23152
17823 4565
17823 8675
17824 18664
17832 1074
17832 8135
17842 10113
17842 18302
17854 481
17854 3612
17856 17140
17856 18629
17872 438
17881 18643
17925 3041
17926 7014
17926 22679
17943 24096
17969 10063
17971 3187
17972 6799
17972 17140
17976 20492
17977 432
17977 3612
17977 4824
17977 22745
17996 7024
18005 3697
18005 15160
18007 19101
18012 24182
18017 8675
18020 18466
18032 448
18032 4824
18040 17895
18054 17476
18056 6626
18059 4568
18059 7140
18111 7077
18111 7078
18123 8678
18140 10027
18140 10028
18140 14655
18154 24114
18161 4575
18169 7404
18178 3964
18210 8633
18210 20098
18218 7027
18221 15123
18224 897
18224 4568
18228 7089
18228 18641
18234 482
18234 6488
18244 16232
18246 1452
18246 20098
18247 16917
18251 18635
18252 432
18253 22765
18260 8135
18265 1357
18265 13511
18265 19921
18304 15427
18305 4568
18305 12018
18310 10381
18312 18870
18312 19921
18316 2013
18316 4559
18317 3187
18317 8678
18319 2036
18319 4966
18319 8675
18320 1617
18320 8678
18321 3187
18321 4006
18323 3530
18323 4784
18324 23346
18327 9483
18332 9319
18335 7077
18335 7078
18343 10243
18355 7027
18357 7003
18368 18770
18369 7020
18369 22797
18371 7053
18375 7060
18378 7030
18390 7081
18393 486
18398 6284
18404 5061
18407 18664
18411 8675
18412 8678
18412 18095
18414 18466
18415 3964
18415 4568
18418 5639
18483 6284
18483 23015
18483 24182
18485 15427
18486 15427
18487 3964
18487 4575
18487 15749
18487 17895
18513 17500
18513 19970
18513 22765
18515 19970
18530 3697
18532 19062
18538 17141
18540 17141
18541 7042
18541 23288
18567 18646
18574 20698
18585 7012
18596 15749
18601 13532
18609 9736
18613 7865
18613 8253
18613 13980
18614 15153
18621 2036
18625 7042
18625 18385
18708 7043
18708 10117
18715 22685
18735 10119
18764 10028
18764 14655
18799 432
18800 438
18801 432
18801 10242
18801 16917
18802 10243
18803 432
18803 16917
18810 3453
18810 13004
18813 24173
18819 6626
18821 6627
18821 12517
18824 7555
18832 22679
18833 15127
18844 2036
18846 5061
18846 7003
18851 7555
18861 2035
18901 7014
18902 3187
18902 4966
18903 18666
18924 5061
18926 8633
18938 6608
18938 7557
18963 8135
18984 481
18998 10113
19011 6931
19011 18646
19012 7068
19013 486
19014 7078
19042 3187
19042 3997
19042 4966
19073 4568
19114 22616
19114 23151
19118 24114
19118 24182
19135 8135
19140 438
19140 481
19140 3612
19176 5588
19225 11467
19225 11469
19231 11752
19234 16691
19235 15185
19236 7017
19236 7061
19244 7066
19244 12218
19248 7043
19250 7010
19251 7061
19253 12478
19257 7038
19258 22765
19259 4558
19259 18643
19260 10063
19262 10063
19266 9394
19267 4557
19267 8633
19268 1919
19268 22284
19270 7020
19270 18646
19272 7020
19273 7010
19273 7054
19275 2748
19275 7006
19275 7049
19276 18646
19277 7062
19277 18644
19278 7055
19278 7062
19312 17398
19315 23039
19315 23079
19330 7479
19330 13353
19355 2013
19355 12177
19356 19101
19381 19921
19382 15749
19383 18466
19421 5189
19421 20624
19422 19062
19429 17001
19438 19361
19445 15153
19458 6986
19459 13980
19461 8253
19475 3041
19500 7014
19519 13980
19529 13511
19529 19921
19537 15749
19537 19101
19565 3263
19565 10113
19582 3911
19585 3530
19602 24182
19608 11703
19608 24595
19609 19101
19612 4603
19612 9666
19612 15404
19614 434
19615 18635
19619 22685
19654 9696
19702 7078
19719 15123
19788 17501
19800 7239
19893 7048
20056 16221
20057 16221
20062 20038
20183 20098
20184 11752
20185 18516
20188 16225
20191 3427
20191 15785
20196 10243
20197 20038
20198 18635
20199 435
20199 438
20199 447
20200 18635
20201 7021
20201 23152
20209 16221
20224 15
20224 8135
20230 24182
20236 17895
20245 13008
20245 17895
20250 12018
20255 7444
20272 18779
20273 897
20273 15427
20274 2174
20276 18870
20276 19133
20279 15427
20279 24173
20281 6284
20285 12533
20287 4603
20289 6626
20292 17476
20300 1309
20302 2174
20302 6626
20401 18466
20403 24182
20406 3964
20406 23773
20428 7027
20432 2085
20564 8135
20566 15123
20613 10028
20613 14655
20613 16232
20613 16690
20614 7043
20615 18646
20629 7027
20629 7555
20659 482
20668 9736
20668 18864
20671 4966
20674 8678
20680 18666
20681 23896
20752 15153
20753 18645
20755 4006
20756 4006
20774 8253
20774 19484
20788 8678
20788 18645
20804 8135
20804 11752
20805 12679
20812 2155
20812 14223
20825 4824
20841 10113
20841 16312
20864 18682
20874 3187
20874 4966
20874 8675
20896 4067
20966 2429
20966 15427
20974 17895
20980 4006
20981 15153
20981 19484
20991 6986
20991 19484
20996 7029
20996 7034
22029 17000
22029 17468
22053 13980
22054 3187
22055 8678
22056 4966
22058 8678
22058 23346
22060 8675
22102 23039
22116 8135
22118 16931
22124 434
22124 20098
22133 7021
22134 20708
22183 17140
22184 3997
22184 4966
22185 9696
22185 17141
22186 7010
22187 3527
22187 12478
22192 3697
22197 7032
22199 7028
22225 6626
22229 17476
22233 15
22233 8135
22240 23773
22242 6284
22248 18870
22266 18666
22268 7015
22268 7056
22305 1074
22308 7021
22359 3964
22361 4805
22361 20492
22364 5145
22367 3597
22367 24173
22374 481
22376 23896
22377 5734
22383 19101
22383 23015
22387 442
22388 3964
22391 15749
22396 3964
22396 18269
22396 19101
22397 15427
22403 7020
22404 7024
22405 24096
22406 481
22407 19723
22408 481
22408 7024
22416 17141
22419 23015
22420 17500
22421 7021
22429 5880
22435 2418
22435 20492
22436 24182
22441 8001
22446 6626
22447 2418
22447 7140
22451 3964
22452 6626
22472 18449
22493 6986
22550 5061
22561 17895
22647 441
22654 13980
22678 7034
22693 6986
22693 19484
22825 3555
22825 19970
22825 22763
22973 3556
22973 9696
22973 18649
22998 8970
23020 18466
23025 2036
23026 10117
23035 11712
23040 7010
23040 7056
23041 7042
23044 7020
23044 7038
23044 7043
23048 4823
23048 10243
23049 7042
23050 7033
23050 7054
23083 17141
23085 7052
23086 18385
23087 3193
23087 7021
23094 7444
23094 18629
23106 11467
23106 22616
23107 15720
23113 23015
23115 7081
23117 7038
23137 8633
23173 4557
23180 7013
23180 7048
23206 6997
23206 9483
23210 18644
23214 6784
23215 12218
23241 481
23242 3612
23242 18635
23242 22740
23243 18635
23244 3527
23266 7043
23268 16290
23270 7038
23270 7059
23272 22797
23273 7010
23273 7016
23273 7020
23274 7020
23274 18646
23276 7033
23283 4823
23284 12223
23284 22745
23285 481
23285 4824
23305 916
23305 10113
23310 7067
23310 7081
23310 15126
23311 7043
23313 18646
23320 7080
23321 7006
23321 7038
23322 7038
23322 22797
23330 16
23344 7038
23344 18646
23345 18646
23373 15125
23374 7404
23376 7048
23376 7054
23377 7054
23377 19360
23386 1919
23387 17500
23387 19970
23388 17477
23523 9462
23523 20811
23541 3530
23541 17500
23541 23151
23559 434
23559 438
23559 22745
23577 7003
23589 15118
23591 7821
23622 15427
23666 6626
23666 20492
23667 18269
23667 19101
23730 17468
23733 15427
23947 7140
23947 20492
23948 3187
23957 7038
23964 4561
24001 4568
24001 12018
24002 4966
24007 14266
24007 18883
24027 23039
24030 13980
24032 3964
24034 897
24035 2418
24035 19101
24036 3964
24042 3964
24042 17895
24053 1452
24055 8678
24113 10113
24168 11469
24193 3951
24221 12679
24221 19360
24223 1074
24223 19360
24238 7556
24239 3576
24243 20925
24248 15516
24254 9483
24255 12679
24255 14151
24259 7444
24260 15955
24264 7066
24264 7239
24267 7865
24272 18896
24286 22797
24304 4457
24304 9483
24305 7056
24308 7043
24311 7043
24314 7020
24315 18646
24316 18646
24317 7020
24318 18646
24326 7025
24326 7027
24329 3041
24334 7047
24348 18645
24418 7039
24419 7054
24422 7006
24423 7010
24423 7038
24423 18646
24427 11752
24428 13980
24428 15153
24428 18645
24430 18645
24430 19484
24433 11469
24434 7555
24501 23151
24503 3964
24503 12679
24516 7078
24517 7078
24528 17450
24529 15123
24531 7078
24532 15124
24534 5734
24540 4974
24540 7010
24550 9696
24552 7014
24552 7045
24552 7060
24553 4934
24557 7038
24557 8678
24561 3561
24564 2082
24564 17398
24567 17743
24567 22765
24568 14266
24568 18883
24574 3187
24574 8675
24575 14266
24579 8675
24580 8675
24580 19484
24580 22189
24587 2109
24587 4784
24587 5660
24591 9696
24591 19970
24598 11891
24598 22685
24603 7073
24605 14223
24605 22685
24607 10381
24607 17074
24607 18516
24617 7078
24618 448
24618 20038
24619 17476
