24624 24624 792
641 7961
652 10054
665 10054
666 10054
667 10054
682 10054
687 10054
695 10054
696 10054
698 10054
699 10054
701 10054
702 7961
709 10054
710 10054
740 7961
743 10054
794 10054
795 10054
796 7961
797 10054
799 7961
800 7961
801 7961
802 10054
808 10054
824 10054
834 10054
851 10054
853 836
877 10054
944 10054
1027 10054
1029 10054
1030 7961
1031 7961
1076 10054
1362 10054
1364 7961
1367 7961
1371 10054
1374 10054
1382 10054
1383 10054
1407 7961
1431 10054
1435 10054
1474 10054
1476 10054
1483 10054
1491 10054
1492 10054
1587 7961
1588 10054
1628 10054
1629 10054
1630 10054
1631 10054
1663 10054
1665 10054
1666 10054
1669 10054
1670 10054
1683 10054
1686 7961
1687 7961
1711 10054
1713 10054
1749 10054
1776 10054
1778 7961
1779 10054
1780 10054
1787 10054
1792 10054
1825 10054
1826 7961
1827 10054
1831 7961
1839 7961
1843 10054
1844 10054
1845 2916
1849 10054
1853 10054
1857 7961
1859 7961
1914 10054
1962 10054
1989 10054
2042 10054
2044 10054
2045 10054
2058 7961
2064 10054
2065 10054
2137 836
2139 10054
2157 10054
2158 10054
2210 10054
2250 7961
2266 7961
2271 2273
2272 2273
2338 10054
2467 7961
2469 7961
2546 10054
2547 10054
2634 10054
2635 10054
2648 7961
2655 10054
2656 10054
2702 10054
2710 7961
2907 10054
2914 7961
2973 10054
3096 10054
3103 10054
3133 6476
3151 10054
3188 7961
3189 10054
3190 10054
3209 10054
3210 10054
3211 10054
3212 10054
3238 10054
3242 10054
3402 10054
3430 7961
3431 10054
3432 7961
3491 10054
3506 10054
3583 10054
3592 7961
3593 7961
3619 10054
3640 10054
3641 10054
3642 10054
3643 10054
3644 10054
3655 10054
3682 10054
3708 7961
3711 10054
3713 7961
3736 7961
3745 7961
3754 10054
3770 10054
3774 6476
3781 2916
3786 10054
3835 10054
3912 10054
3931 10054
3999 10054
4000 10054
4002 836
4004 7961
4014 20911
4018 17349
4035 10054
4037 10054
4269 10054
4274 10054
4287 20911
4289 10054
4380 10054
4381 7961
4382 7961
4383 7961
4384 7961
4385 7961
4387 10054
4391 10054
4394 10054
4416 10054
4417 10054
4418 10054
4419 10054
4420 10054
4421 10054
4425 10054
4494 7961
4509 7961
4542 7961
4578 10054
4581 2916
4586 10054
4587 10054
4588 10054
4626 10054
4642 7961
4643 7961
4653 7961
4656 10054
4686 10054
4776 10054
4779 836
4780 10054
4782 10054
4783 10054
4792 10054
4794 10054
4827 7961
4828 10054
4867 10054
4886 10054
4892 10054
4911 10054
4924 7961
4955 10054
4968 2916
4969 7961
4975 10054
4976 10054
4981 10054
4989 10054
5000 10054
5016 17340
5022 10054
5023 10054
5025 10054
5026 7961
5028 7961
5033 10054
5034 7961
5038 7961
5135 10054
5146 10054
5258 20911
5337 10054
5600 10054
5601 10054
5603 10054
5607 10054
5673 7961
5676 10054
5677 10054
5683 10054
5719 7961
5732 10054
5747 10054
5748 10054
5815 10054
5835 7961
5870 10054
5919 10054
5932 10054
5933 10054
5934 7961
6030 5719
6030 7961
6117 10054
6118 10054
6119 10054
6133 10054
6145 10054
6146 10054
6239 10054
6252 10054
6292 10054
6309 10054
6310 10054
6419 20911
6433 10054
6440 10054
6475 10054
6527 2916
6538 10054
6544 10054
6545 10054
6617 10054
6654 10054
6655 10054
6660 7961
6661 10054
6663 20911
6666 10054
6667 10054
6669 10054
6677 10054
6689 10054
6690 7961
6727 10054
6734 10054
6735 10054
6736 10054
6768 10054
6769 10054
6818 7961
6819 7961
6820 7961
6821 7961
6822 7961
6823 7961
6824 7961
6825 10054
6828 10054
6829 7961
6830 10054
6840 7961
6842 10054
6843 10054
6844 10054
6845 10054
6848 14527
6851 10054
6852 10054
6860 10054
6862 10054
6863 10054
6865 10054
6869 7961
6870 2916
6871 10054
6934 10054
7138 10054
7177 10054
7206 5719
7206 7961
7243 7961
7244 7961
7245 7961
7501 10054
7505 10054
7775 7961
7795 10054
7890 10054
7894 10054
7934 10054
7976 836
7976 16817
8294 10054
8305 10054
8306 10054
8327 10054
8372 10054
8373 10054
8394 7961
8400 10054
8401 7961
8430 10054
8439 7961
8440 7961
8441 7961
8442 7961
8443 10054
8444 10054
8445 10054
8528 10054
8738 10054
8754 10054
8755 7961
8758 836
8804 10054
8808 10054
8809 10054
8845 7961
8849 10054
8856 10054
8870 6476
8940 10054
9050 7961
9155 10054
9191 7961
9243 10054
9244 10054
9245 10054
9268 836
9295 10054
9303 10054
9304 10054
9305 10054
9306 10054
9308 10054
9371 7961
9372 7961
9373 10054
9383 10054
9384 7961
9415 10054
9498 10054
9499 10054
9513 7961
9518 10054
9529 10054
9663 10054
9664 10054
9665 10054
9672 7961
9673 10054
9681 7961
9683 7961
9684 7961
9685 7961
9861 20911
9871 10054
9963 7961
10050 10054
10053 7961
10079 22625
10124 10054
10125 10054
10192 10054
10193 10054
10668 20911
11392 20911
11760 10054
11850 10054
12138 10054
12279 10054
12284 836
12285 2273
12286 2273
12348 10054
12389 10054
12398 7961
12399 10054
12595 10054
12596 10054
12597 10054
12598 10054
12638 10054
12642 20911
12643 10054
12682 7961
12683 7961
12695 10054
12749 7961
12753 10054
12788 10054
12789 10054
12790 8619
12860 7961
12883 7961
12884 7961
13023 10054
13157 10054
13187 2916
13189 10054
13363 7961
13364 10054
13551 7961
13579 10054
13596 10054
13601 836
13682 7961
13684 7961
13886 20911
13950 10054
13951 10054
13952 10054
14113 10054
14129 10054
14133 10054
14161 10054
14172 10054
14175 10054
14235 10054
14236 10054
14246 10054
14247 10054
14249 10054
14250 10054
14251 10054
14255 10054
14396 10054
14403 10054
14404 10054
14405 10054
14510 7961
14545 10054
14546 10054
14548 10054
14611 10054
14717 7961
14725 7961
14726 7961
14739 10054
14750 10054
14751 10054
14797 10054
14798 10054
14799 10054
14800 10054
14801 10054
14802 10054
14803 10054
14804 10054
14805 10054
14806 10054
14807 10054
14808 10054
14809 10054
14810 10054
14811 10054
14812 10054
14813 10054
14814 10054
14834 10054
14973 7961
14984 10054
15061 10054
15068 2916
15069 10054
15072 10054
15076 10054
15085 2916
15141 10054
15193 10054
15281 10054
15285 10054
15327 10054
15328 10054
15329 10054
15330 10054
15333 10054
15334 10054
15335 10054
15336 10054
15340 10054
15343 10054
15346 10054
15347 10054
15351 7961
15355 10054
15413 10054
15566 7961
15572 7961
15582 10054
15585 7961
15637 10054
15640 10054
15656 10054
15735 10054
15782 10054
15783 10054
15784 10054
15814 10054
15825 10054
15829 10054
15840 10054
15861 10054
15866 10054
15875 7961
15988 10054
16027 7961
16099 10054
16137 20911
16147 7961
16148 6476
16207 10054
16262 10054
16276 10054
16277 10054
16288 10054
16311 10054
16348 10054
16350 10054
16357 15936
16358 10054
16359 10054
16360 10054
16363 10054
16365 10054
16366 10054
16367 10054
16368 10054
16369 10054
16372 10054
16390 10054
16392 10054
16451 10054
16485 10054
16600 7961
16601 10054
16604 7961
16621 7961
16623 10054
16628 10054
16649 10054
16650 10054
16673 10054
16676 7961
16679 10054
16681 10054
16811 10054
16813 10054
16817 836
16818 836
16830 7961
16878 10054
16881 10054
16893 10054
16897 10054
16901 10054
16904 10054
16906 7961
16908 10054
16909 7961
16910 7961
16911 7961
16914 7961
16956 10054
16957 10054
16964 10054
16984 10054
16988 10054
16989 10054
17006 10054
17009 10054
17014 10054
17031 10054
17032 10054
17083 10054
17085 7961
17086 10054
17094 10054
17154 6476
17155 10054
17211 20911
17256 10054
17260 6476
17287 10054
17291 10054
17292 10054
17300 10054
17301 20911
17306 20911
17321 10054
17322 10054
17324 10054
17325 10054
17326 10054
17327 10054
17328 10054
17332 10054
17339 7961
17342 7961
17386 10054
17388 10054
17390 10054
17410 2916
17435 10054
17612 10054
17678 10054
17763 10054
17768 20911
17900 10054
17944 10054
17950 10054
17952 10054
17960 10054
17963 10054
18381 10054
18467 10054
18468 10054
18686 20911
18700 10054
18712 10054
18929 10054
19016 7961
19025 10054
19033 10054
19047 10054
19054 10054
19055 836
19112 10054
19142 10054
19199 7961
19226 7961
19539 10054
19638 7961
19735 7961
19738 10054
19746 6476
19801 2916
19801 4968
19806 10054
19981 10054
20000 10054
20001 10054
20004 10054
20006 10054
20027 10054
20029 2916
20053 7961
20103 10054
20104 10054
20207 10054
20213 10054
20214 10054
20215 10054
20216 10054
20217 10054
20218 10054
20219 10054
20220 10054
20221 10054
20259 836
20261 10054
20262 10054
20315 10054
20318 10054
20320 7961
20334 10054
20376 10054
20385 7961
20386 7961
20397 7961
20421 10054
20422 12594
20499 10054
20563 7961
20574 10054
20618 10054
20640 6476
20644 10054
20646 10054
20724 10054
20733 10054
20741 10054
20803 7961
20816 10054
20821 10054
20830 7961
20856 10054
20914 10054
20938 10054
20942 10054
20957 10054
20984 10054
20988 10054
20989 10054
20990 10054
22043 22042
22172 10054
22249 10054
22287 10054
22288 10054
22336 10054
22337 10054
22427 7961
22428 7961
22486 6476
22517 10054
22569 6476
22571 10054
22574 10054
22576 10054
22589 10054
22602 10054
22613 7961
22619 10054
22650 10054
22680 7961
22722 10054
22782 10054
22788 10054
22818 10054
22964 10054
22977 10054
22978 6476
22985 10054
23077 7961
23092 7961
23120 10054
23121 2916
23145 10054
23148 7961
23251 2273
23348 7961
24214 7961
24227 10054
24228 10054
24229 10054
24457 7961
24488 10054
24490 10054
24493 10054
24494 10054
24527 10054
24554 10054
