24624 24624 96
620 15003
767 7790
871 12363
1198 2891
1725 14566
1750 15250
1750 20658
1949 8666
3394 23189
3482 15251
3792 2050
4095 9862
4113 2050
4355 8006
4881 2888
5183 1961
5226 6308
5407 6308
5458 14119
5606 1961
6000 20658
6353 8006
6358 2050
6529 15368
7260 6958
7388 6308
7727 12397
7883 2050
7883 15251
8027 20169
8048 2050
8245 2050
8303 5816
8646 7790
8950 20169
9135 2050
9250 1961
9250 6308
9903 7989
10433 14566
10481 2086
10551 6306
10599 2050
10909 2050
11213 6811
11351 6811
11376 8006
11475 16671
11804 2050
11823 815
12553 20169
12760 2050
12764 2888
13076 4189
13663 1961
13706 15836
13822 2890
13915 15836
14064 14064
14080 6811
14281 8006
15487 3613
15556 20169
16730 8666
16749 4189
16758 6308
16765 20169
16768 1961
16791 2050
16807 6308
16859 8006
16943 2050
17456 20169
17593 7790
17999 2050
18009 14527
18030 9862
18033 2891
18330 6307
18330 6308
18804 7790
18976 805
20631 6675
21022 2050
22355 1961
23175 4258
23315 20169
23558 2050
23644 6308
23645 805
23746 6308
23954 8006
23973 6308
24014 2050
24195 805
24464 24176
