24624 24624 438
8 8156
18 18
54 19726
115 1389
402 20222
506 21500
511 19394
550 21318
559 15752
568 9427
573 572
581 11610
703 19682
747 20595
839 9986
980 15733
1206 19828
1245 2597
1248 21087
1250 17378
1265 19402
1274 17267
1306 1425
1389 58
1405 24151
1426 5999
1674 21116
1675 23716
1714 17954
1756 19109
1761 24103
2053 19086
2056 19755
2175 2958
2292 9402
2301 24362
2367 21123
2370 3683
2405 21030
2421 15998
2574 20912
2611 6074
2612 24374
2758 9056
2811 577
2825 15869
2884 2883
2913 9998
2948 23916
2952 6949
2958 7426
2990 23899
2993 883
3339 4953
3375 20013
3521 3206
3620 12651
3630 15053
3685 9821
3778 17015
3787 1410
3867 3024
4208 9318
4366 21063
4446 24280
4551 16375
4666 3396
4670 2258
4673 16078
4676 13013
4696 23353
4708 10750
4833 15614
4859 2983
4897 6444
5015 15020
5018 19838
5096 2758
5480 23820
5514 2365
5528 21627
5570 19090
5590 17427
5591 12873
5666 19031
5712 13506
5738 23329
5831 14636
5861 9750
5901 3688
5907 557
5913 14182
5922 23915
5923 2255
5948 10055
5953 18452
5960 14
5975 5974
6014 9653
6074 21215
6101 22051
6181 16406
6197 20931
6276 15734
6283 6282
6444 16176
6481 7157
6613 9454
6901 14884
6911 13414
6921 20762
6952 4052
6974 23920
7087 21696
7106 19334
7185 23777
7207 15799
7225 9542
7237 22649
7305 19393
7360 15192
7361 7528
7523 21437
7533 16180
7645 10227
7745 4207
7751 12935
7793 15769
7802 8944
7873 7874
8011 21154
8153 7377
8178 7910
8209 14998
8280 2596
8387 5561
8404 21336
8458 15737
8493 6941
8495 20336
8522 15878
8576 9261
8708 3498
8837 9485
8959 2760
8961 5129
9081 1760
9084 13807
9097 19007
9165 1268
9170 12630
9310 8662
9313 3509
9403 17746
9436 17209
9540 19476
9580 19857
9635 1438
9656 9656
9690 22402
9712 12667
9725 19760
9747 13955
9748 15663
9760 1273
9770 35
9774 3690
9789 9790
9817 6078
9823 21562
9857 19967
9882 13557
9885 21377
9887 17797
9968 17169
9995 14988
9997 7389
10004 7225
10047 803
10100 7366
10157 3720
10214 20392
10236 15979
10404 21323
10607 4177
10614 881
11341 8320
11587 10322
11950 13405
11972 543
12025 16403
12038 2591
12097 902
12183 1215
12332 22328
12500 12499
12627 16687
12631 15380
12694 17124
12710 9324
12715 23328
12865 20460
12888 22159
12918 18097
12924 18276
12949 17143
13016 22152
13046 5483
13053 533
13054 17957
13102 1271
13110 19678
13120 23819
13124 1768
13141 19743
13144 17922
13456 2805
13506 9292
13525 13522
13598 646
13632 24090
13634 19161
14099 6922
14101 23786
14105 2280
14180 23082
14198 22297
14558 4773
14559 21865
14627 15276
14636 3477
14683 23109
14745 21639
14898 21041
14989 13336
15036 13455
15046 9859
15047 22004
15055 18264
15057 5020
15374 18061
15378 1356
15525 5946
15597 15973
15601 4762
15618 21997
15712 8402
15754 5537
15760 9877
15775 6789
15854 3143
15992 24162
16032 15610
16066 2938
16076 578
16175 21895
16213 18099
16229 24127
16343 16343
16345 7158
16362 20383
16403 16402
16424 19322
16744 16743
17048 18554
17051 10230
17213 1675
17303 21606
17379 10221
17381 23653
17408 17408
17415 16346
17416 24324
17516 15272
17741 1274
17742 5949
17850 21666
17898 4052
17899 4515
18100 22175
18102 13415
18255 13517
18273 8178
18283 14817
18473 9539
18550 13011
18553 15050
18628 23821
18975 8506
18996 9158
19017 19017
19031 18083
19099 20519
19105 6471
19115 21943
19193 13379
19287 10075
19306 21463
19307 2978
19308 6387
19309 19309
19310 4155
19318 22844
19397 11413
19403 5957
19415 18382
19452 23789
19454 2807
19571 21877
19626 19672
19661 16006
19698 18553
19748 9701
19762 21643
19763 20178
19771 9711
19798 14905
19810 10007
19823 22459
19842 4956
19847 17170
19856 8428
19896 12856
19901 22161
19902 22716
19916 17899
19969 12922
20042 24058
20141 20142
20143 20141
20177 18544
20179 17883
20344 4670
20392 15616
20408 9461
20436 22274
20449 20448
20460 14857
20489 1267
20515 6443
20575 18114
20786 3279
20887 19645
20918 17099
21029 511
21071 16315
21082 22715
21086 15759
21089 16038
21154 23067
21165 21164
21169 14904
21185 8021
21197 21380
21223 21222
21227 12039
21241 21143
21265 21880
21275 21274
21276 14990
21304 15382
21370 21369
21397 23782
21448 21449
21530 21932
21542 18533
21562 21971
21608 20168
21672 21247
21695 15976
21717 13371
21731 19911
21777 17188
21802 21566
21840 5528
21854 7524
21867 22543
21885 507
21914 5837
21925 12887
22039 9756
22067 17742
22082 16037
22087 5286
22091 22648
22092 15023
22093 13138
22257 5480
22302 20015
22399 15762
22456 23614
22507 16203
22518 20769
22548 7522
22621 5013
22622 22052
22655 11857
22708 9821
22712 22707
22718 23682
22727 20504
22773 19085
22804 1373
22823 14212
22956 21238
22957 1190
23248 23248
23296 541
23520 12316
23549 23550
23649 15374
23675 7345
23684 19876
23716 1250
23720 12917
23783 4056
23787 14645
23822 15995
23828 21946
23847 18105
23868 24092
23871 1252
23887 545
23913 9746
23938 20934
24091 9095
24093 12895
24130 13402
24147 9580
24169 17107
24282 8261
24337 19159
24368 24352
24377 20771
24384 21853
24396 14045
24406 12902
24577 21252
