24624 24624 159
591 2798
591 7643
755 24559
807 7117
812 3241
812 3501
812 22303
1328 6633
1328 18958
1796 15951
1913 23100
2038 19286
2105 24572
2456 4854
2654 6778
2654 18270
2705 7400
2764 13888
2798 591
3117 10246
3241 812
3241 3501
3241 22303
3241 24180
3338 8651
3338 9416
3501 812
3501 3241
3518 8128
3518 12219
3518 12755
3518 12982
3518 19028
3518 22993
3727 13208
3937 10092
4038 13923
4041 4757
4045 4662
4045 6205
4156 7781
4169 14863
4662 4045
4757 4041
4807 15639
4999 5945
4999 14863
5945 4999
6205 4045
6621 10175
6621 23643
6633 1328
6778 2654
6778 8765
7117 807
7276 23921
7387 15506
7400 2705
7400 13852
7463 10175
7643 591
7781 4156
7797 22590
8128 3518
8204 12445
8521 9301
8651 3338
8765 6778
9120 18786
9286 20206
9301 22178
9416 3338
9473 10101
9473 18430
10092 3937
10092 16278
10101 9473
10101 18430
10101 19634
10175 6621
10175 7463
10246 3117
12053 18334
12219 3518
12244 4857
12246 14722
12402 10735
12402 22652
12445 19889
12545 15099
12755 3518
12755 19028
12982 3518
13208 3727
13208 18997
13852 7400
13852 22652
13888 2764
13923 4038
14201 15366
14722 12246
14763 17193
14767 19286
14774 19188
14863 4169
14863 4999
15099 12545
15366 14201
15504 17507
15506 7387
15639 4807
15639 23232
15817 17007
15951 1796
16278 10092
17007 15817
17193 14763
17507 15504
17641 24496
18134 19558
18270 2654
18334 12053
18430 9473
18430 10101
18690 18958
18786 9120
18958 1328
18958 18690
18997 13208
19028 3518
19028 12755
19188 14774
19282 14234
19286 2038
19286 14767
19558 18134
19634 10101
19889 12445
20206 9286
20331 17924
22178 9301
22303 812
22303 3241
22590 7797
22652 12402
22652 13852
22789 24041
22993 3518
23100 1913
23232 15639
23643 6621
23904 23919
23919 23904
23921 7276
24041 22789
24180 3241
24496 17641
24559 755
24572 2105
