24624 24624 440
36 12719
142 12719
302 19915
322 12719
487 18626
506 19910
591 14958
703 19913
755 14958
807 14958
812 14958
845 14958
856 20163
993 15659
1379 5787
1434 22724
1565 14958
1810 11586
1828 920
1873 14958
1913 14958
1929 11586
1983 11586
2038 14958
2048 22504
2061 9467
2076 4661
2105 14958
2142 14958
2173 14958
2327 22724
2456 14958
2548 14958
2601 14958
2605 22504
2607 22504
2619 14958
2651 3178
2654 14958
2705 14958
2706 14958
2717 14958
2718 22504
2770 14958
2798 14958
2827 4468
2850 14958
2968 22724
3015 3178
3102 3178
3116 14958
3117 14958
3126 14958
3192 3178
3241 14958
3338 14958
3361 14958
3364 14958
3373 22724
3380 19913
3399 14958
3436 14958
3440 19917
3501 14958
3518 14958
3519 22724
3584 22724
3727 14958
3749 12846
3804 22724
3874 3178
3897 14958
3953 920
3980 1403
4040 14958
4041 14958
4045 14958
4156 14958
4168 14958
4169 14958
4221 14958
4228 19913
4267 14958
4508 14958
4577 3718
4600 14958
4622 12688
4627 14958
4747 920
4757 14958
4768 22504
4789 14958
4791 14958
4807 14958
4819 14958
4854 14958
4944 14958
4984 22504
4999 14958
5053 16427
5138 17886
5149 22504
5151 14958
5682 4774
5688 15117
5703 920
5736 12846
5851 22724
5936 22724
5945 14958
6032 14958
6162 14958
6205 14958
6261 22504
6262 22504
6268 22504
6558 3178
6621 14958
6633 14958
6739 14958
6778 14958
6791 3178
6798 12848
6977 14958
7117 14958
7129 22504
7276 14958
7294 14958
7313 14958
7347 22504
7348 1403
7376 12849
7387 14958
7400 14958
7415 14958
7420 14958
7463 14958
7781 14958
7797 14958
7826 11586
7985 14958
8128 14958
8204 14958
8282 14958
8291 14958
8297 3178
8446 14958
8521 14958
8559 14958
8589 4661
8610 22504
8635 14958
8651 14958
8659 14958
8765 14958
8775 12962
8905 19913
8957 19913
8987 3178
9038 3178
9051 14958
9120 14958
9121 920
9200 14958
9301 14958
9309 3899
9320 20163
9344 3178
9405 3178
9416 14958
9455 14958
9473 14958
9587 4657
10101 14958
10175 14958
10184 1403
10246 14958
10270 4468
10323 5858
10358 22504
11291 14958
11741 14943
11851 12962
12053 14958
12063 20608
12244 14958
12246 14958
12260 22724
12263 22724
12277 22724
12280 14958
12282 22504
12283 22724
12326 22504
12402 14958
12545 14958
12577 920
12606 22724
12645 14958
12773 920
12868 3178
12982 14958
12992 14958
13092 7401
13092 12352
13153 22504
13154 22504
13155 22504
13248 14958
13265 14958
13296 14958
13320 920
13342 19913
13424 12854
13852 14958
13910 12719
13924 22724
13946 14958
14193 22504
14201 14958
14214 3178
14234 14958
14240 14958
14264 3178
14426 4774
14528 3178
14669 11586
14670 14958
14722 14958
14761 14958
14763 14958
14766 22724
14767 14958
14863 14958
14960 14958
14961 14958
15001 19913
15094 14958
15096 14958
15099 14958
15145 12962
15165 5859
15242 15659
15263 20163
15365 14958
15366 14958
15367 14958
15503 14958
15505 14958
15506 14958
15579 11586
15639 14958
15697 22504
15723 14958
15756 4468
15813 14958
15815 14958
15816 14958
15817 14958
15837 4468
15843 19913
15867 14958
15958 17818
16095 14958
16121 17818
16170 14958
16247 12849
16326 12962
16568 3178
16697 14958
16699 3971
16809 14958
16889 920
17007 14958
17067 3178
17115 12719
17193 14958
17198 12846
17255 3178
17364 7401
17364 12352
17432 20163
17507 14958
17597 22504
17641 14958
17686 1403
17691 22724
17776 1403
17815 3971
17816 3971
17817 3971
17821 14958
17884 22724
17924 14958
18043 22724
18068 14958
18270 14958
18273 19913
18285 3178
18334 14958
18337 14958
18430 14958
18472 14958
18543 5859
18547 14958
18590 14958
18623 12846
18674 14958
18690 14958
18702 3178
18725 14958
18737 22724
18739 22724
18740 22724
18741 22724
18742 14958
18743 22724
18744 22724
18745 22724
18748 14958
18758 22724
18759 22724
18774 22504
18780 22504
18786 14958
18865 1403
18885 12846
18967 12848
18997 14958
19000 19913
19032 14958
19035 14958
19036 14958
19197 14958
19208 12962
19282 14958
19286 14958
19447 12688
19528 12845
19560 14958
19574 14958
19634 14958
19725 4468
19833 3178
19889 14958
19914 19913
19930 12352
19939 22504
19940 3178
19989 2905
20076 1403
20085 12962
20203 14958
20331 14958
20374 3178
20456 22504
20457 22504
20503 11586
20530 14958
20555 22724
20576 1403
20581 3178
20602 920
20649 920
20772 11586
20790 19917
20849 11586
21000 7401
21000 12352
21002 1403
21063 19913
21205 19913
21216 19913
21797 19915
21947 1336
22178 14958
22291 14958
22303 14958
22372 24061
22499 3178
22590 14958
22652 14958
22666 3178
22672 14958
22676 22504
22732 22724
22789 14958
22792 20330
22868 3971
22869 920
22898 7401
22898 12352
22913 12352
22915 7401
22916 7401
22916 12352
22920 2268
22921 7401
22922 7401
22953 14958
22962 22504
22993 14958
23030 22724
23034 4657
23059 22504
23100 14958
23134 14958
23149 14958
23185 22724
23231 14958
23259 12352
23369 14958
23370 14958
23536 14958
23542 14958
23592 14958
23593 14958
23643 14958
23759 22504
23761 22504
23762 22504
23904 14958
23919 14958
23921 14958
24041 14958
24133 12847
24152 19915
24180 14958
24194 14958
24249 22724
24252 1403
24344 12848
24448 20163
24496 14958
24544 14958
24545 14958
24549 14958
24572 14958
24573 14958
24604 12962
