24624 24624 207
256 3351
458 6319
635 22790
638 14945
650 8839
754 14945
908 11926
936 15953
994 8409
1002 17199
1108 8134
1202 11655
1324 13090
1358 2397
1412 23771
1528 13090
1555 20459
1635 14945
1637 14674
1973 4633
2147 14159
2178 14945
2394 22790
2433 22790
2629 14945
2661 13090
2661 23635
2691 13090
2732 8134
3277 15698
3487 13090
3714 19577
3843 2352
3956 12994
4313 2714
4355 8134
4363 22790
4484 13090
5212 16887
5222 15771
5264 13090
5277 17729
5391 23068
5465 22790
5536 20654
5550 14945
5637 19083
5670 2714
5728 14945
5869 14945
6019 22790
6052 1436
6318 1436
6376 12169
6401 12994
6498 10114
6583 16090
6636 13090
6982 22790
7275 8134
7286 13348
7683 22790
7864 18611
8024 8134
8049 13090
8088 8111
8090 18290
8093 4767
8519 14945
8749 13090
8786 13090
8914 8134
9023 14945
9033 2099
9078 14945
9135 8134
9140 8134
9224 12994
9232 13090
9280 8134
9281 8134
9837 12994
9850 22790
9954 8134
10250 18096
10290 6254
10299 13090
10336 13090
10371 16090
10469 3351
10511 2696
10559 16090
10644 23635
10659 13090
10716 16191
10725 12994
10801 13090
10908 8134
10940 24076
11013 2714
11072 8111
11127 12072
11334 8134
11351 3115
11351 12257
11465 12761
11465 13090
11590 19555
11622 12994
11646 19555
11666 14945
11688 8134
11729 12994
11981 19937
12101 8134
12371 13090
12432 12386
12783 13090
13195 8111
13306 12994
13452 14945
13692 22790
13698 22790
13713 9645
13842 13090
13842 17782
13871 13090
14115 13090
14428 7788
14450 12006
14477 23635
14706 14945
14930 11926
14938 22790
14963 15161
15144 12994
15300 13090
15508 2397
15511 8692
15563 12994
15581 13090
15581 20074
15934 8816
16089 12994
16093 13453
16386 13090
16593 3342
16620 11761
16764 12994
16861 7124
16952 13090
17104 14945
17173 14945
17228 16090
17461 23635
17540 12761
17549 14945
17581 3351
17584 8134
17648 12386
17652 17019
17716 14945
17753 22790
18031 19926
18167 12994
18197 13090
18314 14770
18423 8111
18444 19944
18491 13090
18568 14408
18606 15957
18689 14945
18707 10114
18887 14945
18900 19577
18930 12994
19564 12994
20242 22790
20447 17866
20501 14945
20547 2305
20791 12994
21017 13538
22097 24050
22148 13090
22275 24559
22356 13090
22439 12386
23118 22790
23182 8134
23212 8134
23306 19956
23519 22790
23572 13090
23590 8134
23590 19956
23945 6149
23970 3925
23976 2352
23992 13090
23993 14841
23999 8839
24327 14945
24394 7780
24431 6814
24439 19291
