24624 24624 302
2 7704
7 12994
98 12994
140 12994
555 17766
831 18705
953 12994
1035 1436
1225 23635
1226 12994
1229 19926
1247 8134
1265 17766
1266 12994
1299 8134
1356 12994
1454 20853
1788 12386
1795 17075
1836 90
1960 12994
2135 17766
2260 23060
2279 12994
2549 12994
2569 12994
2573 12994
2760 17766
2809 8111
2819 12994
2852 17766
2915 12994
2943 8134
2948 12994
2970 8134
3006 111
3013 7627
3172 12994
3251 12386
3279 12994
3475 12994
3542 24136
3631 12994
3688 12994
3914 19937
4408 23635
4455 12994
4566 4700
4675 12994
4715 12994
4889 12994
5201 12994
5491 2714
5493 8134
5532 8111
5598 8134
5702 111
5763 17766
5839 20500
5901 12994
5906 12994
5973 17766
6061 20594
6128 17766
6134 21543
6472 4695
6472 12994
6599 24559
6888 4186
6924 13090
7146 16062
7189 12994
7223 12994
7225 22667
7280 14749
7280 18290
7321 12994
7344 7627
7408 12994
7408 18501
7431 16090
7431 17766
7471 3351
7713 17766
7909 17766
8318 12994
8402 12994
8453 8134
8522 12994
8524 8134
8524 12994
8524 13090
8716 12994
8832 22667
8879 8134
9046 17766
9084 12994
9327 7627
9341 12994
9341 15748
9408 12994
9532 17866
9544 17766
9677 17766
9705 16090
9721 90
9769 12994
9802 12994
9811 12994
9819 17766
9822 12994
9872 12994
9968 17766
9995 4700
10004 22667
10005 12994
10212 12994
10322 14945
10322 16306
10335 10335
10376 18747
10377 18747
10439 17766
11298 17766
11587 14945
11587 16306
11610 12994
11717 8134
11717 12994
11942 16306
12007 17766
12162 8134
12303 16306
12624 12994
12633 16090
12649 23635
12653 12994
12775 14945
12775 16306
12795 15748
12869 8839
12889 8910
12903 12994
12904 12994
12906 23900
12907 12994
12913 330
12917 16887
12930 12994
13106 12994
13130 12994
13131 12994
13192 12994
13380 14680
13415 3351
13456 12994
13498 12994
13521 23635
14044 4700
14102 12994
14238 12994
14241 7627
14559 8134
14784 12994
14787 12994
14788 12994
14853 17766
14853 23635
14891 17766
14915 12994
14997 12994
15056 23635
15131 12994
15339 20500
15389 12994
15712 12994
15727 2397
15739 111
15793 16306
15830 12994
15991 15952
16078 12994
16097 14680
16409 12994
16591 7627
16592 12994
16631 17766
16687 24050
16833 12994
16951 8111
17015 12994
17043 12994
17149 22667
17170 4700
17224 15425
17366 8910
17511 12994
17514 17766
17626 12994
17719 19920
17735 19937
17836 12994
17839 4700
17898 12994
17935 12994
18069 12994
18100 12994
18268 12994
18276 12994
18427 12994
18456 97
18475 23902
18680 12994
18838 24136
18874 12364
18970 4700
19089 23635
19301 8134
19402 17766
19412 4700
19616 12994
19627 12994
19635 12994
19715 3351
19728 8111
19847 4700
19857 12994
19895 19937
19965 8111
19993 12994
20033 17766
20158 17766
20211 24559
20348 12994
20390 12994
20484 4700
20528 19577
20573 23635
20592 14258
20609 12994
20641 8134
20783 17766
20870 12994
20872 12994
20916 8296
21049 12994
21103 8134
21152 12994
21178 12994
21247 12994
21257 97
21358 4700
21364 12994
21422 12994
21490 20362
21593 8111
21593 23635
21599 12994
21605 14258
21617 12994
21640 12994
21641 8134
21884 12994
21928 7518
21930 17766
21951 17075
21970 17075
22004 12994
22079 12994
22159 17766
22515 17766
22633 17766
22828 12994
22949 12994
22987 12994
23109 12994
23124 12994
23124 14258
23263 8005
23291 12386
23383 12994
23546 12994
23661 111
23673 12994
23677 23635
23715 9190
23785 20709
23790 12994
23794 12994
23814 12994
23834 4700
24145 8134
24148 14749
24277 16306
24281 12994
24295 12994
24299 12994
24352 16292
24364 12994
24365 7350
24368 16292
24383 12994
