24624 24624 125
654 12994
985 8111
1014 12957
1343 17729
1472 4633
1863 16887
1866 22667
2646 23635
2716 8134
3851 14770
3891 12994
3939 18920
4489 3993
4522 17779
5067 23260
5067 23375
5094 19528
5098 2464
5098 13453
5100 5342
5101 5342
5102 5342
6102 12697
7897 8821
8797 7350
8797 9689
8857 8134
9025 17066
9188 7350
9198 4767
9420 15148
9978 12994
11118 2352
11461 22785
11479 14986
11489 3870
11505 3832
11506 2672
11518 8551
11520 23635
11523 8551
11535 13090
11556 7518
11557 20028
11563 22044
11568 23125
11574 20028
11578 16887
12415 8592
12966 12965
13026 12994
13314 19413
13316 23147
13359 7516
13359 24175
13829 13828
14555 18977
14932 1298
14939 16967
15401 12387
15424 15425
15797 19863
15890 6199
16020 12242
17093 2397
17240 14871
17240 16064
17358 12994
17417 12260
17417 18740
17462 23722
17666 23627
18044 12994
18129 12664
18131 3342
18131 19515
18132 12994
18143 2364
18143 18785
18143 22975
18508 16882
18661 13668
18966 18967
19836 19835
19931 14868
19950 3945
20083 12169
20089 16685
20636 12994
22205 22204
22762 12994
22893 12994
22897 1436
22909 8631
22919 24573
22920 22281
22928 18967
22938 24076
23229 23228
23397 3588
23400 2636
23412 23658
23418 14865
23424 19926
23428 3588
23429 3739
23438 23658
23444 3588
23446 6257
23447 6257
23452 6893
23454 14674
23457 16954
23463 15283
23466 14674
23471 2352
23476 20087
23477 23613
23498 19191
23503 16090
23506 20630
23507 23754
23750 14409
23769 6531
24218 24217
