24624 24624 54
791 8134
791 19920
2374 8682
3140 7350
3140 8134
3629 23641
4235 2352
6223 815
6223 19923
6424 7350
7374 8111
7374 19926
7374 23635
8421 23697
8779 13370
8779 14039
10069 8134
10069 13272
10069 19722
10368 815
10368 3975
10368 19923
11406 14945
11406 15258
12235 19937
13327 22790
14197 19722
14197 22790
14418 3981
15149 8134
15436 19937
17348 8111
17348 19926
17470 815
17470 12397
19106 16090
19106 24028
19409 19926
19409 23635
19660 3975
19660 19923
19694 8134
19892 19937
19922 19920
19945 8111
19945 13090
19945 19926
20526 16701
20702 8111
20702 19926
22331 8712
23155 815
23302 815
23767 7230
