24624 24624 184
400 404
404 400
427 428
428 427
489 935
503 502
935 489
2222 2220
2987 4157
2987 20159
3876 3570
3876 22462
3876 22689
4063 7542
4157 20159
4436 20518
5842 20701
6210 22888
7538 7542
7538 15202
7538 15203
7538 20136
7538 20148
7543 15202
7543 15203
7543 15233
11477 11542
11478 11527
11478 11544
11481 11579
11483 23410
11488 11570
11490 11481
11490 11579
11499 11511
11499 11512
11500 11577
11501 11530
11502 11508
11504 11572
11507 11513
11509 11576
11510 11484
11511 11499
11511 11512
11512 11499
11512 11511
11515 11574
11516 11543
11517 11524
11518 11523
11522 11537
11523 11518
11524 11517
11527 11478
11527 11544
11529 11534
11530 11501
11531 11558
11533 11546
11534 11529
11537 11522
11538 11571
11541 11555
11542 11477
11543 11516
11544 11478
11544 11527
11546 11533
11551 11575
11552 11552
11555 11541
11558 11531
11559 11562
11562 11559
11567 11563
11570 11488
11571 11538
11572 11504
11573 23479
11574 11515
11575 11551
11576 11509
11577 11500
11579 11481
13335 13333
14549 2987
14549 4157
14816 4157
14816 20159
14842 18576
14842 18577
15203 15233
15233 15203
15474 13332
18576 18577
18577 18576
19872 502
20034 23156
20159 4157
20701 5842
20715 20716
20716 20715
21004 593
22886 20411
22888 6210
23398 23399
23399 23398
23403 23440
23406 23442
23406 23452
23409 23507
23410 11483
23411 23478
23412 23438
23412 23469
23415 23431
23417 23422
23417 23493
23418 23419
23418 23433
23419 23418
23419 23433
23420 23513
23425 23488
23425 23501
23427 23453
23428 23475
23430 23508
23431 23415
23432 23476
23433 23418
23433 23419
23435 23477
23436 23437
23437 23436
23438 23412
23438 23469
23440 23403
23441 23441
23441 23483
23442 23406
23442 23452
23443 23470
23446 23447
23447 23446
23448 23486
23449 23506
23452 23406
23452 23442
23453 23427
23454 23466
23455 23482
23456 23472
23460 23473
23462 23511
23466 23454
23469 23412
23469 23438
23470 23443
23472 23456
23473 23460
23474 23491
23476 23432
23477 23435
23478 23411
23480 23497
23482 23455
23483 23441
23486 23448
23488 23425
23488 23501
23491 23474
23492 23496
23493 23417
23493 23422
23496 23492
23497 23480
23501 23425
23501 23488
23506 23449
23507 23409
23508 23430
23513 23420
