24624 24624 57
1236 935
2175 11822
2262 10294
2282 16490
2776 14324
2958 11822
4198 3533
4713 14340
5122 4399
5475 15678
5693 2736
6225 6225
7156 7156
7193 20247
7426 11822
7495 4111
7871 4305
10022 619
10513 4150
11056 11055
11057 11055
13250 3064
13406 11003
13554 11822
14029 4501
15018 4060
15026 9837
15167 20970
15654 11280
15806 12418
16821 20970
17039 20961
17056 957
17068 16780
18511 13786
18551 20407
19827 13612
20018 14340
20894 14340
21040 5985
21045 5444
21067 23237
21143 14293
21192 12739
21241 14293
21286 11773
21293 10957
21293 20971
21348 18854
21548 956
21921 7804
21929 21929
21948 3496
23844 4545
23848 20247
24154 5985
24279 5406
