24624 24624 3024
3 5184
11 9116
13 19485
19 8671
37 9366
40 10606
58 7902
61 9116
115 7902
154 9366
159 9366
169 7902
286 22168
292 5184
296 7902
296 9366
306 6138
307 11463
317 20651
319 5184
324 9116
335 5184
340 10606
342 7902
342 9366
350 11463
351 6138
351 15326
369 9116
369 17293
385 5184
396 9366
410 9366
424 9366
430 9366
444 10606
495 9366
508 7473
517 9116
522 10606
537 22168
547 7902
547 9366
551 10606
559 9366
561 20651
575 20651
576 9116
582 9366
583 19481
588 5184
588 9366
615 9366
617 10606
636 7473
645 9366
647 5184
649 9366
653 9366
663 20651
670 9116
675 9116
678 5184
678 10606
683 9366
692 7473
712 17293
745 15084
752 9366
787 9116
787 9366
787 20651
813 9116
823 9366
829 6138
838 9116
865 9366
879 10606
886 9366
905 9116
932 9116
974 10606
976 9481
986 10606
1025 17293
1028 9116
1035 20651
1051 4652
1051 22168
1088 17293
1090 818
1090 10606
1091 20054
1101 4352
1105 9116
1114 19913
1156 7473
1207 10606
1208 10606
1209 9116
1214 8671
1214 9116
1225 8671
1227 9366
1229 9366
1242 8671
1243 9116
1248 10023
1250 9366
1251 9366
1252 15326
1256 9366
1260 7473
1263 7473
1263 10606
1264 9116
1265 20651
1269 9116
1273 9116
1276 9366
1278 9360
1284 9366
1287 10606
1288 10606
1293 9116
1296 10606
1296 19951
1311 5184
1311 11463
1315 9366
1316 7902
1316 9366
1318 5184
1318 9366
1318 11463
1319 9116
1321 19048
1361 9366
1378 9366
1385 20651
1389 7902
1390 20651
1401 9116
1401 9519
1408 5184
1411 10606
1432 9366
1433 9366
1444 10606
1447 7473
1448 10606
1448 15326
1455 5184
1460 7473
1469 17293
1485 22168
1494 10606
1538 8671
1559 10606
1564 10606
1566 6138
1566 10606
1569 10606
1575 5184
1575 9366
1575 11463
1584 10606
1603 9366
1618 20651
1621 9366
1624 17293
1626 7473
1633 10606
1639 22968
1648 7473
1648 10023
1657 20651
1661 17293
1671 10606
1675 9366
1677 9116
1682 9366
1691 10606
1696 10606
1701 9366
1715 9366
1757 9116
1759 9366
1762 20651
1766 9366
1775 9116
1785 9366
1788 9116
1794 10606
1813 20040
1820 20651
1837 9366
1840 10606
1852 15084
1869 9116
1869 17293
1872 9366
1875 7473
1883 9366
1884 9366
1895 9366
1910 5184
1934 5184
1941 7711
1941 10606
1960 20651
1971 10606
1990 9366
1992 9366
2004 7473
2004 20651
2010 9116
2053 20651
2054 7473
2068 7473
2081 10606
2089 22168
2094 8671
2097 15652
2097 19481
2112 9366
2113 9366
2160 9116
2166 19481
2169 20651
2182 22168
2183 5184
2187 20651
2190 8671
2213 10606
2216 9366
2227 5184
2227 11463
2242 5184
2245 15084
2257 7473
2274 7902
2276 9366
2278 9366
2284 10606
2286 7473
2289 8671
2291 10606
2293 20651
2297 9366
2298 9366
2301 5184
2310 9116
2318 5184
2318 11463
2326 7473
2346 7473
2347 10023
2362 18432
2366 19481
2369 9116
2373 19485
2381 7473
2396 9366
2403 19481
2404 20651
2408 6138
2410 5184
2410 7473
2417 9366
2447 20040
2451 17293
2462 10606
2462 16666
2466 17336
2466 22168
2472 9366
2549 7473
2561 4243
2562 9366
2563 9366
2565 20651
2566 20651
2567 7473
2573 20651
2575 10606
2598 9366
2615 9366
2639 5184
2640 9366
2644 9366
2644 15419
2645 7473
2645 9366
2645 19481
2650 9366
2657 704
2659 10606
2669 9116
2690 9366
2737 10606
2738 10606
2739 7473
2745 20552
2765 7902
2765 9366
2767 18432
2769 9366
2772 10606
2780 9366
2783 17293
2784 10606
2806 7473
2810 9366
2812 22168
2813 9366
2814 7902
2814 9366
2817 20651
2818 7902
2820 5184
2822 9116
2822 17293
2839 10606
2858 10606
2886 9366
2917 10606
2920 9366
2938 9366
2942 9366
2944 18432
2949 9116
2950 9366
2953 9366
2954 9366
2954 15419
2963 9366
2963 10606
2970 9116
2971 5184
2971 20651
2978 8671
2981 9366
2989 9366
2989 11463
2991 9366
2994 5184
2995 9116
3001 9366
3011 7473
3012 5184
3017 17293
3019 9366
3020 9366
3020 10606
3022 6138
3025 7473
3026 10606
3027 7473
3028 10606
3029 9116
3030 5184
3030 20651
3032 7473
3033 10606
3042 10606
3052 10606
3053 7473
3059 7473
3062 20651
3070 10606
3071 10606
3083 10606
3086 10606
3127 20651
3128 5184
3132 9366
3137 7902
3139 9366
3144 9366
3171 10606
3180 10606
3184 9366
3195 7902
3206 20651
3214 9116
3227 20651
3231 10606
3234 10606
3236 9366
3256 15652
3260 9366
3275 7473
3283 10606
3300 9116
3302 9366
3329 10606
3332 20552
3359 19913
3363 7473
3363 10606
3369 9116
3375 15652
3397 7473
3426 9366
3435 10606
3437 10606
3443 10606
3446 7473
3449 9116
3451 4243
3451 20552
3451 22168
3454 8671
3460 9116
3467 9116
3468 18432
3478 9366
3505 15326
3521 20651
3548 5184
3564 9116
3579 10606
3580 704
3580 20040
3581 9366
3603 9366
3621 15419
3630 9116
3632 7371
3633 7371
3638 17293
3653 18432
3656 14199
3670 10606
3687 9366
3688 14678
3690 9366
3691 15419
3692 9366
3694 8671
3717 8671
3719 20651
3721 9366
3725 10606
3738 10606
3746 20651
3756 704
3757 9366
3757 15326
3760 7473
3778 20651
3803 10606
3838 8671
3858 10023
3864 7473
3883 14678
3892 10023
3896 17293
3909 5184
3934 20651
3941 4754
3941 10606
3948 9116
3968 8671
4008 9366
4010 19913
4019 7473
4021 9116
4021 9366
4021 10606
4027 9366
4043 9366
4047 20651
4053 7473
4054 8671
4065 5184
4114 10606
4127 10606
4144 10606
4145 10606
4161 9366
4190 9366
4191 9366
4203 22168
4227 10606
4228 9366
4228 10606
4228 19913
4230 10606
4237 15326
4273 7473
4273 19951
4290 9116
4303 22968
4306 20651
4307 17293
4319 5184
4319 20651
4324 9366
4324 10606
4328 7473
4340 5184
4362 7473
4362 10606
4398 9366
4432 20651
4444 9366
4446 9116
4465 5184
4475 20651
4477 7902
4478 9366
4480 7473
4482 10606
4511 9116
4514 22968
4519 10606
4544 7371
4549 20651
4551 10606
4553 20651
4555 15652
4566 20651
4584 9366
4591 17293
4593 20651
4594 9366
4595 7902
4595 9366
4597 7473
4660 9116
4671 10606
4676 9366
4684 9366
4685 7473
4687 17293
4689 20651
4703 9366
4706 7902
4708 9366
4711 20651
4714 17293
4716 9116
4727 9366
4740 9366
4741 9366
4750 19481
4758 10606
4759 19485
4770 14572
4771 9366
4773 9366
4796 9116
4831 5184
4843 10606
4844 9116
4862 20651
4868 9366
4869 20651
4871 9366
4876 10606
4883 8671
4889 10606
4890 5184
4893 18432
4895 10606
4902 8671
4903 7902
4907 7902
4910 19485
4912 10023
4913 22168
4915 3113
4915 9116
4916 5184
4928 4352
4946 9366
4951 11463
4965 20651
4971 7473
4971 10606
4972 10606
4991 5184
5005 9366
5006 9366
5006 10606
5011 9366
5012 9366
5018 9116
5019 22168
5039 9366
5057 9366
5073 6138
5077 9366
5077 11463
5079 9366
5080 9366
5081 6138
5082 9366
5083 5184
5084 6138
5084 9366
5085 9366
5088 5184
5088 9366
5089 9366
5092 9366
5093 6138
5108 9366
5110 7902
5118 9366
5120 17293
5127 9116
5134 11463
5164 7473
5166 5184
5168 20651
5170 9366
5178 17293
5179 10606
5181 7473
5182 10606
5185 20651
5188 4243
5198 9366
5198 10606
5201 20651
5268 10606
5280 7473
5280 10606
5301 17336
5303 9366
5303 20651
5305 9116
5309 9116
5315 7473
5315 13148
5322 7473
5345 18432
5348 9116
5351 10606
5353 18432
5358 8671
5359 9116
5361 10606
5364 10606
5365 9366
5374 9366
5377 10606
5385 10606
5395 7473
5427 9116
5454 10606
5466 10606
5481 7371
5481 22070
5483 17293
5487 9366
5491 17293
5498 9366
5506 9116
5507 9116
5523 20552
5523 22168
5533 8671
5541 10023
5551 17293
5556 7473
5567 9366
5570 9116
5586 7473
5589 5184
5589 9366
5589 10606
5597 19481
5599 7371
5604 9366
5612 704
5613 9366
5649 10606
5671 17293
5679 22968
5684 22168
5690 7371
5712 5184
5712 11463
5717 7473
5717 10023
5718 10606
5737 9366
5740 10606
5741 15419
5763 9116
5763 9519
5764 9116
5781 8671
5784 17293
5822 9116
5823 9116
5825 8671
5826 9116
5828 10606
5846 9116
5853 9366
5860 9366
5895 20651
5905 15326
5907 5184
5908 7473
5908 10606
5909 4243
5912 7473
5913 7473
5915 9116
5915 9366
5915 10606
5920 9366
5921 7902
5924 7902
5924 9366
5926 9366
5928 9366
5935 8671
5963 10606
5965 10606
5968 10606
5971 10606
5976 10606
5996 7473
5996 9366
5998 20651
5999 9366
6008 8671
6008 9116
6025 10606
6029 10606
6036 10606
6045 10606
6046 22968
6054 8671
6059 8671
6061 9116
6063 9366
6073 9116
6073 9519
6074 9366
6092 19048
6101 9366
6104 9366
6105 9366
6108 4243
6109 9116
6128 9366
6137 9116
6142 8671
6143 4694
6143 4756
6151 5184
6151 9366
6152 9366
6163 15652
6163 19481
6164 20651
6166 7473
6170 9116
6196 20651
6211 13148
6213 14686
6218 20040
6219 20651
6222 9366
6224 9366
6230 11463
6238 9116
6242 10606
6243 10606
6246 9116
6247 20651
6248 13945
6265 10606
6276 7473
6279 10606
6282 7902
6283 9366
6289 5184
6289 9366
6289 20651
6299 13148
6299 19481
6312 7473
6313 10606
6324 10606
6332 10606
6333 9116
6336 9366
6340 10606
6344 9116
6410 10606
6429 10606
6429 15326
6441 9366
6460 13509
6460 14218
6461 9366
6463 10606
6483 9116
6485 9116
6487 6138
6487 9366
6490 9116
6490 17293
6494 9116
6495 9116
6496 9366
6507 17293
6520 20651
6525 10023
6551 9366
6551 10606
6554 3966
6554 9366
6562 19676
6564 10606
6572 9366
6584 19481
6601 17293
6614 8671
6634 10606
6637 9366
6651 18432
6664 10606
6708 7473
6729 10606
6785 15652
6785 19481
6787 7473
6803 9366
6803 15326
6806 9116
6806 13148
6806 19481
6806 20651
6807 10606
6815 10606
6841 9116
6885 13945
6889 9366
6889 10606
6892 8671
6897 17293
6900 20651
6909 4243
6914 10606
6920 9366
6922 10606
6936 15326
6941 5184
6942 17293
6944 9366
6944 15419
6948 20651
6950 5184
6950 11463
6951 17293
6961 10606
6970 7473
6980 9116
6983 11463
6989 20651
7065 20040
7087 9366
7088 9519
7099 7473
7100 9366
7100 10606
7102 15419
7118 7473
7123 17293
7126 9116
7128 1802
7143 20651
7147 10023
7157 10606
7173 9366
7176 19481
7189 13148
7190 9366
7191 9366
7192 9366
7207 9366
7215 9366
7220 19481
7234 9366
7236 9116
7255 17337
7257 10606
7278 9366
7280 19481
7321 10023
7335 4754
7335 10606
7336 4754
7336 10606
7346 9366
7351 13148
7353 9116
7354 4754
7356 5184
7360 9116
7363 4352
7364 10023
7366 7473
7375 18432
7384 20651
7393 5184
7399 10606
7409 704
7411 20651
7412 9366
7412 15419
7413 7902
7413 9366
7422 5184
7422 9366
7434 17293
7435 19481
7449 9366
7451 9116
7455 6138
7455 19481
7456 5184
7461 19481
7468 20651
7475 7902
7481 20040
7488 9366
7489 9116
7497 16263
7499 20651
7502 20651
7511 9366
7550 9116
7550 17293
7551 9116
7590 10606
7594 10606
7600 10606
7624 5184
7624 20651
7650 7473
7686 9116
7692 10606
7693 9366
7694 7473
7695 9116
7700 5184
7706 9366
7733 7473
7741 10606
7744 9366
7744 15419
7747 7473
7747 9366
7749 7902
7750 19485
7765 9366
7774 5184
7774 9366
7774 14218
7789 9366
7798 20651
7805 9116
7815 9116
7831 9366
7837 9366
7838 10606
7842 9116
7854 9366
7855 10606
7868 19481
7869 5184
7870 704
7892 9366
7904 20651
7906 20651
7909 9116
7911 10606
7919 704
7924 7473
7930 10606
7949 10606
8004 10606
8013 13148
8022 19485
8063 10606
8067 18432
8116 20651
8118 10606
8119 10606
8149 9366
8150 7902
8151 6486
8152 9366
8154 9116
8161 20651
8162 10606
8183 22168
8199 17293
8200 9116
8201 9366
8201 10606
8209 9366
8213 10606
8227 9366
8231 9116
8233 10606
8243 20651
8255 9366
8258 9366
8261 9366
8268 10606
8285 20651
8286 9366
8298 7473
8298 10023
8302 9116
8309 9366
8319 9366
8323 8671
8374 9366
8375 5184
8378 22968
8379 9366
8384 9116
8387 10606
8392 7473
8412 9116
8415 9366
8416 7371
8417 18432
8433 11463
8461 20651
8500 8671
8501 10606
8505 15419
8508 5184
8513 2787
8515 7711
8555 22070
8556 22070
8557 9116
8557 9366
8563 6138
8576 10606
8579 18432
8615 9116
8654 9116
8664 9366
8695 818
8702 5184
8716 9116
8729 19481
8740 15419
8745 9116
8759 8671
8777 9366
8781 17293
8806 10606
8807 5184
8831 20651
8833 10023
8836 19481
8843 10606
8844 9366
8847 9366
8848 7371
8871 19481
8872 10606
8887 5184
8895 9366
8898 704
8900 10606
8902 9116
8905 20651
8907 10606
8957 19913
8975 9366
8998 10606
9013 22070
9015 10606
9035 14686
9059 9366
9066 9116
9079 7473
9082 9366
9094 9366
9096 5184
9103 20651
9108 14686
9113 5184
9115 20651
9125 9366
9142 7473
9156 22168
9157 9366
9160 9366
9162 704
9163 9116
9167 9116
9249 10606
9258 10606
9261 10606
9263 9366
9271 10606
9272 9116
9292 5184
9292 9366
9292 11463
9311 7371
9314 19951
9317 9366
9323 7107
9346 20651
9347 9366
9359 7473
9359 10606
9363 9366
9364 9366
9364 15419
9379 20651
9390 9366
9395 9366
9396 11463
9401 20651
9417 9116
9423 20651
9426 9366
9428 9116
9434 20651
9439 5184
9450 20651
9451 9116
9457 7473
9489 9366
9491 9366
9516 8671
9534 9366
9538 9366
9543 5184
9543 9366
9546 9366
9550 9116
9553 9116
9554 9366
9558 9116
9560 10606
9563 9366
9565 9366
9567 9366
9567 15419
9568 7902
9569 9116
9570 7902
9570 9366
9572 7902
9575 9116
9597 8671
9597 9116
9599 9366
9649 15652
9657 9366
9658 9366
9659 7902
9669 9366
9708 5184
9711 9366
9715 9366
9720 9366
9722 5184
9726 20651
9734 4680
9735 9116
9739 9366
9743 7473
9751 8671
9753 10606
9757 10606
9760 9116
9772 20651
9774 9366
9784 9366
9785 9366
9786 9366
9787 7473
9796 4352
9798 9366
9798 15419
9800 9366
9804 20651
9806 20651
9809 7473
9811 6138
9814 9116
9817 9116
9835 9116
9881 15419
9913 15652
9913 19481
9918 20552
9942 9366
9961 9366
9966 10606
9987 10606
9988 7473
9989 9366
9993 10606
9996 10606
9999 10606
10002 9366
10008 4243
10011 9366
10012 9366
10031 19481
10032 9366
10049 19913
10057 20651
10089 4754
10089 7473
10091 18432
10100 7473
10123 17293
10146 19481
10150 9116
10152 9116
10166 9366
10171 10606
10171 20651
10196 5184
10209 7473
10211 20651
10212 20651
10221 9366
10224 7902
10224 9366
10227 10023
10229 10606
10236 5184
10237 9366
10248 20651
10276 10023
10280 9366
10306 9366
10308 11463
10311 9366
10314 9366
10317 9366
10318 5184
10318 9366
10319 9366
10322 19913
10329 9519
10331 20054
10331 22168
10363 17293
10367 10606
10369 15419
10370 5184
10380 9366
10382 7473
10404 9116
10414 8671
10421 7473
10468 10606
10470 10606
10491 10606
10497 7473
10498 9366
10523 5184
10524 6486
10541 7473
10553 17293
10554 9116
10564 8671
10564 9116
10576 22968
10588 9366
10596 9366
10596 20651
10603 20651
10608 10606
10609 10606
10611 10606
10613 9366
10626 9366
10626 10606
10630 9116
10630 17293
10652 10606
10658 9116
10673 10606
10684 7473
10686 9116
10686 17293
10687 9366
10689 7473
10690 5184
10704 5184
10706 10606
10710 10606
10713 10606
10717 10606
10728 10606
10738 8671
10741 20651
10742 10606
10759 10606
10781 10606
10787 9116
10792 10606
10798 7473
10810 9116
10814 10606
10816 9116
10818 11463
10856 5184
10857 9366
10861 10606
10863 10606
10874 7473
10876 10606
10877 10606
10883 9366
10886 10606
10887 9116
10891 15419
10893 9116
10894 9366
10913 9116
10942 9366
10958 9116
10987 10606
10997 7473
11027 20651
11042 10606
11082 9116
11105 7473
11113 9116
11113 9366
11114 10606
11123 18432
11128 5184
11133 9366
11138 9116
11138 9519
11167 5184
11174 9366
11174 20651
11204 10023
11244 6138
11286 9366
11290 9116
11297 20651
11311 10606
11338 9366
11340 9366
11345 9366
11352 10606
11356 7473
11356 10606
11367 7473
11374 7473
11387 20651
11390 9366
11390 11463
11407 9360
11414 9366
11416 9366
11417 5184
11419 6138
11419 10606
11451 10606
11451 17293
11526 9366
11580 9366
11587 19913
11596 818
11599 9116
11625 9366
11640 5184
11641 7473
11651 9366
11651 11463
11662 9366
11667 9366
11670 22968
11735 5184
11737 4352
11762 7473
11764 9116
11766 10606
11768 7473
11773 22168
11781 10606
11789 9366
11795 9116
11831 10606
11833 6138
11847 9116
11863 9366
11871 6486
11872 10606
11879 9366
11909 9360
11919 9366
11934 9366
11942 19913
11947 7902
11950 9116
11984 9366
11986 20651
11987 9366
11989 17293
11990 9116
11994 10606
11996 7902
11999 9116
12000 9366
12007 9116
12016 7473
12019 9366
12021 6138
12027 9116
12029 5184
12029 9366
12029 20651
12030 5184
12030 9366
12033 5184
12033 11463
12035 9366
12038 6138
12038 15326
12045 4755
12058 6138
12073 6138
12077 15326
12078 22968
12084 4352
12084 10606
12086 5184
12086 9366
12091 5184
12099 10606
12125 9116
12136 20651
12148 20651
12176 10606
12190 7902
12196 9116
12204 9366
12225 9366
12226 9366
12238 6138
12238 15326
12249 9366
12258 14218
12267 20552
12267 22168
12268 20651
12270 9366
12292 5184
12298 20651
12303 19913
12333 7473
12370 18432
12372 10606
12380 8671
12380 9116
12380 17293
12381 17293
12391 6138
12392 9366
12392 20651
12395 9366
12407 7473
12407 10606
12412 10606
12417 16927
12437 7902
12442 15419
12450 9366
12467 9116
12467 17293
12488 10606
12488 11463
12491 9366
12491 11463
12499 10606
12500 10606
12501 9116
12506 10606
12523 17293
12524 9366
12532 9116
12546 10606
12555 7473
12578 10606
12582 7473
12604 9366
12610 8671
12617 22168
12618 22168
12621 5184
12621 9366
12623 7902
12625 18432
12634 9116
12640 9366
12649 17293
12700 5184
12700 11463
12701 15326
12702 7902
12712 7902
12716 20651
12717 9366
12725 9366
12726 20651
12727 9366
12728 9366
12729 9366
12730 9366
12731 9366
12733 9366
12735 9366
12736 10606
12737 9366
12759 10606
12772 9366
12784 5184
12784 11463
12803 9366
12866 20651
12873 20651
12887 5184
12889 9116
12891 9116
12896 7473
12897 7902
12901 9116
12901 17293
12905 18432
12907 17293
12908 13148
12911 10606
12914 10606
12915 9116
12923 9366
12924 9116
12927 9366
12929 7473
12930 20651
12934 6138
12944 9116
12952 9366
12956 7473
12988 5184
12995 9116
13001 11463
13002 7473
13003 9366
13007 9366
13013 9366
13020 7473
13022 9366
13028 7902
13028 9366
13030 9366
13046 17293
13049 9366
13053 7473
13056 7473
13067 10606
13071 9116
13079 10606
13084 10606
13096 9366
13096 15419
13103 9366
13108 7473
13113 20651
13117 9116
13121 7473
13122 20651
13130 20651
13134 20651
13143 9366
13147 9366
13151 22968
13163 10023
13177 7473
13182 10606
13188 9116
13228 9366
13228 10606
13242 9366
13245 7473
13266 15652
13266 19481
13267 9366
13284 10606
13293 9366
13318 9366
13318 10606
13319 6486
13319 9366
13324 9366
13337 9366
13338 1802
13342 9366
13343 9366
13354 9366
13369 10098
13374 20040
13375 20040
13376 20040
13379 9366
13387 9360
13392 10606
13402 20651
13404 9366
13405 9116
13413 9366
13414 7902
13414 9366
13419 1692
13428 7473
13440 7473
13449 16688
13456 20651
13457 6138
13457 10606
13459 5184
13491 9116
13494 7473
13504 9366
13506 11463
13506 15326
13522 9366
13539 7473
13539 13148
13544 7473
13546 5184
13546 10606
13550 20651
13566 9366
13597 10606
13606 10606
13624 17293
13633 8671
13665 9116
13671 10606
13679 10606
13686 9116
13690 10606
13694 7473
13705 5184
13751 9366
13758 7112
13766 17293
13772 9116
13774 7473
13780 10606
13782 7473
13782 10606
13782 20651
13788 10606
13790 10606
13804 9116
13823 9116
13823 17293
13836 10023
13838 10606
13853 7473
13877 20651
13879 9116
13891 288
13892 10606
13900 4620
13902 1802
13906 22968
13916 10606
13917 10606
13922 10606
13930 9366
13934 9366
13948 9366
13949 9366
13953 22168
13974 9366
13985 9116
13986 10606
14000 9116
14002 10606
14008 10606
14009 10606
14046 9116
14046 17293
14096 9366
14097 9366
14108 9116
14121 15652
14121 19481
14130 19485
14136 7473
14149 7473
14157 5184
14165 9116
14174 9366
14177 9366
14182 7473
14183 10606
14185 9366
14189 9366
14195 5184
14212 7473
14227 10606
14232 9366
14238 20651
14239 10023
14256 7370
14262 20651
14267 9366
14273 9366
14274 23097
14276 9366
14280 9116
14283 9366
14291 7473
14291 10606
14293 22168
14300 22168
14314 10606
14320 10606
14321 10606
14327 9116
14342 17293
14362 9116
14362 17293
14381 10606
14386 9116
14400 9366
14416 10606
14424 9116
14425 9116
14429 7473
14429 9366
14429 10606
14485 10606
14505 9116
14509 9366
14513 20651
14529 9366
14553 9116
14558 9366
14560 9366
14602 7473
14603 9366
14615 7473
14617 6138
14622 5184
14622 9366
14627 7473
14628 17293
14663 10606
14666 9366
14676 5184
14677 9366
14677 10606
14684 19951
14697 10606
14707 1802
14712 2787
14724 9116
14733 10606
14738 10606
14744 20651
14755 8671
14757 9519
14760 9116
14777 10606
14792 9366
14815 9366
14817 9366
14818 9366
14827 10606
14844 9366
14852 9116
14853 8671
14853 9116
14859 15419
14860 5184
14875 9366
14883 9366
14890 10606
14894 15430
14897 9366
14899 9366
14900 9366
14906 9366
14907 9116
14917 10606
14937 9366
14950 10606
14950 19913
14952 7473
14969 7902
14987 10606
14993 20651
14997 10606
14998 9366
15019 17293
15039 7902
15039 9366
15040 10606
15045 9366
15048 9366
15054 7902
15056 8671
15098 20651
15105 9116
15111 20040
15112 20040
15119 19481
15120 5184
15120 11463
15120 20651
15163 6138
15170 7473
15184 9389
15188 19485
15192 9116
15204 10606
15205 9366
15205 15326
15208 7473
15213 5184
15221 10023
15249 20651
15276 7473
15280 7473
15287 7473
15289 9360
15297 9116
15297 10606
15304 5184
15304 20651
15369 17293
15388 19481
15391 10606
15408 7473
15439 10606
15450 9366
15453 9116
15467 7473
15468 8671
15468 9116
15471 9116
15490 20651
15499 9116
15500 7473
15515 7473
15520 9116
15523 9116
15526 9116
15597 18432
15605 9116
15611 9366
15617 20651
15634 11463
15645 7473
15651 20651
15655 9366
15662 5184
15708 18432
15724 7473
15728 9366
15732 9366
15734 7473
15739 9116
15750 9366
15752 9366
15755 7473
15758 10606
15761 13148
15763 20651
15767 10606
15772 9366
15774 7902
15794 9366
15799 9366
15800 10023
15822 9116
15826 9116
15871 7902
15874 20651
15881 13148
15882 9116
15884 9366
15897 10606
15946 7473
15970 9366
15973 7473
15979 5184
15990 17293
15992 9366
15999 9116
16003 20651
16011 20651
16016 9116
16016 17293
16017 5184
16024 9366
16025 9366
16034 9116
16041 9116
16041 17293
16066 9366
16084 20651
16112 9116
16115 10606
16116 10606
16142 7473
16144 9366
16174 8671
16175 20651
16182 9116
16183 9116
16186 7902
16186 9366
16197 10606
16210 9116
16213 9116
16229 9116
16246 7473
16255 10606
16268 17293
16269 6138
16275 9366
16316 20651
16319 17293
16342 9116
16353 7473
16354 9366
16385 17293
16407 9366
16410 10606
16413 7902
16424 9366
16425 9366
16433 9116
16467 20651
16479 7473
16510 20651
16529 5184
16535 10606
16544 5184
16546 9366
16547 7473
16558 9366
16597 8671
16603 4754
16603 17293
16608 10606
16613 9366
16618 10606
16630 7473
16644 5184
16659 9366
16670 17293
16680 6138
16686 17293
16695 19780
16698 9116
16719 10606
16723 7473
16735 9116
16735 10606
16739 10606
16759 10606
16762 4754
16782 17293
16800 10606
16824 9116
16832 9366
16833 9116
16841 7473
16845 9116
16886 5184
16900 10606
16907 288
16929 7473
16946 9116
16951 9116
16962 9366
16966 9366
16971 11463
16975 15419
16979 5184
17002 10606
17011 7473
17015 20651
17021 9116
17029 17293
17035 9366
17036 9366
17037 9366
17040 10606
17043 20651
17045 9366
17047 9366
17065 7902
17069 9116
17105 10023
17106 19485
17108 20651
17139 10606
17148 5184
17160 20651
17167 9366
17170 9116
17176 9366
17179 9116
17180 10606
17204 10606
17207 8671
17210 7371
17213 9366
17223 9366
17229 9366
17237 4754
17237 7473
17267 18432
17283 20040
17285 9366
17304 17293
17319 15419
17334 20651
17338 7711
17345 9366
17362 9116
17369 20651
17370 15326
17376 9366
17377 20651
17378 9366
17379 9366
17437 9116
17439 10606
17444 17293
17447 9366
17451 9366
17452 9366
17467 7473
17475 5060
17513 5184
17525 9116
17525 17293
17531 5184
17538 5184
17541 9360
17542 17293
17543 7473
17558 9116
17569 9366
17576 10606
17590 10606
17595 9116
17642 9366
17649 10606
17657 22168
17665 7902
17668 7473
17676 9116
17677 9116
17679 9366
17689 22168
17693 17293
17724 9116
17725 17293
17726 10606
17733 20651
17734 20651
17735 11463
17738 7902
17740 20651
17748 7902
17751 9116
17751 17293
17760 4680
17777 5184
17789 19048
17791 7371
17803 9116
17820 5184
17820 10606
17834 20651
17841 9366
17841 11463
17845 10606
17865 8671
17889 20651
17912 7902
17916 9366
17922 9116
17928 17293
17932 9116
17933 11463
17937 9366
17951 9116
17959 9366
17968 9366
17980 9366
17981 10606
17985 19481
18006 9116
18006 17293
18026 7473
18041 9116
18050 9366
18051 7473
18060 5184
18064 7473
18067 7473
18073 9366
18080 4754
18084 22168
18086 15652
18086 19481
18099 9116
18100 9116
18101 10023
18104 6138
18106 9116
18107 7473
18112 10606
18115 22168
18153 9116
18155 10606
18158 7473
18165 9116
18191 9116
18213 20651
18217 10606
18219 4754
18257 10023
18268 20651
18271 9116
18276 9116
18278 9366
18284 11463
18293 20651
18299 7473
18318 288
18329 8134
18339 9366
18340 11463
18347 7473
18374 12396
18391 9366
18417 9366
18417 15419
18420 9366
18421 10606
18425 9366
18438 9366
18441 10606
18460 9116
18464 1802
18475 9116
18479 9366
18512 7473
18521 6138
18534 9366
18548 20651
18552 9366
18555 9116
18556 5184
18564 9116
18571 20651
18588 9116
18605 9116
18622 4352
18622 7473
18628 9366
18631 11463
18657 19481
18659 9366
18680 9116
18685 9366
18694 17293
18696 10606
18701 9366
18719 9366
18722 9366
18763 7473
18763 9116
18763 10606
18789 5184
18817 7473
18822 5184
18825 10606
18834 10606
18862 9366
18891 7371
18905 7473
18908 3118
18970 9116
18980 9360
18986 704
18987 20651
18992 20651
18993 19481
19000 9116
19005 5184
19009 9366
19017 17293
19019 8963
19020 9116
19023 15326
19030 10606
19069 7473
19086 20651
19087 9366
19089 8671
19090 9116
19099 9116
19100 9116
19110 10023
19120 9366
19121 9366
19124 10606
19156 20651
19163 7107
19165 7371
19169 9366
19173 9366
19182 9519
19183 15326
19186 684
19186 6138
19190 15326
19192 9116
19193 9366
19219 9116
19233 17293
19254 9366
19255 9116
19255 17293
19280 9366
19287 10606
19289 9366
19293 9366
19295 9366
19297 9366
19301 9116
19302 5184
19302 7473
19308 9366
19322 9366
19324 9366
19329 5184
19337 20651
19348 8671
19351 5184
19362 704
19367 6138
19368 16612
19388 9366
19388 20651
19389 9116
19391 9366
19392 9366
19396 9366
19427 10606
19434 10606
19456 20651
19463 20651
19468 7473
19478 9366
19480 8671
19480 9116
19480 9366
19488 20651
19489 5184
19496 9366
19497 11463
19502 9366
19505 20651
19523 20651
19567 17293
19573 19485
19573 22070
19575 10606
19581 17293
19605 7473
19617 20552
19623 5184
19629 20651
19630 10606
19639 10606
19657 9116
19658 19481
19664 8671
19680 4754
19680 10606
19704 9116
19704 17293
19708 9366
19709 20651
19729 9366
19731 10606
19736 6138
19747 9366
19750 9366
19754 9116
19762 9366
19767 9366
19768 9366
19769 9366
19771 9366
19789 7902
19795 3966
19802 10606
19832 6138
19838 9116
19839 9366
19842 20651
19845 7473
19847 9116
19862 9366
19866 10606
19867 10606
19868 10606
19874 7473
19879 15652
19883 5184
19886 9366
19892 11463
19899 9116
19899 17293
19904 15326
19906 10606
19908 9366
19912 20651
19925 9366
19938 9366
19961 9366
19962 7473
19976 20651
19990 9366
19998 10606
20016 10606
20019 10606
20024 19481
20030 704
20041 9366
20045 20651
20049 7473
20086 19951
20101 9116
20105 17293
20107 10606
20120 9366
20123 9366
20126 10606
20128 20651
20133 7371
20134 704
20140 7371
20140 22070
20151 9366
20153 5184
20154 7473
20154 10606
20161 9116
20172 7473
20176 9366
20178 18432
20211 20651
20241 5184
20241 9366
20252 10606
20257 9116
20270 6138
20277 9116
20277 17293
20282 10606
20288 7473
20294 9116
20299 10606
20306 9366
20306 11463
20312 9366
20314 9116
20321 9366
20322 9116
20324 5184
20335 10606
20338 9116
20339 8671
20357 20651
20365 9366
20366 7902
20368 19481
20370 4755
20377 15419
20389 19485
20391 9366
20398 7473
20398 10606
20400 4754
20416 9116
20429 9366
20431 6138
20438 5184
20442 7473
20448 5184
20448 20651
20449 20651
20453 8671
20454 9366
20460 7473
20465 9116
20472 18432
20474 9116
20484 7473
20486 9116
20490 9366
20493 7473
20494 15652
20505 20651
20510 19485
20513 11463
20514 7902
20517 5184
20517 9366
20517 11463
20517 20651
20519 9116
20520 19481
20520 20651
20528 15326
20554 7473
20559 9116
20560 7473
20562 10606
20570 9366
20573 8671
20584 7473
20587 15652
20587 19481
20592 20651
20597 10606
20611 8671
20617 7473
20617 10606
20637 10606
20639 17293
20643 5184
20647 7371
20648 19485
20652 22070
20657 7371
20673 20651
20683 10606
20685 11463
20686 11463
20687 5184
20689 7902
20696 9366
20721 10606
20728 10606
20730 9366
20757 9116
20759 9116
20759 17293
20760 20651
20770 20651
20781 9366
20795 9366
20796 10606
20807 10606
20814 9116
20826 9366
20828 20651
20834 9116
20839 9366
20867 5184
20869 9366
20888 10606
20890 9366
20897 10023
20897 20651
20909 20651
20913 20651
20915 10606
20919 10606
20922 6138
20929 9366
20932 7473
20934 10023
20936 15419
20937 10606
20952 10606
20962 7473
20963 20651
20965 9366
20975 10606
20982 9116
21006 7902
21007 9366
21008 5184
21010 7902
21011 9366
21018 9366
21020 8671
21023 10023
21027 9366
21057 9366
21059 10606
21060 9116
21061 9366
21062 10606
21064 10606
21080 9366
21085 17293
21086 5184
21096 7473
21114 18432
21115 7473
21118 10606
21121 9366
21129 9366
21141 9366
21146 9116
21156 7902
21158 20651
21168 20651
21178 17293
21184 7902
21184 9366
21187 7473
21195 20651
21205 9366
21212 22168
21213 10606
21214 10606
21215 7902
21228 7473
21231 7473
21235 8671
21236 7473
21238 5184
21247 13148
21254 22168
21255 9116
21266 9366
21269 9366
21272 15652
21280 20651
21285 9116
21297 9366
21301 8671
21317 9366
21323 9116
21326 9366
21328 17293
21330 17293
21338 22168
21340 9116
21342 17293
21352 18432
21357 17293
21358 9116
21364 10606
21373 9366
21373 15326
21381 7473
21389 9366
21399 9116
21400 7902
21408 5184
21410 9116
21412 9116
21422 20651
21436 5184
21447 10606
21455 7371
21455 22070
21472 19913
21476 9366
21488 10023
21494 7473
21495 20651
21497 20651
21503 20651
21505 10606
21506 10606
21508 704
21510 9366
21512 17293
21517 7473
21528 4702
21529 7473
21536 9366
21544 10606
21553 9366
21568 9116
21574 7473
21575 7473
21576 9366
21577 19481
21579 9366
21580 9116
21584 20651
21596 704
21607 20651
21610 7473
21620 9116
21621 18432
21623 5184
21641 9116
21643 9366
21656 20651
21675 7473
21676 7902
21684 20651
21686 20651
21687 9116
21693 17293
21696 9366
21698 9116
21708 9366
21719 9366
21721 7902
21721 9366
21722 10606
21729 5184
21730 9366
21734 17293
21735 9116
21737 7473
21737 9116
21737 9366
21737 10606
21754 9116
21755 7473
21756 10606
21759 18432
21764 10606
21768 9366
21775 9116
21780 15419
21790 7473
21796 15326
21807 15003
21808 10606
21822 9116
21827 11463
21828 9366
21828 18432
21845 19481
21849 19913
21857 10606
21861 10606
21867 9366
21876 7473
21880 5184
21887 10606
21888 9116
21893 9366
21895 20651
21908 10606
21910 17293
21923 7473
21923 10606
21926 9366
21926 15419
21927 10606
21930 9116
21934 19481
21964 7902
21966 20651
21982 7473
21984 20651
21990 23097
21992 22968
22007 9366
22007 10606
22011 9481
22012 9116
22016 9366
22033 10606
22038 20651
22050 9366
22051 9366
22061 20651
22062 10606
22064 10606
22066 9366
22068 20651
22075 9366
22075 10606
22078 10606
22079 6138
22080 10606
22083 20651
22089 5184
22153 17293
22154 9116
22155 17293
22167 11463
22170 10606
22171 7902
22174 19485
22174 22070
22175 9116
22179 9366
22188 9366
22194 6138
22195 22968
22200 7473
22201 20040
22208 9366
22223 16696
22224 7473
22224 9366
22226 10606
22227 7473
22228 7473
22235 4352
22241 5184
22241 10606
22252 9366
22283 10023
22295 5184
22321 10606
22322 11463
22326 11463
22326 20651
22329 7473
22334 5184
22344 10606
22362 7473
22365 7473
22373 17293
22389 4754
22389 10606
22390 10606
22392 9116
22398 10606
22400 7473
22413 9366
22414 9366
22423 11463
22431 5184
22431 11463
22433 10606
22445 9116
22445 17293
22453 4352
22460 20651
22467 9366
22473 9366
22475 17293
22501 9116
22519 9366
22520 9366
22523 3113
22528 10606
22534 17293
22536 22070
22538 7473
22538 10606
22542 9366
22543 9366
22544 9366
22548 18432
22554 9366
22556 7473
22565 17293
22566 15326
22570 20651
22583 10606
22591 9366
22595 9366
22599 10606
22617 9366
22621 7473
22623 10606
22630 7473
22633 7473
22634 9366
22640 20651
22651 6652
22657 20651
22668 8671
22675 4755
22681 5184
22681 9366
22686 7473
22688 6138
22696 20651
22697 10606
22700 20651
22705 11463
22706 9366
22713 9366
22720 9366
22721 9116
22743 9366
22775 9116
22777 9366
22779 7473
22779 10606
22794 10606
22796 5184
22796 11463
22812 5184
22815 7473
22817 9366
22817 10606
22826 10606
22830 10606
22833 9366
22855 9116
22948 7902
22954 7473
22954 10606
22955 9366
22957 9366
22959 19481
22976 19676
22983 9366
22994 9116
23012 9366
23014 17293
23055 9116
23110 17293
23124 9116
23142 22968
23143 7473
23158 6138
23170 8671
23174 10606
23177 7473
23186 20651
23198 17293
23201 9116
23245 9366
23255 9116
23263 20651
23265 9116
23282 9116
23291 9116
23301 9366
23316 10606
23327 10606
23334 9116
23335 20651
23499 20040
23522 10606
23531 8671
23537 17293
23553 7473
23575 10606
23576 10606
23595 9116
23597 9116
23598 9116
23598 17293
23599 7902
23605 9116
23608 10606
23611 9116
23611 17293
23616 9116
23619 20651
23623 7902
23624 10606
23626 9116
23652 9366
23663 9116
23674 9366
23677 15652
23678 20651
23681 5184
23688 9366
23689 20651
23690 7902
23690 9366
23691 10606
23710 9366
23716 7902
23716 9366
23718 5184
23719 9116
23721 9116
23731 10606
23748 9366
23748 10606
23753 7902
23757 9366
23791 5184
23793 9366
23798 10606
23806 5184
23823 9366
23824 5184
23825 20651
23826 5184
23835 20651
23837 19481
23838 7473
23840 10023
23854 10023
23863 5184
23871 9366
23876 10606
23877 15326
23883 9366
23886 7902
23910 18432
23912 9116
23913 20651
23917 9366
23918 9116
23922 6138
23932 6138
23937 10023
23938 10023
23939 9366
23939 10606
23953 6486
24015 9366
24021 10606
24037 7473
24039 20651
24068 5184
24074 9116
24087 10544
24093 6138
24098 9116
24107 9366
24111 9366
24118 18432
24123 20651
24129 9366
24130 20651
24145 17293
24146 7473
24150 5184
24152 19913
24155 5184
24155 20651
24156 20040
24162 9366
24165 7473
24170 9116
24204 20651
24205 9366
24224 9366
24258 7473
24258 10606
24273 22968
24284 19481
24290 22168
24296 15652
24302 10606
24323 13509
24330 20054
24330 22168
24332 9366
24337 4243
24340 5184
24340 9366
24340 11463
24342 9366
24342 11463
24350 9366
24357 10606
24361 9366
24362 5184
24363 20651
24364 18432
24366 9366
24377 10606
24381 9116
24398 9366
24402 20651
24404 17293
24406 9366
24416 9366
24440 7473
24442 9366
24444 23190
24446 15326
24451 19481
24455 9116
24460 9116
24467 20651
24478 10606
24479 6138
24506 5184
24506 11463
24511 10606
24519 10544
24524 20651
24556 9116
24589 15194
24596 7473
24601 7473
