24624 24624 142
31 20886
31 22601
301 301
314 314
469 2658
670 22994
1157 1157
1157 23518
1591 1591
1715 1715
1758 13777
2369 2369
2620 6140
2644 18417
2942 20781
3199 22238
3223 3223
3247 3247
3600 10833
3916 3916
4511 4511
4573 5723
4706 4706
4716 4716
4958 4958
5502 5502
5731 5178
5828 6140
5845 5845
6054 10738
6106 6106
6109 6109
6109 7686
6246 6246
6467 693
6553 6553
6553 13714
6553 16666
7105 7105
7167 22558
7340 17394
7472 6140
7742 7569
7805 4022
7911 19124
8395 6427
8470 8470
8652 23537
8735 719
8735 13245
8740 5159
8973 2669
9172 1662
9597 6140
9601 9600
9601 9601
9984 9984
10789 10789
11386 11106
11652 11652
12224 11800
12315 12315
12729 13392
12826 7434
12826 22677
13328 10723
13367 13367
13531 23249
14046 19255
14573 14573
14848 13993
14855 11430
14855 14855
15088 6939
15098 15098
15278 15278
15527 7434
15527 22677
15673 15673
16063 11832
16202 18597
16268 16268
16479 11862
16963 11940
16997 6140
17345 5084
17359 4309
17725 7434
17765 8784
18558 18558
18657 18657
19345 10799
19620 6140
19778 5411
19808 18207
19906 5012
19978 13993
20416 20416
20512 20512
20527 20527
20605 10708
20639 10553
20685 16377
20784 20784
20814 20814
21081 15466
21090 12206
21141 7278
21141 20730
21151 18160
21278 16666
21292 21292
21335 22563
21475 21475
21587 21587
21607 21607
21632 24511
21659 21659
21700 16401
21702 6140
21702 21702
21723 21723
21809 14458
21843 21843
21933 14458
21992 6046
22535 22535
22620 3391
22713 10498
22777 22777
22795 22795
23224 17702
23255 23255
23331 23331
23629 23249
24048 24048
24298 20284
24443 6140
24443 16666
24470 19030
24475 3948
24608 6140
