24624 24624 68
30 1847
470 1877
471 8588
1014 9362
1014 12957
1847 30
4195 11604
5067 23375
5068 6130
6231 6232
6232 6231
7316 14419
7446 14159
9414 4462
9414 17240
10082 16887
10082 22667
10084 2431
10084 12386
10085 12067
10085 12319
10086 16387
10087 7172
10087 10490
10088 13575
10088 18778
11121 19684
11604 4195
11844 14084
11844 19834
13305 3588
13442 7180
13443 7180
13479 13480
13480 13479
14582 14583
14583 14582
14583 14584
15411 7515
16010 19931
16136 15674
16136 19041
17419 5851
17419 18741
18476 18477
18477 18476
18966 18967
19148 19684
19684 11121
19684 19148
19931 16010
20470 5325
22746 2352
22748 19416
22749 22751
22750 23754
22752 3485
22753 6866
22754 18148
22755 22755
22756 16191
22757 9265
22758 24029
22759 12067
22759 19195
22760 22760
23764 10086
24086 8531
