24624 24624 122
478 19411
496 3758
671 5544
671 10098
788 19288
858 9154
913 5544
913 10098
1261 4697
1810 8698
1858 17272
2188 17272
2329 9463
2360 10098
2361 10098
2376 10098
2400 10098
2789 17272
3330 10098
3573 5544
3573 10098
3766 3869
3853 10098
3920 10098
4094 2887
4589 17290
4747 13808
4837 1911
5192 8704
5520 693
5667 10098
6304 5544
6304 10098
6549 5596
6653 4697
7372 10098
7464 4697
7839 9092
8196 693
8196 8704
8421 10098
8530 3718
8562 17773
8707 7367
8853 20180
8881 22301
9152 9154
9448 16675
10067 2891
10097 17747
10195 12354
10197 17272
10205 14571
10550 17747
11491 10098
11492 10098
11493 5544
11493 10098
12549 16058
12704 9093
12844 10098
13198 6140
13198 16666
13315 13935
13362 758
13898 4680
14110 2290
14213 10098
14242 9154
14420 13935
14658 17747
14658 20180
15227 17272
15570 16335
15768 17130
15768 19991
15801 20330
15968 15968
15996 542
15996 21217
16059 6976
16059 12274
17150 12979
17163 13935
17197 17197
17493 17747
17658 2799
17794 10098
18292 3473
18435 9964
18716 10098
18943 5544
19077 10098
19230 20978
19451 4680
19493 16675
19869 6139
19869 6140
20046 5544
20046 10098
20050 23279
20058 15003
20109 5544
20109 10098
20586 7754
20586 17290
20675 5785
20675 9463
20703 20330
20844 20904
22594 22594
22690 14732
22735 693
22735 8704
22854 5544
22854 10098
22872 10098
23324 17194
23581 2799
24188 7889
24291 17272
24497 24497
