24624 24624 354
62 12994
65 4440
66 4440
67 2397
69 18455
74 2168
80 8134
83 2397
96 9410
96 9411
100 9410
100 9411
104 4441
114 9411
133 8134
133 9410
133 9411
134 8134
163 8134
163 9410
174 8134
174 9410
174 9411
181 3434
182 8134
182 9410
182 9411
193 8134
209 8134
209 9410
209 9411
212 8134
219 8134
219 9410
219 9411
377 3351
381 12994
495 19937
656 8134
660 22734
890 12994
1388 7350
1791 12994
1838 4993
1897 12994
2011 12169
2030 4472
2030 23635
2074 12994
2177 1147
2188 14945
2191 13453
2221 12994
2245 14945
2288 3351
2354 2352
2376 22790
2466 3351
2643 8111
2645 12994
2753 12994
2803 19937
2912 8134
3036 19341
3050 12994
3101 23635
3140 12994
3330 12994
3347 12994
3348 12994
3349 1988
3511 15425
3575 3194
3582 12266
3667 4851
3677 14945
3732 19937
3852 12994
3877 12994
3887 7518
3920 12994
3953 8134
4202 3434
4252 20818
4292 14945
4464 12994
4470 6649
4470 22790
4493 2352
4589 12994
4636 24028
4726 4695
4747 8134
4816 1988
4906 19937
5074 14945
5097 19920
5188 19937
5339 12994
5509 3351
5574 3351
5658 12994
5703 8134
5706 13453
5725 14709
5902 14945
6015 19937
6120 8134
6120 12994
6225 3351
6234 23554
6270 2824
6270 10747
6452 8134
6508 12994
6909 19937
7266 12994
7343 7350
7343 9188
7382 12994
7521 12994
7644 8134
7734 3351
7803 14945
7839 3351
7923 1421
7923 10114
8000 2397
8167 10114
8309 14674
8464 21589
8471 4232
8660 8134
8660 9500
8739 14945
8778 19937
8881 1436
8882 12994
9121 8134
9142 12994
9152 10239
9326 12994
9393 2446
9474 8590
9551 2352
9586 2824
9586 10747
9644 12994
9682 8134
9942 12994
10115 10114
10151 3351
10245 14945
10321 14945
10387 17361
10522 12994
10761 2352
10761 13090
10761 19926
11398 8134
11406 14945
11495 18918
11498 7518
11528 14841
11531 20333
11536 7518
11545 17866
11547 7518
11549 20333
11553 18773
11554 20028
11560 22703
11564 7518
11620 8134
11663 10114
11790 12128
11842 7626
11846 11130
11853 10114
11908 14945
12026 10114
12093 7350
12167 12994
12234 19937
12256 17432
12256 24448
12321 15842
12321 19926
12324 13090
12330 15161
12361 8876
12577 8134
12586 16882
12616 21589
12704 14945
12708 3351
12787 3351
12926 16887
12978 10114
13020 12994
13317 8134
13320 2448
13323 8134
13327 22790
13427 14945
13832 2714
13832 3434
13909 2352
13954 15698
14181 3342
14184 13090
14232 8134
14270 3614
14426 24559
14526 8134
14543 12994
14576 2552
14635 19937
14901 8839
14992 14945
15016 2824
15117 19937
15130 16387
15130 20087
15130 24076
15150 15151
15229 16090
15234 7508
15370 17866
15392 7350
15392 8134
15423 15425
15675 1988
15705 2824
15954 12994
15997 24050
16022 14945
16091 16090
16389 7350
16393 7125
16393 19926
16883 16882
16965 2352
17076 4985
17177 12169
17238 1988
17242 3434
17333 3351
17353 12994
17384 14945
17421 1988
17421 2714
17459 3351
17657 14945
17804 12994
17807 12994
17887 19937
17888 12994
17930 3351
17948 8134
18045 12994
18085 24559
18106 12994
18117 12994
18124 8134
18295 8549
18498 12994
18502 15426
18634 19937
18714 12994
18914 14945
18943 14945
18957 10114
19060 8839
19106 16090
19132 23635
19157 12994
19178 11661
19179 11661
19180 7350
19298 12994
19494 19920
19570 7350
19622 12994
19692 15135
19869 8134
20092 15425
20121 14986
20173 12516
20523 15426
20537 16303
20557 19937
20649 2448
20697 17157
20704 16090
20711 8134
20765 21589
20768 12994
20794 12994
20844 14945
21024 14945
21142 8134
21199 16903
21346 12994
21346 21589
21361 12169
21387 3351
21526 12994
21533 12994
21558 12994
21558 14769
21589 12994
21680 8134
21692 12994
21733 12994
21733 19937
21757 2714
21842 3351
21938 3351
21994 8134
22088 21589
22196 7316
22594 22596
22618 14039
22642 12994
22663 14945
22736 11661
22792 22790
22824 22339
22869 8134
23057 11615
23155 12994
23338 14674
23410 7172
23417 6531
23443 14674
23451 16090
23464 14222
23470 14674
23495 20087
23504 9453
23504 20047
23512 23658
23549 19920
23693 8111
23870 21589
24075 12994
24109 19937
24112 14945
24186 16398
24240 10114
24285 14945
24480 14945
24615 8499
