24624 24624 64
819 815
821 2946
1607 19082
1799 1800
1803 1799
1803 1800
2005 2005
2371 12425
2371 13477
2642 2946
3050 21134
3246 20793
3481 23655
4140 15432
4256 2006
4503 13419
4990 19281
6225 17930
6628 1800
6628 4255
6628 6629
6629 3358
6629 23727
7513 9592
7777 21262
8585 9661
9661 8585
9855 19082
9856 9855
10008 13600
12617 12618
12618 12617
13129 655
13476 2371
13600 10008
15353 18913
15431 15431
15432 4140
16642 1331
17657 8717
17930 6225
17930 21546
18579 22798
18913 15353
20108 2895
20534 13477
20600 20601
20655 5611
20764 10026
20793 3246
21134 3050
21262 7777
22191 2006
22300 19587
22799 22798
22799 22803
22801 22798
22801 22799
22801 22803
22843 3076
23298 3671
23655 3481
23726 23727
23727 23726
