24624 24624 248
17 22113
359 5445
363 8744
515 18212
516 20884
526 1697
536 23179
544 18408
1240 6705
1254 24179
1262 3056
1486 20071
1516 1517
1981 2721
1995 18688
2087 23984
2171 13797
2186 18814
2259 23984
2269 13080
2406 18118
2473 24454
2665 2665
2677 13080
2699 20415
2776 14324
2786 457
2894 23984
2937 11714
2977 11427
3034 20404
3123 13555
3198 10512
3441 17549
3585 7990
3696 7178
3698 22567
3762 11054
3837 9256
3865 8117
3866 8117
4073 20122
4233 16717
4621 1012
4672 970
4945 14716
5474 15678
5475 15678
5508 22113
5693 2736
5709 2088
5827 3496
5832 3069
6004 20435
6033 4400
6077 23984
6225 6225
6316 22221
6502 8865
6650 4800
6925 12699
6953 2088
6993 23955
7194 6709
7320 13487
7458 4396
7495 17589
7712 5131
7718 14385
7748 13797
7901 7901
8403 11221
8425 18336
8720 13555
8819 2834
8835 18600
8946 5644
9099 2863
9315 23984
9333 23955
9345 10600
9388 11271
9458 4305
9458 17561
9459 4305
9464 17592
9655 18168
9990 16549
10001 10752
10226 11199
10233 11221
10258 16214
10296 22272
10743 11199
10815 17549
11056 13287
11404 20775
11583 23955
11664 7900
11995 16140
12028 10969
12133 7900
12134 7900
12178 4396
12267 22469
12440 5445
12620 12558
12706 15465
12859 5459
12872 20303
13010 18815
13193 5002
13201 23969
13516 10969
13518 23955
13552 24140
14029 4501
14192 11061
14221 18845
15080 5014
15168 4260
15308 17629
15373 17561
15599 16717
15602 8117
15733 8016
15740 2863
15779 9256
15807 13555
15904 16140
15975 20122
16143 22113
16261 457
16421 462
16423 12558
16820 5966
16958 15316
17555 11150
17574 12558
17731 20071
17930 6225
17936 18814
17957 15669
18093 3823
18094 3823
18127 8744
18146 8830
18338 13555
18424 17831
18434 23969
18586 462
18892 13080
19008 10639
19026 20949
19160 16750
19174 18965
19228 23969
19460 5457
19464 8995
19576 11061
19745 16215
19774 4111
19779 13843
19964 3406
20129 3056
20480 11805
20610 4260
20747 461
20933 18168
21019 15678
21050 21050
21053 2088
21070 20251
21076 10915
21102 12959
21107 18815
21131 18212
21133 18845
21139 8143
21177 8032
21188 2845
21258 24140
21305 14544
21347 13032
21360 23969
21405 15465
21411 10977
21433 23934
21446 14764
21524 1079
21535 11001
21545 20186
21573 24347
21581 13487
21616 13487
21630 4193
21633 22567
21661 15909
21704 11427
21749 3395
21786 13843
21788 10302
21794 20251
21799 11150
21819 23969
21823 8117
21834 11199
21847 6979
21872 13643
21874 23980
21919 11261
21935 23969
21937 13843
21940 6402
21959 19127
21962 2834
21981 5751
21985 12041
21995 9830
22017 14336
22026 3540
22298 24140
22465 4800
22537 10639
22612 18208
22673 7114
22717 24462
22845 849
22972 3540
23062 16130
23063 1861
23102 2339
23119 14152
23119 20404
23167 24140
23193 3540
23292 15678
23359 1517
23515 23984
23685 12558
23831 5459
23845 18845
24171 5459
24236 5063
24360 8206
24380 7588
24526 3514
24560 11001
