24624 24624 94
598 23832
998 5610
1200 10182
1285 19079
1650 19781
1782 22873
1908 23832
1950 1950
2060 3464
2195 1806
2243 1709
2407 23832
3046 1709
3073 15415
3616 23832
4079 23832
4808 10148
4808 15224
4813 23832
4925 11425
5989 4572
6159 23832
6293 19777
6391 23832
6504 23832
6593 12686
6610 10013
6687 23832
6836 12686
7581 11952
7671 1706
8477 2325
8639 4691
8803 10180
9033 23832
9080 4572
9369 12685
9626 4691
9971 11952
10160 23832
10161 23832
10338 19781
10373 4937
10426 12685
10508 19805
10585 19974
10916 15415
10953 23832
10962 23832
11058 12685
11076 23832
11187 11425
11245 23832
11329 23832
11389 12686
11590 19556
11646 19556
12692 4350
12986 3622
13244 23832
13400 19078
13642 19079
13725 4937
14204 15243
14254 8606
14312 15415
14550 15237
15222 23832
15529 19784
16237 19974
16732 18945
16795 4350
16932 5610
17288 12686
17621 12686
18524 15239
18570 4572
18841 23832
19786 15237
19812 19556
20462 19471
20738 19805
21013 23832
21035 23832
22111 23832
23944 23832
24000 1706
24024 23832
24047 3622
24576 19781
24578 19781
24581 5610
24585 22862
24594 15243
