24624 24624 97
427 2016
477 2016
479 348
497 2016
504 348
593 2016
1255 348
1623 2016
1783 2016
2148 348
2823 2016
3245 2016
3572 348
3876 348
4059 2016
4060 2016
4436 348
5332 393
6174 2016
6227 348
6227 393
6594 348
6967 348
7086 348
7090 348
7539 393
7542 348
7545 348
7545 393
7546 348
7546 393
7547 348
7547 393
8787 348
8793 348
9515 348
10072 2016
11485 348
11487 348
12230 348
12980 348
13326 393
13330 393
13333 348
13334 348
13335 2016
14888 348
14914 348
14975 2016
14994 348
15086 348
15116 348
15129 2016
15203 348
15203 393
15233 348
15233 393
15475 348
16891 348
17483 2016
18431 348
18584 2016
18658 393
19210 2016
19492 348
19506 2016
19691 2016
19861 2016
19959 348
20148 2016
20411 2016
20518 348
20672 348
20713 2016
20714 2016
20715 2016
20716 2016
21004 2016
21036 348
21956 348
22166 348
22256 348
22532 348
22546 348
22887 348
22943 348
22943 393
23004 348
23116 348
23122 348
23414 393
23484 348
23514 348
24160 348
24481 2016
24483 348
24525 2016
