24624 24624 437
666 9676
698 12592
701 12592
709 12592
710 12592
795 12592
800 799
800 5719
824 12592
851 12592
877 12592
944 12592
1362 12592
1367 799
1367 5719
1382 12592
1383 12592
1431 12592
1435 12592
1474 12592
1587 799
1587 5719
1588 12592
1664 19056
1667 1089
1683 743
1686 799
1686 5719
1687 799
1687 5719
1711 12592
1713 12592
1779 9676
1825 12592
1843 9676
1844 12592
1849 12592
1853 12592
1914 12592
1962 12592
1978 18306
2042 12592
2044 12592
2045 12592
2064 12592
2065 12592
2139 12592
2210 12592
2271 2272
2338 12592
2634 12592
2635 12592
2655 12592
2656 12592
2710 799
2710 5719
2893 18306
2907 12592
3096 12592
3103 12592
3138 20466
3147 10194
3151 12592
3189 9676
3190 12592
3238 12592
3242 9676
3402 12592
3431 12592
3470 18306
3491 12592
3506 12592
3595 8756
3619 12592
3666 6713
3711 12592
3713 799
3713 5719
3750 3751
3786 12592
3912 9676
3931 12592
4000 12592
4035 9676
4072 16137
4185 22691
4274 12592
4275 6419
4287 16137
4387 9676
4391 12592
4394 12592
4420 743
4447 10194
4586 12592
4626 12592
4776 12592
4780 12592
4782 12592
4867 9676
4886 12592
4891 19004
4892 9676
4909 16429
4911 12592
4964 18306
4976 12592
5021 7113
5025 12592
5033 9676
5135 12592
5150 6419
5258 16137
5337 12592
5602 14252
5607 743
5623 18306
5683 12592
5732 9676
5747 12592
5748 12592
5815 12592
5870 12592
5932 12592
5933 9676
6117 12592
6118 12592
6119 12592
6146 9676
6239 12592
6309 12592
6310 12592
6433 12592
6440 12592
6475 12592
6535 22691
6538 12592
6617 12592
6631 1089
6661 743
6662 9915
6665 18306
6666 19033
6667 12592
6677 12592
6679 18306
6727 12592
6765 1850
6779 6713
6818 799
6818 5719
6819 799
6819 5719
6820 799
6820 5719
6821 799
6821 5719
6822 799
6822 5719
6823 799
6823 5719
6824 799
6824 5719
6825 12592
6828 12592
6838 6838
6840 17339
6842 12592
6844 12592
6845 12592
6849 16429
6850 7242
6851 9676
6852 12592
6853 7537
6860 12592
6871 12592
7138 12592
7177 12592
7501 6252
7505 9676
7795 12592
7894 12592
7934 12592
8120 18306
8294 12592
8327 12592
8373 12592
8394 799
8394 5719
8430 12592
8438 8437
8443 12592
8445 12592
8528 12592
8593 7537
8663 18306
8754 12592
8757 6419
8804 12592
8808 12592
8809 12592
8849 12592
9076 7113
9153 3681
9155 12592
9243 12592
9244 12592
9245 19033
9295 12592
9304 12592
9305 12592
9306 12592
9308 9676
9415 12592
9498 12592
9499 12592
9501 18306
9518 9676
9664 12592
9673 12592
9871 12592
9977 6713
10050 12592
10124 12592
10125 12592
10192 12592
10193 12592
11760 12592
12138 12592
12181 18306
12279 12592
12285 12286
12438 16429
12595 9676
12598 9676
12599 19056
12638 12592
12642 16137
12695 12592
12753 12592
12789 9676
13023 12592
13157 12592
13386 6713
13596 12592
13950 743
13951 743
13952 743
14025 16429
14133 12592
14161 12592
14172 12592
14175 12592
14220 7859
14233 18306
14235 12592
14236 12592
14249 12592
14251 12592
14396 12592
14397 14397
14399 6713
14403 12592
14404 12592
14405 12592
14545 12592
14611 12592
14739 12592
14750 12592
14751 12592
14834 12592
15076 12592
15141 12592
15193 12592
15285 12592
15327 12592
15329 12592
15340 12592
15343 12592
15347 12592
15355 12592
15561 22691
15582 12592
15637 12592
15640 12592
15656 12592
15657 2652
15735 12592
15745 22276
15782 12592
15783 12592
15792 16429
15814 12592
15825 12592
15829 12592
15861 9676
15866 12592
16099 12592
16149 18306
16270 22691
16276 12592
16277 12592
16280 6713
16281 6713
16282 6713
16283 6713
16288 12592
16311 12592
16313 22691
16347 4001
16350 12592
16360 12592
16363 12592
16367 12592
16372 12592
16390 12592
16391 16429
16392 12592
16451 12592
16601 12592
16623 12592
16673 12592
16681 12592
16812 3751
16813 12592
16878 12592
16879 18306
16881 12592
16897 12592
16901 12592
16902 22691
16908 12592
16909 799
16909 5719
16910 799
16910 5719
16956 12592
16957 12592
16964 12592
17009 9676
17014 12592
17031 12592
17086 12592
17094 9676
17256 9676
17292 12592
17321 12592
17322 12592
17324 12592
17325 12592
17326 12592
17328 12592
17331 16429
17332 12592
17341 7113
17386 12592
17388 12592
17390 12592
17612 12592
17678 12592
17769 18306
17770 22691
17788 18306
17900 12592
17944 12592
17952 12592
17956 16429
17960 12592
18381 12592
18467 12592
18468 12592
18948 5335
19025 12592
19051 16429
19052 18306
19142 12592
19418 16429
19539 12592
19738 12592
19935 16429
19971 18306
19981 12592
20005 18306
20006 12592
20027 12592
20043 22276
20053 799
20053 5719
20104 5023
20213 12592
20262 12592
20315 12592
20318 9676
20334 12592
20421 12592
20499 12592
20574 12592
20644 12592
20732 18306
20821 9676
20856 12592
20914 12592
20957 12592
22141 18306
22172 12592
22249 12592
22287 12592
22288 12592
22506 6295
22574 12592
22602 12592
22722 12592
22725 19056
22726 19056
22782 12592
22788 12592
22964 12592
22977 12592
22979 6419
22985 12592
23016 6713
23120 12592
23145 9676
23251 2272
23281 6713
24043 7537
24137 10194
24215 19056
24216 18306
24228 9676
24229 9676
24488 12592
24490 12592
24527 12592
24554 12592
24623 16429
