24624 24624 1144
3 17469
6 17469
10 475
34 1789
53 17718
98 17469
140 1789
140 3748
159 3748
317 17469
318 3748
342 17469
344 8554
345 19804
472 17469
517 17469
529 377
534 3748
568 1690
576 18262
612 8503
646 3748
675 3879
688 3748
691 7838
692 19686
827 17481
839 15074
850 4660
865 8503
880 15583
940 17469
942 17469
945 10108
959 3748
986 15240
1106 17472
1190 13351
1214 3748
1239 19873
1251 3748
1258 17469
1268 3748
1272 377
1275 17469
1296 17469
1296 19027
1345 13156
1426 3747
1427 3747
1429 19873
1461 3748
1464 19873
1568 15583
1579 17469
1590 3747
1591 3879
1604 17469
1624 20474
1632 1856
1657 381
1661 6238
1715 396
1770 13351
1797 17469
1812 17803
1836 17469
1923 6238
1960 2618
2010 17718
2081 10610
2098 17803
2146 475
2160 17469
2189 19873
2194 4466
2276 22889
2281 17469
2298 2297
2302 3879
2346 17469
2370 17469
2381 13020
2383 17469
2398 3748
2404 17469
2415 3748
2417 23006
2564 3748
2564 8503
2575 10610
2582 1789
2588 4465
2610 17481
2617 17469
2621 17469
2632 17469
2653 3748
2712 20153
2738 6238
2754 17469
2758 17469
2760 3879
2772 475
2802 2618
2804 17469
2841 17469
2846 3748
2853 3879
2858 7838
2862 475
2866 4386
2904 3748
2920 20474
2928 6494
2932 17803
2935 18106
2969 6335
2982 24143
2983 6238
2985 19804
2990 17469
2992 4386
3014 1965
3014 2645
3018 2618
3019 18534
3043 17469
3052 13469
3083 3748
3105 3105
3171 3748
3176 3748
3203 2332
3223 17718
3274 22892
3275 19804
3371 17469
3437 4036
3454 2618
3454 17469
3467 17469
3476 17469
3494 17469
3509 3748
3510 12843
3542 22412
3623 3748
3630 4386
3635 4029
3656 17469
3684 2297
3685 3748
3687 22520
3693 17469
3694 10304
3720 23610
3723 18262
3724 17469
3746 3748
3778 3748
3782 17469
3909 678
3921 3748
3955 3748
3970 23006
4016 3748
4065 17469
4117 3748
4137 17469
4144 17469
4148 20152
4154 4386
4165 17469
4197 22889
4207 17469
4208 17469
4245 17481
4264 17718
4312 3748
4327 6335
4328 4386
4366 3748
4430 18307
4434 17469
4439 15074
4444 9948
4451 17469
4475 24070
4492 3748
4523 17718
4539 17469
4547 17469
4548 11582
4552 8577
4553 8577
4554 17469
4594 17472
4618 20927
4665 17469
4673 3748
4715 7312
4728 3748
4729 17469
4772 7433
4786 3747
4802 3748
4843 475
4844 3748
4848 3748
4859 6238
4915 19873
5083 3747
5085 4386
5088 23610
5092 18534
5096 17469
5103 4386
5118 3747
5118 13351
5128 12843
5129 4386
5144 2618
5161 16132
5181 17469
5187 15074
5249 8503
5267 12843
5297 1789
5298 13156
5331 4466
5353 17469
5357 3748
5361 3748
5361 17469
5454 7838
5487 9948
5500 16892
5512 7312
5519 3748
5519 17469
5531 17469
5554 4386
5635 4386
5687 16892
5691 17469
5763 17012
5781 3748
5794 10280
5794 13351
5806 17469
5828 13514
5862 17469
5949 17469
5955 20682
5957 3748
5974 13351
5975 13351
5999 3747
6025 3748
6034 3748
6035 24143
6054 4386
6062 10108
6065 18262
6075 3879
6099 6335
6113 17469
6115 17469
6124 14796
6127 9089
6129 1690
6137 6494
6250 17469
6317 475
6317 17469
6345 2618
6387 17469
6421 6422
6434 3747
6465 19873
6482 20032
6493 2297
6556 3748
6559 19804
6613 6422
6696 3748
6783 3747
6788 19804
6794 3747
6806 7312
6815 4960
6815 17469
6891 7832
6892 3748
6892 6494
6904 3748
6912 6335
6916 17469
6919 7312
6923 17469
6947 378
6962 17903
6971 6653
7104 4386
7135 3748
7148 17469
7149 8503
7159 17469
7163 17469
7167 10108
7170 17481
7223 3748
7282 6335
7300 3748
7344 15074
7393 17469
7413 2297
7423 14624
7425 19693
7437 475
7448 4697
7490 4660
7535 3748
7692 17469
7713 3748
7745 17469
7760 13514
7760 19699
7765 17469
7785 17469
7794 13561
7816 19822
7898 2645
7908 7466
7911 16197
7945 4386
8002 17469
8039 3748
8068 17469
8084 17469
8118 3748
8161 17469
8195 17469
8203 17469
8203 17481
8231 6335
8232 4386
8243 3879
8243 17469
8256 17469
8262 3748
8264 3748
8264 17469
8268 6335
8281 17469
8289 14878
8295 6238
8308 17148
8323 10108
8381 20682
8455 4386
8459 4660
8460 3748
8504 4466
8507 17469
8525 13351
8600 1856
8621 23612
8641 8641
8665 7312
8702 678
8798 4386
8806 4960
8807 17718
8833 17284
8843 17469
8880 1026
8900 3748
8907 15262
8936 377
8951 16132
8959 3879
8961 4386
8962 17469
8976 17469
9054 3748
9056 17469
9059 17469
9082 17469
9097 3748
9101 381
9165 3748
9169 2297
9171 3748
9187 17481
9266 6238
9313 3748
9318 17469
9397 2618
9400 1769
9400 12843
9403 16720
9404 17469
9422 17469
9427 1690
9432 3879
9444 3748
9454 6422
9485 17469
9492 19027
9546 2991
9546 17469
9547 3879
9567 17469
9568 3748
9600 3748
9600 4386
9601 4386
9657 22889
9702 17469
9704 17469
9716 20152
9717 17469
9723 4386
9727 3748
9746 4386
9749 3748
9753 17469
9759 3747
9766 3748
9767 3748
9777 19027
9780 17481
9781 3748
9782 3748
9796 3748
9797 3748
9797 8503
9799 17469
9800 2297
9802 15074
9804 377
9805 3879
9807 19027
9814 3748
9816 17469
9820 4386
9821 3748
9826 3748
9854 4386
9880 17469
9968 1789
9986 24143
9989 3748
9991 16892
9992 17469
10059 1789
10066 12167
10074 3748
10187 1789
10213 17469
10214 4386
10217 20682
10229 1856
10229 17469
10319 14897
10342 3748
10414 3748
10439 475
10501 3748
10505 3748
10534 3748
10605 17469
10608 475
10652 17469
10661 3748
10662 4386
10666 475
10705 3879
10707 17469
10723 381
10738 3748
10738 4386
10741 1856
10772 17469
10789 3748
10789 17469
10792 12752
10883 2332
10931 3748
10956 20152
10987 24079
11004 3748
11063 4386
11063 13514
11092 24235
11104 17469
11104 20152
11106 3748
11168 7312
11241 377
11298 3748
11337 3748
11361 13514
11369 1856
11374 17469
11396 3748
11408 2919
11414 17469
11451 10610
11581 10108
11601 19704
11613 4465
11670 24143
11731 23612
11732 14588
11738 3748
11793 13469
11794 17469
11841 17469
11978 19892
11982 2297
11987 22889
11996 3748
12021 13412
12043 3748
12046 3748
12062 1789
12090 5767
12091 16886
12109 17469
12114 4386
12258 13351
12272 3748
12344 475
12369 22889
12372 7838
12395 22889
12419 14401
12431 1690
12443 3748
12506 7838
12526 17469
12544 17469
12557 4386
12561 17469
12602 17469
12624 3748
12629 3879
12670 6221
12711 5924
12717 10304
12730 2297
12733 22889
12772 3748
12857 4386
12858 4604
12898 1789
12900 12843
12902 10304
12904 17469
12905 13514
12909 24143
12912 4697
12916 5125
12919 3748
12925 3748
12929 475
12930 2618
12931 19804
12933 3748
12945 4465
12970 13351
12971 4386
12989 3748
13003 17469
13006 17469
13007 2297
13012 3748
13013 2297
13021 17469
13045 3747
13057 17469
13066 4466
13066 14588
13067 3748
13071 6494
13079 3748
13079 8828
13088 17469
13091 17469
13098 3748
13106 2618
13111 17469
13112 17469
13114 3748
13137 3748
13145 2645
13146 3748
13242 17469
13271 6335
13301 13351
13319 16892
13338 18464
13342 5924
13368 12843
13381 7312
13388 17718
13394 3748
13407 3748
13411 13351
13411 23006
13504 381
13522 22889
13525 22889
13528 17469
13543 17469
13568 16892
13660 17469
13679 3748
13690 3748
13766 6494
13837 17469
13922 12843
13992 10108
13994 3748
14000 17469
14019 13469
14061 17469
14088 23656
14107 3748
14114 3748
14188 3748
14188 17718
14215 3879
14228 1026
14237 19027
14241 3564
14241 19804
14248 3747
14267 22889
14286 7534
14299 6335
14350 3748
14392 3879
14414 17469
14415 17469
14562 3748
14628 20474
14663 12843
14684 475
14724 8554
14733 17481
14737 10108
14828 3748
14844 2297
14878 10108
14878 14878
14882 18464
14908 4386
14937 13351
14950 17469
14952 14952
14956 6238
14991 4466
15005 3748
15005 8503
15023 3748
15035 3748
15035 8503
15037 2919
15038 17469
15052 17469
15053 3748
15106 18266
15164 18464
15192 3748
15206 17472
15213 4465
15245 3748
15297 1690
15381 1856
15385 4386
15386 1856
15397 17469
15428 381
15446 3748
15478 3748
15523 3748
15605 13354
15607 12843
15610 3748
15614 3747
15616 4386
15632 17469
15638 4660
15638 6238
15708 3748
15726 13354
15730 17469
15731 17469
15738 17469
15739 4660
15761 3748
15773 3748
15805 19804
15822 17469
15830 17469
15833 3748
15877 1789
15877 17481
15883 4604
15897 10610
15901 4386
15980 17469
15993 3748
16003 3748
16006 17469
16013 3748
16032 3748
16051 17284
16078 3748
16116 475
16151 3747
16213 17469
16236 3748
16265 3748
16315 19822
16319 10108
16319 18262
16342 1856
16408 22889
16413 18534
16424 3748
16433 6238
16483 17469
16510 2618
16524 6238
16546 17472
16644 1856
16656 17469
16663 17469
16711 17469
16726 3748
16735 3879
16782 6238
16784 4604
16784 17469
16825 16197
16833 4386
16926 4386
16928 23143
16974 10108
16994 3748
16998 7551
17013 3748
17015 3748
17021 3748
17035 3747
17105 2645
17108 3748
17117 13351
17143 13351
17161 381
17164 3748
17166 8794
17169 1789
17170 3748
17183 4386
17218 3748
17265 3748
17335 7153
17338 17469
17362 3879
17372 22889
17396 3748
17425 1856
17446 3747
17449 3748
17517 17469
17523 12843
17598 1789
17626 19822
17631 17469
17700 17469
17720 17469
17746 16720
17749 6238
17786 3748
17850 3748
17850 8554
17852 3748
17873 3748
17904 13156
17915 10108
17928 18106
17935 1789
18022 3748
18051 3748
18063 3748
18072 19686
18090 17469
18099 17469
18116 16132
18160 17469
18195 17469
18213 17469
18223 17469
18257 2645
18264 1856
18264 17469
18275 17469
18279 3748
18291 17469
18388 381
18391 18391
18417 2297
18422 1789
18446 4036
18456 3748
18456 17469
18470 16132
18482 20152
18533 3748
18535 475
18542 15583
18553 17469
18558 4386
18571 17469
18589 20152
18608 17469
18628 13354
18697 17469
18703 17469
18729 7838
18750 17469
18808 17469
18818 3748
18873 3879
18925 19873
18989 377
18994 3748
19006 17469
19007 3748
19058 6238
19058 17903
19068 6238
19088 4660
19098 6238
19177 14856
19187 3747
19293 8503
19310 17469
19322 3748
19337 381
19340 2297
19354 3748
19367 19367
19372 3748
19384 3748
19384 5589
19396 17469
19410 18106
19443 12843
19453 17469
19455 3748
19496 17469
19499 19681
19503 475
19624 22892
19641 3748
19661 17469
19688 1856
19697 17469
19705 6238
19707 4386
19717 17472
19733 4386
19744 17469
19751 1690
19757 1789
19795 23143
19824 2618
19826 1789
19830 17469
19847 3748
19867 17469
19879 12843
19907 22412
19909 17469
19911 3748
19953 17469
19976 17469
19982 3879
20009 20017
20019 17469
20021 4660
20033 17469
20052 20052
20107 3748
20123 3748
20146 17469
20158 3748
20161 7551
20172 17469
20175 17148
20225 2645
20246 3748
20257 475
20363 3748
20390 22892
20392 4386
20393 3748
20400 3748
20409 4386
20423 3879
20424 3748
20453 17718
20476 13156
20477 17481
20486 3748
20502 17469
20505 3879
20508 1856
20522 3748
20560 3748
20590 17469
20605 13156
20637 17469
20662 17469
20685 12843
20729 13351
20763 3879
20776 19873
20781 3748
20839 1361
20909 2618
20952 17469
20979 3748
21003 17469
21009 5924
21018 22889
21021 13836
21028 17469
21046 15074
21048 3748
21052 5075
21061 17469
21065 17469
21071 19822
21077 17469
21100 3748
21101 1789
21117 475
21119 3748
21167 3879
21168 17469
21172 4386
21196 7312
21214 3748
21233 3748
21235 3748
21238 12752
21256 13156
21264 15583
21265 3879
21277 19027
21298 3748
21328 6238
21329 3748
21331 8503
21337 14588
21339 17469
21339 17718
21351 23612
21352 13020
21382 17469
21475 17718
21488 22711
21510 17472
21549 17469
21583 17469
21584 12843
21594 19686
21603 24471
21604 3748
21634 3748
21638 2167
21644 17469
21646 17469
21658 4386
21666 3748
21669 3748
21702 377
21702 14588
21723 5589
21727 22860
21800 2451
21809 3011
21809 16187
21820 475
21830 13412
21873 3748
21891 475
21898 17469
21909 3748
21909 17469
21927 17469
21934 21368
21954 3011
21960 22771
21965 3748
21969 17469
21992 13469
21992 15074
21992 24143
21993 19027
22023 17469
22037 3748
22040 17469
22059 4386
22078 6136
22092 3748
22095 17469
22114 475
22114 17481
22114 19027
22161 17469
22241 678
22251 1856
22253 1690
22254 18106
22311 17148
22317 23610
22326 18634
22365 17469
22378 17469
22414 22414
22453 24143
22458 22889
22527 3011
22555 4386
22558 10108
22614 2287
22623 17469
22624 4386
22630 3748
22631 17469
22632 17469
22662 19873
22687 17469
22698 17472
22708 3748
22777 17469
22815 12167
22820 3748
22827 6335
22830 2919
22831 16428
22844 5604
22848 24143
22850 17481
22851 3748
22853 15074
22858 4386
22871 20927
22957 17469
23031 17469
23110 6238
23124 17469
23131 3748
23135 16892
23135 19822
23163 15481
23170 1690
23224 3879
23332 19686
23353 19873
23502 17469
23529 17469
23540 17469
23544 17469
23548 24143
23575 17469
23575 17481
23605 3748
23624 17469
23662 3748
23678 2618
23681 3748
23686 17469
23700 17469
23708 2618
23711 2297
23715 12167
23716 22889
23790 16720
23795 3748
23797 4386
23799 17469
23807 4386
23815 4386
23821 13354
23836 4386
23839 17469
23849 7312
23852 17469
23877 3748
23879 17481
23880 3748
23880 17469
23884 17469
23889 3748
23899 17469
23911 7312
23918 3748
23953 20927
24038 2919
24059 3748
24060 475
24078 17903
24083 3879
24130 15338
24149 17469
24166 24143
24281 17469
24299 475
24301 24474
24302 17469
24350 17469
24354 17469
24356 17148
24358 1856
24362 17469
24369 6335
24375 16336
24386 17469
24390 17469
24395 381
24406 10304
24416 18534
24459 17469
24470 17718
