24624 24624 75
629 5611
629 13540
635 22790
717 19082
825 10114
841 22790
1477 19956
1555 8134
2315 10114
2394 22790
2433 22790
2449 12474
3208 19722
4363 22790
4811 8134
4812 8134
4997 8134
5227 22790
5465 22790
5536 20654
6019 22790
6287 8134
7219 17199
7579 4632
7978 12474
7979 12474
8072 19956
8639 8134
8925 8134
9137 8134
9150 8134
9285 8134
9850 22790
9953 8134
10104 19956
10362 8134
10560 7328
10908 8134
11102 19082
11230 22790
11334 8134
11694 8134
12049 8134
12050 8134
12481 19937
12485 19937
12496 19937
13417 7350
13559 17199
13685 8134
13692 22790
14309 8134
14444 19956
14921 3182
15893 22790
15934 19956
16472 22790
16737 8134
16945 20601
18805 12474
18954 10114
19331 10114
19449 19937
19526 10547
19853 19937
19854 19937
19855 19937
20242 22790
20634 14265
22145 12001
22658 10547
22809 8134
22995 8134
23088 19956
23519 22790
