24624 24624 45
1306 23122
2172 20699
2261 10294
2466 3825
2628 8653
3473 18292
3511 2218
3580 22491
4713 14340
5301 10009
5596 6549
5599 17760
5848 11400
6218 6217
6557 1163
7065 6217
7297 7365
7428 9969
8699 1810
8701 23161
9728 15359
9918 479
12354 10195
13600 479
13899 8653
14378 14378
14378 22921
14758 12075
14758 23161
14894 14893
15018 4060
15112 6217
15965 17412
16324 20373
18144 23176
18145 2062
18876 2062
18986 15456
19621 19622
20140 16310
21067 23237
21312 5854
21945 2218
22437 23161
22536 13273
