24624 24624 668
5 9438
8 4810
9 1841
10 3060
11 3214
34 11003
56 5914
309 6011
316 24454
321 3825
333 4369
509 17583
509 20885
511 5519
513 22232
515 5467
526 1697
531 4796
539 1281
558 15497
560 9840
579 17970
590 23029
694 15643
828 8851
829 23932
861 13612
902 22657
904 19525
1092 16551
1227 21141
1253 8641
1253 23168
1256 1910
1262 3056
1315 20391
1347 9730
1356 16210
1372 11215
1390 10604
1438 1105
1438 6333
1438 14280
1462 5225
1486 20071
1676 10492
1760 4883
1761 12344
2019 4798
2020 19065
2021 4798
2022 4798
2169 2860
2246 18732
2257 9438
2258 9438
2281 23245
2314 5065
2357 23304
2377 10874
2566 13802
2586 18687
2639 18413
2650 15385
2673 4210
2688 6536
2760 3055
2760 16735
2777 10294
2782 11156
2786 457
2915 14379
2915 17985
2937 11714
2988 18408
3023 18492
3123 13555
3142 10596
3146 16502
3198 10512
3204 23934
3258 9615
3396 3305
3472 14032
3475 19265
3505 13837
3507 11592
3585 9730
3586 3291
3630 8243
3634 9835
3684 15195
3686 11864
3689 6328
3698 22567
3731 17449
3744 23749
3762 1955
3777 6748
3909 22241
3969 5225
4052 10604
4052 13861
4056 5029
4057 16210
4163 11168
4176 3478
4176 19120
4478 22554
4488 22019
4551 4802
4598 14380
4621 1012
4668 11239
4670 9438
4672 970
4676 10798
4721 10294
4896 12442
4899 2430
4900 13784
4902 1000
4946 5085
4979 10352
5128 14663
5302 1957
5489 11800
5493 22449
5504 17970
5506 10913
5563 22677
5708 11204
5710 10682
5829 22730
5830 20305
5833 11430
5852 6923
5905 2737
5905 8039
5951 18349
5952 2876
5952 7238
5958 18349
5959 5977
5983 6381
5999 11472
6004 20435
6005 5065
6070 3520
6075 2737
6075 8039
6087 22395
6095 5166
6111 5174
6114 3795
6128 7831
6128 16546
6277 5519
6280 6280
6418 14964
6484 18021
6609 10621
6615 18492
6908 15643
6910 13853
6921 7238
6925 12699
6952 10604
6952 13861
6953 2088
7101 12130
7126 16210
7165 5398
7233 9730
7337 23749
7349 1105
7349 6333
7349 14280
7412 16725
7457 11003
7483 3227
7533 22232
7690 15834
7748 6746
7752 10679
7901 7901
8002 10832
8149 9059
8155 15558
8157 20950
8182 22306
8260 1296
8319 4684
8319 17959
8379 11863
8386 1773
8428 3060
8460 17787
8508 1910
8583 13959
8658 10474
8835 18600
8891 10287
8943 10798
8958 4125
9081 4883
9088 11863
9091 956
9101 1657
9101 22474
9102 22730
9164 6746
9262 20295
9264 3227
9315 23984
9345 10600
9364 22554
9385 8065
9388 11271
9395 9059
9398 10596
9399 10352
9401 778
9424 10881
9435 10191
9443 11070
9444 21632
9471 20512
9484 6536
9491 9059
9491 17569
9520 24460
9539 3884
9640 10294
9648 10574
9702 4729
9706 10596
9721 9022
9746 16295
9754 9438
9764 3825
9767 1000
9767 8536
9778 15834
9779 10881
9805 8243
9813 2876
9817 11599
9820 9600
9853 18811
9869 5065
9887 5225
9967 5352
9968 11003
9974 16721
9976 5118
9976 7278
9985 17579
9990 16549
9991 11112
10000 10798
10001 10752
10003 7473
10010 10722
10059 11003
10074 13733
10143 9730
10153 1910
10207 5416
10208 9840
10210 2145
10211 13782
10222 4200
10225 7393
10226 8065
10228 6536
10232 10191
10258 16214
10376 10832
10615 10621
10749 8709
10815 18910
11107 23968
11125 20730
11335 8709
11404 20775
11409 9554
11415 2658
11418 6431
11657 16841
11664 7900
11942 467
11995 16140
12035 8039
12091 16886
12092 603
12133 7900
12134 7900
12353 8487
12353 12677
12393 13998
12394 18413
12444 15558
12463 10832
12464 3055
12471 9438
12620 8065
12631 10759
12632 23132
12653 6536
12680 11746
12723 11227
12724 9438
12725 23245
12726 19750
12855 716
12872 20303
12876 15461
12924 8302
12949 5118
12960 9833
13017 10351
13041 5118
13046 1869
13096 22520
13099 19372
13109 2876
13115 16502
13116 8065
13116 23538
13118 10191
13120 2876
13128 18413
13130 10248
13131 7700
13133 14380
13143 11340
13193 5002
13201 23969
13408 10682
13455 945
13490 2860
13552 24140
13576 20522
13580 13802
14128 10352
14186 23246
14192 11061
14221 18845
14278 22019
14400 17569
14632 7685
14633 3227
14681 12043
14733 12489
14826 15643
14860 16886
14875 22554
14949 22657
14995 6697
14995 15646
15051 15558
15105 16210
15308 17629
15375 20522
15377 8748
15378 16210
15379 9840
15420 12043
15519 12745
15600 10294
15611 22591
15613 10798
15617 23240
15663 10682
15713 17670
15729 490
15738 18808
15793 467
15794 22554
15807 13555
15827 18021
15872 20633
15895 10352
15904 1945
15904 8783
15974 22657
15978 13186
15981 10714
16001 8065
16013 18808
16014 21723
16015 13861
16144 9010
16178 19065
16245 2860
16261 457
16316 4319
16316 15304
16352 10774
16375 4802
16407 24107
16413 5092
16421 462
16423 12558
16430 21723
16587 20971
16592 10351
16663 10888
16802 10352
16820 5966
16894 18598
17034 1296
17143 5118
17162 20071
17169 11003
17217 20311
17250 22019
17270 5457
17303 10682
17375 13998
17425 1704
17563 5646
17642 12296
17738 9059
17739 9622
17797 5225
17843 3012
17848 4684
17885 10563
17890 18022
17898 10604
17898 13861
17901 9840
17932 8302
17935 11003
18073 23245
18093 18811
18103 4111
18108 10294
18122 8065
18136 15643
18276 8302
18280 7278
18280 20730
18281 6536
18287 2860
18338 13555
18383 9730
18424 17831
18548 2860
18675 16217
18728 16860
18749 10913
18979 2840
18996 4200
19010 11112
19153 1523
19174 18965
19202 737
19342 15643
19359 5174
19391 23132
19393 23184
19396 16480
19401 11070
19402 5029
19460 5457
19486 19265
19489 13396
19502 2954
19502 9841
19505 13867
19513 10873
19532 3223
19534 10574
19576 11061
19656 10473
19683 10476
19706 20226
19707 4306
19745 16215
19757 6536
19762 6580
19763 20295
19770 20095
19772 10429
19773 14154
19774 4111
19837 6815
19840 14379
19888 22657
19896 8017
19976 3012
20025 23990
20036 10872
20129 3056
20156 7238
20178 20295
20344 9438
20345 23968
20409 9600
20414 10563
20424 24172
20585 3012
20588 1632
20598 22730
20607 2106
20762 7238
20870 21043
20929 8039
21019 15678
21028 18808
21042 3825
21050 21050
21053 2088
21074 15461
21094 7886
21102 12959
21112 13612
21133 18845
21139 8143
21161 1073
21173 2733
21188 2845
21190 16721
21224 5977
21242 18205
21251 1119
21252 22677
21258 24140
21260 1700
21270 15834
21290 2687
21297 15195
21302 24054
21343 10352
21347 13032
21363 13485
21389 4684
21390 9840
21401 8783
21419 14328
21432 4305
21446 14923
21477 11227
21481 11112
21504 11037
21511 6341
21524 1079
21524 17855
21536 19990
21560 8541
21561 6536
21579 4684
21583 9622
21586 23538
21588 8783
21591 11156
21597 16869
21600 23032
21608 8917
21609 10798
21630 4193
21633 22567
21653 1700
21661 10811
21661 15909
21662 23538
21685 1957
21688 22426
21695 21695
21697 6536
21698 16845
21724 16721
21765 8541
21783 23032
21788 10302
21805 5441
21833 24185
21834 11199
21847 6979
21848 5002
21872 13643
21919 11261
21920 17226
21949 6402
21958 12745
21959 19127
21964 6580
21966 3012
21989 6516
22026 3540
22040 4144
22049 19540
22061 1934
22066 24107
22085 8065
22089 9438
22208 24107
22209 15066
22253 15297
22294 1000
22298 24140
22401 23168
22456 23184
22458 2876
22465 4800
22468 22730
22623 20295
22635 10278
22643 10563
22717 24462
22719 6516
22778 20295
22840 19265
22841 9984
22972 3540
23063 1861
23102 2339
23167 24140
23193 3540
23203 11623
23253 8243
23354 11100
23359 1517
23468 4333
23545 4268
23595 18165
23615 14015
23650 11003
23661 2580
23662 1000
23662 8536
23684 23184
23710 12344
23786 20295
23795 8536
23801 3825
23807 1000
23810 737
23814 1000
23815 10355
23835 8116
23845 5002
23845 18845
23846 18349
23877 6556
23887 12043
23898 8065
23914 1085
24083 8243
24102 5012
24208 7945
24233 15297
24236 837
24278 14253
24300 18571
24351 13612
24359 14275
24360 8206
24367 15461
24371 2146
24373 12043
24382 23043
24387 10574
24389 24107
24577 22677
