24624 24624 487
21 8706
21 23766
22 23766
23 2484
23 2504
23 2515
26 2522
27 2515
29 2515
33 2522
33 19146
41 2522
43 2510
43 19145
46 2504
47 2504
48 2510
49 2504
49 2515
50 13278
52 2501
52 2522
55 2525
57 16284
60 2522
138 19548
139 2504
139 19299
139 19551
141 2505
141 2524
141 8706
142 2505
142 2524
142 8706
144 2504
144 2515
144 19299
145 8706
146 8706
147 2532
147 8706
147 19146
147 23766
148 8706
149 2484
150 1187
155 15687
156 15687
157 15687
158 15687
285 2512
289 2501
289 2522
290 2504
291 2522
293 2501
293 2522
294 23768
295 2522
299 19144
304 2483
304 2536
310 8706
311 8706
312 8706
313 2484
313 2504
313 2515
320 2510
322 2505
323 2510
323 2529
336 2537
337 8706
338 8706
353 2484
353 2515
354 2529
358 8706
360 2536
361 20836
362 22072
366 2484
366 2504
366 2515
366 2523
367 2506
367 2529
370 2510
371 8706
374 2510
375 15687
379 2504
379 2515
379 19144
379 19299
380 23766
383 2504
383 2532
384 2504
388 2504
388 2515
389 2489
389 8706
390 2504
390 19299
391 2522
392 16043
398 2510
399 2490
399 2507
407 8706
407 23602
408 2504
411 2515
411 2523
411 19144
412 2504
412 2515
413 13278
414 2504
414 19299
415 13346
419 2484
419 2504
420 2510
421 8706
422 2510
423 2484
423 2504
423 2515
423 22072
425 15687
465 22072
622 8706
622 19618
623 1187
760 2490
762 2504
770 19943
771 19943
874 1187
892 8706
893 8706
989 2530
1124 7373
1125 24164
1173 2490
1289 19943
1493 1890
1526 2524
1534 8706
1614 23602
1615 13027
1720 19549
1893 2490
1907 2490
1909 23766
1946 2533
1951 13346
2008 16272
2124 2492
2477 2497
2477 19144
2477 22072
2478 2504
2478 2515
2478 19144
2478 19299
2723 2541
2723 19813
2962 2522
3163 23766
3165 19143
3421 16044
3599 2490
3859 8706
3860 8706
4089 2532
4120 2504
4120 2515
4141 15687
4166 2539
4498 23601
4601 8706
4601 16044
4659 8706
4681 16044
4698 2510
4698 5572
4813 23602
4936 19545
4998 19549
5202 8706
5214 2504
5214 19299
5400 23602
5425 8706
5479 8706
6067 23766
6288 23280
6363 13346
6363 23768
6365 23602
6378 4629
6399 22072
6412 19299
6710 15687
6710 19943
6714 8132
6718 2490
6721 19549
6722 2490
6723 2490
6724 2530
6724 8132
6726 2490
6753 2490
6756 2490
6756 8132
6757 8132
6757 15687
6758 2490
6758 15687
7628 2516
7640 23601
7668 8706
7673 2490
7675 2502
7725 2530
7725 8132
7725 19549
8028 8132
8029 2490
8029 19549
8059 2522
8064 23602
8066 2513
8099 2516
8122 2541
8123 8132
8509 2543
8509 13278
8537 2538
8537 23535
8723 20836
8734 2493
8770 19549
8772 2490
8796 8706
8913 19549
8913 24164
8931 15687
8932 2490
8932 15687
8952 2530
8952 2543
8952 8132
8979 19813
8984 2541
9004 8706
9026 2490
9029 2482
9029 2493
9029 2494
9029 2516
9074 19143
9129 15687
9130 15687
9133 2541
9138 8132
9179 8132
9182 2490
9182 15687
9194 15418
9238 2528
9238 19544
9239 2504
9240 2522
9251 19549
9254 2490
9274 19549
9276 23280
9279 2490
9507 15832
9507 23768
9525 8132
9594 16972
9596 19813
9694 1187
9874 186
9874 7974
10164 23602
10165 2504
10165 19299
10167 23602
10241 15687
10324 23602
10360 4629
10360 23766
10398 8706
10410 23602
10430 2504
10430 19551
10444 23766
10450 2490
10471 15418
10535 19545
10651 8706
10822 2490
10823 8132
10826 2490
10826 8132
10902 2490
10919 8706
10925 23602
10936 2484
10936 2504
10936 19299
10963 2504
10963 19299
10978 2504
10979 1771
10988 1771
10995 2522
11014 2490
11029 2504
11029 2520
11067 23602
11081 23602
11157 2532
11217 23602
11292 13346
11292 19143
11379 2490
11636 2490
11636 2541
11679 2490
11683 2490
11685 2490
11701 2543
11701 8132
12106 13346
12184 7373
12184 8132
12184 13278
12187 2490
12187 20836
12193 8706
12388 23766
12388 23768
12554 8132
12657 3152
13075 2504
13075 2515
13200 2490
13200 15687
13205 23603
13213 2490
13213 15687
13298 19549
13339 2509
13512 18582
13721 8706
13722 8706
14155 2502
14187 3660
14366 186
14366 194
14367 2500
14696 8706
14696 19618
14929 15687
15067 2504
15067 2510
15414 8706
15414 15418
15596 2490
15681 8706
15899 2541
16086 2490
16163 2543
16272 2351
16321 23192
16500 15687
16500 19943
16511 2490
16515 8706
16541 2490
16545 20836
16654 24164
16747 2541
16862 1771
16862 19299
16877 23602
16942 4629
16947 2541
17103 2501
17521 19143
17546 2351
17580 8706
17596 2490
17707 19943
17810 8706
17813 23768
17828 2541
17997 23602
18001 2513
18016 23602
18024 1771
18024 2504
18024 19299
18039 2530
18151 8706
18181 8132
18183 15687
18193 23602
18241 59
18346 23280
18410 15687
18440 2514
18496 15687
18522 8132
18529 2543
18529 8132
18529 13278
18529 19549
18620 7307
18852 2493
18857 2513
18857 22525
18859 1771
19436 13346
19436 15687
19640 16046
19647 23535
19648 2531
20127 19299
20190 19143
20253 8706
20254 23602
20307 8706
20342 19299
20582 4723
20621 2490
22071 2522
22110 2504
22139 2504
22636 2482
22636 2494
22636 2516
22644 10065
22876 8706
22878 8706
22882 8706
22883 8706
23000 8706
23001 8706
23002 8706
23005 16042
23007 19813
23008 8706
23009 8706
23010 8706
23089 23280
23136 2504
23309 143
23563 2490
23582 19149
23584 8132
23696 13346
23737 2490
23739 2481
23742 8132
23744 2490
23926 8132
23951 2504
23951 19299
23971 2504
23971 19299
24019 19299
24115 19549
24203 2501
24203 2522
24246 2530
24405 8706
