24624 24624 270
25 21186
39 22892
308 22892
341 1300
341 22892
468 4649
544 22892
814 22892
1314 22892
1399 22892
1453 22892
1485 2218
1673 22892
2023 21186
2040 16454
2134 17470
2181 17457
2248 22892
2259 12975
2283 22892
2609 22892
2870 22892
2881 19512
2979 16036
3076 2218
3262 22984
3325 22892
3333 22892
3744 22892
3762 22892
3890 22892
3903 2029
3915 22892
3942 4648
4073 22892
4174 22892
4238 7829
4241 22892
4463 22572
4476 22892
4621 22892
4766 6236
5195 12975
5511 22892
5535 21186
5694 1300
5711 22892
5716 20742
5739 22892
5927 21186
6098 2029
6158 22892
6175 22892
6511 8545
6879 22892
6933 22892
7394 16454
7402 22892
7421 22892
7526 22892
7654 20742
7718 2218
8003 21952
8160 22892
8604 22892
8645 8545
8705 24480
8710 22892
8867 22892
8946 22892
9053 22892
9067 2029
9104 22892
9186 22892
9551 15360
9557 6236
9559 22892
9775 13416
9788 8419
9818 8545
9873 22892
9990 22892
10039 4493
10058 16454
10188 22892
10218 22892
10233 22892
10669 4493
10670 22892
10736 22892
10743 22892
11107 22892
11248 22892
11627 22320
11628 22320
11929 8545
11929 22892
11939 22320
12010 14117
12011 14117
12276 6236
12354 10195
12460 22892
12628 2029
12748 19850
12807 22892
12871 22892
13052 22892
13101 6236
13191 2029
13201 22892
13372 22892
13520 2218
13523 22892
13897 13898
13899 13898
14035 1300
14035 22892
14191 22892
14594 21250
14639 21186
14675 22892
14685 21250
14782 474
14782 4493
14910 14117
14962 4493
15012 22572
15027 14117
15049 22892
15075 22892
15521 22892
15608 16454
15622 12980
15823 7779
16054 22892
16177 22892
16178 22892
16338 23146
16373 22892
16820 22892
16822 19091
16922 2079
16999 22892
17033 22892
17274 22892
17355 6602
17363 7779
17387 4649
17389 23146
17552 22892
17780 10202
17978 12975
18092 22892
18906 4649
18907 17457
18988 22892
19024 22892
19111 22892
19150 7548
19158 6236
19279 13416
19321 22892
19405 22892
19504 22892
19625 22892
19666 22892
19696 22892
19703 22320
20026 22892
20124 7548
20143 15360
20149 6236
20343 22866
20345 22892
20351 2218
20387 22892
20511 20742
20521 16454
20525 21186
20536 13416
20744 7829
20958 2029
21094 2029
21098 22892
21128 22892
21145 22892
21162 22892
21170 22892
21182 22892
21193 22892
21200 22892
21217 22892
21221 16454
21226 22892
21237 21186
21244 22892
21260 22892
21273 2218
21279 22866
21284 2029
21319 22892
21349 22892
21365 22892
21379 16454
21392 5287
21395 2218
21398 4649
21429 24262
21433 6236
21438 22892
21440 22892
21443 4493
21452 22892
21457 22892
21471 8545
21473 22892
21474 21474
21479 22892
21485 16036
21485 22892
21493 6236
21516 22892
21524 10202
21539 22892
21554 12328
21592 6236
21600 2029
21601 16454
21615 2029
21618 2029
21653 2029
21689 4435
21715 22892
21720 24262
21744 19091
21752 10202
21779 22892
21799 8419
21806 21250
21817 2029
21826 22892
21886 5545
21892 16454
21896 2218
21918 8545
21918 22892
21945 2218
21949 22892
21978 5545
22003 13416
22296 22892
22298 14118
22312 17470
22341 18727
22457 2029
22530 6602
22832 8419
22834 19091
22842 15363
22846 12328
22972 3540
23707 22892
23800 2218
23827 22892
23856 21186
23894 2029
24073 22892
24397 21250
24407 16454
