24624 24624 248
68 5672
68 18401
77 7936
84 5450
84 7936
84 8214
84 10991
118 3791
118 4592
118 16443
187 17526
210 13230
210 19263
210 24592
248 1702
248 15496
248 16334
281 5154
281 16987
3578 13639
12806 20498
12809 1722
12809 5386
12809 5910
12809 6927
12809 10260
12809 10262
12809 14447
12809 14879
12809 17527
12809 19593
12810 4829
12810 5424
12810 5801
12810 6428
12810 6700
12810 11436
12810 13095
12810 13644
12810 13703
12810 13750
12810 14515
12810 17856
12810 18539
12810 23957
12810 24540
12811 1032
12811 1159
12811 3157
12811 3409
12811 4379
12811 4829
12811 5042
12811 5797
12811 6428
12811 7808
12811 8450
12811 8860
12811 9828
12811 11363
12811 12159
12811 12571
12811 12684
12811 13834
12811 13869
12811 14359
12811 14515
12811 14879
12811 15551
12811 15580
12811 16094
12811 16567
12811 18541
12811 20056
12811 20208
12811 22183
12811 23957
12811 24248
12811 24326
12813 5259
12813 10976
12813 11444
12813 15477
12815 1068
12815 3312
12815 4814
12815 10537
12815 10540
12815 10882
12815 11405
12818 4973
12818 5414
12818 6978
12818 8018
12818 13161
12819 1046
12819 2355
12819 2385
12819 4339
12819 6202
12819 10204
12819 13161
12819 20187
12819 24561
12820 5657
12820 10744
12820 11907
12820 15180
12820 17833
12820 20432
12820 22285
12820 22335
12821 1878
12821 6291
12821 7182
12821 7183
12821 7247
12821 8241
12821 8811
12821 8812
12821 9041
12821 9970
12821 12654
12821 13819
12821 14139
12821 14140
12821 14142
12821 14150
12821 14700
12821 14701
12821 14704
12821 14719
12821 15322
12821 19330
12821 23026
12821 24264
12822 8241
12822 14704
12822 14719
12822 15322
12822 18709
12822 24264
12823 1879
12823 2322
12823 2622
12823 6383
12823 10201
12823 11283
12823 14700
12823 14701
12823 14718
12823 14851
12823 15259
12823 18708
12824 1061
12824 9895
12824 13464
12824 19241
12824 23019
12825 5213
12825 13464
12825 18119
12825 23319
12832 1413
12832 3107
12832 3722
12832 5881
12832 5887
12832 5890
12832 7290
12832 12014
12832 13495
12832 15879
12832 16234
12832 17535
12832 19247
12832 19248
12832 19274
12832 23290
12833 844
12833 1058
12833 1510
12833 1518
12833 1969
12833 3157
12833 5884
12833 6588
12833 7806
12833 7849
12833 10186
12833 10695
12833 11436
12833 12015
12833 12119
12833 13637
12833 14091
12833 16570
12833 16987
12833 18380
12833 22384
12833 24307
12833 24309
12836 1042
12836 1046
12836 2975
12836 3107
12836 6090
12836 6186
12836 6835
12836 14535
12836 14673
12836 20189
12836 23374
12836 24617
12837 1307
12837 5230
12837 6186
12837 6187
12837 6346
12837 7324
12837 9909
12837 13814
12837 14536
12837 14673
12837 14699
12837 15320
12837 15321
12837 15534
12837 15537
12837 15778
12837 19702
12837 20072
12837 23374
12838 5204
12838 7684
12838 7687
12838 10577
12838 13658
12838 22678
12842 7852
12842 10283
12842 10897
12842 12217
12842 19231
12842 19619
12842 20812
22011 976
22011 1697
