24624 24624 986
1 6630
25 6630
300 6630
307 6630
307 12115
308 6630
355 6630
368 6630
405 6630
468 6630
477 6630
504 6630
505 6630
509 6630
515 6630
518 6630
520 6630
527 6630
528 6630
543 12115
548 6630
565 6630
567 6630
585 6630
588 6630
637 6630
637 23728
677 6630
700 6630
706 6630
706 10545
706 12115
711 12115
789 6630
817 8820
820 6630
833 6630
889 6630
889 12115
904 3118
919 7329
935 6630
1216 6630
1222 10029
1236 6630
1240 6630
1240 7329
1241 12115
1249 6630
1255 6630
1311 12115
1351 6630
1351 7329
1396 6630
1398 6630
1457 6630
1607 6630
1774 6630
1786 6630
1842 6630
1886 1887
1889 1887
1981 6630
1996 10545
2049 6630
2049 12396
2052 6630
2055 6630
2056 6630
2098 12396
2184 6630
2220 6630
2222 6630
2226 6201
2226 6630
2227 12115
2237 3465
2239 3465
2241 6630
2263 6630
2264 6630
2275 10545
2303 12115
2371 10029
2453 2454
2461 10029
2544 6630
2571 6630
2590 2152
2608 6630
2614 6630
2616 6630
2642 6630
2677 6630
2751 6630
2757 6630
2766 6630
2803 12115
2808 6630
2812 12115
2933 6630
2956 12115
2957 6630
2996 6630
2997 6630
2998 6630
3000 6630
3005 6630
3008 6630
3010 6630
3038 12115
3140 6630
3141 6630
3174 6630
3205 6630
3248 6630
3253 6630
3280 6630
3324 12115
3326 12115
3327 6630
3332 7329
3356 6630
3368 6630
3370 6630
3442 6630
3451 6630
3451 7329
3469 6630
3481 6630
3502 6630
3508 6630
3545 6630
3566 6630
3566 10545
3620 6630
3626 6630
3631 6630
3663 6630
3674 6630
3732 12115
3761 6630
3762 6630
3763 6630
3828 6630
3840 6630
3854 6630
3876 6630
3881 6630
3903 6630
3907 6630
3913 6630
3965 12396
4030 10029
4062 6630
4063 6630
4063 7329
4102 6630
4153 6630
4172 6630
4198 6630
4226 6630
4244 6630
4255 6630
4357 1887
4357 3465
4442 6630
4442 10545
4445 4445
4445 10029
4463 6630
4476 6630
4503 7329
4580 6630
4599 6630
4621 6630
4632 6630
4640 6630
4672 6630
4737 6630
4743 6630
4781 6630
4904 6630
4906 12115
4954 6630
4977 6630
4979 6630
4990 6630
5059 7329
5076 6630
5162 12115
5188 12115
5195 6630
5296 6630
5299 6630
5551 10545
5562 6630
5624 10545
5650 6630
5686 6630
5693 6630
5694 6630
5712 12115
5720 6630
5733 6630
5777 3465
5850 6630
5863 6630
5909 7329
5926 7329
5930 6630
5930 7329
5931 6630
5938 1887
6064 6630
6079 6630
6098 6630
6108 7329
6114 6630
6116 6630
6132 6630
6225 6630
6226 3465
6226 6630
6226 10029
6226 12115
6453 6630
6521 6630
6555 3465
6594 6630
6600 6630
6775 6630
6809 7329
6813 6630
6813 7329
6861 3465
6861 6630
6909 12115
6917 6630
6917 7329
6925 6630
6940 6630
6950 12115
6973 6630
7086 6630
7103 6630
7133 6630
7147 6630
7169 6630
7193 6630
7194 6630
7195 12115
7196 6630
7198 6630
7208 6630
7230 6630
7306 6630
7323 6630
7328 2152
7330 6630
7333 6630
7334 6630
7338 6630
7359 6630
7362 6630
7379 6630
7395 6630
7407 6630
7454 6630
7459 6630
7478 6630
7484 6630
7495 6630
7513 6630
7523 6630
7524 6630
7538 6630
7545 6630
7546 6630
7547 6630
7720 6630
7751 6630
7768 6630
7778 12115
7786 6630
7800 6630
7800 7329
7858 6630
7858 9952
7871 6630
7916 6630
7926 10545
7987 6630
7987 10545
8003 6630
8092 6630
8391 12115
8403 6630
8414 6630
8456 6630
8497 10029
8585 6630
8612 6630
8626 6630
8655 6630
8679 6630
8682 6630
8711 6630
8717 7329
8778 12115
8817 6630
8864 6630
8878 10545
8893 6630
8893 7329
8894 6630
8894 7329
8903 6630
8948 12115
8985 6630
9025 6630
9048 10545
9061 6630
9105 6630
9114 6630
9123 6630
9141 6630
9159 6630
9161 6630
9168 12115
9246 12115
9292 10545
9334 6630
9377 7329
9377 9952
9408 6630
9435 6630
9446 6630
9454 6630
9464 6630
9495 12115
9514 6630
9515 6630
9530 6630
9541 6630
9545 6630
9545 10545
9545 12115
9549 6630
9566 6630
9571 6630
9573 6630
9634 6630
9729 6630
9729 7329
9731 6630
9737 6630
9765 6630
9765 7329
9792 6630
9795 12115
9846 7329
9853 6630
9856 2152
9870 6630
9873 6630
9884 12115
9888 6630
9889 6630
9919 7329
9920 6630
9920 7329
9921 6630
9921 7329
9951 6630
9955 6630
9955 7329
9985 6630
10003 6630
10008 7329
10017 6630
10026 10029
10042 12115
10061 6630
10062 6630
10070 10029
10070 12115
10076 6630
10114 1887
10122 12115
10138 6630
10140 6630
10179 10029
10181 6630
10210 6630
10215 7329
10218 6630
10226 6630
10231 6630
10233 6630
10240 6630
10240 10545
10240 12115
10526 12115
10542 10545
10543 10545
10546 10545
10547 6630
10547 10545
10548 6630
10548 10545
10815 6630
10840 7329
10878 6630
11232 6630
11339 6630
11404 10545
11411 6630
11485 12115
11487 10029
11487 12115
11569 6630
11659 6630
11713 6630
11717 6630
11717 12396
11759 6630
11839 6630
11876 6630
11972 12115
11997 6630
12010 19628
12011 19628
12033 12115
12111 12115
12192 10029
12232 6630
12267 6630
12267 7329
12305 6630
12305 10029
12334 6630
12367 6630
12540 3118
12543 6630
12617 12115
12618 12115
12635 6630
12651 6630
12672 6630
12681 10545
12700 12115
12738 6630
12747 6630
12784 12115
12797 6630
12797 7329
12855 6630
12902 6630
12914 6630
12928 6630
12935 6630
13010 6630
13104 10545
13105 10029
13217 6630
13250 6630
13250 7329
13366 6630
13369 6630
13399 6630
13399 7329
13444 6630
13444 10545
13473 6630
13476 10029
13477 10029
13506 12115
13518 6630
13567 12115
13570 7329
13600 7329
13953 12115
13966 6630
14039 6630
14127 6630
14148 6630
14231 6630
14297 12396
14590 6630
14595 10545
14635 12115
14665 6630
14727 6630
14741 6630
14754 6630
14772 10545
14786 6630
14853 6630
14888 6630
14922 6630
14940 6630
14970 6630
14981 6630
14981 10029
15014 7329
15024 6630
15024 7329
15032 6630
15042 6630
15044 6630
15059 6630
15079 15079
15154 7329
15168 6630
15178 6630
15233 6630
15235 6630
15244 6630
15353 6630
15359 6630
15359 7329
15361 6630
15394 6630
15444 6630
15475 6630
15475 7329
15521 6630
15564 6630
15564 7329
15612 6630
15619 6630
15658 12115
15709 6630
15717 6630
15721 2152
15722 6630
15747 6630
15885 6630
15889 6630
15903 6630
15904 6630
15975 6630
15994 12115
16000 6630
16004 6630
16004 7329
16005 6630
16035 6630
16054 6630
16056 6630
16085 6630
16101 6630
16102 6630
16143 6630
16179 6630
16181 6630
16209 6630
16222 6630
16222 10545
16223 6630
16223 7329
16228 6630
16256 12115
16271 6630
16300 6630
16300 10545
16322 6630
16338 6630
16397 6630
16405 6630
16405 7329
16431 6630
16642 6630
16842 6630
16891 6630
16918 12115
16925 6630
16971 12115
16981 6630
16981 7329
16982 6630
16982 7329
16996 6630
17028 6630
17041 6630
17042 6630
17054 6630
17101 6630
17156 6630
17244 6630
17249 7329
17252 10545
17270 6630
17271 6630
17274 6630
17330 6630
17363 6630
17365 6630
17389 6630
17408 6630
17413 6630
17459 6630
17473 6630
17485 6630
17486 6630
17487 6630
17515 6630
17524 6630
17524 10545
17552 6630
17554 6630
17574 6630
17607 6630
17654 6630
17723 6630
17735 12115
17750 6630
17758 6630
17764 6630
17783 6630
17840 6630
17841 6630
17841 12115
17887 12115
17888 6630
17917 6630
17919 6630
17930 6630
18058 6630
18065 6630
18098 6630
18115 6630
18150 6630
18354 6630
18386 6630
18387 6630
18431 6630
18497 6630
18551 6630
18579 2152
18581 6630
18584 6630
18652 6630
18652 10545
18683 6630
18756 6630
18756 7329
18760 6630
18913 6630
18928 6630
18968 10029
18978 6630
19005 6630
19022 6630
19026 6630
19089 6630
19096 6630
19108 6630
19151 6630
19158 6630
19159 12115
19170 6630
19189 6630
19217 6630
19222 12115
19228 6630
19279 6630
19281 6630
19283 6630
19368 6630
19379 6630
19380 6630
19406 6630
19462 10545
19479 6630
19555 6630
19562 6630
19563 6630
19569 6630
19579 6630
19599 6630
19649 6630
19666 6630
19674 6630
19677 6630
19685 6630
19695 6630
19701 6630
19755 6630
19797 6630
19811 6630
19811 23728
19820 6630
19821 6630
19823 6630
19825 6630
19843 6630
19861 6630
19900 12115
19937 12115
20031 6630
20036 6630
20059 6630
20060 6630
20065 6630
20124 3118
20136 6630
20148 6630
20149 6630
20159 6630
20354 6630
20355 6630
20371 6630
20395 8134
20411 6630
20478 12115
20481 6630
20534 20533
20589 6630
20603 6630
20641 6630
20641 10545
20687 6630
20766 6630
20779 6630
20780 6630
20815 6630
20846 6630
20850 10545
20861 7329
20863 12115
20892 6630
20892 7329
20901 6630
20928 6630
20997 6630
21040 6630
21044 6630
21047 6630
21048 6630
21058 6630
21058 8820
21072 6630
21083 6630
21095 6630
21106 6630
21108 6630
21109 6630
21110 6630
21124 6630
21126 6630
21128 6630
21144 6630
21150 6630
21157 6630
21161 7350
21162 6630
21163 6630
21164 6630
21165 6630
21176 6630
21179 6630
21180 6630
21182 6630
21192 6630
21197 6630
21201 6630
21208 6630
21218 6630
21220 6630
21230 6630
21234 6630
21241 6630
21244 6630
21246 6630
21251 6630
21259 6630
21260 6630
21261 6630
21267 6630
21268 6630
21273 6630
21282 6630
21286 10545
21299 6630
21307 6630
21308 6630
21310 6630
21311 6630
21320 6630
21343 6630
21348 6630
21356 6630
21372 6630
21375 6630
21380 6630
21387 6630
21394 6630
21396 6630
21401 6630
21406 6630
21409 6630
21413 6630
21423 6630
21430 6630
21434 6630
21435 6630
21437 6630
21441 12115
21442 6630
21450 6630
21451 6630
21464 6630
21465 6630
21479 6630
21486 6630
21489 6630
21493 6630
21514 6630
21515 6630
21521 6630
21540 12115
21545 6630
21546 6630
21550 10545
21555 6630
21569 7329
21582 6630
21602 6630
21622 6630
21631 6630
21657 6630
21660 6630
21664 6630
21668 6630
21694 6630
21701 6630
21707 6630
21715 6630
21736 6630
21753 6630
21766 6630
21769 6630
21771 6630
21772 6630
21776 6630
21782 6630
21785 6630
21786 6630
21793 6630
21796 6630
21801 6630
21802 6630
21804 6630
21810 6630
21813 6630
21817 6630
21825 6630
21839 6630
21841 6630
21846 6630
21847 6630
21854 6630
21862 6630
21869 6630
21879 6630
21890 6630
21897 6630
21901 6630
21906 6630
21907 6630
21911 6630
21916 6630
21917 6630
21920 6630
21929 6630
21931 6630
21944 6630
21953 8134
21956 6630
21957 6630
21972 6630
21976 6630
21977 6630
21977 7329
21991 6630
22009 6630
22032 6630
22049 6630
22063 6630
22160 6630
22166 6630
22167 12115
22173 6630
22255 6630
22263 6630
22282 6630
22314 6630
22341 6630
22371 6630
22394 6630
22394 10545
22454 6630
22454 7329
22457 6630
22459 6630
22495 10545
22529 6630
22545 6630
22547 6630
22597 6630
22612 6630
22618 6630
22626 6630
22642 6630
22669 2454
22669 6630
22705 12115
22739 6630
22798 2152
22803 6630
22821 6630
22832 6630
22838 6630
22874 6630
22958 6630
22987 10545
23013 10545
23053 12115
23066 10545
23157 6630
23164 6630
23169 10545
23194 6630
23247 6630
23294 12776
23354 6630
23358 6630
23383 6630
23475 6630
23484 6630
23526 6630
23615 6630
23646 6630
23655 6630
23679 6630
23680 12115
23726 6630
23726 23728
23727 23728
23812 6630
23816 6630
23894 6630
23907 6630
23909 12115
24097 6630
24105 6630
24128 6630
24142 6630
24144 6630
24153 12115
24154 6630
24157 6630
24160 6630
24160 10029
24181 6630
24197 12115
24200 6630
24200 10545
24244 6630
24277 6630
24289 6630
24290 12115
24328 6630
24337 12115
24379 6630
24382 6630
24397 6630
24413 6630
24482 6630
24483 6630
24487 8134
24498 10545
24521 6630
24535 6630
