24624 24624 103
376 15363
403 20903
595 479
1306 23122
1351 479
1425 22943
1457 2218
2224 2220
2561 479
2776 15360
3076 2218
3076 4060
3332 479
3511 21210
3671 22943
3759 473
3759 11485
3759 20903
4787 23122
5019 20905
5689 23122
5765 5332
5820 18576
5820 18577
5909 479
5930 479
6108 479
7367 3545
7367 4060
7717 15363
7963 23122
8456 14888
8717 479
9321 2218
9465 14117
9728 15359
9765 479
9918 479
9919 479
9920 479
10008 479
10042 15086
10521 473
10729 15363
11410 23514
12243 22943
12273 473
12681 7771
13100 8846
13397 479
13600 479
14616 15363
14909 15363
15014 479
15024 479
15026 2218
15154 479
16287 479
16982 479
17038 3545
17076 4060
17138 14117
17249 479
17258 15363
17344 15363
17367 479
17368 11485
17888 2218
17888 2220
18082 7771
18447 23514
18667 7542
18888 479
19105 23122
19222 11485
19559 18618
19675 21210
20130 12473
20143 15360
20850 15571
20861 479
21135 15363
21212 2218
21240 15363
21293 15363
21322 15363
21431 8846
21569 479
21582 14888
21725 14888
21746 15363
21842 23514
21945 2218
21975 15363
21977 479
22454 479
22497 15363
22822 17551
22839 23514
22842 15363
23062 11642
23169 7771
24237 11642
