24624 24624 59
426 24480
2220 2218
2222 2218
2372 5876
3245 12932
3245 19694
3587 7993
4427 4426
5735 22609
6195 12259
6964 492
7539 7541
7544 7541
7545 7541
7546 7541
7547 7541
7701 2218
7701 19694
8545 15114
8545 22892
9391 19694
10072 10072
11480 4582
11536 12689
11539 15114
12932 19694
13326 4866
13326 15114
13330 19690
13331 23155
13335 23155
15116 15114
15128 6184
15203 7541
17519 8517
17931 5841
19498 492
19690 19694
19691 19694
19692 20908
19712 4938
19996 4158
20627 15114
20849 15571
20903 14118
20905 20906
20907 20906
21210 12932
21738 19694
22669 20906
22886 15114
22887 15114
23069 12093
23324 3567
23445 15114
23464 15114
23776 23775
24481 24480
24482 24480
