24624 24624 72
17 19996
900 1300
980 2218
1456 2218
2056 22572
2955 13898
3758 496
4734 19325
4778 2218
4888 2218
4992 15114
5574 2218
5574 15966
6092 1300
6093 4649
6471 23122
6619 23122
7094 2218
7222 12787
7530 496
7770 429
8183 3546
8456 19325
8668 20023
8985 3546
9220 19037
9291 14783
9291 20023
10688 4649
11626 22320
12010 14117
12011 14117
12243 22943
12384 23122
12705 3546
13406 2218
13966 2218
14402 2218
14491 3827
14889 3902
14962 21526
15081 12787
16053 2028
16189 4649
16595 3827
17068 15400
17165 22320
17773 8562
19105 23122
20011 13898
20018 2079
20894 2079
20901 1300
20917 2028
21104 2028
21107 19996
21131 1300
21194 17646
21387 8846
21392 5287
21470 19996
21624 2218
21739 3902
21749 3395
21771 4649
21896 2218
21917 2218
22260 4649
22318 23122
22375 23122
22704 19996
24106 2218
