24624 24624 418
154 8134
314 2633
314 14586
351 15698
417 23125
469 12994
494 16090
620 2352
663 12994
670 8134
691 12994
724 12516
841 22790
1055 19956
1156 24076
1209 16887
1214 23635
1237 12994
1260 7627
1290 8134
1318 19937
1439 1436
1498 8134
1566 12994
1572 3351
1575 19937
1586 20150
1618 19956
1641 3342
1751 14945
1770 16303
1773 3342
1991 8134
2051 12994
2112 10044
2138 8134
2165 4717
2194 8134
2256 12994
2308 12994
2318 19937
2390 1873
2410 12994
2428 12994
2592 1436
2617 16090
2670 12994
2686 13090
2873 23355
2929 12994
2969 8134
2976 12994
2989 19937
3001 16305
3016 12994
3022 12994
3063 13499
3127 12994
3128 4993
3132 8111
3145 8134
3220 8134
3228 3351
3247 7350
3379 12994
3694 8111
3785 4574
3856 23635
3883 12994
3888 19920
3889 12994
3973 19956
4019 20028
4164 7518
4246 12994
4247 3351
4290 19956
4306 12994
4413 8111
4475 1436
4510 1436
4732 8111
4809 19291
4812 8134
4951 19937
5005 10044
5073 12994
5077 19937
5105 12664
5105 12994
5107 8134
5134 19937
5167 3351
5168 12994
5169 3351
5239 20677
5293 15765
5498 2352
5500 1436
5505 15952
5534 16887
5550 14945
5557 3351
5696 3342
5737 8111
5764 8134
5828 13090
5895 2633
5895 14586
5895 19956
5917 12994
6203 8111
6230 19937
6249 15952
6249 23635
6534 8910
6553 8134
6559 19926
6648 7350
6712 8715
6859 3342
6929 19956
6968 8111
6971 16887
6983 19937
7119 23635
7171 2206
7171 19346
7171 19956
7176 18501
7259 8134
7434 8406
7461 3342
7503 23635
7550 8111
7570 15698
7763 3342
7827 9488
7833 1436
7841 8134
7908 13090
7928 18089
8256 12994
8385 8111
8433 19937
8469 22790
8513 12994
8703 15151
8780 8134
8784 7350
8833 2900
8836 7627
8847 20333
8904 3351
9063 12516
9125 7350
9224 12994
9226 12994
9242 19937
9272 8134
9331 15425
9543 16887
9597 16701
9833 3351
10093 22204
10099 12386
10111 19926
10150 8111
10166 8111
10176 8816
10306 11655
10308 19937
10310 12994
10314 8839
10317 7350
10334 24559
10434 12251
10497 12994
10553 7350
10564 23635
10573 24076
10649 8134
10727 23635
10742 9930
10781 16831
10818 19937
10889 16090
10997 12994
11039 3351
11165 12994
11386 19920
11390 19937
11580 8111
11629 11661
11732 3351
11735 19926
11833 12994
11978 19937
12045 15151
12057 8134
12058 12994
12080 8134
12094 16351
12120 7350
12156 23382
12205 16090
12261 12994
12296 12994
12491 19937
12582 19956
12661 12994
12714 12516
12720 15425
12722 12994
12735 12994
12802 8111
12989 3342
13047 12994
13245 4815
13340 13090
13385 8111
13387 14945
13449 10114
13566 13090
13685 8134
13724 14769
13746 13345
13751 7350
13763 14623
13774 5124
13774 19956
13793 8134
13883 3342
13883 12994
13902 24499
13928 19956
13949 19937
13967 17157
14021 20028
14157 3356
14157 22489
14170 20677
14174 16887
14286 8134
14341 12994
14425 8134
14458 8839
14505 7350
14605 19920
14621 12994
14626 19937
14667 12994
14760 8111
14878 8134
14899 23755
15019 7350
15098 8134
15138 23804
15205 6260
15255 19956
15268 5652
15278 8134
15386 8134
15520 8134
15527 7350
15641 8134
15649 19956
15767 12994
15835 20087
16202 3351
16535 8609
16535 12994
16536 4023
16597 23635
16617 7350
16759 8134
16774 12994
16824 7350
16824 17121
16888 7350
16900 12994
16978 7518
17069 7350
17352 12516
17444 643
17467 12994
17479 12994
17645 16090
17670 3351
17692 1436
17765 7350
17786 7866
17787 4337
17806 2352
17865 12994
18004 19807
18079 23547
18257 23635
18329 8134
18451 8134
18479 12994
18587 12251
18597 8592
18610 3351
18631 19937
18639 17199
18691 12994
18695 16887
18703 12994
18791 8134
18822 12994
18837 19956
19084 12994
19094 12516
19122 23635
19219 7350
19295 19937
19319 7350
19450 12994
19465 12994
19601 14870
19623 12994
19632 8134
19687 12994
19778 7780
19791 13090
19859 8111
19961 12994
19995 7350
20007 12994
20024 12994
20102 12994
20105 7350
20231 12994
20270 12994
20316 8839
20323 8134
20416 7350
20429 12994
20430 19937
20437 8134
20440 2202
20452 17092
20483 16887
20527 12516
20553 12994
20599 19937
20604 12994
20639 7350
20685 19937
20686 19937
20692 17199
20902 7702
20902 8134
21059 12994
21078 12994
21093 3742
21137 12994
21228 12994
21264 12994
21313 24076
21335 12994
21337 3351
21351 2352
21367 12994
21378 12994
21574 12994
21621 19926
21659 15957
21669 13090
21702 3351
21706 12994
21708 12994
21763 3351
21827 19937
21830 2352
21832 12994
21835 18501
21835 23631
21837 23900
21883 8839
21891 8111
21924 12516
21980 23635
22007 2352
22062 1436
22153 11609
22220 20028
22244 6814
22326 19937
22332 8134
22431 19937
22490 7350
22519 16090
22552 12994
22566 19926
22595 8111
22865 3351
23177 19956
23316 7350
23540 7350
23552 8134
23611 7350
23702 2633
23702 14586
23849 12994
23939 13090
24089 8134
24104 23900
24123 8134
24206 16090
24340 19937
24342 19937
24375 3351
24442 16887
24458 19920
24477 11926
24520 8134
