24624 24624 66
62 7776
331 19926
478 12994
492 12994
1609 12994
1609 19920
1977 12994
2217 12994
2218 12994
2450 22787
3100 10036
3950 8134
4521 20028
4521 23635
4858 12994
5008 12994
5485 2448
5854 3351
6217 3351
6256 12994
7548 14945
8164 23635
8212 2397
8562 12994
8683 1436
8968 3342
10031 12994
10052 12994
10173 8215
11464 24076
11495 18918
11545 17866
11549 20333
11553 18773
12129 14945
12231 9203
12241 13090
12241 14245
12305 12169
12844 15957
13529 1419
15704 4183
15937 4516
16204 12994
16798 12169
17261 14945
17457 14945
17673 14945
18142 12994
18292 3351
18503 12994
18721 14945
19659 9689
19694 12994
20050 16887
20485 14945
20602 10246
20782 12994
20908 1436
20935 12169
23069 9689
23254 15425
23464 14222
23470 14674
23861 20079
24497 2397
