24624 24624 135
301 301
409 7570
469 16517
806 806
850 850
1237 14379
1334 18139
1591 17362
1591 18057
1773 6859
2151 5451
2151 19601
2160 2160
2211 3232
2214 7700
2299 18057
2308 2308
2366 2366
2462 7741
2462 20562
2620 6140
2821 1385
2821 10603
2930 5671
2992 2992
3016 3294
3199 14387
3247 20562
4475 16949
4511 4511
4591 4591
4845 14503
5193 22449
5305 5305
5331 5331
5828 19753
6094 20277
6109 6109
6369 18587
6495 6495
6495 7940
6495 14394
6553 4487
6553 13714
6553 16666
6553 17356
6553 23249
6678 9835
6897 10553
6968 6968
7105 7105
7135 7135
7416 2630
7460 7824
7468 7468
7767 7767
7827 14503
9374 11112
9601 9601
11338 11338
11993 11993
12084 1090
12446 6140
12808 16785
12852 10874
12878 22237
13123 5353
13928 6929
14391 14391
14391 14392
14423 17694
14839 14839
14855 14855
14948 12154
15013 6140
15278 15278
16002 10796
16212 16212
16597 5358
17021 23735
17215 24460
17449 14476
17484 19527
17800 17800
18695 5359
18697 16554
19018 22142
19218 14468
19218 19218
19687 7570
19687 9257
19778 3271
19778 7587
19968 10571
20008 8127
20052 20052
20416 20416
20965 20965
20982 20982
21068 18588
21137 11957
21148 21148
21153 10771
21206 1591
21206 17362
21253 20998
21264 3425
21264 11143
21266 1682
21266 21266
21278 16666
21298 21298
21362 10798
21480 10798
21480 15558
21529 21529
21587 21587
21654 12610
21700 16837
21714 11970
21716 2853
21716 8039
21722 13084
21728 6876
21728 11196
21795 18422
21832 5168
21837 11070
21843 21843
21973 21973
22744 22744
23073 23073
23616 11847
23908 23908
24158 8047
