24624 24624 189
199 9782
199 17099
315 8079
316 11399
363 5795
416 3105
552 9016
594 2739
862 16435
1975 18794
2473 11399
2570 12603
2586 10619
2587 20998
2589 4376
2755 18280
2755 21141
2757 10590
2790 7823
2881 18999
2896 4333
2927 6634
3008 14328
3037 6634
3123 467
3204 3278
3280 9619
3314 22562
3698 6095
3903 7561
3935 11074
4075 22986
4241 10950
4248 15448
4401 24054
4488 8270
4899 13150
4901 5443
5593 11204
5954 23084
6070 8270
6072 11114
6418 8475
6963 8079
6969 6634
7194 12338
7406 8243
7719 3278
7732 5795
7987 15220
8160 22131
8393 467
8410 9021
8720 467
8819 9968
8867 6634
9086 4376
9105 9619
9293 18999
9386 9910
9571 15270
9639 13040
9740 9740
10110 19871
10149 12315
10210 3278
10235 10798
11330 4376
11589 467
11647 467
12088 4486
12620 8065
12626 8243
12807 10950
12880 22131
12997 19265
12999 8475
13005 6634
13102 1268
13102 8502
13193 4376
13500 5443
13523 17449
13548 467
14059 4306
14585 467
14620 19363
14922 467
15044 9619
15049 6634
15082 9619
15373 5443
15807 467
15880 15270
16135 8275
16657 467
17122 5353
17263 10920
17279 7823
17374 15291
17441 10590
17602 17609
17758 9619
17781 5795
17936 22131
18272 9021
18294 2832
18338 467
18389 8431
18389 9047
18389 20616
18389 22010
18443 8270
18549 11399
18731 467
18806 6634
19024 8924
19300 10920
19321 5795
19399 15220
19504 10709
19508 9807
19508 12444
19764 6634
20317 2860
20371 11011
20387 8270
20387 11074
20468 18794
20525 1114
20569 467
20580 16435
20837 13791
20842 16435
20943 5795
20946 6634
21032 5443
21075 7623
21099 7561
21105 14043
21174 6634
21181 1114
21193 5443
21349 8924
21371 4376
21375 2832
21417 6634
21425 6634
21433 3278
21446 12489
21485 1748
21516 8924
21524 8270
21538 8924
21663 999
21742 8924
21781 2832
21792 9016
21792 9021
21811 8079
21821 22131
21851 4376
21863 5443
21937 9010
21974 11074
21985 1296
22000 519
22002 6634
22015 12603
22027 2739
22094 1114
22209 10709
22250 14328
22465 13150
22503 5795
22526 7358
22626 14341
22629 12546
22966 4376
23027 15796
23058 9820
23061 532
23354 9619
23811 6634
23817 4376
23845 6634
23850 22131
24331 9021
24510 9021
