24624 24624 51
614 22790
819 19923
1799 18096
1803 4695
1886 1436
3350 3342
3350 12994
3350 15425
3358 19920
3898 12397
4255 3351
4259 19937
4357 10114
4357 20654
4632 8134
4781 19920
4935 13090
5938 10114
5938 20654
6550 16303
6628 15670
7858 3602
8585 22790
9855 8134
10140 12516
10140 12994
10140 15425
10547 8134
10547 16701
11713 8134
12666 2633
13347 8134
13476 12347
13476 23760
13477 13476
13481 12169
14830 8134
14940 12397
14940 19920
18384 1331
18386 12994
18581 12994
18798 3351
18913 23635
20601 8134
22793 2352
22793 20087
22799 3351
22803 12994
23333 7350
23857 19920
