24624 24624 45
635 22790
841 22790
1126 19956
1723 19956
2200 19956
2394 22790
2433 22790
2774 22790
4363 22790
5227 22790
5465 22790
6019 22790
6982 22790
7636 8134
7683 22790
8714 7350
8724 8134
9132 8134
9850 22790
10178 17199
10908 8134
11230 22790
11293 12006
13435 12006
13692 22790
13698 22790
13932 10114
14496 19956
15562 8134
15893 22790
16125 8134
16216 2154
16472 22790
17584 8134
17753 22790
19238 19956
20242 22790
20547 8134
22145 12001
23051 19956
23118 22790
23519 22790
23558 8134
23644 19956
24268 10547
