24624 24624 385
620 6140
663 6140
663 16666
724 6140
778 6140
822 6140
842 5121
873 693
873 17356
945 4487
945 6140
1090 16666
1105 6140
1105 13198
1145 693
1230 4487
1287 16666
1288 4487
1470 23249
1566 6140
1566 16666
1568 6140
1613 6140
1613 16666
1696 4487
1959 6140
1998 693
2190 6140
2213 6140
2213 16666
2659 4487
2683 693
2712 693
2739 17356
2851 6140
3043 693
3071 4487
3071 16920
3089 13714
3127 23249
3180 6140
3180 16666
3196 6140
3270 6140
3293 6140
3296 6140
3300 6140
3385 6140
3653 693
3849 693
3871 693
3923 6140
3948 6140
4021 6140
4304 6140
4319 7127
4324 6140
4616 23249
4732 6140
4796 5520
4971 15004
5006 6140
5060 6140
5087 6140
5105 693
5118 6140
5182 6140
5182 16666
5208 693
5208 7127
5239 15002
5268 4487
5274 6140
5293 6140
5293 16666
5359 6140
5364 6140
5377 23249
5427 6140
5447 24250
5476 6140
5505 4487
5505 14780
5513 20204
5718 4487
5749 23249
5823 6140
5823 16666
5968 6140
5976 14780
6166 6140
6241 693
6242 6140
6410 6140
6410 16666
6525 4487
6525 6140
6564 4487
6567 13839
6577 23249
6670 6140
6989 6140
7099 693
7171 5121
7257 6140
7354 23249
7356 23249
7434 23249
7569 6140
7587 6140
7587 16666
7590 6140
7648 6140
7823 17356
7853 6140
7905 17356
7928 6140
8151 693
8236 23249
8533 6140
8533 16666
8536 6140
8536 23249
8641 693
8671 6140
8695 6140
8963 19991
9015 4487
9116 6140
9271 6140
9271 16666
9272 6140
9519 6140
9591 6140
9833 16666
9960 23249
10023 693
10023 6140
10023 17356
10023 23249
10032 17356
10171 7127
10171 16920
10174 6140
10325 693
10382 17356
10429 6140
10429 16666
10434 693
10456 23249
10470 4487
10491 6140
10491 16666
10524 693
10541 6140
10541 16666
10573 6140
10589 6140
10590 16666
10606 4487
10606 6140
10674 693
10674 6140
10704 16666
10708 7127
10723 6140
10727 6140
10727 16666
10742 6140
10774 16666
10787 6140
10871 6140
10877 16666
10884 6140
10889 6140
10889 16666
10892 6140
10893 6140
10931 693
10987 6140
10987 16666
10997 5745
11034 6140
11113 6140
11113 16666
11162 6140
11165 6140
11168 6140
11168 16666
11174 6138
11236 693
11241 6140
11241 23249
11253 16666
11311 6140
11399 6140
11463 6140
11596 6140
11596 16666
11658 4487
11670 6140
11709 6140
11758 6140
11781 6140
11781 16666
12070 6140
12080 23249
12125 6140
12152 17356
12156 6140
12196 6140
12204 23249
12674 6140
12674 16666
12955 6140
13088 4487
13088 6140
13177 693
13228 16666
13228 23249
13341 23249
13392 6140
13392 16666
13494 17356
13546 6140
13568 6140
13624 23249
13857 6140
13892 6140
13892 13198
13892 16666
13893 693
14136 693
14199 693
14274 15004
14342 4487
14429 16666
14429 23249
14458 6140
14473 6140
14505 6140
14505 16666
14505 23249
14524 6140
14628 6140
14677 6140
14820 24250
14836 6140
14836 16666
15136 16666
15170 693
15297 6140
15297 16666
15298 6140
15302 6140
15317 16920
15326 6140
15403 693
15403 6140
15403 19753
15453 6140
15453 16666
15624 6140
15624 16666
15635 6140
15635 16666
15897 23249
15910 6140
16200 8643
16263 6140
16553 6140
16608 6140
16661 6140
16661 8643
16715 6140
16715 16666
16739 6140
16739 16666
16826 16920
16837 6140
16845 6140
16874 6140
17003 7891
17293 16666
17320 6140
17454 6140
17454 16666
17495 6140
17495 16666
17525 17356
17590 19294
17595 6140
17676 6140
17693 16666
17694 6140
17701 693
17846 6140
17985 6140
18006 4487
18022 6140
18022 16666
18050 6140
18055 6140
18159 6140
18160 13198
18164 6140
18219 13714
18344 4487
18402 16666
18416 6140
18432 693
18441 16666
18474 20204
18489 6140
18573 23249
18588 6140
18588 16666
18604 6140
18763 693
18763 6140
18940 23249
19181 17356
19434 6140
19527 6140
19527 16666
19604 6140
19604 16666
19750 5090
19816 6140
19816 16666
19951 6140
19962 17356
19966 6140
20086 6140
20202 6140
20231 4487
20241 6140
20241 16666
20252 6140
20263 6140
20263 16666
20323 16666
20391 6140
20430 15004
20546 23249
20684 6140
20692 17356
20888 16666
20913 14780
20972 13714
20972 16666
20979 6140
21021 6140
21263 6140
21351 20204
21610 6140
22062 8986
22062 16920
22112 23249
22142 6140
22188 23249
22234 6140
22342 23249
22354 6140
22373 6140
22398 4487
22442 6140
22442 16666
22453 6140
22522 693
22558 4487
22608 23249
22677 4487
22677 6140
22677 16666
22706 6140
23556 4487
23608 4487
23619 16666
23657 6140
23731 4487
23937 8986
23967 17356
24284 6140
24451 6140
