24624 24624 219
767 16073
967 8071
992 15626
1135 8071
1524 16075
1574 10034
1703 5855
1736 5571
1903 12814
1937 9564
1944 15238
1944 15626
2124 16068
2583 24163
2723 6856
2723 16701
2723 24163
2854 4943
3074 7867
3285 5329
3292 4943
3537 16074
3776 1394
3797 15238
3798 24163
4080 16068
4089 14769
4091 5855
4098 15238
4098 15626
4103 15626
4131 1393
4131 5855
4131 6856
4131 24163
4135 15626
4535 4943
4730 15274
4881 7867
5048 24117
5052 10077
5415 15238
5415 15626
5421 1393
5425 5571
5492 1394
5813 10018
5964 24163
6017 4602
6017 19718
6245 4943
6285 8129
6331 4943
6331 5855
6395 6856
6561 9487
6598 5855
6635 5855
6642 15626
6720 8129
6726 8129
6752 16227
6834 6856
6834 24163
7161 3702
7540 4943
7616 22879
7617 15238
7674 4943
7723 8129
7848 15626
7960 4943
8019 4943
8042 18498
8080 15238
8483 5855
8620 5571
8785 5571
8928 8129
8949 7867
9129 8129
9183 8129
9250 15238
9508 5855
9636 9636
9908 15238
10172 5855
10265 16069
10444 6856
10444 24163
10455 5571
10465 5855
10551 15238
10599 730
10600 15232
10617 16068
10675 21189
10752 10001
10780 5855
10827 8129
10828 8129
10837 15274
10838 3788
10919 5571
10919 6956
10943 15626
10948 5856
11009 15626
11079 4602
11079 24116
11157 5855
11206 5855
11214 15238
11388 3702
11452 17262
11460 8129
11584 16074
11668 16073
11699 8129
11825 15238
11826 5855
12044 16074
12103 15626
12103 16073
12269 3701
12566 5855
12609 15444
12662 1393
12662 6856
12662 24163
12764 7867
12951 5571
13032 21347
13076 11745
13219 24116
13437 10114
13458 15626
13622 4943
13748 1393
13748 6856
13748 24163
13760 5571
13820 8129
13846 15238
13865 730
13876 7867
13921 16074
14050 15626
14054 23197
14290 5571
14497 16069
14740 1394
14840 13207
15062 19987
15214 24157
15384 15626
15454 5855
15454 23197
15681 5571
15681 5856
16126 8129
16196 15626
16506 4602
16507 5855
16515 5571
16542 730
16789 7867
16789 16160
16859 15238
16866 15626
16985 19718
17236 16072
17461 22905
17521 17521
17580 23197
17757 5571
17988 14932
18076 17253
18177 23197
18199 5855
18235 5855
18523 8129
18525 8129
18575 5855
18840 15626
18847 5571
18849 15238
18854 15274
19066 5571
19442 16072
19442 16074
19457 15238
19552 8129
19689 3700
19814 15238
20239 15238
20308 15238
20308 15626
20633 8418
20877 23197
22035 5855
22105 15238
22108 5855
22147 3700
22147 3702
22316 10043
22656 15626
23379 11607
23568 15274
23570 8129
23573 4943
23669 5571
23732 16074
23738 8129
23930 15626
23974 3357
23998 16074
24507 8418
24612 16072
