24624 24624 44
755 24559
845 23096
2456 3735
2548 23096
4040 23096
4045 23096
4168 23096
4169 23096
4221 23096
4662 23096
4789 3735
4791 23096
4854 3735
4944 23096
4999 23096
5945 23096
6205 23096
6977 23096
7477 23096
8282 23096
8291 23096
8559 23096
8635 23096
8638 23096
9473 13178
11291 23096
12246 23096
12864 13178
13248 23096
13265 23096
14722 23096
14774 3735
14863 23096
15933 23096
16170 23096
17077 23096
18430 13178
18472 23096
18748 23096
19188 3735
19817 19817
23369 23096
23370 23096
24573 23096
