24624 24624 2530
457 17199
458 6319
466 17199
599 8498
602 14945
606 14945
625 15824
627 5124
627 19956
629 13540
632 17199
633 17199
634 10114
635 22790
639 15425
640 2350
657 2824
659 1419
661 9667
661 17199
662 17199
714 15425
715 7500
716 12994
721 8134
726 12994
728 12994
742 12994
754 14945
761 16303
764 12994
765 8134
766 24141
776 4993
781 14770
782 14770
785 13468
785 19722
825 10114
826 11926
826 17199
841 22790
843 2206
843 19956
864 8134
866 20654
870 927
870 20654
871 10114
871 20731
901 4846
907 9667
908 11926
908 17199
909 19956
912 7350
933 19555
938 20654
949 7708
951 17361
955 12516
960 16701
972 12994
975 18469
987 1680
989 8134
997 12994
998 7708
1005 19555
1007 8263
1010 19956
1011 23222
1012 2077
1033 19956
1038 14770
1048 19956
1051 19956
1054 19956
1055 19956
1056 2633
1056 14586
1058 19956
1059 2633
1060 19956
1061 19956
1062 19956
1063 19956
1066 19956
1067 19956
1068 19956
1069 19956
1072 19956
1093 23635
1102 14866
1104 8681
1109 15907
1111 19956
1112 19956
1120 2448
1123 8134
1131 16701
1132 9049
1133 12994
1134 19956
1140 14586
1151 14586
1151 19956
1152 19956
1154 19956
1155 19956
1158 13348
1171 5307
1171 19926
1174 8134
1178 19555
1181 1331
1188 12994
1192 19555
1193 4712
1195 20654
1198 10114
1200 10114
1201 10114
1204 10114
1211 19555
1217 19956
1219 19555
1220 10114
1221 10114
1281 2352
1284 24076
1285 8409
1292 13090
1296 13090
1308 23111
1310 24559
1324 13090
1348 4712
1350 14586
1350 19956
1365 14945
1375 4993
1380 15078
1414 12169
1415 609
1415 10114
1417 10114
1418 12128
1422 14945
1442 20028
1470 19956
1478 19956
1479 19956
1480 19956
1487 7350
1498 8134
1499 8134
1502 2448
1503 8134
1508 19956
1509 19956
1511 19956
1514 19956
1515 2910
1517 19956
1519 19956
1532 13090
1542 19920
1543 19956
1544 19956
1545 19956
1546 19956
1547 19956
1556 8134
1558 22732
1563 14770
1567 13805
1567 19515
1571 12994
1577 3351
1615 12001
1620 17137
1637 19194
1641 3342
1646 19956
1649 596
1649 3981
1652 7350
1655 8134
1693 8816
1695 12664
1701 22596
1719 18471
1721 19956
1724 3104
1747 17134
1752 19956
1754 19956
1765 23225
1767 13540
1815 3230
1823 2202
1855 8816
1862 16896
1878 10114
1879 10114
1880 23185
1885 19956
1892 12385
1905 6183
1909 8134
1924 19956
1931 19956
1935 3804
1939 3351
1940 23631
1947 13348
1963 19956
1969 19956
2000 14945
2001 19956
2008 19413
2057 17199
2073 17199
2102 14630
2114 16090
2118 8134
2128 2397
2129 12994
2132 12994
2133 7918
2133 12516
2141 13272
2147 19926
2178 14945
2207 16616
2315 10114
2317 19937
2319 19937
2322 19956
2333 17199
2334 17199
2368 19937
2390 1873
2391 22596
2394 22790
2411 19956
2412 1680
2433 22790
2438 19926
2452 2900
2559 19956
2575 15097
2577 3434
2578 12994
2622 10114
2626 8552
2629 12072
2661 13090
2663 18501
2663 23631
2670 12994
2679 13090
2684 2307
2692 18746
2693 22667
2720 13962
2723 19926
2728 12006
2731 8134
2732 8134
2733 8134
2742 12994
2762 14770
2774 22790
2793 2824
2806 19063
2833 12994
2835 14674
2842 12861
2844 19926
2847 2202
2856 3662
2858 16303
2864 12664
2868 18880
2882 14945
2959 11721
2974 19722
3044 13828
3045 8111
3054 23631
3058 2555
3068 596
3070 13540
3072 1436
3079 4847
3090 13090
3092 20356
3157 19956
3160 19956
3164 19722
3164 24600
3169 12385
3200 1436
3218 19083
3265 3832
3270 24076
3283 14159
3284 15425
3307 2397
3309 3868
3310 2900
3313 18967
3334 19920
3340 8134
3392 3351
3401 16303
3411 8134
3425 2420
3426 7350
3482 1436
3482 6183
3513 12994
3516 14770
3536 17199
3538 19937
3541 9667
3603 8134
3608 12477
3673 12004
3784 23225
3789 8134
3799 18455
3801 8134
3803 2397
3809 12222
3817 2397
3824 9598
3826 16887
3831 12994
3850 12520
3850 13090
3856 23635
3873 7210
3885 8111
3933 3771
3936 12994
3938 780
3957 8692
4017 19937
4020 18967
4026 1354
4050 24220
4077 7124
4084 12994
4085 2352
4086 12994
4087 17316
4100 12004
4105 18773
4108 15425
4109 1612
4116 4633
4122 2714
4123 12994
4133 22553
4142 12994
4160 9643
4204 23635
4225 20749
4271 13473
4273 8111
4276 20047
4277 19937
4278 19937
4281 19937
4282 19937
4283 19937
4284 19937
4288 19937
4297 12994
4299 2900
4307 23635
4308 8609
4308 12994
4322 6275
4325 23900
4329 3351
4335 3351
4342 8134
4354 12994
4355 8134
4358 3351
4363 22790
4365 2902
4372 13805
4414 3351
4415 13453
4429 8876
4429 16062
4479 23635
4481 3434
4484 13090
4505 14770
4514 3387
4537 14736
4547 17199
4570 8134
4595 17092
4609 12994
4610 20361
4623 1994
4710 14770
4732 1468
4740 20663
4744 23635
4746 20439
4752 16303
4802 12516
4811 8134
4826 22682
4856 12937
4873 23755
4874 3351
4914 16090
4918 22264
4921 14770
4930 17313
4986 8592
4998 8134
5002 17866
5004 2779
5009 9195
5032 24448
5035 12994
5077 19937
5112 17199
5117 14674
5142 1436
5166 19956
5170 2352
5171 23030
5172 8839
5177 6263
5180 12994
5198 8111
5215 19926
5219 19926
5226 13540
5227 22790
5228 2352
5240 24076
5241 3351
5242 11702
5245 9060
5254 14770
5256 13348
5263 19956
5264 13090
5273 18501
5277 17729
5281 10114
5292 7921
5292 19956
5304 17221
5312 12994
5319 18967
5320 20375
5321 22596
5326 1354
5349 15698
5350 15425
5359 8134
5360 2349
5373 3734
5376 12994
5387 13272
5388 12994
5389 17255
5399 20028
5418 19956
5419 24076
5422 12994
5426 12994
5428 12009
5432 2352
5435 7518
5438 7500
5439 4467
5442 17129
5442 22596
5452 856
5456 12994
5460 8499
5462 3351
5464 13090
5465 22790
5469 12994
5473 8134
5479 20654
5495 13090
5517 9930
5522 12994
5529 24076
5536 20654
5542 17199
5543 15714
5560 17199
5566 10747
5586 24076
5626 19956
5631 15698
5640 12994
5641 6596
5643 22667
5644 23804
5648 8134
5648 8910
5651 3870
5654 19956
5655 19956
5656 19956
5670 12994
5672 2420
5718 7518
5728 14945
5750 4847
5778 3905
5792 12994
5799 19956
5802 8111
5812 12006
5822 2309
5824 8134
5881 19956
5885 19956
5889 19956
5891 15756
5892 19956
5893 19956
5896 14586
5896 19956
5982 13090
5987 8111
5989 8839
5997 1354
5997 19956
6013 12994
6017 8134
6018 19956
6019 22790
6022 23631
6038 3351
6040 3351
6041 22703
6044 8910
6071 11943
6080 24449
6083 8134
6085 12006
6088 19668
6100 2356
6104 19926
6165 19956
6172 7518
6182 15698
6185 19722
6189 12006
6207 20660
6209 7705
6212 13090
6237 12994
6286 8134
6290 10114
6291 10114
6313 13090
6318 1436
6327 24076
6339 19956
6341 8609
6342 19956
6350 23221
6358 12994
6370 12006
6376 1436
6378 8134
6385 4993
6390 12994
6392 2714
6393 12364
6401 12994
6406 13540
6408 12994
6411 19515
6413 9453
6414 12994
6415 1436
6417 19834
6423 7350
6449 12994
6450 14735
6457 19956
6459 17199
6478 23701
6480 24076
6498 10114
6525 15957
6532 19920
6555 5911
6561 8134
6565 22593
6565 22596
6566 15444
6569 22411
6578 19956
6579 2206
6579 19956
6586 14205
6595 3351
6605 14769
6636 13090
6643 8134
6692 3104
6702 23185
6714 8134
6715 8134
6716 3523
6716 8134
6717 17314
6719 8134
6720 8134
6721 8134
6723 8134
6724 8134
6725 8134
6737 7350
6749 4633
6750 16701
6753 8134
6754 24177
6755 8134
6756 8134
6759 8134
6760 8134
6761 8134
6762 8134
6763 8134
6773 7350
6796 12994
6802 3450
6805 14674
6872 4851
6874 1436
6875 8134
6928 19956
6937 8591
6938 3384
6982 22790
6987 2900
7098 12385
7114 14945
7155 24256
7160 20960
7174 5943
7182 10114
7182 22975
7214 11926
7217 11926
7217 17199
7218 17199
7219 17199
7224 12994
7224 15718
7241 2604
7248 16303
7256 13090
7257 24559
7269 23897
7273 8134
7273 13446
7275 8910
7277 20660
7315 8551
7369 17199
7392 8134
7424 22790
7565 12004
7566 23634
7571 16325
7571 17309
7572 2910
7576 23034
7580 24559
7583 18071
7584 2320
7586 12006
7595 8592
7596 8134
7608 2352
7612 12994
7614 18047
7617 2352
7618 20165
7634 8134
7641 4263
7649 6798
7653 24076
7661 20075
7662 1436
7669 12994
7670 12001
7674 14945
7674 17199
7676 2305
7677 8134
7683 22790
7687 13197
7703 14945
7721 13304
7723 8134
7724 20661
7726 8134
7729 8134
7730 17314
7731 8134
7736 8134
7738 13090
7756 1331
7772 22509
7796 1436
7804 15166
7806 19956
7814 3249
7846 2397
7849 19557
7852 22264
7861 12004
7875 20028
7915 12994
7929 22667
7935 13090
7936 20361
7938 12994
7942 24076
7947 18501
7948 12429
7949 3488
7950 4847
7953 2714
7960 1331
7982 17199
7982 17361
7986 22264
7998 16260
8010 14586
8017 15698
8018 1436
8020 20854
8025 8134
8028 8134
8029 8134
8030 8134
8033 12516
8035 3342
8052 2448
8056 2824
8057 12994
8062 12994
8088 8111
8088 14650
8093 13090
8094 9218
8098 19920
8105 23196
8106 1610
8115 12257
8123 8134
8125 8134
8126 8134
8130 19956
8133 13208
8146 1436
8147 13473
8148 2397
8176 7708
8191 16701
8194 20947
8216 15957
8217 15177
8228 3434
8238 13540
8239 19956
8240 19956
8242 19956
8246 2797
8252 7504
8264 24076
8269 13446
8271 7467
8272 14680
8287 23220
8315 2431
8377 19937
8413 12994
8433 19937
8450 14770
8473 17199
8474 17199
8475 12072
8490 20361
8509 8134
8510 8134
8511 24559
8535 12994
8538 19807
8615 8692
8616 24076
8622 24067
8624 8134
8627 2352
8673 20010
8676 19937
8691 22970
8694 4411
8697 14770
8724 8134
8731 22780
8736 22264
8746 8816
8749 13090
8752 7780
8761 12003
8762 20660
8769 23381
8770 8134
8773 8134
8780 8134
8786 13090
8802 19919
8803 10114
8807 17129
8807 22596
8811 10114
8812 10114
8858 10114
8859 17060
8861 10114
8862 10114
8863 10114
8897 20654
8904 12994
8909 7350
8911 8134
8912 8134
8913 8134
8915 8134
8918 8134
8919 8134
8922 596
8925 8134
8926 20355
8931 8134
8937 17361
8949 17199
8949 17361
8953 11771
8954 22281
8956 17199
8971 17361
8972 9528
8982 23751
8983 12994
8984 8839
8993 12882
8995 17893
9001 4847
9006 8134
9009 12994
9026 8134
9041 10114
9042 10114
9068 1436
9077 23631
9078 12994
9110 18967
9125 7350
9128 8134
9129 8134
9135 8134
9136 24559
9139 19956
9140 8134
9148 1436
9150 12994
9174 10114
9174 22975
9175 8134
9176 19920
9178 8134
9179 8134
9182 8134
9184 8134
9193 14586
9199 12994
9201 19956
9205 9357
9206 13272
9215 8839
9216 20088
9232 13090
9236 2352
9241 19937
9242 19937
9248 24076
9251 8134
9254 5592
9254 8134
9255 8692
9274 8134
9275 8134
9276 8134
9276 8910
9279 8134
9282 8134
9285 8134
9288 3115
9354 8409
9356 8134
9440 12994
9472 14945
9478 19937
9479 12113
9509 12994
9511 14770
9602 12994
9603 12994
9612 12994
9624 16701
9625 23219
9626 17314
9628 2824
9654 8855
9654 10114
9662 19937
9691 16701
9695 17134
9697 15387
9730 22852
9828 17792
9830 12994
9850 22790
9851 4712
9891 8134
9901 19956
9902 19956
9903 19956
9906 19956
9907 19956
9911 19956
9912 19956
9916 19956
9922 13190
9928 19956
9929 19956
9931 2206
9931 19956
9938 17221
9939 22281
9941 7350
9944 20924
9953 8134
9956 2633
9957 19956
9958 19956
9960 19956
9962 14945
9970 10114
9983 11892
9983 19722
10033 12004
10046 13549
10111 19926
10121 22596
10127 19956
10158 14770
10159 12994
10160 3192
10163 12001
10164 2048
10168 19920
10170 14680
10171 13090
10172 8134
10177 19956
10178 17199
10198 12994
10203 19722
10247 19956
10254 19956
10255 19956
10264 19956
10266 12006
10267 12940
10290 13090
10299 13090
10301 20068
10331 15425
10336 13090
10337 24076
10340 2420
10345 22163
10346 2420
10347 4242
10349 12861
10353 4261
10361 7230
10364 12365
10365 8144
10371 7476
10382 17199
10382 20063
10383 17361
10387 17199
10387 17361
10388 12994
10389 14770
10407 22596
10409 19926
10410 19926
10415 5715
10416 4847
10417 14986
10422 13090
10427 12994
10444 2077
10452 19926
10456 8692
10461 4467
10467 13090
10468 8111
10469 3351
10472 22790
10483 12994
10486 2714
10487 2202
10488 2349
10493 19341
10494 12994
10495 12994
10497 3342
10499 12516
10499 18469
10502 20751
10509 6183
10510 10587
10511 2696
10512 12994
10516 17221
10518 8134
10529 7350
10532 8134
10537 7350
10538 7350
10539 7350
10540 7350
10555 7350
10558 3351
10566 2900
10570 18501
10584 16701
10586 14770
10592 23635
10593 15957
10596 12994
10601 17199
10622 18759
10627 15671
10629 17070
10634 4712
10635 12994
10638 2431
10644 23635
10650 14522
10656 22667
10657 13272
10659 13090
10663 19920
10665 1436
10671 22790
10678 4232
10679 6264
10681 12994
10691 8111
10692 12994
10696 23631
10697 12994
10700 8111
10701 1436
10702 13090
10703 16318
10715 13090
10717 13090
10721 18455
10724 13090
10725 12994
10734 12994
10748 3115
10753 17199
10760 2352
10762 16081
10769 7518
10773 24076
10775 12994
10776 23635
10801 13090
10803 19937
10804 3104
10808 4633
10820 19937
10825 13090
10826 8134
10827 8134
10828 8134
10842 9598
10843 16701
10844 7124
10846 8134
10851 2201
10853 18920
10866 15425
10895 1436
10902 8134
10904 8134
10910 8134
10911 8134
10917 7121
10918 3862
10926 13190
10928 13090
10929 23779
10938 13090
10944 9343
10954 13090
10959 8989
10960 1994
10965 12994
10968 8839
10989 12994
10993 2352
10999 14941
11005 4266
11015 24076
11021 19926
11025 12994
11026 19920
11033 7776
11033 12994
11036 8602
11040 8839
11041 12994
11043 12994
11047 12994
11048 12994
11068 18392
11073 4847
11080 17316
11086 23752
11089 13090
11096 23631
11097 23659
11109 12994
11136 18904
11140 7350
11146 12516
11149 12994
11151 3749
11169 7350
11176 2900
11182 18096
11183 22339
11193 13845
11195 12994
11208 22411
11211 2718
11213 19956
11217 12754
11223 19555
11230 22790
11233 7627
11238 16887
11250 6533
11256 14556
11257 2397
11263 13164
11264 13348
11272 3115
11272 12257
11274 3115
11274 12257
11277 3115
11285 7350
11301 19722
11304 18096
11305 20663
11308 15263
11317 16701
11319 14770
11320 12385
11325 12994
11326 14770
11334 8134
11336 7350
11343 7350
11344 7350
11348 17070
11351 3115
11354 12994
11355 12994
11357 12994
11359 8134
11366 8692
11370 14598
11372 14770
11373 16701
11379 8134
11380 13090
11382 20660
11385 23220
11390 19937
11391 19937
11402 19722
11403 19956
11405 7350
11442 4411
11446 22264
11449 8134
11450 8134
11454 19722
11459 8134
11460 8134
11465 13090
11470 17199
11471 2824
11473 2382
11473 17199
11475 7518
11590 19555
11598 7350
11600 7350
11602 14039
11603 4993
11608 24294
11625 12386
11632 19956
11634 19956
11646 19555
11660 19956
11672 19926
11674 7350
11675 7350
11678 24177
11679 8134
11680 8134
11682 8134
11683 8134
11684 8134
11685 8134
11687 12067
11688 8134
11688 24177
11689 8910
11690 8134
11691 24559
11694 8134
11697 8134
11700 3104
11701 8134
11707 8134
11715 19956
11716 7350
11724 2714
11725 12994
11727 12994
11728 12994
11744 13190
11754 9488
11755 18718
11756 8712
11757 6169
11775 15832
11786 23755
11787 3351
11788 12309
11789 22790
11791 19555
11794 7518
11795 12994
11801 3351
11808 2714
11809 23892
11813 12994
11825 17092
11835 13401
11836 2900
11849 19515
11862 12994
11869 4847
11886 19920
11889 14229
11893 12128
11906 14945
11906 17199
11916 19956
11953 12994
11954 19937
11957 12994
11958 19937
11959 19937
11960 19937
11961 19937
11962 19937
11963 19937
11964 19937
11965 19937
11966 19937
11967 19937
11968 12994
11969 19937
11971 19937
11973 19937
11975 19937
11977 19937
11979 15692
11979 19937
11980 19937
12013 20333
12020 16090
12047 8134
12049 8134
12068 19937
12080 7702
12080 8134
12098 3104
12100 8134
12103 19956
12104 19956
12110 8134
12137 23635
12144 13594
12147 17199
12149 8171
12150 19956
12163 19956
12180 17314
12184 8134
12186 8134
12186 24177
12188 8134
12189 8134
12191 12135
12197 19937
12198 19937
12201 19937
12204 19920
12207 3868
12213 12003
12213 14630
12227 3351
12288 19722
12293 12994
12294 2397
12301 16303
12314 2397
12373 3131
12378 20047
12379 6257
12481 19937
12482 19937
12483 19937
12485 19937
12486 19937
12487 19937
12488 19937
12490 19937
12492 19937
12493 19937
12494 19937
12495 19937
12496 19937
12502 19937
12507 19937
12508 19937
12511 19937
12518 7350
12550 18773
12551 16827
12554 8134
12561 12994
12562 7782
12568 19956
12573 17198
12578 19956
12579 19956
12580 14586
12580 19956
12581 19956
12582 19956
12584 17129
12584 22596
12587 8134
12605 15425
12608 12994
12611 7776
12613 15444
12615 15257
12647 12006
12654 19956
12658 15425
12659 12994
12660 19926
12663 1864
12668 24504
12669 9117
12671 9117
12676 4850
12741 2352
12758 19956
12764 23635
12828 23071
12829 3615
12829 16062
12829 18773
12830 20028
12831 19956
12947 24538
12958 2397
12989 3342
13035 8134
13084 19387
13089 23635
13166 6854
13174 18096
13181 20439
13195 8111
13196 12004
13204 8134
13218 14770
13226 2397
13240 8134
13249 12994
13269 8134
13274 19920
13280 19937
13283 8609
13286 16887
13289 19920
13290 18967
13299 11612
13299 19956
13303 4993
13310 12994
13355 8543
13403 12364
13410 7688
13422 14945
13434 10114
13436 1419
13437 609
13437 10114
13447 17199
13449 10114
13450 10114
13460 19956
13463 19956
13464 19956
13465 19956
13484 9522
13492 12265
13493 17361
13495 19956
13502 8134
13502 20097
13559 17199
13564 17199
13564 17361
13569 18922
13572 17199
13573 10114
13577 20654
13578 19956
13581 7769
13585 16701
13602 19956
13603 19956
13604 19956
13605 19956
13609 3351
13613 8134
13617 13370
13631 14770
13648 24559
13649 8134
13650 8134
13651 13348
13654 4993
13659 3342
13661 15396
13665 8134
13674 19920
13677 12387
13687 8134
13692 22790
13696 8134
13698 22790
13708 12646
13730 22551
13732 22281
13736 14770
13741 11845
13742 24559
13743 17118
13751 7350
13752 8134
13759 19722
13764 16627
13770 12994
13772 12994
13773 13090
13773 14245
13781 18920
13785 3351
13787 19937
13810 4013
13812 7350
13816 12607
13820 8134
13825 7350
13827 8111
13838 2740
13859 15425
13861 7181
13866 3351
13870 8134
13875 15757
13876 2352
13883 12994
13890 7350
13894 23900
13912 514
13914 4695
13931 7518
13932 10114
13933 10114
13949 19937
13968 19722
13988 3342
13990 12994
13995 8592
13996 3351
14019 19194
14030 17199
14030 17361
14049 14986
14050 24177
14052 8134
14054 8111
14056 8134
14062 3351
14067 19956
14069 19956
14071 8134
14073 14770
14091 1436
14137 10114
14139 10114
14140 10114
14141 10114
14142 10114
14143 10114
14150 10114
14155 14674
14178 15135
14268 12994
14284 23631
14285 9343
14287 13090
14299 8134
14302 20310
14306 8134
14308 7510
14309 8134
14314 8134
14320 15957
14326 8134
14332 1291
14334 8134
14346 17491
14346 20964
14353 11838
14357 13468
14358 19722
14368 14770
14372 23635
14390 12994
14422 4206
14428 7788
14430 14770
14434 3115
14436 16701
14446 19956
14448 12006
14452 7350
14454 14586
14454 19956
14459 11643
14461 12994
14464 13090
14470 8296
14471 8852
14475 3342
14488 8134
14490 16887
14496 19956
14500 19956
14501 19956
14502 19956
14511 10114
14512 10114
14516 12006
14517 24600
14521 23752
14536 24538
14541 19834
14552 10114
14563 18096
14592 9667
14597 22487
14603 2206
14603 19956
14604 2352
14605 19920
14608 12006
14612 19722
14613 8499
14618 10114
14646 12067
14649 7210
14651 1436
14652 1436
14667 12994
14690 20654
14691 8283
14693 4712
14695 15264
14700 10114
14701 10114
14702 10114
14702 20731
14703 10114
14704 10114
14705 1419
14707 1419
14708 10114
14708 20731
14712 17361
14715 12169
14716 14945
14718 10114
14719 10114
14720 14945
14771 15957
14785 19937
14835 1291
14845 8134
14847 12022
14850 10114
14851 10114
14876 2356
14877 10114
14925 11926
14926 16436
14928 17199
14928 17361
14929 17199
14930 11926
14936 17361
14938 22790
14963 15161
14965 14945
14968 19956
14980 19956
14982 1419
15060 17199
15064 19956
15073 19956
15077 22281
15100 3930
15132 19937
15143 1419
15146 10114
15157 16303
15172 2352
15173 7518
15183 12994
15216 3351
15259 10114
15265 2206
15265 19956
15266 12169
15270 9044
15290 23900
15291 3342
15293 12994
15294 8304
15300 13090
15315 12994
15354 2206
15384 12516
15440 16882
15451 12994
15461 12516
15462 12994
15469 13345
15472 3342
15472 12009
15473 8134
15479 3342
15479 16100
15492 1436
15501 14770
15510 2900
15514 12994
15528 20063
15530 8409
15534 24538
15538 12994
15540 4013
15542 19956
15544 19956
15545 12994
15549 19956
15554 19920
15557 14945
15559 8134
15573 8816
15581 13090
15587 20654
15628 8111
15650 19937
15662 10114
15665 8134
15682 4847
15683 16882
15725 10114
15778 19956
15778 20751
15795 17314
15810 15282
15810 23695
15818 19555
15879 19937
15897 15097
15908 8134
15908 12527
15912 19956
15913 19956
15914 19956
15915 19956
15916 19956
15917 19956
15918 19956
15919 19956
15920 19956
15922 19956
15925 19956
15928 19956
15930 19956
15931 19956
15932 19956
15934 19956
15941 24067
15944 8134
15946 12006
15964 10114
15967 19956
16092 14674
16110 8283
16119 7092
16124 8134
16125 8134
16128 8134
16131 18915
16155 8134
16157 8134
16158 8134
16160 7702
16163 8134
16169 7350
16208 8876
16220 17199
16233 7350
16235 14770
16239 14770
16241 12696
16255 1186
16286 3772
16294 8910
16296 12067
16329 14770
16333 23033
16371 10114
16376 19937
16377 19937
16378 19937
16379 19937
16380 19937
16382 19937
16383 19937
16384 19937
16385 23635
16386 13090
16401 13090
16416 10114
16418 8134
16434 6537
16448 23631
16453 12994
16460 12994
16464 23658
16466 18773
16470 12994
16472 22790
16473 1436
16478 23635
16482 12994
16497 3351
16498 20749
16518 8134
16523 1436
16525 19341
16526 2900
16541 8134
16542 17199
16547 3342
16553 12994
16560 19937
16564 18096
16565 18096
16571 19956
16575 19956
16576 19956
16577 878
16579 2382
16606 10114
16607 16701
16609 4993
16610 13164
16618 7350
16619 7350
16658 2397
16667 17129
16667 22593
16668 13090
16693 14945
16704 16703
16706 23363
16716 22637
16718 3779
16734 3932
16737 8134
16738 12994
16742 8134
16754 12006
16755 3342
16761 7230
16762 19722
16764 12994
16766 19956
16767 8134
16770 8839
16776 24559
16779 7776
16779 12994
16788 19515
16792 19722
16794 9588
16844 3342
16850 8134
16854 8134
16856 23631
16867 2352
16868 8134
16870 15671
16871 16417
16872 22790
16907 9930
16932 7708
16938 16919
16938 18746
16944 2554
16949 16133
16952 13090
16995 20751
17104 14945
17173 17199
17175 12135
17189 17199
17192 17199
17203 15957
17228 4851
17232 8910
17233 8910
17235 1419
17245 12004
17245 18505
17247 8134
17248 3433
17248 12994
17280 2824
17280 10747
17406 15438
17420 514
17460 7857
17497 3342
17520 19668
17528 16701
17529 14770
17538 1436
17540 12761
17540 13090
17543 18792
17546 17199
17557 1332
17557 19956
17564 2824
17566 14945
17566 17199
17567 5726
17572 8134
17583 17199
17584 8134
17587 8111
17594 20047
17596 2305
17596 8134
17600 17361
17601 16896
17607 2824
17608 17199
17620 1436
17622 5342
17631 14770
17637 514
17648 23635
17653 3351
17671 14039
17675 10114
17706 7708
17708 23631
17709 4847
17711 3351
17712 4767
17713 15748
17717 17199
17721 18501
17721 23631
17753 22790
17754 12994
17786 7866
17801 24076
17808 12994
17811 18042
17826 8134
17828 20855
17830 8134
17832 8134
17847 16701
17849 11753
17849 19956
17871 18071
17874 23185
17923 12994
17926 19956
17941 10114
17942 19956
17943 12003
17974 3678
17975 19083
17979 8592
17982 2714
17983 4847
17984 8134
17985 23900
17995 8134
17998 7518
18004 19807
18004 23631
18008 2198
18027 19920
18032 7504
18035 14202
18038 16100
18039 8134
18041 17729
18048 12067
18052 15957
18066 8134
18078 19956
18119 19956
18157 1436
18162 19920
18163 15282
18176 8409
18180 13805
18187 13090
18192 13090
18202 19956
18203 17128
18204 7518
18211 7436
18214 23756
18220 12994
18222 12994
18226 13090
18232 3342
18236 18904
18237 12761
18237 13090
18238 4293
18250 8134
18251 23033
18254 13964
18257 23635
18260 8134
18265 19920
18311 12994
18312 19920
18314 14770
18315 4993
18321 4993
18322 14770
18329 8134
18331 12994
18333 12994
18336 14945
18341 8134
18345 8134
18346 8134
18349 12994
18357 2448
18368 19956
18371 19956
18374 19956
18377 19956
18378 2633
18379 19956
18393 19956
18397 12994
18399 19926
18400 12994
18406 9650
18412 18096
18423 8111
18439 23631
18457 23125
18459 15425
18481 8111
18488 12994
18489 24189
18494 23723
18497 10114
18510 23222
18513 12385
18514 14770
18520 19956
18523 8134
18524 7350
18524 11434
18525 8134
18527 8134
18528 19041
18540 23219
18566 22787
18567 19956
18569 24076
18592 8134
18599 20028
18610 3351
18616 19937
18638 15078
18672 17199
18688 14945
18688 15258
18706 14769
18707 10114
18708 10114
18709 10114
18715 22692
18720 915
18732 17361
18751 16626
18761 13190
18763 8134
18775 11654
18776 17199
18784 12994
18807 2352
18816 10557
18818 14674
18822 12994
18829 7350
18831 10114
18832 2206
18832 19956
18834 14945
18847 8111
18855 8592
18887 14945
18900 12994
18901 19956
18917 3351
18924 2352
18934 12994
18936 12994
18937 12994
18938 4167
18940 3351
18954 10114
18964 15696
18976 17199
18980 14945
18983 14770
18998 19956
19001 13538
19012 23375
19013 12607
19067 12242
19117 7350
19122 23635
19125 2352
19184 6772
19198 18325
19206 4633
19220 19937
19221 19937
19234 2320
19237 19956
19238 19956
19239 19956
19240 19956
19241 19956
19242 19956
19248 19956
19249 19956
19252 19956
19253 19956
19255 11753
19255 19956
19256 19956
19264 2397
19271 19956
19272 19956
19276 19956
19277 19956
19312 4712
19315 18471
19317 17199
19326 17199
19327 10114
19329 10114
19330 10114
19331 10114
19343 19956
19349 14945
19363 14945
19366 17199
19371 14945
19381 19920
19386 10809
19390 13887
19423 8592
19435 13090
19446 19937
19446 24336
19449 19937
19470 15957
19474 17199
19500 19956
19510 22281
19511 14945
19516 17199
19535 22487
19541 3351
19553 8134
19593 20150
19596 12072
19606 4712
19611 1436
19631 23375
19636 7350
19636 11434
19642 12994
19647 4850
19721 12006
19739 13090
19793 19937
19812 19555
19848 19937
19849 11189
19851 19937
19852 19937
19853 19937
19854 12113
19855 19937
19860 12994
19880 8134
19883 12994
19884 24076
20014 15425
20066 12347
20095 23635
20116 19722
20117 19956
20125 12994
20183 3131
20187 14769
20191 9421
20192 8134
20193 8134
20200 24447
20208 12994
20224 5113
20229 12994
20240 12994
20242 22790
20279 9930
20284 12994
20286 3351
20291 3351
20299 15957
20300 3342
20301 12994
20304 23635
20305 13828
20328 12006
20402 4847
20430 19937
20473 14945
20495 19937
20496 19937
20538 10114
20543 20028
20545 12994
20547 2305
20547 8134
20556 20164
20560 1034
20568 23363
20614 2633
20614 19956
20615 14586
20625 14945
20626 2350
20634 16887
20635 12994
20665 3351
20668 20087
20680 8134
20693 17199
20722 13090
20725 14770
20736 17255
20737 13090
20758 18977
20809 9667
20810 9667
20822 7350
20874 23220
20878 12994
20881 2352
20883 8592
20896 4286
20948 12994
20962 13090
20967 1877
20970 15957
20973 12994
22028 8134
22029 18428
22031 1680
22031 8134
22057 4993
22101 8682
22103 2309
22105 8134
22107 24559
22109 673
22119 18773
22127 3351
22127 15310
22128 17129
22128 22593
22130 12994
22132 23631
22133 2307
22148 13090
22182 13090
22186 23221
22225 23631
22230 12364
22233 14083
22239 2554
22245 4173
22245 12994
22248 2352
22265 7350
22267 8134
22270 22790
22308 8134
22309 13844
22327 19956
22342 23635
22351 12994
22374 13711
22383 15425
22385 12006
22393 3351
22407 19722
22419 7350
22436 8609
22440 12994
22445 20047
22476 24599
22477 7688
22479 14945
22479 17199
22521 12994
22550 22596
22552 12994
22595 17129
22595 22596
22606 14773
22660 16589
22678 7350
22720 12994
22784 17199
22786 24559
22807 18759
22808 3249
22994 8134
22995 8134
22997 13090
22998 12169
23018 19956
23019 19956
23021 19956
23023 2206
23023 19956
23026 10114
23040 19956
23042 19956
23045 19956
23046 19956
23047 19956
23051 19956
23090 8550
23112 7350
23112 17121
23113 7350
23118 22790
23128 19956
23130 1436
23133 12994
23154 19956
23159 12994
23160 18967
23162 2397
23171 12867
23179 23381
23200 14945
23202 3351
23204 17199
23205 19956
23206 19956
23208 19956
23209 19956
23212 8134
23213 19956
23235 14945
23244 3678
23269 19956
23271 14586
23271 19956
23275 19956
23276 14586
23278 14586
23290 19956
23295 14945
23308 19956
23315 19956
23317 12006
23319 19956
23321 2827
23336 8910
23337 8134
23344 19956
23372 12940
23373 4013
23374 12166
23376 14586
23377 14586
23377 19956
23384 16701
23385 16701
23394 4894
23395 6274
23395 8111
23517 3351
23519 22790
23521 20654
23557 14770
23562 7467
23563 1436
23564 8134
23566 8134
23567 8134
23569 8111
23571 13090
23583 8134
23588 20960
23665 8296
23670 19920
23729 24217
23737 8134
23739 8134
23741 8134
23742 8134
23743 8134
23745 8134
23774 17465
23924 8134
23925 8134
23926 8134
23931 8134
23934 4847
23949 4023
23956 12994
23959 12994
23964 16701
23970 2352
23980 8111
23992 13090
23999 8839
24005 23631
24011 14986
24020 19926
24021 19956
24027 14770
24031 8134
24115 8134
24121 8134
24212 2397
24225 14568
24232 17199
24239 2356
24257 1436
24264 19956
24265 2824
24276 19937
24284 19956
24286 19956
24287 3354
24287 13540
24288 19956
24297 2206
24303 19937
24310 15837
24312 19956
24313 19956
24314 19956
24317 19956
24318 19956
24319 19956
24321 13540
24338 19937
24339 19937
24341 19937
24342 19937
24343 19937
24394 19937
24408 13348
24415 19937
24417 19956
24418 19956
24420 14586
24421 19956
24422 19956
24424 19956
24425 19956
24435 8592
24439 15832
24455 15952
24458 19920
24473 14945
24476 13540
24502 9117
24505 9117
24514 19956
24518 12006
24523 17199
24524 16887
24537 10114
24539 23260
24541 17199
24546 19956
24547 19956
24552 19956
24556 16887
24558 13164
24565 2397
24566 16303
24576 7708
24578 13835
24588 15444
24590 14770
24597 6435
24598 8134
24605 6772
24616 4013
