24624 24624 52
463 13887
1358 2397
2436 3978
2675 12994
3056 17445
4085 2352
4116 4633
5214 23763
6365 14674
6412 14867
7178 17127
8115 13090
8176 7708
8982 23580
9234 12994
9235 8111
9508 7518
9983 11892
10336 13090
10412 8692
10438 12470
10452 19926
10681 12994
10824 12004
10844 7124
10879 19926
11029 23763
11031 23763
11078 2698
13078 20581
13747 18875
14375 1436
14592 9667
15681 23763
16164 22020
16753 18506
17248 12994
17251 8910
18170 23763
18187 6254
18227 18875
18237 12761
18491 13090
18930 7788
19483 12994
20541 22281
22110 23763
22130 12994
23395 6274
23395 8111
23941 19920
23977 14867
