24624 24624 774
472 2689
491 15648
494 6137
574 15868
576 15369
636 14212
719 8735
774 16826
806 1684
813 17304
850 3839
850 12521
974 3086
1006 21339
1077 6634
1090 12084
1090 12372
1090 12506
1094 6580
1094 7600
1094 21643
1157 4988
1208 16826
1214 1214
1237 10798
1238 16012
1296 6815
1296 21632
1297 16735
1385 2821
1533 3093
1559 1696
1566 9066
1566 19345
1579 8901
1648 1368
1648 21111
1657 13328
1682 21266
1684 806
1684 3039
1696 1559
1696 8063
1729 10046
1759 22713
1766 11340
1766 16186
1872 15195
1883 22007
1923 1812
1923 6203
1934 8843
1991 23552
2214 7700
2215 8901
2235 6837
2240 12021
2256 6796
2256 9876
2256 12296
2256 12803
2299 11287
2411 19482
2426 21291
2630 7416
2658 469
2669 8973
2737 2737
2843 3512
2843 11670
2843 23565
2853 8039
2857 6696
2889 6624
2889 7742
2920 5092
2920 14899
2942 4684
2954 8740
2976 24403
3021 8469
3029 22721
3039 1684
3066 5055
3099 7689
3132 5374
3202 3202
3214 16210
3231 5085
3231 11872
3232 2211
3271 19778
3294 3016
3391 22620
3425 21264
3446 3446
3478 16546
3495 14956
3670 5718
3670 5965
3694 14737
3723 14956
3793 23943
3803 16255
3839 850
3884 22522
3918 11726
3918 12661
3948 24475
3962 20662
4022 7805
4049 22591
4144 10531
4147 2660
4161 22277
4229 18535
4229 21298
4264 18594
4303 22601
4309 17359
4362 5280
4438 24298
4451 9258
4548 14836
4684 20781
4809 17004
4862 19637
4958 4958
4988 1157
5012 19906
5077 6697
5079 20890
5084 17345
5092 6580
5092 10319
5092 15195
5092 18534
5105 23922
5105 24172
5109 5085
5159 8740
5168 21832
5170 9536
5193 23616
5198 5092
5305 15349
5305 20349
5305 23052
5351 5351
5351 14724
5352 14820
5353 13123
5358 16597
5359 18695
5374 11662
5374 12731
5374 24416
5384 10888
5411 19778
5476 17345
5482 19345
5498 20781
5557 22865
5671 2930
5718 5965
5718 6313
5723 4573
5737 22591
5743 6137
5766 12224
5834 3002
5879 5671
5879 18374
5914 23078
5968 20107
5981 4413
5996 16665
6016 7099
6036 5965
6039 20339
6046 21992
6127 15821
6137 494
6198 5403
6203 1923
6299 14121
6321 18492
6332 2051
6427 8395
6474 8752
6499 6499
6556 18521
6556 23922
6620 6897
6624 2889
6624 19978
6634 1077
6634 3414
6634 5143
6634 8195
6634 9073
6706 18213
6706 21084
6738 1841
6787 8395
6788 12931
6788 13135
6837 2235
6859 1773
6876 21728
6929 13928
6943 22535
6983 20685
6983 21827
7100 3670
7105 14098
7105 23293
7191 3478
7340 17800
7354 20225
7393 20008
7424 11789
7434 15527
7434 17725
7497 7474
7532 519
7563 4308
7569 2889
7569 7742
7570 409
7570 6536
7570 19687
7587 19778
7605 16467
7624 2821
7656 20969
7686 6109
7742 2889
7824 8843
7824 14379
7824 22275
7831 11770
7930 1632
7940 6495
7949 16739
8013 4749
8047 24158
8085 15834
8210 2213
8210 16826
8264 6024
8395 6787
8469 3021
8487 21809
8615 3635
8729 22695
8740 2954
8745 18691
8784 17765
9027 491
9065 18535
9073 6634
9098 21342
9257 19687
9258 4451
9317 20781
9406 2917
9600 9601
9600 11993
9651 16186
9829 4865
9829 8158
9833 20897
9835 672
9835 6678
10035 17800
10123 7434
10306 2810
10307 10700
10318 24107
10319 5092
10319 14185
10355 10798
10357 17799
10474 10492
10474 10589
10498 22713
10501 21470
10524 10524
10531 4144
10531 13088
10553 6897
10553 20639
10568 3063
10571 19968
10588 10605
10588 11340
10588 24107
10603 2821
10652 10652
10699 11794
10708 20605
10712 13328
10723 13328
10738 6054
10765 10765
10771 21153
10783 22275
10792 11831
10794 15668
10794 18808
10796 16002
10798 21362
10798 21480
10799 5482
10799 19345
10833 3600
10870 8243
10874 21564
10876 12544
10883 21141
10942 24107
11042 14303
11063 10048
11063 10783
11070 21837
11106 11386
11114 10606
11116 20107
11143 21264
11165 6315
11173 10563
11196 21728
11236 22522
11287 2299
11299 23588
11340 24107
11396 16442
11430 14855
11580 11340
11601 11601
11670 14019
11671 491
11722 23163
11735 11735
11781 12372
11800 12224
11806 18419
11810 22522
11831 617
11832 16063
11847 23616
11862 16479
11868 3223
11872 3231
11879 4996
11919 9365
11934 3478
11934 6796
11940 16963
11957 21137
11970 21714
12041 11003
12057 1794
12078 24273
12152 23859
12154 14948
12205 12205
12206 10783
12206 21090
12270 14253
12291 8431
12344 9438
12442 21690
12446 6483
12512 10492
12512 10869
12532 12532
12544 3579
12544 15629
12546 20107
12547 17449
12601 12601
12610 21654
12650 22701
12661 1447
12731 5374
12731 14899
12731 19938
12733 12731
12733 16546
12734 2806
12735 10894
12737 18391
12759 14485
12780 18195
12798 6975
12931 6788
12942 3125
12942 22606
12944 16210
12952 6580
12988 18789
12989 13883
13047 24403
13084 21722
13147 410
13151 11034
13175 1999
13175 6123
13228 6580
13242 4684
13245 8735
13245 13245
13319 4361
13385 1214
13392 4043
13392 20781
13624 17725
13737 19136
13780 1696
13780 5718
13780 13891
13782 1633
13860 21501
13877 7416
13892 12780
13916 13916
13922 14663
13947 24107
13986 10877
13993 19978
13999 17449
14000 24234
14019 11670
14046 4290
14085 491
14095 21690
14185 10319
14219 21291
14253 12802
14257 1991
14299 1991
14299 14257
14327 20257
14382 14382
14384 19759
14384 24491
14392 14391
14394 6495
14458 21809
14458 21933
14467 12261
14467 16725
14468 19218
14473 19296
14476 17449
14478 18594
14483 3223
14483 14855
14483 17345
14483 22013
14530 1238
14537 3231
14537 3579
14537 8900
14560 14560
14628 1624
14642 17458
14651 6796
14663 13922
14724 14737
14737 14724
14820 5513
14820 20897
14848 5160
14896 19586
14899 12731
14947 23849
14956 3723
15205 12601
15205 21009
15205 21723
15349 5305
15349 20349
15349 23052
15369 576
15450 12731
15450 15195
15450 22591
15471 20257
15481 23163
15515 4482
15558 14379
15558 15481
15558 21480
15648 491
15668 18492
15800 23153
15821 6127
15868 574
16012 1238
16116 11831
16165 7474
16186 3478
16212 19518
16268 22534
16342 13528
16342 16342
16401 21700
16442 11396
16467 7605
16467 16529
16493 5353
16517 469
16529 16467
16546 3478
16546 12733
16551 16551
16554 18697
16613 13147
16721 519
16739 20107
16837 21700
16843 2877
16843 10783
16949 4475
16998 5695
17036 2920
17069 19219
17203 1841
17203 12544
17215 16210
17285 24107
17362 1591
17362 21206
17424 21499
17449 22283
17451 22713
17453 18808
17569 5085
17590 15270
17651 10492
17694 10783
17694 14423
17702 23224
17725 15527
17800 7340
17867 19778
17873 12344
17873 18535
17959 4684
17980 5092
17980 20781
17981 13695
17992 7760
17992 16210
18029 1841
18029 8843
18029 8899
18029 10355
18051 18419
18055 2951
18057 2299
18139 1334
18139 24298
18160 21151
18191 21264
18191 21790
18191 22565
18195 12780
18207 19808
18223 12953
18223 14016
18256 978
18289 21271
18318 20673
18417 2644
18422 6328
18422 21795
18441 1926
18470 22151
18482 10772
18492 4491
18521 6556
18521 19623
18564 20257
18587 6369
18588 21068
18594 4264
18597 16202
18685 1603
18701 9554
18722 10857
18750 6968
18789 12988
18818 10888
19124 7911
19124 8039
19137 1085
19219 17069
19233 712
19233 7130
19255 14046
19297 6580
19297 22713
19297 24205
19388 7831
19388 24205
19434 3910
19450 5120
19450 8664
19518 16212
19601 2151
19637 2821
19637 6859
19653 5513
19759 11580
19816 10765
19844 21610
19862 19862
19908 2950
19918 8902
19978 6624
20007 21416
20020 8431
20020 9066
20024 21204
20257 20257
20275 11003
20275 21619
20277 2165
20277 6094
20277 17444
20280 20280
20282 5963
20283 20257
20284 24298
20295 12561
20349 5305
20349 15349
20349 23052
20425 20425
20429 14621
20522 21523
20538 13428
20538 15662
20540 6556
20620 5513
20639 6897
20670 20670
20721 21005
20730 7278
20730 21141
20736 20736
20781 2942
20781 5498
20781 13392
20796 9258
20834 15527
20839 12729
20886 31
20998 21253
21005 20721
21021 21021
21090 12206
21140 10798
21206 1591
21228 21574
21263 8902
21271 18289
21289 17281
21316 21298
21324 9536
21342 9098
21362 480
21393 21483
21410 4618
21410 21482
21476 18655
21480 21362
21482 6483
21482 21410
21482 21654
21483 21393
21523 20522
21537 20101
21564 10874
21574 21228
21574 21636
21577 24283
21610 21313
21654 21482
21678 23935
21690 12442
21722 21722
21730 10680
21754 1812
21809 21933
21827 6983
21859 23325
21894 2821
21902 4908
21933 21809
21973 16467
22007 1883
22033 10728
22069 20483
22142 19018
22151 18470
22236 20998
22236 21090
22237 12878
22283 17449
22343 22343
22344 5454
22349 1997
22349 8641
22349 10869
22349 11777
22349 20275
22378 14724
22449 5193
22502 22502
22520 10680
22520 15195
22535 6943
22558 7167
22558 13916
22563 21335
22565 22565
22591 5737
22601 31
22677 15527
22695 8729
22701 12650
22701 15138
22713 1759
22713 17451
22721 3029
22871 9087
22994 670
23131 23703
23163 11722
23163 15481
23166 24056
23168 8641
23184 12289
23371 16040
23518 1157
23537 8652
23588 11299
23616 16210
23624 17905
23703 23703
23748 10311
23860 16845
24015 1085
24107 11340
24205 24107
24209 18289
24273 12078
24298 4438
24332 5110
24416 5092
24416 5374
24416 12731
24442 13328
24442 17345
24442 20781
24450 18781
24460 16210
24460 17215
24511 21632
