24624 24624 286
9 1841
524 4591
570 17985
577 17905
579 17970
829 23932
885 14095
903 491
1206 22522
1225 16597
1228 4229
1253 8641
1265 5029
1312 21264
1315 20391
1345 20605
1346 10531
1409 11257
1423 16597
1424 2660
1676 10869
2162 16174
2277 21378
2294 20522
2435 12289
2563 1999
2565 8243
2621 11794
2639 18413
2673 4210
2688 6536
2811 17905
2944 21298
3023 18492
3256 17985
3445 23703
3494 4729
3507 11592
3687 14621
3689 6328
3690 4413
3731 17449
3909 22241
4056 5029
4196 18703
4477 10319
4551 4802
4641 4229
4868 6580
4946 4946
5078 8800
5111 23703
5286 20605
5298 20605
5340 16597
5489 12224
5504 17970
5563 15527
5708 11204
5833 14855
5852 6923
5904 1841
5906 18822
5925 11989
5946 17345
5950 11670
5952 7238
5956 17285
6087 22395
6101 3478
6128 7831
6280 6280
6442 491
6921 7238
7101 12130
7144 19961
7207 2810
7368 18413
7412 16725
7450 12224
7471 2802
7487 21690
7690 15834
7789 17285
7892 23623
8232 16725
8258 2216
8319 4684
8388 12878
8500 1214
8505 332
8515 1235
8658 10474
8960 480
9055 519
9101 1657
9112 20339
9398 10596
9471 20512
9484 6536
9485 4137
9485 16994
9496 16174
9520 17215
9700 11287
9702 4729
9706 10596
9709 7163
9720 16546
9753 8843
9755 16145
9767 22275
9777 6182
9778 15834
9780 4729
9807 1841
9808 22522
9812 15834
9820 9601
9878 10931
9880 4729
9890 22522
9943 9059
9968 11003
9976 5118
10059 11003
10207 1999
10219 480
10225 7393
10386 480
11125 21141
11290 21068
11409 9554
11413 1238
11415 469
11526 24107
11657 16841
12038 14000
12295 20339
12394 18413
12621 12802
12653 6536
12701 11462
12750 5118
12751 1235
12949 5118
12961 6460
13014 12289
13091 4729
13110 7416
13131 7700
13143 11340
13521 16597
13524 17449
13576 20522
14082 14562
14661 19637
15021 18391
15050 19697
15189 16308
15196 15195
15272 17449
15348 9984
15375 20522
15409 12224
15420 12043
15525 17345
15604 469
15611 22591
15713 17670
15738 18808
15799 2810
15969 22581
15980 4729
16013 18808
16055 2802
16109 11652
16190 19637
16213 3467
16375 4802
16413 5092
16430 21723
16656 11794
16663 10888
16894 18598
16895 22566
16970 6536
17143 5118
17169 11003
17217 20311
17286 21264
17516 17449
17642 12296
17834 7624
17848 4684
17904 20605
18062 480
18099 3467
18280 21141
18281 6536
18544 3382
18553 19697
18765 491
18873 23224
18995 21587
19049 17985
19130 21871
19339 6580
19396 16480
19397 1238
19402 5029
19532 3223
19678 7416
19698 19697
19727 19637
19770 20095
19828 11236
19828 22522
19830 4137
19837 6815
19877 1854
19903 21140
20174 1441
20177 3382
20337 1214
20347 12878
20358 19778
20409 9601
20414 10563
20424 24172
20477 11084
20588 1632
20688 10680
20761 10869
20762 7238
20870 21043
20871 3467
21028 18808
21033 17905
21136 16174
21252 15527
21270 15834
21297 15195
21302 24054
21389 4684
21428 23703
21454 7416
21481 9374
21536 19990
21561 6536
21579 4684
21643 6580
21697 6536
21778 8211
21778 10334
22040 4144
22051 3478
22051 16546
22086 23703
22087 20605
22424 9536
22500 480
22643 10563
22841 9984
22965 9066
23356 4359
23650 11003
23662 22275
23676 23703
23716 3478
23758 21587
23783 5029
23788 14562
23795 22275
23806 1000
23810 737
23815 10355
23866 11287
23882 2216
23914 1085
24199 20700
24376 18808
24385 12878
24389 24107
24391 7951
24577 15527
