24624 24624 113
82 10462
102 20092
105 20092
109 20092
125 23037
131 17214
136 8134
183 12008
184 20092
201 12008
205 23037
208 17393
213 20557
214 14181
226 6452
227 8134
230 6792
231 8134
236 8134
242 6452
245 8134
259 11992
264 8134
267 19662
282 20705
431 15190
454 20099
455 20099
484 4695
923 20654
931 19171
937 20654
1611 1610
1919 18941
2012 14194
2036 6801
2071 4712
2071 20100
2429 2420
3529 13164
3551 4695
3554 4695
3556 14598
3558 3768
3558 4695
4291 16303
4558 3115
4558 12257
4564 18915
5071 4695
5145 3170
5660 14166
5664 22339
5665 15444
7003 2448
7008 1436
7029 9689
7030 14586
7031 19555
7054 2633
7069 14769
7080 14769
7162 19171
7479 10114
7512 12968
8674 18096
9319 16326
9342 19807
9646 14770
9733 2901
10113 11594
10312 1436
10315 2356
11712 11711
11945 4849
12177 2641
12237 12744
12517 7918
12517 12516
12743 20106
12981 7350
13353 20731
14421 12527
14829 14832
15126 22551
15427 18313
15956 15653
16221 4801
16290 7350
16586 10114
16917 16916
17071 17070
17500 3733
17501 3733
17625 14770
17684 4633
17715 4695
18449 12600
18642 4038
18656 13370
18890 10114
18971 4712
18971 20100
20039 12254
20073 17129
20073 22596
20412 23631
20925 20924
20977 8283
22765 12385
22946 12245
23227 23226
23287 23286
