24624 24624 182
95 94
105 102
109 105
126 122
128 124
161 137
171 166
172 167
176 170
178 172
197 195
235 216
237 217
238 218
240 220
242 226
250 237
253 239
261 243
263 244
264 245
280 262
489 4995
622 14696
628 13493
895 895
895 896
896 5070
998 16505
1013 11103
1115 8750
1161 1162
1175 10966
1539 15546
1640 10519
1858 11742
1953 2722
2047 2046
2126 2724
2434 10944
2682 6416
3090 13675
3289 9111
3365 19929
3536 13308
3598 16185
3668 22140
3943 17812
4046 5685
4151 1337
4211 4215
4220 4220
4345 19070
4537 24009
5070 14242
5123 8518
5206 20876
5238 3598
5238 11210
5698 7993
5802 19419
6002 12886
6217 5854
6314 5979
6510 6523
6587 5627
6833 14296
7285 8146
7298 7296
7573 17632
7639 24578
7665 24006
7678 4348
7941 20882
8054 1451
8721 8722
8938 18895
8981 11091
9007 5215
9009 1953
9146 5031
9146 8518
9217 8216
9222 9221
9225 11672
9230 9604
9298 22323
9595 6832
9607 14752
10348 10992
10420 10694
10466 7553
10622 15789
10685 9524
10944 8934
10953 10161
10973 10972
10990 16863
10998 1113
11047 8043
11064 3652
11080 22136
11091 13083
11205 23978
11212 13761
11284 11281
11310 7575
11350 16555
11458 1595
11785 22217
11812 2668
11837 16713
11854 4222
12422 15546
12515 22218
12565 5991
12568 18202
12972 12972
12980 23004
12998 11740
13081 3652
13288 6514
13291 24003
13661 19592
13688 5203
13813 16560
13898 13398
14145 1205
14288 11812
14477 10644
14660 14660
14672 20319
14696 24405
15191 11854
15203 15202
15416 15416
15589 14092
15923 4346
16184 18858
16185 18858
16218 464
16459 23393
16496 5518
16555 11350
16793 16793
16871 998
17057 17058
17197 17197
17638 17674
17973 11270
17986 1602
18078 12763
18174 1906
18333 15447
18352 18353
18734 13438
18895 2104
19003 14054
19720 17184
20171 5796
20233 14462
20690 12228
20882 7941
20898 1851
22203 24533
22217 11785
22262 6191
22307 18309
22476 15896
22805 11000
23004 13333
23314 1129
23350 23351
23933 1009
23966 24003
23982 10446
23991 18328
24003 23966
24004 6389
24439 15182
24570 12071
24578 24576
