24624 24624 756
459 3221
627 5124
632 14945
632 17199
634 10114
650 8839
651 24136
736 1331
753 22281
765 8134
871 10114
908 11926
954 4232
992 17255
1003 7708
1012 24136
1017 12435
1053 19956
1057 14586
1093 23635
1110 19956
1116 19956
1118 8134
1124 19956
1126 19956
1133 24076
1153 19956
1165 8134
1170 6069
1174 8134
1176 8134
1177 1301
1181 24559
1182 12994
1204 10114
1211 19555
1278 14945
1324 13090
1478 19956
1481 12364
1487 7350
1528 13090
1532 13090
1538 23635
1539 19956
1540 19956
1542 19920
1563 14770
1568 7780
1638 3832
1644 12994
1651 15405
1656 8134
1659 1436
1698 8602
1699 24136
1723 19956
1728 2397
1767 1419
1824 23900
1905 1436
1905 6183
1907 19956
1909 8134
1920 19956
1939 3351
1948 12994
1956 16924
2147 14159
2315 10114
2333 11926
2334 14945
2392 8134
2395 17866
2577 12994
2661 13090
2682 5791
2725 8609
2725 12994
2731 2633
2747 12994
2752 12994
2775 19425
2856 3342
3045 8111
3179 3192
3207 9259
3207 14769
3290 24136
3308 12994
3390 24136
3411 2307
3411 8134
3482 6183
3487 13090
3789 8134
3801 8134
3801 8910
3830 3522
3842 12994
3871 17157
3962 11126
4051 19937
4090 2554
4093 13090
4106 12994
4116 12994
4123 12994
4124 12994
4129 22553
4133 22553
4144 13090
4152 12994
4225 20749
4342 8134
4397 18919
4484 12761
4484 13090
4605 12994
4811 8134
4812 8134
4986 8592
4998 8134
5014 23631
5062 14945
5112 9667
5219 19926
5366 14245
5379 12994
5399 3870
5402 13090
5423 12994
5433 22667
5438 7500
5479 20654
5495 13090
5525 12516
5536 20654
5550 14945
5637 19083
5647 19920
5651 3870
5670 2714
5750 4847
5752 15714
5754 24136
5792 12994
5795 12994
5992 24136
5994 19926
6026 23631
6027 17958
6038 3351
6050 24076
6188 12006
6213 23631
6327 24076
6358 8609
6364 24559
6379 8134
6414 12994
6423 7350
6501 19956
6513 12994
6528 12994
6566 15444
6574 12994
6632 12994
6636 13090
6638 2397
6670 12994
6704 8692
6714 8134
6715 8134
6716 8134
6721 8134
6724 19956
6749 4633
6753 8134
6754 8134
6757 8134
6759 8134
6761 8134
6762 8134
6763 8134
6764 19039
6766 3351
6786 12994
6797 24136
6875 8134
6938 12994
6987 12994
7217 11926
7256 13090
7272 1301
7315 8551
7552 23897
7561 12994
7562 12994
7564 14680
7566 23634
7582 16404
7584 2320
7590 23125
7628 13090
7634 8134
7635 1301
7651 13090
7664 8134
7665 12994
7676 2305
7677 8134
7722 8134
7722 8910
7723 8134
7724 8134
7726 8134
7729 8134
7736 8134
7737 8134
7739 8134
7813 2397
7876 24136
7982 14945
8025 8134
8028 8134
8029 8134
8036 2352
8040 12994
8042 12994
8045 13090
8046 13090
8049 13090
8054 3351
8066 2713
8075 12994
8095 22487
8100 7702
8103 12994
8105 17070
8105 23196
8115 13090
8117 3434
8123 8134
8125 8134
8140 13090
8249 23096
8509 8134
8510 8134
8624 8134
8627 2352
8628 19817
8649 19956
8709 14945
8714 7350
8724 8134
8724 13446
8726 8134
8770 8134
8771 12994
8774 8134
8786 13090
8803 10114
8859 19083
8911 8134
8912 8134
8913 8134
8916 8134
8919 8134
8923 12994
8931 8134
8933 8134
8935 8134
9014 8134
9016 24136
9018 8692
9032 13090
9033 2099
9129 8134
9130 8134
9133 3097
9135 8134
9138 8134
9150 12994
9175 8134
9178 8134
9182 8134
9184 8134
9199 23631
9212 2352
9215 2397
9228 4263
9232 13090
9233 16887
9236 4985
9254 8134
9275 8134
9275 13446
9276 8134
9279 8134
9285 8134
9288 16701
9356 8134
9407 24136
9469 22667
9479 19937
9506 3351
9579 2352
9603 12994
9607 23635
9609 3342
9636 19956
9937 8656
10033 12004
10037 12994
10045 18042
10156 24136
10159 12994
10163 3434
10168 19920
10178 17199
10261 19956
10263 19956
10288 14945
10290 13090
10291 12994
10354 12994
10382 14945
10387 17199
10387 17361
10402 2206
10402 19956
10419 24136
10422 13090
10423 20110
10433 22667
10441 12001
10441 12994
10442 1994
10444 2077
10446 12994
10452 19926
10467 13090
10472 22790
10478 19926
10485 24136
10509 6183
10517 24136
10663 19920
10677 12994
10681 12994
10696 12994
10718 8592
10724 13090
10763 15714
10778 3351
10790 12994
10795 23756
10825 13090
10826 8134
10826 18772
10827 8134
10830 1301
10837 22667
10845 15135
10846 8134
10850 12994
10851 3342
10874 3378
10879 19926
10902 8134
10911 8134
10923 10109
10928 1994
10937 12994
10947 12994
10954 13090
10971 14674
10983 24076
10986 18042
10990 12994
11002 3434
11022 3434
11025 3434
11026 19920
11035 15957
11038 10109
11049 12994
11065 12994
11066 3870
11077 12994
11080 19926
11086 12994
11089 13090
11111 24136
11149 4076
11149 12994
11158 19926
11211 17729
11212 3331
11220 15957
11223 4712
11228 19433
11265 16291
11274 3115
11274 12257
11276 4987
11277 3115
11282 14770
11293 12006
11329 7708
11380 1986
11380 13090
11402 19722
11447 19722
11672 19926
11680 8134
11680 8498
11682 8134
11682 22478
11683 8134
11684 8134
11688 8134
11690 8134
11795 12994
11808 2714
11826 17491
11941 1436
11959 19937
11960 19937
11994 8111
12047 8134
12049 8134
12089 7708
12100 8134
12101 8134
12110 8134
12155 12994
12180 1301
12184 8134
12185 8134
12188 8134
12191 12135
12216 19956
12422 19956
12439 19956
12441 24559
12485 19937
12550 16090
12554 8134
12587 8134
12587 13446
12647 24559
12660 19926
12663 22667
12740 12994
12785 24136
12987 12994
13035 8134
13059 8134
13086 24136
13180 12994
13203 17804
13204 8134
13226 2397
13233 4993
13310 12994
13417 7350
13428 18919
13434 10114
13435 12994
13564 14945
13573 10114
13577 20654
13592 12994
13616 11609
13622 8134
13748 16351
13797 12994
13846 17255
13870 8134
13889 12994
13932 10114
13965 3351
14033 17866
14036 12994
14053 8134
14056 24136
14071 8134
14109 12994
14326 3504
14329 20010
14422 15770
14450 12006
14464 6254
14464 13090
14493 19956
14502 19956
14538 7518
14541 14944
14592 9667
14593 13190
14618 10114
14712 14945
14752 15952
14752 23635
14791 3351
14925 11926
14930 11926
14935 20654
14972 4178
14977 12994
15077 22281
15108 12072
15186 17385
15315 12994
15384 3434
15449 13090
15452 18690
15541 19956
15543 19956
15546 19956
15642 18148
15908 8134
15908 8910
15941 24067
15959 2397
16114 12994
16117 12385
16124 8134
16127 8134
16128 8134
16141 19956
16146 2352
16155 8134
16156 7708
16157 8134
16158 8134
16158 20097
16161 4471
16163 8134
16200 7627
16216 12994
16219 12072
16233 7350
16415 14945
16470 12994
16472 22790
16501 7708
16518 8134
16534 12994
16538 12646
16541 2633
16552 12994
16578 19722
16620 11761
16668 13090
16693 14945
16727 12994
16742 8134
16752 4961
16755 23631
16776 8134
16791 1436
16864 19948
16866 1301
16885 13370
16943 2448
16952 13090
17119 7708
17123 16062
17173 14945
17189 17199
17243 8134
17246 7702
17246 8134
17247 8134
17248 24062
17251 8910
17455 13090
17540 13090
17541 14945
17557 8134
17564 2824
17582 20048
17584 24486
17586 24136
17588 12994
17596 8134
17601 8552
17607 2824
17614 22281
17619 2397
17631 14770
17708 12994
17709 4847
17811 18042
17822 14770
17826 8134
17847 16701
17849 11753
17876 1610
17995 8134
18002 7708
18003 12994
18009 18148
18028 12386
18039 8134
18173 13090
18177 815
18177 19555
18180 2713
18180 12994
18184 12994
18187 13090
18193 2352
18230 19926
18232 12994
18237 13090
18245 2397
18308 19956
18346 8134
18409 12994
18442 16954
18448 4232
18491 13090
18523 8134
18525 8134
18592 8134
18732 14945
18751 16626
18761 19956
18788 24609
18815 2077
18842 2352
18855 8592
18897 8839
18930 7788
19227 4751
19366 14945
19516 14945
19536 13345
19644 12994
19739 13090
19740 14945
19814 17255
19880 8134
19881 1680
20118 12994
20119 24177
20125 12994
20227 15714
20228 2633
20242 22790
20311 6267
20329 12006
20446 12994
20495 19937
20541 22281
20622 3342
20623 12994
20625 14945
20626 17199
20691 13090
20719 16882
20745 14945
20750 20654
20822 7350
20889 12994
20948 12994
20976 13090
21017 13538
22031 8134
22115 12994
22120 12994
22129 10109
22130 12994
22132 12994
22137 14874
22148 13090
22290 19956
22346 24136
22348 15770
22989 13538
23031 3434
23090 8550
23129 24136
23133 12994
23160 18967
23172 8134
23172 20097
23212 8134
23216 8134
23217 8134
23234 19722
23306 19956
23368 19956
23380 9588
23385 16701
23394 13090
23395 6274
23395 8111
23521 20654
23564 8134
23566 8134
23567 8134
23570 8134
23571 13090
23572 13090
23579 8134
23583 8134
23584 8134
23696 12994
23737 8134
23738 8134
23739 8134
23740 8134
23741 8134
23742 8134
23743 8134
23745 8134
23774 15957
23924 8134
23925 8134
23926 8134
23928 17662
23931 8134
23942 7702
23950 20047
23956 12994
23961 13090
23962 2603
23965 12001
23970 3925
23978 8111
23981 20482
23986 12994
23993 14841
23999 8839
24012 3434
24023 12994
24031 8134
24044 8134
24045 8134
24051 12994
24115 8134
24119 8134
24121 8134
24187 16626
24306 19956
24310 19956
24410 19956
24518 8134
24541 14945
24581 7708
24597 10114
