24624 24624 125
927 6271
930 4775
979 6271
981 6271
1148 6271
1354 6271
1419 6271
2009 6271
2203 6271
2244 6271
2701 6271
2910 6271
2911 6271
2918 6271
3040 6271
3094 6271
3149 6271
3428 6271
3448 6271
3524 6271
3525 6271
3780 4775
3992 6271
4712 4775
4751 6271
5726 15344
7350 6271
7819 6271
7921 6271
7933 15344
8172 6271
8173 6271
8174 6271
8283 6436
8314 6271
8496 6271
8573 4775
8764 6271
8854 6271
9864 6271
9892 6271
10270 6271
10612 6436
10746 6436
11163 6271
11448 6271
11593 6271
11637 22776
11645 22776
11706 6271
12345 22776
12779 4775
12791 6271
13044 22259
13255 6271
13349 22259
13395 22776
13424 15344
13470 6271
13508 6271
13549 6271
13711 6271
14116 6271
14668 6271
14873 6271
14918 22776
15017 6271
15169 22776
15383 6271
15837 6271
15841 6271
15958 4775
16139 6271
16274 6271
16279 6271
16285 6271
16450 15344
16573 6271
16589 6271
16829 22776
16834 22776
16896 22776
16903 22776
17491 22258
18070 6271
18771 22259
18787 6271
18863 22776
18867 4775
18942 22776
18962 6271
19104 6271
19528 6271
19554 22776
19557 6271
19594 6271
19595 6271
20150 6271
20439 6271
20548 6271
20654 6271
20735 4775
20910 6271
20923 6271
20954 4775
22264 6271
22382 6271
22682 6271
22683 6271
22684 6271
22852 6271
22988 6271
23054 5494
23188 6271
23192 6271
23220 4775
23363 6271
24219 22776
24266 22776
24465 22259
24499 6271
24613 6271
24614 6271
24620 6271
24622 6271
