24624 24624 83
656 14858
858 9154
899 805
910 9433
1339 16335
1689 13527
1828 16675
2217 805
2218 13935
2225 13808
2324 17747
3185 14120
3222 13935
3330 17272
3543 805
3601 7889
3766 3869
3853 9433
4235 4028
4651 10098
4747 13808
5074 17747
5497 13945
6451 805
7374 10098
7376 4680
7381 10098
7382 17272
7803 12979
7803 13935
7839 9092
7992 17272
8164 13935
8667 13935
9577 3049
9738 12979
9972 10098
10071 17272
10309 17747
11377 17747
12069 20180
12586 17272
13315 13935
13317 13723
14117 13935
14118 13935
14688 804
14821 17272
15114 13935
15159 10098
15227 10098
15229 6308
15803 7889
16247 4680
16976 13935
17482 13935
17658 2799
17685 17272
17728 805
17851 13935
18085 13935
18149 17272
18350 13723
18503 4963
18654 17747
18660 805
19692 13935
19694 13935
19713 20379
19922 18147
20529 20978
20586 4028
20794 17747
20827 4620
20908 13935
21757 7889
21912 17272
22278 23261
22338 12979
23064 16335
23126 15250
23141 6546
24480 13935
