24624 24624 148
20 17496
20 17819
513 20298
538 4364
861 4364
1271 2599
1271 14167
2479 12771
2749 12410
2755 12799
2755 18899
2984 18955
2999 4081
3191 14304
3191 22592
3459 14721
4233 6121
4402 3538
4402 11353
4473 11238
4669 16440
4817 20234
5300 5970
5300 20542
6266 19477
6618 16089
6901 4364
6903 11956
6903 13309
6959 13251
7199 3538
7199 12406
7221 12768
7246 4081
7385 11357
7385 12781
7385 13800
8153 12331
8468 6043
8523 14167
8597 2964
8737 8207
9091 18182
9099 4358
9336 11357
9456 11193
9653 12768
9748 4276
9763 14167
9764 13309
12039 20823
12142 6988
12142 15562
12468 4803
12468 6711
12468 14331
12563 2836
12859 15457
12863 14007
12892 17496
12921 5516
13029 6543
13029 7567
13029 8163
13029 11195
13029 11218
13029 11357
13029 13800
13806 5792
14778 16488
14884 4364
14884 6043
14884 16440
15201 20234
15201 21264
15565 5754
15663 4276
15831 14007
16033 4364
16039 2399
16045 847
16077 1210
16304 2391
16364 13484
16364 14643
16364 24453
16486 5383
16961 4803
16961 14331
17647 10731
17647 10867
17837 13448
17862 2391
17863 18182
18113 6595
18565 1352
18565 4803
19008 10867
19008 16468
19103 20298
19162 12410
19172 10731
19424 5200
19520 2391
19520 20298
19986 11071
20367 10292
20726 11090
21056 17496
21112 4364
21334 10758
21350 9077
21374 18190
21461 4608
21498 12768
21613 13309
21613 16471
21718 19064
21732 4546
21732 6543
21732 11195
21732 11357
21732 12781
21732 13800
21751 2855
21751 16057
21765 14317
21882 16440
22036 18182
22094 7609
22207 19074
22537 14317
22710 11333
22715 4083
22847 24453
22951 19119
22982 11238
23058 3847
23061 9215
23140 13175
23140 14331
23713 16468
23714 10289
23801 11956
23818 11193
23830 10867
23830 11900
23872 8630
