24624 24624 59
630 857
961 8091
1595 9524
3090 8091
3598 10463
4093 6191
4496 8091
5328 20550
5463 8091
6002 12886
7581 11208
9017 6990
9042 1200
9470 6191
9793 20550
10277 6191
10466 7553
10525 14516
10672 8091
10685 9524
10951 8091
11187 4925
11205 10463
11458 9524
11458 18370
12498 1292
12741 8091
13194 10411
13678 8091
13689 8091
13833 16067
13896 4925
14153 8091
14437 13588
14931 20550
15271 8091
15586 9931
15962 2002
16093 11208
16556 8091
16871 998
17712 8091
18019 8091
18172 6191
18405 8091
18595 20550
18599 8091
18768 2002
19787 20550
20066 20550
20237 8091
20445 8091
20496 8091
22942 1184
23023 9931
23259 22273
23978 10463
24297 18202
24436 10618
