24624 24624 78
316 5382
536 4738
1262 962
1600 5231
1865 12614
1876 4317
2283 5231
2473 5382
2785 22564
2786 457
2899 17178
2937 20956
3003 14040
3441 17549
3624 4088
3777 23983
4736 4088
5692 2422
6173 11145
6316 4317
6925 4880
7406 3439
8014 23207
8584 1172
9459 17561
9647 18815
9818 22564
10815 17549
12874 10045
14190 20309
14192 11061
14417 1172
14825 20309
15080 7679
15742 4738
16261 457
16373 5231
16587 11887
17268 4738
17269 1172
17270 4880
17371 4343
17781 4343
18988 10862
19150 17178
19400 4880
19460 4880
19576 11061
19764 962
20129 962
20364 17257
20551 17699
21032 17257
21038 18537
21088 17257
21188 2845
21198 2829
21221 22564
21300 5382
21300 10862
21303 12049
21504 16162
21590 24185
21701 11887
21703 2422
21715 5231
21806 17699
21833 24185
21872 18537
21889 4317
21974 11199
22156 18537
22505 1212
23123 4738
23303 17178
23391 10862
23707 4317
23891 23983
