24624 24624 214
94 95
102 105
105 109
122 126
124 128
137 161
166 171
167 172
170 176
172 178
195 197
216 235
217 237
218 238
220 240
226 242
237 250
239 253
243 261
244 263
245 264
262 280
464 16218
896 895
943 12214
998 16871
1009 23933
1113 10998
1115 8750
1129 23314
1162 1161
1205 14145
1292 11010
1337 4151
1451 8054
1595 11458
1602 17986
1640 5705
1851 20898
1906 18174
1993 1008
2046 2047
2104 18895
2122 11200
2722 1953
3598 5238
3652 11064
3652 13081
3814 6883
4099 22098
4215 4211
4216 4215
4222 11854
4348 7678
4995 489
5031 9146
5215 9007
5233 3065
5250 9110
5461 2685
5518 16496
5627 6587
5685 4046
5796 20171
5854 6217
5979 6314
5989 18570
5991 12565
6416 2682
6514 13288
6523 6510
6742 11682
7296 7298
7525 2572
7553 10466
7575 11310
7888 16641
7941 20882
8043 11047
8722 8721
8859 17591
8934 10944
9019 1594
9111 3289
9253 7357
9298 15454
9298 22323
9349 22494
9352 8315
9604 9230
9605 13082
10161 10953
10458 8988
10459 5233
10644 14477
10694 10420
10841 11276
10907 6745
10927 9605
10944 2434
10953 6391
10953 10161
10966 1175
10972 10973
10992 10348
11006 13034
11012 22104
11012 23620
11059 15447
11091 8981
11103 1013
11210 5238
11270 17973
11274 11277
11284 11284
11350 16555
11447 10203
11672 9225
11740 12998
11742 1858
11785 22217
11812 14288
11837 16713
11854 15191
11859 1534
12071 24570
12202 15237
12203 15237
12228 20690
12763 18078
13083 11091
13270 3532
13290 9248
13308 3536
13398 13898
13438 18734
13670 13753
13673 17599
13761 11212
13779 8488
14054 19003
14242 5070
14296 6833
14462 20233
14516 10525
14696 622
14752 9607
14845 10445
15009 14694
15182 24439
15271 5463
15318 14010
15447 18333
15462 3377
15546 12422
15548 11435
15789 10622
15896 22476
16184 3598
16185 3598
16505 998
16555 11350
16732 14077
16752 10453
16863 10990
17058 17057
17184 19720
17599 8519
17632 7573
17674 17638
17812 3943
18202 12568
18239 10460
18309 22307
18328 23991
18353 18352
18409 17812
18797 11208
18858 16185
18895 8938
19070 4345
19116 19116
19256 23042
19419 5802
19592 13661
19643 23952
20319 14672
20876 5206
20882 7941
22128 8570
22136 11080
22140 3668
22217 11785
22218 12515
22323 9298
22325 16008
22514 22514
23004 12980
23069 19659
23351 23350
23393 16459
23620 12040
23946 23985
23966 24003
23970 16394
23978 11205
24003 13291
24003 23966
24006 7665
24009 4537
24069 11201
24405 14696
24533 22203
24578 7639
