24624 24624 49
1733 19923
2178 4292
3229 11946
3276 17689
5775 16701
5987 8663
6359 19432
6526 6526
6746 9164
7132 15003
7848 7848
8226 7790
8226 16049
8689 23348
8763 20819
9614 16053
9908 9154
10159 16058
10679 7752
10977 8183
11055 11056
11055 11057
11141 9561
11215 1372
12368 1187
12379 1320
13149 8006
13195 8111
13434 10114
13704 6958
13915 2888
14351 20137
14506 20892
14928 16273
15295 13936
15487 3613
16861 4709
16915 3570
16945 17747
17461 3613
17548 20451
18233 21559
18606 17347
18850 3882
19373 2224
19756 15261
22310 21237
22995 8134
24016 6957
