24624 24624 128
467 20451
746 2678
1180 21219
1534 1606
1602 1606
1637 22870
1640 21219
1950 22870
2127 1605
2394 1606
2642 3922
2667 21219
2735 1606
3358 1606
3796 22867
4082 3922
4484 22870
4525 1606
4813 22870
4875 22870
5366 22870
5378 22867
5410 3922
5495 19946
5804 22524
6178 1606
6214 19946
6318 17798
6376 15902
6404 22870
6409 1606
6515 22870
7330 17305
7598 3922
7606 19946
7672 1606
7858 17305
8046 19946
8053 1606
8069 22870
8091 22870
8137 3922
8247 3922
8488 21219
8497 3922
8613 21219
8629 22870
8786 22870
8859 21219
9018 1606
9032 22870
9224 1606
9273 22870
9595 22867
9595 22870
9898 21219
10277 21219
10350 19946
10422 22870
10594 22870
10715 22870
10757 22870
10793 3922
10801 19946
10924 1606
10959 22870
11089 22870
11093 1606
11129 22524
11152 19946
11154 1606
11325 3922
11383 3922
11465 22870
11935 3922
12182 22524
12228 22870
12356 15659
12374 21219
12851 3922
12991 22524
13233 3922
13666 17798
13692 1606
13713 19946
13773 21219
13997 21219
14153 17798
14312 17683
14330 3922
14477 3922
14830 20451
14919 21219
15246 19333
15889 3922
15889 14410
16114 1606
16438 3922
16446 3922
16449 19946
16560 21219
16952 22870
17540 22870
17591 21219
17795 21219
17998 21219
18175 1606
18194 1606
18491 22870
18805 4356
18853 1606
18856 1606
18858 22870
20296 19946
20600 3922
22129 1606
22231 19946
22315 21219
22348 22870
22793 22524
22798 22800
22801 3922
22802 22800
23133 1606
23239 3922
23394 22870
23992 19946
23996 17798
