24624 24624 72
720 18459
1642 18372
1750 6000
1750 10597
2674 8104
3064 5346
3158 1143
3405 13199
4536 8218
4536 14064
5379 992
5399 6403
5406 4538
5409 9209
5628 17875
5678 1653
5894 7845
6403 1188
6406 2746
7439 4109
7614 23956
7991 8075
8031 14064
8218 17875
8278 7332
8278 22607
8714 992
8760 8104
8760 14064
8782 22976
9024 23956
9472 6406
10448 6194
10448 18839
10631 16501
10646 3826
10739 2746
10739 18982
10929 18839
10933 1023
11048 11161
12588 12479
14064 8031
14064 23746
14109 6194
14295 8075
14569 13162
15680 17875
16731 5218
16731 10711
16867 4628
16934 20139
16940 13077
16943 17875
17829 13872
17829 14064
17875 24026
18010 24140
18356 7641
18572 7991
18843 13294
19071 11687
20743 924
20743 17875
22034 6194
22976 7332
22999 10291
23936 10291
23936 11161
24275 658
24275 20451
24456 6213
