24624 24624 86
59 18241
110 14026
110 17566
130 20719
194 14366
1187 12368
1771 16862
1771 18726
1890 1493
2119 12422
2351 1200
2351 17546
2485 921
2485 18767
2491 1004
2495 16863
2496 1726
2497 2117
2499 14497
2503 2123
2504 10963
2509 13339
2511 5775
2514 18440
2514 18777
2517 13211
2518 24612
2520 11029
2523 465
2524 18484
2530 151
2530 24246
4629 10360
4631 2436
4723 14723
6810 2243
6810 17564
6810 19001
7228 11383
7342 7575
7383 3967
7536 11618
7974 9874
8601 1125
8706 15681
9062 18241
10065 20550
10118 1200
10118 10183
13027 1615
13346 20190
15687 6191
15687 10241
16047 19611
16071 16871
16344 18595
17373 7131
17864 6571
18738 10620
18738 13085
19143 7272
19143 17521
19164 659
19164 14963
19542 9630
19544 2333
19544 11030
19545 10535
19546 10823
19618 622
19618 14696
19813 12044
19813 18484
19975 1039
20443 11896
20836 11460
20930 14516
22072 465
23602 10463
23603 2123
23603 4100
23603 10824
23603 14497
23766 6191
23766 10360
24164 1125
