24624 24624 484
589 7452
664 7452
679 7452
681 7452
685 7452
686 7452
689 7452
697 7452
744 7452
786 7452
792 7452
793 7452
852 7452
854 7452
887 7452
1303 7452
1467 7452
1471 7452
1473 7452
1619 7452
1627 7452
1717 7452
1777 7452
1807 7452
1830 7452
1848 7452
1964 7452
1976 7452
1985 7452
2014 7452
2017 7452
2066 7452
2091 7452
2096 7452
2156 7452
2267 7452
2328 7452
2340 7452
2378 7452
2409 7452
2584 7452
2715 7452
2759 7452
2792 7452
2800 7452
2966 7452
3122 7452
3148 7452
3177 7452
3315 7452
3316 7452
3317 7452
3318 7452
3319 7452
3320 7452
3321 7452
3322 7452
3323 7452
3374 7452
3609 7452
3610 7452
3617 7452
3639 7452
3645 7452
3646 7452
3647 7452
3648 7452
3649 7452
3666 7452
3679 7452
3680 7452
3706 7452
3707 7452
3752 7452
3775 7452
3805 7452
3875 7452
3878 7452
3917 7452
3924 7452
3927 7452
3928 7452
3947 7452
3952 7452
3961 7452
3972 7452
3998 7452
4005 7452
4024 7452
4039 7452
4171 7452
4236 7452
4390 7452
4410 7452
4423 7452
4448 7452
4449 7452
4450 7452
4452 7452
4461 7452
4543 7452
4583 7452
4585 7452
4699 7452
4735 7452
4765 7452
4785 7452
4834 7452
4835 7452
4891 7452
4941 7452
4942 7452
4948 7452
4957 7452
4970 7452
4980 7452
5021 7452
5024 7452
5027 7452
5030 7452
5037 7452
5114 7452
5115 7452
5141 7452
5582 7452
5614 7452
5615 7452
5616 7452
5617 7452
5618 7452
5619 7452
5620 7452
5621 7452
5680 7452
5704 7452
5756 7452
5757 7452
5762 7452
5800 7452
5808 7452
5814 13279
5818 7452
5819 7452
6081 7452
6082 7452
6144 7452
6240 7452
6295 7452
6477 7452
6492 7452
6612 7452
6623 7452
6647 7452
6653 6653
6672 7452
6673 7452
6674 7452
6676 7452
6693 7452
6694 7452
6695 7452
6713 7452
6767 7452
6770 7452
6779 7452
6780 7452
6781 7452
6826 7452
6827 7452
6868 7452
6945 7452
7113 7452
7281 7452
7304 7452
7620 7452
7735 7452
7863 7452
7878 7452
7969 7452
7993 3587
8012 7452
8023 7452
8219 7452
8324 7452
8371 7452
8420 7452
8434 7452
8435 7452
8436 7452
8472 7452
8546 7452
8650 7452
8680 7452
8684 7452
8686 7452
8801 7452
8881 13808
8884 7452
9076 7452
9151 7452
9192 7452
9307 7452
9328 7452
9368 7452
9370 7452
9418 7452
9442 7452
9490 7452
9521 7452
9548 7452
9632 7452
9642 7452
9670 7452
9671 7452
9674 7452
9680 7452
9932 7452
9977 7452
10128 7452
10129 7452
10130 7452
10131 7452
10132 7452
10133 7452
10134 7452
10135 7452
10136 7452
10137 7452
10359 7452
11194 7452
11424 7452
12051 7452
12052 7452
12299 7452
12300 7452
12307 7452
12341 7452
12346 7452
12358 7452
12436 7452
12519 7452
12591 7452
12593 7452
12644 7452
12742 7452
12756 7452
12757 7452
12939 7452
12990 7452
13024 7452
13025 7452
13061 7452
13062 7452
13063 7452
13064 7452
13065 7452
13256 7452
13257 7452
13258 7452
13259 7452
13260 7452
13261 7452
13262 7452
13292 7452
13344 7452
13361 7452
13386 7452
13475 7452
13503 7452
13513 7452
13534 7452
13541 7452
14066 7452
14162 7452
14164 7452
14395 7452
14398 7452
14399 7452
14542 7452
14547 7452
14599 7452
14656 7452
14657 7452
14662 14662
14824 7452
14934 7452
14951 7452
15070 7452
15331 7452
15332 7452
15341 7452
15342 7452
15345 7452
15357 7452
15736 7452
15781 7452
15839 7452
15847 7452
15848 7452
15849 7452
15859 7452
15860 7452
15862 7452
15863 7452
15864 7452
15865 7452
15911 7452
15982 7452
15983 7452
15984 7452
15985 7452
15986 7452
15987 7452
15989 7452
16052 7452
16060 7452
16065 7452
16096 7452
16134 7452
16138 7452
16205 7452
16244 7452
16251 7452
16252 7452
16253 7452
16254 7452
16280 7452
16281 7452
16282 7452
16283 7452
16309 7452
16339 7452
16349 7452
16635 7452
16647 7452
16648 7452
16662 7452
16677 7452
16678 7452
16689 7452
16710 7452
16814 7452
16816 7452
16828 7452
16890 7452
16898 7452
16899 7452
16905 7452
16912 7452
16913 7452
16923 7452
16969 7452
17008 7452
17022 7452
17023 7452
17024 7452
17025 7452
17026 7452
17063 7452
17082 7452
17084 7452
17087 7452
17091 7452
17111 7452
17114 7452
17116 7452
17132 7452
17136 7452
17297 7452
17302 7452
17323 7452
17329 7452
17341 7452
17343 7452
17508 7452
17660 7452
17663 7452
17688 7452
17853 7452
17907 7452
17908 7452
17909 7452
17955 7452
17961 7452
17962 7452
18091 7452
18509 7452
18531 7452
18546 7452
18583 7452
18615 7452
18724 7452
18726 7452
18766 7452
18909 7452
18981 7452
19015 7452
19038 7452
19053 7452
19095 7452
19102 7452
19203 7452
19204 7452
19205 7452
19211 7452
19212 7452
19213 7452
19214 7452
19215 7452
19229 7452
19285 6652
19440 7452
19495 7452
19588 7452
19794 7452
19885 7452
19891 7452
19984 7452
19999 7452
20002 7452
20003 7452
20111 7452
20112 7452
20113 7452
20114 7452
20115 7452
20210 7452
20212 7452
20258 7452
20325 7452
20326 7452
20380 7452
20532 7452
20572 7452
20596 7452
20612 7452
20656 7452
20734 7452
20875 7452
20900 7452
20985 7452
22021 7452
22047 7452
22210 7452
22211 7452
22212 7452
22213 7452
22214 7452
22215 7452
22216 7452
22568 7452
22573 7452
22575 7452
22577 7452
22578 7452
22579 7452
22580 7452
22584 7452
22585 7452
22586 7452
22588 7452
22604 7452
22806 7452
22991 7452
23016 7452
23017 7452
23075 7452
23127 7452
23139 7452
23281 7452
23364 7452
23365 7452
23366 7452
23367 7452
23802 7452
23888 7452
24095 7452
24210 7452
24211 7452
24230 7452
24231 7452
24515 7452
24536 7452
24555 7452
