24624 24624 360
602 14679
603 17064
716 24176
738 14679
748 17196
773 14679
901 17196
959 17347
1090 16666
1122 5816
1122 17064
1127 23097
1302 14679
1353 17196
1358 24176
1406 20851
1470 23249
1520 19431
1585 14992
1597 17502
1613 17064
1641 17064
1656 20451
1658 6946
1744 17064
1852 4652
1852 17064
1899 6354
1904 7699
1940 13409
2057 4652
2143 14679
2333 6256
2436 5816
2680 4652
2680 17064
2726 24176
2745 24176
2774 17346
3072 4652
3161 8571
3219 5816
3298 17347
3335 14679
3422 24176
3456 17502
3480 14565
3487 13092
3650 14679
3715 14679
3790 16198
3802 14679
4092 4048
4115 4048
4134 5816
4134 6958
4143 19093
4234 16198
4399 24176
4415 17196
4569 17064
4752 17064
4873 24176
4905 14679
4971 16671
5014 10096
5066 17064
5081 14679
5119 17747
5126 13957
5147 17196
5165 19509
5175 16666
5182 6811
5228 19093
5395 24176
5404 19093
5422 5816
5429 6354
5464 13090
5470 19093
5568 14679
5678 17064
5752 17747
5869 14679
5894 24176
6052 14679
6053 4652
6091 24176
6125 17064
6188 17064
6331 6269
6351 14679
6376 4652
6382 7473
6397 6306
6407 5816
6473 17196
6540 17747
6555 17064
6576 14679
6709 13957
6712 14679
6875 17064
6896 17196
6899 16198
7284 17064
7332 17064
7552 17064
7574 17064
7576 6958
7579 24176
7593 17747
7611 17347
7614 17064
7637 8667
7914 17196
7939 24176
7945 24176
7953 24176
7957 14679
8168 24176
8228 24176
8236 23249
8244 17064
8452 5816
8647 17219
8841 14679
8851 19093
8929 5816
8965 16198
8999 19734
9027 14679
9078 14679
9118 17196
9210 17064
9270 14996
9271 16666
9611 17196
9654 17064
9837 4652
10015 14679
10269 14679
10313 17196
10385 14679
10397 24176
10413 6958
10418 17064
10444 17502
10457 24176
10467 13092
10480 14565
10515 17196
10530 4652
10530 6630
10536 17064
10618 17219
10629 4652
10629 24176
10654 19093
10659 5857
10716 19946
10836 17064
10839 17064
10845 17298
10884 16666
10908 10096
10942 9366
10955 17064
10960 24176
10984 10096
10988 19431
11038 13409
11099 10096
11122 14679
11148 14679
11170 4652
11192 17064
11215 4487
11262 17064
11311 14996
11325 6958
11349 24176
11432 17196
11592 14679
11622 17346
11644 14679
11678 5816
11724 17196
11725 17196
11729 17196
11744 14679
11757 1692
11782 17747
11802 19734
11818 14679
11884 22895
11913 15059
11955 14679
11965 17294
11969 13957
11977 14679
12080 23249
12145 4652
12158 21842
12291 17064
12419 17196
12504 6966
12514 14679
12564 804
12564 10096
12578 17064
12608 20778
12801 15003
12834 4280
13263 14679
13281 13957
13447 17064
13618 14679
13618 17196
13624 23249
13657 17196
13699 5700
13700 23097
13707 17064
13781 14679
13801 17064
13842 5816
13873 4694
13902 24176
13975 13251
14001 13326
14047 14679
14048 14679
14058 10096
14060 14996
14063 24176
14109 17064
14371 17196
14461 17196
14498 14566
14498 16058
14506 14679
14552 2888
14720 13957
14720 24176
14921 5816
14971 7699
15175 24176
15205 17064
15210 14679
15302 16666
15305 18350
15307 10096
15469 17196
15490 17196
15513 17196
15563 17196
15893 17064
15964 10114
16093 5816
16093 17196
16241 17064
16377 14679
16377 17196
16384 14679
16438 24176
16448 9092
16457 12853
16484 14679
16618 23249
16664 13451
16721 14996
16750 12721
17100 14679
17120 13808
17434 10640
17607 17064
17622 4652
17870 14679
17871 24176
18000 14679
18000 17196
18034 4841
18184 5816
18201 19093
18219 16666
18240 5816
18254 17064
18391 14679
18423 4652
18444 14679
18444 17747
18454 14679
18517 17196
18677 10068
18704 23249
18730 14679
18796 24176
18809 19734
18830 14679
18887 14679
18897 10096
18936 17196
19269 17347
19331 3351
19349 14679
19374 14679
19375 17064
19474 17064
19607 17064
19860 14679
19860 17196
20240 14679
20249 17064
20293 2888
20313 6354
20487 17064
20487 24176
20531 24176
20578 24176
20694 17064
20694 24176
20720 14679
20791 5816
22125 5816
22132 17064
22245 24176
22247 9865
22290 17064
22304 17064
22360 19093
22368 14679
22434 17064
22495 24176
22601 17064
22670 14679
22999 24176
23165 17196
23194 17064
23194 24176
23235 14679
23392 19946
23561 16198
23748 13957
23945 10096
24008 19431
24011 5816
24021 23249
24025 17219
24087 13957
24184 4841
24187 17196
24340 14679
24414 14679
24438 17196
24440 17064
24441 14679
24505 14679
24506 13957
