24624 24624 55
654 12994
2223 3342
5099 3993
5849 19722
6227 3115
6227 15444
6227 16303
6227 16701
6594 815
7538 19937
7546 8111
7546 19926
9391 19920
11486 19937
11489 17866
11503 20028
11515 20028
11518 8551
11538 18773
11538 23071
11540 8602
11557 20028
12473 815
15203 12397
18431 13090
19210 14039
19959 12397
20411 12397
20411 19920
20627 13272
20627 13370
22256 23769
22689 19937
23396 2076
23404 15684
23405 3743
23407 18148
23414 13272
23423 12965
23428 3588
23444 3588
23446 12364
23447 12364
23454 14674
23455 12435
23458 2076
23459 23641
23465 917
23469 23658
23471 2352
23484 13530
23490 2352
23505 13090
23510 15706
23513 2077
