24624 24624 381
589 16065
644 19050
685 4585
686 6671
686 16065
695 1787
740 23348
786 6671
786 16065
800 801
824 9244
877 24554
1323 1322
1364 6840
1367 801
1467 16065
1587 801
1678 12447
1686 801
1687 801
1792 14113
1792 20993
1857 1859
2064 5747
2065 4886
2139 4886
2210 4886
2252 16341
2378 17302
2442 2043
2467 6840
2469 6840
2710 801
2914 22638
2925 22615
3103 15347
3122 13503
3133 8870
3151 9244
3190 4886
3212 1787
3242 1781
3374 786
3374 6671
3374 16065
3432 9513
3645 13503
3648 6671
3648 16065
3649 17660
3664 3665
3713 801
3745 5719
3927 6671
3927 16065
3928 6671
3928 16065
4034 19050
4171 4980
4274 15637
4287 12642
4418 5603
4419 5603
4453 4454
4587 4588
4653 3430
4699 6671
4699 16065
4782 4886
4785 6671
4785 16065
4886 17386
4909 16429
4911 4886
4994 18898
5024 6671
5024 16065
5025 20262
5115 4390
5135 9244
5614 6671
5614 16065
5615 6671
5615 16065
5616 6671
5616 16065
5617 6671
5617 16065
5618 6671
5618 16065
5619 6671
5619 16065
5620 6671
5620 16065
5621 6671
5621 16065
5622 16921
5676 665
5677 665
5815 4886
5933 5933
6007 17062
6007 18836
6031 15852
6081 6671
6081 16065
6082 6671
6082 16065
6118 6117
6133 6669
6179 22615
6240 6671
6240 16065
6273 17030
6310 15347
6665 1978
6672 6671
6672 16065
6673 6671
6673 16065
6674 6671
6674 16065
6679 24216
6689 1787
6690 14973
6693 6671
6693 16065
6694 6671
6694 16065
6830 665
6838 6838
6847 17030
6849 16429
6858 4836
6862 16649
6869 3430
7177 5747
7206 801
7766 7762
7775 23348
7795 4886
8294 4886
8327 4886
8394 801
8434 6671
8434 16065
8435 6671
8435 16065
8436 6671
8436 16065
8472 16065
8546 6671
8546 16065
8657 19050
8663 24216
8680 6671
8680 16065
8738 4269
8801 16065
8804 6117
8808 15637
9050 22638
9243 4886
9295 4886
9303 699
9367 20650
9372 9371
9384 14973
9497 9914
9499 4886
9548 6671
9548 16065
9665 4417
9681 6840
9932 13503
12299 6671
12299 16065
12300 6671
12300 16065
12341 17302
12359 798
12591 6671
12591 16065
12597 665
12644 852
12682 12683
12757 1717
12788 4269
12883 12884
12993 12447
13157 4886
13187 13187
13292 16065
13363 23077
13475 6671
13475 16065
14066 6671
14066 16065
14113 20993
14156 16921
14172 15782
14235 4886
14396 6117
14396 6118
14398 6671
14398 16065
14403 4886
14542 6671
14542 16065
14717 3430
14725 14726
14725 22638
14726 22638
14834 3506
15070 6671
15070 16065
15087 18894
15285 6117
15285 6118
15327 4886
15331 6671
15331 16065
15332 6671
15332 16065
15356 19050
15357 15911
15561 22600
15572 14973
15656 4886
15735 4886
15736 15911
15745 22276
15783 15782
15829 4886
15847 6671
15847 16065
15848 6671
15848 16065
15849 6671
15849 16065
15851 15852
15859 6671
15859 16065
15860 6671
15860 16065
15861 17094
15862 6671
15862 16065
15863 6671
15863 16065
15864 6671
15864 16065
15865 6671
15865 16065
15982 6671
15982 16065
15983 6671
15983 16065
15984 6671
15984 16065
15985 6671
15985 16065
15986 6671
15986 16065
15987 6671
15987 16065
16027 22638
16099 4886
16205 2091
16206 2043
16277 6852
16339 6671
16339 16065
16368 4269
16451 4886
16602 18898
16604 5034
16621 5034
16648 13503
16814 6671
16814 16065
16898 16065
16899 16065
16901 4886
16909 801
16910 801
16911 14973
16912 24536
16913 19794
16956 4886
16969 6671
16969 16065
16988 16989
17022 16065
17023 16065
17024 16065
17025 16065
17062 18836
17391 17089
17612 4886
17763 5603
17769 1978
17853 6671
17853 16065
17907 6671
17907 16065
17908 6671
17908 16065
17909 6671
17909 16065
17950 4269
17956 17331
17962 6671
17962 16065
18700 4417
18712 4269
18766 3609
18893 6031
18981 16065
19016 14973
19051 17331
19054 22619
19142 4886
19199 14973
19229 16065
19417 20739
19418 16429
19732 19514
19785 17030
19799 20650
19890 19514
20043 22276
20053 801
20103 13579
20111 6671
20111 16065
20112 6671
20112 16065
20113 6671
20113 16065
20114 6671
20114 16065
20115 6671
20115 16065
20210 6671
20210 16065
20258 13503
20320 6840
20325 20326
20563 3708
20646 4269
20656 15911
20732 19971
20803 14510
20856 4886
20942 13579
22021 16065
22190 16429
22249 20262
22571 4269
22574 4886
22575 6671
22575 16065
22577 6671
22577 16065
22578 6671
22578 16065
22579 6671
22579 16065
22580 6671
22580 16065
22602 17952
22722 4886
22818 4417
22977 6117
22977 6118
23251 2271
23888 16923
24215 19056
24228 1781
24229 1781
