24624 24624 204
629 5611
629 13540
635 22790
717 19082
825 10114
841 22790
871 10114
994 2154
1023 8134
1037 4632
1138 4632
1150 19956
1169 4632
1198 10114
1201 10114
1211 19555
1465 14769
1477 19956
1478 19956
1555 8134
1562 4632
1655 8134
1882 4632
1894 8134
2315 10114
2394 22790
2433 22790
2436 4632
2449 12474
2974 19722
3208 19722
3792 8134
3814 4632
4030 10029
4346 19956
4355 8134
4363 22790
4752 16303
4811 8134
4812 8134
4997 8134
5227 22790
5465 22790
5536 20654
6019 22790
6188 12006
6287 8134
6372 10547
6423 7350
6752 19920
6762 8134
6875 8134
6883 4632
7219 17199
7275 8134
7578 4632
7579 4632
7610 19082
7633 8134
7728 8134
7845 4632
7977 12474
7978 12474
7979 12474
8024 8134
8026 8134
8027 8134
8037 12001
8072 19956
8124 8134
8125 8134
8147 13473
8639 8134
8696 4632
8714 7350
8724 8134
8732 4632
8858 10114
8921 8134
8925 8134
9124 7350
9135 8134
9137 8134
9150 8134
9181 8134
9241 19937
9280 8134
9283 8134
9285 8134
9850 22790
9903 19956
9953 8134
10104 19956
10362 8134
10476 19082
10509 6183
10560 7328
10829 8134
10904 8134
10905 8134
10908 8134
10947 19082
11102 19082
11230 22790
11260 4632
11293 12006
11315 4632
11318 4632
11334 8134
11351 3115
11371 4632
11678 8134
11688 8134
11694 8134
11854 10021
11959 19937
12049 8134
12050 8134
12186 8134
12422 19956
12439 19956
12481 19937
12485 19937
12496 19937
12518 7350
12587 8134
13036 4632
13202 8134
13221 4632
13224 4632
13289 19920
13417 7350
13434 10114
13559 17199
13577 20655
13590 4632
13685 8134
13692 22790
13710 8134
13794 19082
13874 8134
14051 8134
14306 8134
14309 8134
14316 22798
14444 19956
14495 19956
14877 10114
14921 3182
14938 22790
15174 4632
15181 10547
15893 22790
15900 8134
15934 19956
15960 14769
16141 8134
16160 8134
16216 2154
16472 22790
16646 2154
16737 8134
16757 8134
16945 20601
17532 4632
17566 10021
17572 8134
17847 16701
18180 12001
18184 12001
18370 8134
18591 8134
18805 12474
18954 10114
19261 4632
19331 10114
19449 19937
19526 10547
19566 10021
19853 19937
19854 19937
19855 19937
20242 22790
20634 14265
22145 12001
22658 10547
22809 8134
22980 8134
22995 8134
23088 19956
23091 19956
23212 8134
23306 19956
23309 19956
23312 19956
23337 8134
23519 22790
23558 8134
23644 19956
23746 8134
24120 8134
24265 10021
24330 10547
24339 19937
