24624 24624 109
598 13389
723 16639
1171 23258
1282 16683
2413 1331
2593 3926
2707 23769
2750 14795
2869 6258
3090 13090
3261 6260
3367 19927
3873 9945
3885 8111
4076 12994
4261 12994
4285 16588
4877 24190
5148 9196
5437 6258
6159 15398
6262 4206
6268 4206
6539 4206
6547 20835
7652 1291
7776 12994
7825 23256
8205 1291
8448 1986
8609 12994
9071 6260
9340 19942
9607 23635
9924 3602
9930 12994
10154 11661
10410 19926
10478 19926
10592 23635
10940 24076
11007 8110
11080 19926
11083 9866
11186 4632
11219 7896
11222 15410
11312 17350
11329 13090
11840 12994
11931 12994
12066 12065
12079 11661
12365 16919
12376 9866
12664 12994
12875 9867
13432 11619
13688 23635
13697 19870
13813 23635
13841 12339
14054 8111
14296 1291
14477 23635
14625 11661
14752 23635
15422 15694
15699 6260
15748 12994
16061 9196
16218 4033
16629 1338
16632 12994
17171 16919
18125 23631
18173 19926
18193 19926
18230 19926
18392 12994
18481 8111
18746 16919
18842 19926
19003 8111
19291 11661
19669 3351
19669 23635
20022 12994
20544 12390
20626 17199
20792 11661
22123 1291
22340 12994
22372 19927
22694 7702
22864 4206
23759 4206
23762 4206
23978 8111
23985 16640
23989 5866
24020 19926
24049 1291
24052 8109
24052 8111
24242 4647
24271 12065
24294 19942
24452 20941
