24624 24624 68
63 4764
1161 4764
2047 4764
2110 4764
2111 4764
2229 4764
2230 4764
2231 4764
2232 20167
3457 4764
3457 20167
3590 4764
4213 20167
4214 4764
4216 4764
4216 20167
4219 20167
4388 20167
4389 20167
4460 4764
7299 4764
7308 4764
7309 20167
7310 20167
7494 20167
7496 4764
7835 4764
7835 20167
9430 20167
9431 20167
9475 20167
9476 20167
9688 20167
11927 20167
13925 4764
14206 4764
14208 20167
14211 4764
14216 20167
14659 20167
16028 4764
16029 20167
16250 4764
16804 20167
16805 20167
17058 4764
17081 20167
17095 20167
17096 4764
17125 4764
17860 20167
17861 4764
18351 4764
18478 20167
18650 20167
19591 4764
19591 20167
20717 4764
20718 4764
20777 4764
22510 20167
22511 20167
22611 4764
23098 20167
23339 20167
23340 20167
23351 20167
24046 20167
