24624 24624 59
476 758
493 12
1335 4683
2172 15568
2627 758
2627 20638
2628 15568
2628 20638
2657 15568
2892 15568
3756 7891
4722 2061
4759 7891
4770 15568
4950 758
6107 15568
7150 758
7297 15568
7427 15568
7753 20638
7919 7891
8416 15568
8898 15568
9013 15568
10806 1440
12528 15568
12529 15568
12530 15568
12542 7891
12964 7891
13031 1440
13374 15568
13899 15568
13900 15568
14130 2061
14570 15568
16222 12
16993 15568
17106 20706
17656 15568
19573 20706
20030 15568
20144 15104
20144 15568
20145 15568
20507 14833
20510 2061
21066 15568
21508 15568
21571 15568
21850 15104
21850 15568
22437 15568
22536 15568
22811 4683
23500 7891
24156 7891
24200 24066
24213 2063
