24624 24624 66
321 13050
356 21938
523 14682
2116 7734
2263 2261
2264 2261
2777 2261
3191 7734
4721 2261
5344 13050
5540 2261
6425 24071
6618 7734
6903 13050
6959 3758
7106 20137
8397 8398
8597 13050
8699 8698
9640 2261
9764 13050
10190 21938
10528 20139
13374 13373
13375 13373
13376 13373
15600 2261
16048 3758
16077 21938
16960 20461
17283 17282
17434 20139
17902 21938
18108 2261
19334 20137
19737 21938
20168 20137
20367 20137
20726 14682
20987 20986
21042 13050
21138 21938
21232 20137
21243 19572
21332 21938
21468 3758
21560 13050
21608 20137
21613 13050
21765 7734
21844 20137
21939 23362
21950 20137
21962 21979
21989 13050
22005 21938
22299 20137
22381 22380
22537 7734
22719 13050
22951 21938
23801 13050
23844 4545
23844 23844
24080 19572
24108 24399
