24624 24624 95
530 8771
1755 18638
1865 6747
2025 23979
2181 17509
2988 18408
3009 18233
3282 11172
3429 10719
3663 1340
4007 11693
4488 11689
4719 12313
4737 10914
4766 8771
5194 8103
5844 2192
6060 1942
6098 18408
6131 14347
6955 16853
7196 1937
7337 11172
7430 14347
7531 11696
8257 8087
8376 10341
9161 3492
9559 10914
9564 1937
9752 18203
10218 11202
10616 11689
12061 3492
12628 9509
12871 16853
13505 6747
13552 8491
14128 10341
14727 10440
14970 1942
15075 11202
15306 5278
15373 1097
15677 10914
15743 10914
15975 8103
16796 22385
17250 8771
17920 1942
17965 20884
18693 18203
18907 17509
19059 17696
19151 10440
19321 11202
19775 22786
19875 1942
20371 22347
20410 11202
20813 7877
21038 8194
21051 17571
21069 3492
21097 10341
21155 6747
21173 11689
21188 2845
21220 16853
21242 11689
21300 18225
21309 8491
21311 8103
21349 23979
21376 10914
21396 9012
21414 8491
21415 8491
21438 9012
21444 18249
21465 16853
21473 18233
21474 18225
21511 11692
21559 18233
21629 23979
21647 20884
21711 23979
22006 11696
23811 7583
23907 9012
24088 23979
24198 5278
24397 1937
24492 11696
