24624 24624 1080
0 8423
25 4083
39 5440
316 8926
355 16533
512 11084
512 18186
521 11728
526 1697
536 23233
537 18458
549 6543
566 9407
567 13086
569 10756
571 12985
584 10800
586 11077
587 9077
590 22605
592 11623
595 11955
605 10755
676 676
676 4982
708 4500
708 14363
708 14365
711 10820
731 17299
732 22222
790 3423
832 23574
904 17280
1137 7681
1137 8996
1222 1353
1240 18000
1254 5262
1254 20992
1277 15898
1351 11750
1386 23975
1395 14338
1399 1352
1399 6325
1399 19129
1402 4276
1410 775
1458 8316
1458 16481
1459 6709
1459 20953
1486 18081
1516 1482
1589 3806
1589 11750
1589 19232
1592 5547
1616 1036
1634 17175
1673 7681
1688 1381
1755 17606
1755 19740
1793 17606
1870 13431
1876 2855
1974 3534
1995 2000
1995 18688
2023 4083
2024 10319
2041 4872
2089 10967
2171 18229
2176 4310
2176 9876
2182 14353
2185 19740
2186 3831
2186 10766
2246 7982
2269 9213
2269 22346
2300 11967
2304 12406
2312 2855
2313 2313
2314 12147
2359 8073
2387 8996
2414 17668
2457 2457
2468 19439
2471 9678
2542 18229
2558 19740
2561 10853
2589 5878
2589 12732
2595 6873
2608 7681
2608 13039
2616 16057
2647 6505
2649 10638
2649 15071
2677 2438
2699 6326
2699 10038
2700 18259
2709 3957
2741 11333
2751 11900
2790 18637
2790 18972
2791 19740
2794 14964
2795 6352
2881 20061
2937 15195
2940 17703
2956 19449
2988 4744
3003 14152
3004 12765
3005 10483
3008 7915
3009 16540
3035 1443
3078 13431
3098 15372
3114 23975
3173 10416
3174 13039
3198 10512
3198 14363
3204 23934
3235 11088
3235 11095
3235 11333
3235 14152
3235 17586
3246 3246
3250 8229
3250 14158
3255 7355
3259 9180
3324 16380
3328 2671
3370 18036
3461 22605
3466 7506
3466 17811
3469 2438
3472 18782
3479 8520
3490 15371
3503 3393
3585 8423
3585 10037
3585 23574
3605 11020
3626 8082
3636 4433
3753 11669
3787 12690
3787 19583
3837 13972
3855 11084
3865 14028
3900 16740
3906 10514
3908 13281
3929 15371
3960 4310
3974 5548
3974 16745
4062 4744
4062 13972
4073 23574
4174 7209
4238 4238
4241 11432
4292 2178
4292 4292
4403 11022
4431 10512
4443 17869
4490 4340
4503 4504
4520 11193
4550 20955
4596 14011
4682 17680
4725 7843
4853 18934
4899 12336
4913 4913
4913 5674
4931 15372
4954 5440
5122 4399
5158 20501
5194 8747
5194 11002
5282 18830
5302 6506
5327 5869
5474 3444
5475 3444
5511 6011
5535 4083
5562 5878
5564 5191
5693 10443
5709 6500
5709 20244
5727 10598
5788 9962
5789 10800
5790 17559
5903 5903
5937 1997
5937 14819
6058 16840
6076 10037
6098 13972
6122 4614
6418 14964
6418 15083
6418 15576
6456 6456
6458 6458
6489 11166
6491 10037
6491 14152
6502 15678
6582 11166
6582 18176
6650 14352
6775 11022
6776 6766
6777 7470
6804 16089
6813 4504
6813 11955
6877 6352
6879 14819
6905 16463
6932 20244
6933 4605
6933 10512
6953 1922
6953 6500
6955 20195
6991 16851
7115 8091
7152 14311
7158 24563
7165 20227
7187 763
7194 6709
7196 10980
7196 14390
7197 19887
7198 18243
7200 10635
7200 14315
7314 9219
7317 10980
7318 6325
7318 14338
7318 14743
7320 10636
7338 6585
7338 18602
7339 18602
7379 6398
7394 20823
7397 19449
7458 8317
7458 22443
7469 24323
7526 4268
7527 1645
7660 6325
7660 8974
7709 8766
7712 24491
7717 7717
7719 17592
7732 18215
7746 16852
7748 15071
7748 16525
7778 9662
7778 16380
7820 18206
7893 22417
7899 13312
7903 11649
7964 8628
7987 20235
8014 8927
8175 22605
8180 9876
8181 9077
8184 22146
8389 12985
8390 5191
8393 3919
8399 18617
8405 6121
8425 18081
8425 19371
8454 17756
8462 16614
8670 23574
8720 14654
8739 8739
8817 6815
8817 18492
8867 9149
8877 8177
8908 7957
8945 3340
9039 16374
9069 16384
9090 17577
9107 17494
9126 2101
9127 23969
9164 14294
9164 23574
9246 11962
9294 13039
9312 9312
9321 16852
9329 22351
9335 1999
9335 13175
9385 763
9399 23975
9413 22146
9458 13484
9459 22222
9460 4474
9464 17592
9495 12481
9535 10636
9549 6632
9551 12151
9551 14731
9551 15371
9551 18259
9555 6506
9557 16875
9559 8423
9647 22271
9647 22559
9703 11733
9758 20823
9762 9407
9783 20194
9788 12336
9788 18783
9795 4278
9795 4283
9795 11962
9803 15371
9810 22516
9818 3831
9852 20244
9853 11328
9853 19129
9884 8377
9884 19220
9918 4504
9920 11955
10008 11955
10025 10637
10034 1574
10034 6709
10039 18025
10039 23963
10060 748
10060 12556
10122 12502
10147 3847
10188 1370
10210 18243
10218 5529
10223 20953
10223 22443
10233 6337
10233 13039
10235 10798
10245 10245
10356 13563
10513 16294
10513 20823
10526 11963
10643 1422
10670 9072
10743 11095
10815 20501
10817 18830
10840 13781
11107 15209
11108 22271
11115 11673
11115 20948
11232 18243
11288 10353
11289 5978
11412 2867
11588 11623
11616 13311
11621 10598
11653 13572
11664 17603
11708 17299
11734 18823
11749 11749
11765 15210
11897 9144
11932 3831
11946 3229
11997 22177
12028 13039
12036 9145
12042 12042
12082 15142
12092 19740
12132 22816
12178 6709
12208 18081
12208 20497
12236 20497
12287 11084
12329 12146
12367 9406
12426 14269
12426 22350
12465 23960
12617 24342
12618 24342
12626 20955
12652 2855
12652 14819
12708 3360
12713 16741
12794 12770
12871 23574
12880 22592
12997 4607
13018 6530
13018 20632
13019 1952
13019 20632
13050 14374
13051 16540
13101 8527
13107 10279
13116 15071
13118 10423
13119 4502
13126 17280
13127 14721
13193 6121
13193 18186
13201 6831
13201 23969
13325 14654
13350 14374
13377 16740
13378 8082
13382 5435
13406 11003
13441 14654
13518 7604
13518 17577
13552 24140
13556 15664
13558 12191
13558 23236
13565 18889
13570 18000
13580 10483
13580 13802
13903 1738
14059 18331
14079 14363
14100 14100
14106 5420
14126 5435
14221 4495
14221 10647
14417 3290
14508 11750
14508 19232
14590 22271
14620 9023
14637 4083
14638 22126
14638 24081
14639 10451
14640 2861
14675 6988
14685 4205
14687 23235
14747 11824
14748 7558
14756 13484
14825 8990
14887 8223
14887 23574
14892 4495
14903 16870
14946 14946
14953 23103
14966 13431
14992 1585
15014 17182
15024 22358
15026 18176
15029 10696
15031 7599
15033 23178
15043 24131
15082 7506
15134 14654
15171 5752
15178 15178
15235 18036
15247 13572
15284 10755
15284 18823
15306 10854
15306 18011
15308 10598
15373 6121
15377 8747
15377 9612
15429 18186
15519 6887
15524 12799
15574 18120
15588 11623
15598 14056
15602 10835
15627 20308
15633 23587
15658 15658
15741 7681
15743 6873
15808 9147
15808 13484
15808 17592
15823 1525
15856 3810
15872 20633
15895 7599
15904 1945
15940 6121
15971 10889
15975 8628
15977 14294
15997 14721
16001 9119
16018 633
16105 20069
16143 8640
16173 3290
16173 10419
16178 10680
16188 976
16188 12943
16189 1660
16189 22222
16261 16434
16356 5566
16423 14056
16596 13484
16637 13311
16645 1638
16645 2778
16645 6337
16684 23988
16748 9297
16823 16461
16959 18176
17033 6009
17033 10732
17050 17994
17050 18035
17056 22440
17113 10344
17158 22605
17162 22605
17165 16537
17191 11830
17216 4607
17259 24241
17296 6498
17344 4502
17354 12786
17357 17357
17374 4310
17374 5878
17389 12157
17422 2763
17430 22222
17555 24072
17560 23379
17563 1381
17563 17680
17574 16525
17602 20458
17654 15175
17655 9003
17657 17657
17689 3276
17731 20810
17758 13700
17758 17577
17773 4872
17781 11095
17781 14771
17789 23903
17796 22670
17914 8082
17914 10732
17914 11238
17919 16480
17920 10980
17921 10635
17929 7625
18077 1697
18077 4249
18255 5420
18255 20983
18348 18812
18376 6323
18424 24044
18434 16760
18453 11077
18549 4684
18580 8082
18586 17661
18673 18673
18681 8990
18693 1213
18699 24415
18888 11955
18892 18436
18907 23379
18916 15938
18951 17661
18961 18961
18973 12191
18988 2965
18988 11084
19021 4739
19057 22222
19097 15464
19108 15371
19128 10365
19150 2254
19170 6121
19170 12767
19284 13086
19335 8235
19336 9581
19338 10423
19350 8423
19408 11095
19473 11824
19507 4083
19559 10038
19569 5674
19649 10602
19651 20458
19666 6326
19666 9149
19674 16480
19675 22440
19710 6506
19710 22177
19710 22346
19716 6988
19741 11166
19741 23257
19742 1997
19774 12786
19811 14028
19841 7931
19843 9876
19865 9003
19875 23940
19985 5869
19985 10800
19994 10939
20031 6543
20031 16741
20059 20059
20124 5869
20137 1130
20138 24453
20162 16852
20341 10698
20353 6896
20371 11011
20382 17938
20388 6329
20405 7981
20405 14311
20410 15313
20434 4884
20461 16471
20468 12147
20479 11669
20479 12771
20525 20525
20580 10301
20591 11088
20748 4249
20779 10993
20787 16480
20787 18326
20813 13484
20829 4083
20838 3291
20861 11955
20868 18934
20891 20891
20892 14506
20893 9678
20933 10647
20933 13884
20951 5032
20958 18939
20959 12149
20997 18200
21012 17611
21012 22783
21019 16760
21025 763
21044 19420
21047 3765
21047 20992
21051 10854
21053 1922
21053 6500
21054 23975
21055 21055
21088 10680
21088 12767
21091 20949
21092 15071
21099 16534
21125 3444
21127 19470
21130 20227
21145 11088
21147 6013
21159 8616
21166 7209
21171 8082
21175 16415
21176 12405
21179 6797
21182 3423
21182 15623
21193 19997
21200 12541
21202 7604
21202 10419
21202 20267
21209 16458
21217 15457
21220 22670
21226 10633
21239 3765
21242 16514
21244 7209
21245 9070
21246 1302
21248 11348
21249 22479
21258 3299
21258 24140
21261 10854
21281 16540
21284 4096
21288 4373
21294 4224
21295 5446
21295 10602
21295 18326
21296 4365
21306 19430
21309 16525
21314 1574
21314 20953
21315 8974
21315 11148
21321 16465
21325 17577
21327 1574
21344 10520
21345 5217
21353 9147
21354 4375
21355 14466
21365 3390
21365 6329
21372 17586
21384 9297
21384 24140
21385 13087
21387 5516
21391 12786
21395 996
21398 8526
21401 11022
21402 18018
21404 1644
21406 10952
21406 20955
21407 15354
21411 14373
21414 10941
21414 18186
21417 16870
21424 763
21426 17987
21432 4797
21433 23934
21434 16736
21439 4083
21441 8377
21442 13483
21446 14923
21446 18186
21453 11348
21456 10730
21459 17990
21462 10952
21469 12943
21470 10501
21471 2861
21474 6988
21487 8082
21496 11235
21509 23574
21513 7438
21520 4433
21527 718
21534 14333
21540 11967
21541 8177
21550 976
21550 1574
21550 6709
21552 23178
21556 5674
21559 22271
21565 18935
21570 1638
21572 19430
21578 6896
21585 10854
21592 13483
21611 17592
21612 22126
21615 7931
21618 13483
21622 3291
21625 6887
21625 22126
21628 6379
21630 24500
21637 9003
21645 11748
21648 8990
21648 9147
21650 18935
21655 13680
21655 13691
21661 14533
21663 8050
21665 11776
21671 7915
21673 22126
21674 16159
21674 17831
21680 13769
21681 16870
21682 1445
21683 3057
21688 13166
21704 10775
21705 23217
21711 10633
21712 12699
21715 18186
21717 4739
21725 14013
21725 18176
21726 18186
21740 16463
21743 1213
21744 2965
21744 18259
21745 10637
21750 11084
21750 17756
21761 11071
21767 18436
21773 16331
21779 10435
21786 10517
21789 10423
21791 11669
21798 10419
21798 16481
21806 8996
21810 2425
21811 11331
21811 19997
21812 14363
21814 10865
21818 11814
21819 18243
21821 3957
21823 9180
21825 4224
21825 4364
21826 16525
21831 10520
21833 11095
21834 23178
21839 18243
21842 12158
21847 6979
21851 23734
21858 8082
21860 11967
21860 24415
21864 10423
21866 24044
21875 18640
21878 3335
21878 12699
21878 14819
21889 11084
21900 14363
21903 9503
21904 22222
21905 1213
21915 17703
21916 18436
21918 5674
21931 22559
21938 16550
21944 5191
21955 3710
21963 6580
21967 1370
21974 7209
21979 14721
21987 1370
21988 1370
21995 9149
21999 5393
22000 10698
22015 15623
22015 18436
22022 17802
22025 13572
22025 17488
22041 18823
22048 4373
22049 17708
22076 10598
22077 23028
22085 23233
22149 18939
22150 8520
22156 16870
22158 11824
22160 10858
22162 4205
22173 7241
22176 23195
22209 12544
22250 17592
22250 19420
22289 14504
22298 24140
22313 18243
22386 6536
22386 22275
22464 18830
22482 3572
22508 1525
22508 23903
22533 7241
22642 4614
22673 22673
22674 10015
22704 6894
22714 5440
22728 6326
22739 22739
22781 18835
22813 18458
22819 18830
22829 6766
22832 5262
22832 15947
22835 6894
22843 7946
22874 18457
22947 3335
22966 17755
23022 11824
23063 2103
23076 17488
23105 20810
23157 5029
23157 16740
23193 13311
23203 1381
23203 11623
23292 10636
23359 1517
23360 13484
23361 17987
23533 3290
23534 2861
23545 4268
23651 14861
23694 16471
23698 10945
23712 11938
23780 23780
23792 4804
23792 10423
23808 24506
23850 18259
23878 5446
23885 3423
23905 16552
23906 10436
23907 17577
24073 16525
24082 10763
24100 18436
24126 23216
24153 24415
24197 24339
24198 17756
24251 24441
24253 20501
24353 11669
24382 2393
24382 10638
24392 5674
24409 14654
24429 17680
24489 10169
24489 10867
24510 12544
24510 23975
24522 19196
24526 9876
