24624 24624 65
1644 10696
1742 16445
1814 7565
1816 1817
1817 1816
1851 20898
1922 2088
2088 1922
3286 4301
3954 17589
4301 3286
4744 2687
4797 23074
4879 12411
5529 7258
5967 16955
6043 12405
6167 16458
6509 8991
7258 5529
7565 1814
7664 17246
8223 7824
8991 6509
9210 13707
10411 13194
10623 13383
10696 1644
10786 11365
11033 11033
11071 17756
11095 11231
11154 14554
11208 12983
11231 11095
11364 13769
11365 10786
11852 10754
12405 6043
12411 4879
12841 12841
12983 11208
13194 10411
13383 10623
13555 20458
13595 13595
13681 8995
13696 16753
13707 9210
13769 11364
14554 11154
15187 19002
15209 5225
16445 1742
16458 6167
16753 13696
16955 5967
17246 7664
17589 3954
17756 11071
19002 15187
20458 13555
20898 1851
23074 4797
23199 17280
