24624 24624 204
912 8797
946 7680
946 17418
1063 8790
1134 5872
1152 8791
1152 8792
1488 20583
1521 8322
1522 4650
1522 14775
1558 17418
1577 14775
1598 12312
1721 18770
2249 22483
2831 14775
2838 20081
2874 3651
2878 8797
2878 18869
3213 14775
3392 7680
4162 2120
5003 17418
5171 17418
5172 18869
5241 23072
5285 2885
5316 14775
5317 7429
5320 2885
5362 14775
5380 17730
5405 20679
5524 19949
5962 15402
6042 4428
6327 14775
6432 2388
6563 8797
6702 4533
6702 5701
6737 8797
7325 2623
7568 7226
7932 14775
7980 2389
8077 14775
8077 22483
8142 14775
8224 17418
8617 14775
8617 17418
8741 14775
8909 8792
9011 14775
9901 8791
9911 14775
9941 8797
10256 18770
10328 20081
10343 14775
10343 22483
10499 9631
10539 14775
10539 20583
10556 4650
10556 8797
10562 20799
10591 20799
10625 17418
10628 14775
10645 17418
10648 4533
10655 2120
10726 3704
10764 14775
10812 8790
10813 8790
10813 12312
10847 14775
10847 17418
10900 20679
10996 2885
11028 17730
11069 18869
11131 22333
11142 11656
11177 4426
11285 8797
11336 8792
11368 18662
11674 8792
11723 24615
11803 14775
11861 4426
11877 7517
12117 5699
12314 3565
12377 14775
12503 17418
12552 12537
13074 14775
13614 12312
13615 7429
13672 8797
13741 4426
13778 4650
13792 22333
13881 8790
13983 4231
14034 4426
14451 8797
14453 20583
14453 20679
14459 22333
14460 2078
14463 4650
14472 14775
14481 8792
14482 17418
14484 4650
14489 4650
14489 12312
14534 8693
14612 22333
15215 4650
15433 14775
15455 20619
15549 4650
15676 14775
15945 8797
15945 12312
16195 17418
16441 6728
16456 6229
16504 14775
16557 17418
16571 8792
16619 8792
16622 20583
16712 20081
16722 8792
16722 12312
16763 14775
16794 8789
17585 23072
17653 14775
17710 4231
17801 14775
17874 17418
17880 11656
18053 14775
18156 23516
18163 17418
18258 20679
18301 6728
18301 14775
18368 8791
18566 5872
18566 18770
18603 11656
18607 19949
18619 17418
18624 20583
19067 22333
19123 20799
19246 18770
19364 5701
19364 7517
19636 20583
20044 14775
20044 22483
20078 7226
20264 22485
20265 22333
20286 19043
20426 14775
20427 14775
20565 5701
20665 14775
20879 4650
20968 17418
22246 18869
22265 4428
22265 6229
22265 8797
22319 14775
22345 20799
22352 14775
22353 14775
22444 20081
22560 7517
23018 18770
23104 3565
23160 14775
23208 8791
23208 18770
23238 14775
23277 8790
23664 17418
24437 7680
24437 17418
