24624 24624 452
14 5960
18 18
35 9770
58 1389
376 21746
507 21885
511 21029
533 13053
541 23296
543 11972
545 23887
557 5907
572 573
577 2811
578 16076
579 5504
646 13598
803 10047
881 10614
883 2993
902 12097
1215 12183
1250 23716
1267 20489
1268 9165
1271 13102
1273 9760
1274 17741
1356 15378
1373 22804
1389 115
1410 3787
1425 1306
1438 9635
1675 17213
1760 9081
1768 13124
2255 5923
2257 21913
2258 4670
2280 14105
2365 5514
2591 12038
2596 8280
2597 1245
2639 7368
2758 5096
2760 8959
2805 13456
2807 19454
2883 2884
2938 16066
2958 2175
2978 19307
2983 4859
3024 3867
3143 15854
3206 3521
3279 20786
3396 4666
3477 14636
3498 8708
3509 9313
3683 2370
3687 9710
3688 5901
3720 10157
4052 6952
4052 17898
4056 23783
4155 19310
4177 10607
4207 7745
4515 17899
4670 20344
4762 15601
4773 14558
4953 3339
4956 19842
5013 22621
5020 15057
5129 8961
5286 22087
5480 22257
5483 13046
5490 3570
5528 21840
5537 15754
5561 8387
5837 21914
5946 15525
5949 17742
5957 19403
5974 5975
6078 9817
6282 6283
6387 19308
6443 20515
6444 4897
6471 19105
6656 18769
6789 15775
6922 14099
6941 8493
6949 2952
7157 6481
7158 16345
7345 23675
7366 10100
7377 8153
7389 9997
7426 2958
7448 111
7522 22548
7524 21854
7528 7361
7874 7873
7910 8178
8021 21185
8156 8
8261 24282
8310 5363
8311 5363
8320 11341
8382 8382
8387 21849
8402 15712
8428 19856
8457 21887
8506 18975
8557 8556
8944 7802
9056 2758
9095 24091
9158 18996
9261 8576
9292 13506
9318 4208
9324 12710
9402 2292
9423 12890
9427 568
9454 6613
9461 20408
9485 8837
9539 18473
9542 7225
9552 15034
9580 24147
9653 6014
9656 9656
9699 9485
9701 19748
9711 19771
9746 23913
9756 22039
9768 21214
9821 3685
9859 15046
9877 15760
9973 9776
9986 839
9998 2913
10007 19810
10055 5948
10075 19287
10221 17379
10227 7645
10230 17051
10322 11587
11056 11057
11413 19397
11610 581
11857 22655
11948 11948
12039 21227
12316 23520
12499 12500
12630 9170
12651 3620
12667 9712
12856 19896
12873 5591
12887 21925
12895 24093
12902 24406
12917 23720
12922 19969
12935 7751
12967 7346
13011 18550
13138 22093
13336 14989
13379 19193
13402 24130
13405 11950
13415 18102
13455 15036
13506 5712
13517 18255
13522 13525
13557 9882
13807 9084
13955 9747
14045 24396
14127 9454
14180 14180
14182 5913
14636 5831
14645 23787
14792 9493
14817 18283
14857 20460
14884 6901
14904 21169
14905 19798
14988 9995
14990 21276
14998 8209
15020 5015
15023 22092
15050 18553
15192 7360
15272 17516
15276 14627
15374 23649
15380 12631
15382 21304
15610 16032
15614 4833
15616 20392
15634 307
15663 9748
15733 980
15734 6276
15737 8458
15752 559
15761 688
15762 22399
15769 7793
15799 7207
15869 2825
15877 9187
15973 15597
15976 21695
15979 10236
15995 23822
15998 2421
16006 19661
16037 22082
16038 21089
16078 4673
16176 6444
16180 7533
16203 22507
16307 9879
16315 21071
16343 16343
16346 17415
16375 4551
16402 16403
16403 12025
16406 6181
16687 12627
16743 16744
17015 3778
17043 19912
17049 24282
17099 20918
17107 24169
17124 12694
17138 12010
17143 12949
17169 9968
17170 19847
17188 21777
17206 3007
17209 9436
17378 1250
17408 17408
17415 23082
17427 5590
17742 22067
17746 9403
17797 9887
17883 20179
17899 19916
17922 13144
17934 21930
17954 1714
17957 13054
18061 15374
18083 19031
18097 12918
18099 16213
18105 23847
18114 20575
18264 15055
18276 12924
18340 18340
18382 19415
18452 5953
18533 21542
18544 20177
18553 19698
18554 17048
19007 9097
19031 5666
19085 22773
19086 2053
19090 5570
19109 1756
19131 8151
19159 24337
19161 13634
19309 19309
19322 16424
19323 24396
19334 7106
19393 7305
19394 511
19402 1265
19476 9540
19502 12961
19645 20887
19672 19626
19682 703
19726 54
19743 13141
19760 9725
19828 1206
19838 5018
19857 9580
19876 23684
19911 21731
19967 9857
20013 3375
20015 22302
20141 20143
20146 4550
20168 21608
20178 19763
20222 402
20336 8495
20383 16362
20392 10214
20448 20449
20460 12865
20467 20467
20504 22727
20595 747
20762 6921
20769 22518
20771 24377
20931 6197
21020 20339
21030 2405
21041 14898
21063 4366
21087 1248
21116 1674
21143 21241
21154 8011
21164 21165
21222 21223
21238 22956
21247 21672
21252 24577
21274 21275
21318 550
21323 10404
21336 8404
21369 21370
21377 9885
21380 21197
21388 9106
21437 7523
21449 21448
21463 19306
21500 506
21562 9823
21566 21802
21606 17303
21627 5528
21639 14745
21666 17850
21696 7087
21853 24384
21865 14559
21877 19571
21880 21265
21895 16175
21932 21530
21942 20506
21946 23828
21997 15618
22004 15047
22052 22622
22096 4562
22152 13016
22159 12888
22161 19901
22175 18100
22274 20436
22328 12332
22402 9690
22459 19823
22467 3019
22543 21867
22648 22091
22649 7237
22707 22712
22708 3685
22708 17739
22715 21082
22716 19902
22844 19318
23067 21154
23082 14180
23109 14683
23248 23248
23328 12715
23329 5738
23353 4696
23550 23549
23595 16182
23614 22456
23653 17381
23682 22718
23777 7185
23782 21397
23799 19909
23819 13120
23820 5480
23821 18628
23828 2480
23899 2990
23915 5922
23916 2948
23920 6974
24058 20042
24090 13632
24092 23868
24103 1761
24127 16229
24151 1405
24162 15992
24280 4446
24324 17416
24352 24368
24362 2301
24374 2612
