24624 24624 48
661 629
1143 13073
4368 2746
4710 22607
4818 6816
5379 11075
6194 11003
6194 22034
6403 5399
6406 9472
7554 19607
8031 8760
8031 14064
8218 4536
8218 5218
8714 992
8760 8742
9002 9024
9024 10932
9209 8742
9250 5226
10291 22122
10291 23621
10291 23936
10399 23956
10903 3405
10903 13199
10932 1653
12211 24268
12211 24412
12479 12588
12588 11358
13077 7638
13162 14569
13199 3405
13801 10932
14064 8031
14064 8760
16943 5628
16943 8102
17055 11062
18372 1642
22034 1653
22976 7255
22976 8041
22976 8782
23746 14064
24268 24412
