104 104 272
0 4
0 12
0 15
0 16
0 17
0 48
1 4
1 12
1 16
1 17
1 48
2 21
4 0
4 1
4 5
4 7
4 9
4 10
4 19
4 21
5 4
5 12
5 16
5 17
5 20
5 48
6 3
6 14
6 18
6 26
6 30
6 32
6 35
6 36
7 4
7 6
7 8
7 12
7 15
7 16
7 17
7 20
7 48
7 50
8 0
8 7
8 10
8 28
8 37
8 43
8 49
9 4
9 12
9 16
9 17
9 39
9 48
10 4
10 8
10 12
10 15
10 16
10 17
10 20
10 48
10 50
11 13
11 14
11 18
11 23
11 24
11 26
11 30
11 32
11 35
11 36
12 0
12 1
12 5
12 7
12 9
12 10
12 19
12 21
13 11
13 38
13 42
14 6
14 11
14 25
15 0
15 7
15 10
15 28
15 37
15 49
16 0
16 1
16 5
16 7
16 9
16 10
16 19
16 21
17 0
17 1
17 5
17 7
17 9
17 10
17 19
17 21
17 28
17 37
18 6
18 11
18 25
19 4
19 12
19 16
19 17
19 20
19 39
19 48
20 5
20 7
20 9
20 10
20 19
20 21
21 2
21 4
21 12
21 16
21 17
21 20
21 50
22 44
23 11
23 27
23 31
23 33
23 38
23 42
25 3
25 14
25 18
25 46
25 49
26 6
26 11
26 38
26 40
26 42
27 44
28 2
28 8
28 15
28 17
28 29
28 34
28 46
28 48
28 50
29 1
29 28
29 37
29 43
29 49
30 6
30 38
30 40
30 42
31 23
31 44
32 6
32 11
32 38
32 40
32 42
33 23
33 44
34 1
34 28
34 37
34 43
34 49
35 6
35 11
35 38
35 40
35 42
36 6
36 11
36 38
36 40
36 42
37 2
37 8
37 15
37 17
37 29
37 34
37 46
37 48
37 50
38 23
38 24
38 26
38 30
38 32
38 35
38 36
38 44
39 1
39 5
39 9
39 19
40 26
40 30
40 32
40 35
40 36
40 44
41 24
41 44
42 13
42 23
42 44
42 49
44 22
44 27
44 31
44 33
44 38
44 40
44 41
44 42
45 2
46 28
46 37
46 43
46 49
48 0
48 1
48 5
48 7
48 9
48 10
48 19
48 21
48 28
48 37
48 43
48 49
49 2
49 8
49 15
49 29
49 34
49 48
50 0
50 7
50 10
50 21
61 12
81 4
81 8
81 15
81 16
81 17
96 50
