104 104 739
0 7
0 10
0 21
0 67
1 0
1 7
1 9
1 10
1 21
1 52
1 58
1 66
1 67
1 74
1 84
2 12
2 20
2 29
2 34
2 39
2 46
2 48
2 56
2 80
2 82
2 83
2 90
2 98
3 11
3 13
3 14
3 18
3 23
3 24
3 26
3 30
3 32
3 35
3 36
3 60
3 62
3 103
4 29
4 34
4 46
4 48
4 50
4 59
4 63
4 77
4 80
4 82
4 83
4 85
5 0
5 1
5 7
5 9
5 10
5 19
5 21
5 39
5 52
5 55
5 58
5 61
5 66
5 67
5 74
5 84
6 11
6 22
6 25
6 54
6 64
6 65
6 68
6 76
6 79
7 10
7 21
7 67
8 2
8 4
8 12
8 15
8 16
8 17
8 56
8 59
8 63
8 77
8 85
9 7
9 10
9 21
9 58
9 66
9 67
9 74
9 84
10 21
10 67
11 22
11 25
11 54
11 64
11 65
11 68
11 70
11 76
11 79
12 4
12 16
12 17
12 20
12 48
12 59
12 80
12 85
13 14
13 23
13 62
14 18
14 23
14 24
14 26
14 30
14 32
14 35
14 36
14 103
15 2
15 4
15 12
15 16
15 17
15 50
15 56
15 59
15 63
15 77
15 85
16 29
16 34
16 46
16 48
16 50
16 63
16 77
16 80
16 82
16 83
16 85
17 16
17 29
17 34
17 46
17 48
17 50
17 59
17 63
17 77
17 80
17 82
17 83
17 85
18 30
18 32
18 35
18 36
19 0
19 1
19 7
19 9
19 10
19 21
19 52
19 55
19 58
19 61
19 66
19 67
19 74
19 84
20 4
20 16
20 17
20 29
20 34
20 46
20 48
20 50
20 59
20 63
20 73
20 77
20 80
20 82
20 83
20 85
20 86
20 90
21 28
21 37
21 43
21 49
21 66
21 67
21 72
21 74
21 78
21 81
21 84
21 102
23 18
23 24
23 26
23 30
23 32
23 35
23 36
23 44
23 89
23 97
23 100
23 103
25 33
25 34
25 38
25 39
26 30
26 32
26 35
26 36
26 44
26 103
27 31
27 33
27 40
27 41
27 42
27 99
28 37
28 43
28 49
28 66
28 84
28 87
28 102
29 34
29 39
29 46
29 48
29 80
29 83
29 90
29 98
29 101
30 88
30 93
31 33
31 40
31 75
31 92
31 95
31 99
32 30
32 35
32 36
32 37
32 44
32 89
32 100
32 103
33 40
33 75
33 92
33 95
33 99
34 39
34 46
34 98
34 101
35 36
35 44
35 103
36 30
36 44
36 103
37 43
37 49
37 66
37 84
37 102
38 31
38 33
38 40
38 41
38 42
39 98
39 101
41 27
41 31
41 33
41 38
41 40
41 42
41 68
41 70
41 75
41 76
41 79
41 91
41 92
41 94
41 95
41 99
42 27
42 31
42 33
42 40
42 41
42 75
42 92
42 94
42 95
42 99
43 74
44 89
44 97
44 100
46 39
46 90
46 98
46 101
48 80
48 101
49 43
49 102
51 0
51 1
51 9
51 10
51 19
51 21
51 52
51 55
51 57
51 58
51 61
51 67
52 0
52 7
52 9
52 10
52 21
52 58
52 66
52 67
52 74
52 84
53 3
53 13
53 14
53 60
53 62
54 22
54 25
54 64
54 65
54 68
54 76
54 79
55 0
55 7
55 9
55 10
55 21
55 52
55 53
55 58
55 61
55 66
55 67
55 74
55 84
56 4
56 12
56 16
56 17
56 20
56 48
56 59
56 80
56 85
57 0
57 1
57 5
57 7
57 9
57 10
57 19
57 21
57 45
57 52
57 55
57 58
57 61
57 66
57 67
57 74
57 84
58 0
58 7
58 10
58 21
58 45
58 66
58 67
58 74
58 84
59 16
59 34
59 46
59 48
59 50
59 63
59 73
59 77
59 80
59 82
59 83
59 85
59 86
60 18
60 23
60 26
60 30
60 32
60 35
60 36
60 103
61 0
61 1
61 7
61 9
61 10
61 21
61 45
61 52
61 58
61 66
61 67
61 74
61 84
62 14
62 18
62 23
62 24
62 26
62 30
62 32
62 35
62 36
62 103
63 29
63 34
63 46
63 48
63 73
63 77
63 80
63 82
63 83
63 85
63 86
64 27
64 31
64 33
64 40
64 41
64 75
64 92
64 94
64 95
64 99
65 22
65 25
65 27
65 31
65 33
65 38
65 42
65 68
65 70
65 75
65 76
65 79
65 91
65 94
65 95
65 99
66 43
66 44
66 49
66 72
66 74
66 78
66 81
66 84
66 102
67 28
67 37
67 43
67 49
67 66
67 69
67 71
67 72
67 74
67 78
67 81
67 84
67 87
67 102
68 25
68 27
68 31
68 33
68 40
68 75
68 76
68 79
68 92
68 95
68 99
69 28
69 37
69 43
69 49
69 66
69 71
69 74
69 84
69 87
69 102
70 22
70 25
70 27
70 31
70 33
70 38
70 40
70 41
70 42
70 64
70 65
70 68
70 75
70 76
70 79
70 91
70 92
70 94
70 95
70 99
71 28
71 37
71 43
71 49
71 66
71 74
71 84
71 87
71 102
72 43
72 45
72 49
72 78
72 81
72 96
72 102
73 39
73 46
73 83
73 86
73 98
74 72
74 78
74 81
75 40
75 92
75 95
76 25
76 27
76 31
76 33
76 40
76 70
76 75
76 79
76 92
76 95
76 99
77 29
77 34
77 46
77 48
77 73
77 80
77 82
77 83
77 85
77 86
78 29
78 43
78 45
78 49
78 81
78 96
78 102
79 25
79 27
79 31
79 33
79 40
79 70
79 75
79 92
79 95
79 99
80 46
80 73
80 83
80 85
80 86
80 90
80 101
81 28
81 37
81 43
81 45
81 49
81 69
81 71
81 74
81 87
81 96
81 102
82 29
82 34
82 39
82 46
82 48
82 73
82 80
82 83
82 86
82 90
82 98
82 101
83 39
83 46
83 90
83 98
83 101
84 43
84 49
84 72
84 74
84 78
84 81
84 102
85 29
85 34
85 46
85 48
85 73
85 80
85 82
85 83
85 86
86 39
86 46
86 83
86 98
87 43
87 49
87 66
87 74
87 84
87 102
88 44
88 89
88 93
88 97
88 100
89 97
89 100
90 98
90 101
91 27
91 31
91 33
91 38
91 40
91 41
91 42
91 75
91 92
91 94
91 95
91 99
92 40
93 44
93 89
93 97
93 100
94 27
94 31
94 33
94 40
94 75
94 92
94 95
94 99
95 40
95 92
96 45
98 101
99 40
99 92
99 95
100 97
102 43
102 74
103 30
103 44
