104 104 805
0 44
1 23
1 44
2 0
2 1
2 5
2 7
2 9
2 10
2 19
2 25
2 27
2 31
2 33
2 38
2 40
2 41
2 42
3 0
3 1
3 5
3 7
3 10
3 19
3 28
3 37
3 43
3 45
3 49
4 6
4 11
4 38
4 42
4 47
5 23
5 44
6 2
6 8
6 12
6 13
6 15
6 23
6 48
7 44
8 27
8 31
8 33
8 38
8 40
8 41
8 42
8 47
9 23
9 44
10 44
11 2
11 3
11 8
11 12
11 15
11 29
11 34
11 46
12 38
12 40
12 41
12 42
12 47
13 0
13 1
13 5
13 7
13 9
13 10
13 19
13 45
14 0
14 1
14 5
14 7
14 9
14 10
14 19
14 21
14 45
15 27
15 31
15 33
15 38
15 40
15 41
15 42
15 47
16 6
16 11
16 28
16 37
16 38
16 42
16 43
16 47
16 49
17 6
17 11
17 38
17 42
18 1
18 5
18 7
18 9
18 10
18 19
18 21
18 27
19 23
19 44
20 6
20 11
20 22
20 25
20 28
20 37
20 43
20 47
20 49
21 3
21 13
21 23
22 2
22 4
22 8
22 12
22 15
22 16
22 17
22 20
22 46
22 48
23 0
23 10
23 45
24 0
24 1
24 5
24 7
24 9
24 10
24 19
24 21
24 28
24 37
24 43
24 45
24 49
25 4
25 8
25 12
25 15
25 16
25 17
25 29
25 32
26 0
26 1
26 5
26 7
26 9
26 10
26 19
26 21
26 45
27 4
27 8
27 12
27 15
27 16
27 17
27 20
27 29
27 34
27 46
27 48
27 50
28 13
28 14
28 18
28 23
28 24
28 26
28 30
28 32
28 35
28 36
29 22
29 25
29 38
29 42
30 0
30 1
30 5
30 7
30 9
30 10
30 19
30 21
31 4
31 8
31 12
31 15
31 16
31 17
31 20
31 29
31 34
31 48
31 50
32 0
32 1
32 5
32 7
32 9
32 10
32 19
32 21
32 45
33 4
33 8
33 12
33 15
33 16
33 17
33 20
33 29
33 34
33 48
33 50
34 6
34 11
34 22
34 25
34 27
34 31
34 33
34 38
34 40
34 42
35 0
35 1
35 5
35 7
35 9
35 10
35 19
35 21
35 45
36 0
36 1
36 5
36 7
36 9
36 10
36 19
36 21
36 45
37 13
37 14
37 18
37 23
37 24
37 26
37 30
37 32
37 35
37 36
38 20
38 29
38 34
38 39
38 46
38 48
39 6
39 11
39 22
39 25
39 27
39 31
39 33
39 40
40 2
40 4
40 8
40 15
40 16
40 17
40 20
40 29
40 34
40 46
40 48
40 50
41 4
41 16
41 17
41 20
41 29
41 34
41 39
41 46
41 50
42 20
42 29
42 34
42 39
42 48
43 13
43 14
43 18
43 23
43 26
43 30
43 32
43 35
43 36
43 39
43 46
44 28
44 37
44 43
44 47
44 49
45 18
45 23
45 24
45 26
45 30
45 32
45 35
45 36
45 44
46 25
46 27
46 31
46 33
46 38
46 40
46 41
46 42
47 2
47 4
47 20
47 27
47 29
47 34
47 39
47 46
47 48
47 50
48 11
48 22
48 25
49 13
49 14
49 18
49 23
49 26
49 30
49 32
49 35
49 36
50 6
50 11
50 22
50 38
50 41
50 42
50 47
51 2
51 16
51 20
51 24
51 44
52 4
52 16
52 17
52 23
52 44
53 0
53 7
53 10
53 11
53 25
53 33
53 40
53 45
54 12
54 26
54 30
54 35
55 23
57 4
57 16
57 17
57 23
57 44
58 4
58 16
58 17
58 23
58 44
59 6
59 11
59 28
59 37
59 43
59 47
60 0
60 1
60 5
60 7
60 9
60 10
60 19
61 4
61 16
61 17
61 23
61 44
62 0
62 5
62 7
62 9
62 10
62 19
62 21
62 25
62 38
62 41
62 42
62 45
63 6
63 11
63 22
63 28
63 37
63 43
63 47
63 49
64 2
64 4
64 8
64 12
64 15
64 16
64 17
64 20
64 24
64 29
64 34
64 44
64 48
64 50
65 2
65 8
65 12
65 15
65 23
65 26
65 30
65 32
65 35
65 36
66 3
66 12
66 13
66 14
66 18
66 23
66 26
66 29
66 30
66 32
66 34
66 35
66 36
66 46
67 3
67 4
67 13
67 16
67 17
67 23
68 1
68 8
68 12
68 15
68 16
68 17
68 23
68 24
68 48
69 13
69 14
69 18
69 23
69 26
69 30
69 32
69 35
69 36
69 39
69 46
70 2
70 4
70 8
70 12
70 15
70 16
70 17
70 20
70 50
71 3
71 14
71 18
71 23
71 24
71 26
71 30
71 32
71 35
71 36
72 0
72 3
72 14
72 18
72 23
72 26
72 30
72 32
72 35
72 36
73 6
73 11
73 22
73 25
73 47
74 3
74 12
74 13
74 14
75 2
75 4
75 12
75 16
75 17
75 20
75 29
75 34
75 48
76 4
76 8
76 12
76 15
76 16
76 17
76 23
76 24
76 30
76 48
76 50
77 6
77 11
77 22
77 28
77 37
77 43
77 47
77 49
78 3
78 14
78 18
78 23
78 26
78 30
78 32
78 35
78 36
79 4
79 8
79 12
79 15
79 16
79 17
79 23
79 24
79 30
79 48
79 50
80 11
80 22
81 3
81 14
81 18
81 23
81 26
81 30
81 32
81 35
81 36
82 6
82 22
82 25
83 6
83 11
83 22
83 25
83 27
83 31
83 33
83 38
83 40
83 41
83 42
84 3
84 12
84 13
84 14
84 18
84 23
84 26
84 29
84 30
84 32
84 34
84 35
84 36
84 39
84 46
85 6
85 11
85 22
85 47
86 6
86 11
86 22
86 25
86 47
87 13
87 14
87 18
87 23
87 26
87 30
87 32
87 35
87 36
87 39
87 46
88 1
88 5
88 7
88 9
88 10
88 19
88 21
88 28
88 37
88 43
88 47
88 49
89 28
89 37
89 43
89 47
89 49
90 22
90 25
90 27
90 31
90 33
90 38
90 40
90 41
90 42
91 20
91 29
91 34
91 39
91 48
92 4
92 8
92 15
92 16
92 17
92 20
92 29
92 34
92 39
92 46
92 48
92 50
93 1
93 5
93 7
93 9
93 10
93 19
93 21
93 28
93 37
93 43
93 49
94 4
94 12
94 16
94 17
94 20
94 29
94 34
94 46
94 48
94 50
95 2
95 4
95 12
95 16
95 17
95 20
95 29
95 34
95 44
95 48
95 50
96 13
96 14
96 18
96 23
96 24
96 26
96 30
96 32
96 35
96 36
97 28
97 37
97 43
97 47
97 49
98 6
98 11
98 22
98 25
98 27
98 28
98 31
98 33
98 37
98 40
98 43
98 45
98 49
99 4
99 8
99 12
99 15
99 16
99 17
99 20
99 29
99 34
99 44
99 48
99 50
100 28
100 37
100 43
100 47
100 49
101 22
101 25
101 27
101 31
101 33
101 38
101 40
101 41
101 42
102 14
102 18
102 23
102 26
102 30
102 32
102 35
102 36
102 39
102 41
102 46
103 0
103 1
103 5
103 7
103 9
103 10
103 19
103 21
