104 104 462
0 1
0 5
0 9
0 19
1 5
1 19
2 8
2 15
4 8
4 12
4 15
4 16
4 17
4 20
7 0
7 1
7 5
7 9
7 19
9 0
9 1
9 5
9 19
10 0
10 1
10 5
10 7
10 9
10 19
11 6
12 2
12 8
12 15
13 3
14 3
14 13
15 8
16 4
16 8
16 12
16 15
16 17
16 20
17 4
17 8
17 12
17 15
17 20
18 3
18 14
18 23
18 24
18 26
19 5
20 2
20 12
21 0
21 1
21 5
21 7
21 9
21 10
21 19
22 6
22 11
22 25
22 27
22 31
22 33
22 38
22 40
22 42
23 3
23 13
23 14
24 3
24 14
24 18
24 23
24 26
24 30
24 32
24 35
24 36
24 44
25 6
25 11
25 22
25 27
25 31
26 3
26 14
26 18
26 23
26 24
27 22
27 25
27 38
28 21
29 2
29 4
29 16
29 17
29 20
29 50
30 3
30 14
30 18
30 23
30 24
30 26
30 32
30 35
30 36
30 44
31 22
31 25
31 27
31 38
31 41
31 42
32 3
32 14
32 18
32 23
32 24
32 26
33 22
33 25
33 27
33 31
33 38
33 41
33 42
34 2
34 4
34 16
34 17
34 20
34 29
34 48
34 50
35 3
35 14
35 18
35 23
35 24
35 26
35 30
35 31
35 32
36 3
36 14
36 18
36 23
36 24
36 26
36 32
36 35
37 21
37 28
38 22
38 27
39 29
39 34
39 46
40 22
40 25
40 27
40 31
40 33
40 38
40 41
40 42
42 22
42 38
43 21
43 28
43 37
43 49
44 18
44 23
44 24
44 26
44 30
44 32
44 35
44 36
46 2
46 4
46 16
46 17
46 20
46 29
46 34
46 48
46 50
48 2
48 4
48 12
48 16
48 17
48 20
48 29
48 34
48 46
48 50
49 21
49 28
49 37
50 4
50 8
50 15
50 16
50 17
50 20
50 29
50 34
50 46
50 48
51 5
51 7
52 1
52 5
52 19
54 6
54 11
55 5
55 19
56 2
56 8
56 15
58 1
58 5
58 9
58 19
59 4
59 8
59 12
59 15
59 17
59 20
60 3
60 4
60 14
61 5
61 19
62 3
62 13
63 4
63 8
63 15
63 16
63 17
63 20
64 6
64 11
64 22
64 25
65 6
65 11
66 1
66 5
66 9
66 19
66 21
66 28
66 37
67 0
67 1
67 5
67 7
67 9
67 10
67 19
67 21
68 4
68 6
68 11
68 22
71 21
72 21
72 28
72 37
73 20
73 29
73 34
73 48
74 1
74 5
74 7
74 9
74 10
74 19
74 21
74 28
74 37
74 43
74 49
75 22
75 25
75 27
75 31
75 33
75 38
75 41
75 42
76 6
76 11
76 22
77 4
77 8
77 15
77 16
77 17
77 20
77 50
78 21
78 28
78 37
79 6
79 11
79 22
80 2
80 12
80 16
80 17
80 20
80 29
80 34
80 48
80 50
81 21
82 2
82 4
82 16
82 17
82 20
82 50
83 4
83 16
83 17
83 20
83 29
83 34
83 48
83 50
84 1
84 5
84 9
84 19
84 21
84 28
84 37
85 4
85 8
85 12
85 15
85 16
85 17
85 20
85 50
86 20
86 29
86 34
86 48
87 21
87 28
87 37
88 18
88 24
88 26
88 30
88 32
88 35
88 36
89 18
89 23
89 24
89 26
89 30
89 32
89 35
89 36
89 44
90 29
90 30
90 34
90 39
90 46
91 22
92 22
92 25
92 27
92 31
92 33
92 38
92 41
92 42
93 18
93 24
93 26
93 30
93 32
93 35
93 36
94 6
94 22
94 38
94 41
94 42
95 22
95 25
95 27
95 31
95 33
95 38
95 41
95 42
97 18
97 23
97 24
97 44
98 2
98 29
98 34
98 39
98 46
99 22
99 25
99 27
99 31
99 33
99 38
99 41
99 42
100 18
100 23
100 24
100 26
100 30
100 32
100 35
100 36
100 44
101 29
101 34
101 39
101 46
102 21
102 28
102 37
102 49
103 3
103 14
103 18
103 23
103 24
103 26
103 32
103 35
103 36
