104 104 505
0 51
0 52
0 55
0 57
0 58
0 61
1 51
1 55
1 57
1 61
3 53
4 56
5 51
5 57
7 51
7 52
7 55
7 57
7 58
7 61
9 51
9 52
9 55
9 57
9 61
10 51
10 52
10 55
10 57
10 58
10 61
12 56
13 53
14 53
14 60
14 62
16 56
16 59
17 56
18 60
18 62
18 88
18 89
18 93
18 100
18 103
19 51
19 57
20 56
21 51
21 52
21 55
21 57
21 58
21 61
22 54
22 65
22 68
22 70
22 75
22 76
22 79
22 91
22 92
22 94
22 95
22 99
23 60
23 62
24 62
24 88
24 89
24 93
24 97
24 100
24 103
25 54
25 64
25 65
25 68
25 70
25 75
25 76
25 79
25 92
25 95
25 99
26 60
26 62
26 88
26 89
26 93
26 100
27 64
27 65
27 68
27 70
27 75
27 76
27 79
27 91
27 92
27 94
27 95
28 67
28 69
28 71
28 72
28 74
28 78
28 81
28 96
29 59
29 63
29 73
29 77
29 82
29 85
29 86
30 60
30 62
30 89
30 100
30 103
31 64
31 65
31 68
31 70
31 76
31 79
31 91
31 94
32 60
32 62
32 88
32 93
33 64
33 65
33 68
33 70
33 76
33 79
33 91
33 94
34 59
34 63
34 73
34 77
34 80
34 82
34 83
34 85
34 86
34 90
35 60
35 62
35 88
35 89
35 93
35 100
36 60
36 62
36 82
36 88
36 89
36 93
36 100
37 67
37 69
37 71
37 72
37 74
37 78
37 81
37 87
38 65
38 70
38 75
38 91
38 92
38 94
38 95
38 99
39 73
39 82
39 86
39 90
40 64
40 68
40 70
40 75
40 76
40 79
40 91
40 92
40 94
40 95
40 99
40 102
41 54
41 55
41 64
42 65
42 70
42 91
43 66
43 67
43 69
43 71
43 72
43 78
43 81
43 84
43 87
43 102
44 88
44 93
44 103
45 57
45 72
45 78
45 81
45 96
46 59
46 63
46 73
46 77
46 80
46 82
46 83
46 85
46 86
48 59
48 77
48 82
48 83
48 85
48 86
48 90
49 66
49 67
49 69
49 71
49 72
49 74
49 78
49 81
49 84
49 87
50 59
50 63
50 77
50 80
50 82
50 83
50 85
52 51
52 55
52 57
52 61
55 51
55 57
57 51
58 51
58 52
58 55
58 57
58 61
59 56
60 53
60 62
60 63
60 80
61 51
61 55
61 57
62 53
62 60
63 59
64 54
64 68
64 70
64 76
64 79
65 54
66 52
66 55
66 57
66 58
66 61
66 67
66 69
66 71
66 87
67 51
67 52
67 55
67 57
67 58
67 61
68 54
68 64
68 65
68 70
68 94
69 67
69 72
69 78
69 81
71 67
71 69
71 72
71 78
71 81
72 66
72 67
72 69
72 71
72 74
72 84
72 87
73 59
73 63
73 77
73 80
73 82
73 85
74 51
74 52
74 55
74 57
74 58
74 61
74 66
74 67
74 69
74 71
74 84
74 87
74 102
75 64
75 65
75 68
75 70
75 76
75 79
75 91
75 94
75 99
76 54
76 64
76 65
76 68
76 94
77 59
77 63
78 66
78 67
78 69
78 71
78 72
78 74
78 84
78 87
79 54
79 64
79 65
79 68
79 76
79 94
80 56
80 59
80 63
80 77
80 82
81 66
81 67
81 72
81 78
81 84
82 59
82 63
82 77
82 85
83 59
83 63
83 73
83 77
83 80
83 82
83 85
83 86
84 52
84 55
84 57
84 58
84 61
84 66
84 67
84 69
84 71
84 87
85 56
85 59
85 63
85 77
86 59
86 63
86 73
86 77
86 80
86 82
86 85
87 67
87 69
87 71
87 72
87 78
87 81
88 103
89 88
89 93
89 103
90 73
90 80
90 82
90 83
90 86
91 65
91 70
92 64
92 68
92 70
92 75
92 76
92 79
92 84
92 91
92 94
92 95
92 99
93 88
93 103
94 65
94 70
94 91
95 64
95 65
95 68
95 70
95 75
95 76
95 79
95 84
95 87
95 91
95 94
95 99
96 66
96 72
96 78
96 81
96 84
97 88
97 89
97 93
97 100
98 73
98 82
98 83
98 86
98 90
99 64
99 65
99 68
99 70
99 75
99 76
99 79
99 91
99 94
100 88
100 89
100 93
100 103
101 83
101 90
101 98
102 66
102 67
102 69
102 71
102 72
102 75
102 78
102 81
102 84
102 87
103 53
103 60
103 62
103 88
103 89
103 93
103 100
