104 104 453
3 56
4 62
12 53
13 94
13 98
14 56
16 62
17 62
18 56
18 59
18 63
18 73
18 77
18 80
18 85
18 86
20 60
20 62
22 52
22 55
22 58
22 61
22 67
23 56
23 63
23 77
23 85
24 56
24 59
24 63
24 73
24 77
24 85
24 86
25 51
25 52
25 55
25 57
25 58
25 61
25 67
26 56
26 59
26 80
27 51
27 52
27 55
27 57
27 58
27 61
27 66
27 67
27 74
27 84
28 54
28 64
28 68
28 76
28 79
29 60
29 103
30 56
30 59
30 80
31 51
31 52
31 55
31 57
31 58
31 61
31 66
31 67
31 74
31 84
32 56
32 59
32 80
32 85
33 51
33 52
33 55
33 57
33 58
33 61
33 66
33 67
33 74
33 84
34 60
35 56
35 59
35 80
35 82
35 85
36 56
36 59
36 80
36 85
37 54
37 64
37 68
37 76
37 79
38 51
38 52
38 55
38 57
38 58
38 61
38 66
38 67
38 74
38 84
39 60
39 62
39 83
39 88
39 89
39 93
39 97
39 100
39 103
40 51
40 52
40 55
40 57
40 58
40 61
40 67
40 74
41 52
41 57
41 58
41 61
41 66
41 67
41 74
41 84
42 51
42 52
42 55
42 57
42 58
42 61
42 66
42 67
42 74
42 84
43 54
43 64
43 68
43 76
43 79
44 56
44 59
44 63
44 77
44 80
44 82
44 83
44 85
44 90
45 54
45 64
45 65
45 68
45 70
45 75
45 76
45 79
45 91
45 92
45 94
45 95
45 99
46 53
46 60
46 62
46 103
47 66
47 67
47 69
47 71
47 72
47 74
47 78
47 81
47 84
47 87
47 96
47 102
49 54
49 64
49 68
49 76
49 79
50 62
51 64
53 96
54 51
54 52
54 55
54 57
54 58
54 61
56 53
59 62
60 56
62 56
63 62
64 51
64 52
64 58
65 52
65 55
65 57
65 58
65 61
65 67
66 54
66 64
66 65
66 68
66 76
66 79
68 51
68 52
68 55
68 57
68 58
68 61
68 67
69 54
69 64
69 68
69 76
69 79
70 51
70 52
70 55
70 57
70 58
70 61
70 67
71 54
71 64
71 68
71 76
71 79
72 54
72 64
72 65
72 68
72 76
72 79
73 53
73 60
73 62
74 54
74 65
75 51
75 52
75 55
75 57
75 58
75 61
75 67
75 74
76 51
76 52
76 55
76 57
76 58
76 61
76 67
77 62
78 54
78 65
78 68
78 76
78 79
79 51
79 52
79 55
79 57
79 58
79 61
79 67
80 62
81 54
81 64
81 65
81 68
81 76
81 79
82 53
82 60
82 103
83 53
83 60
83 62
83 103
84 54
84 64
84 65
84 68
84 76
84 79
85 62
86 53
86 60
86 62
87 54
87 64
87 68
87 76
87 79
88 56
88 59
88 63
88 73
88 77
88 80
88 82
88 83
88 85
88 86
89 56
89 59
89 63
89 77
89 80
89 82
89 83
89 85
89 90
90 60
90 62
90 89
90 97
90 100
90 103
91 51
91 52
91 55
91 57
91 58
91 61
91 66
91 67
91 74
91 84
92 51
92 52
92 55
92 57
92 58
92 61
92 67
92 74
93 56
93 59
93 63
93 73
93 77
93 80
93 82
93 83
93 85
93 86
94 51
94 52
94 55
94 57
94 58
94 61
94 66
94 67
94 74
94 84
95 51
95 52
95 55
95 57
95 58
95 61
95 67
95 74
96 54
96 64
96 65
96 68
96 70
96 75
96 76
96 79
96 91
96 92
96 94
96 95
96 99
97 59
97 63
97 77
97 80
97 82
97 83
97 85
97 90
98 60
98 62
98 88
98 89
98 93
98 97
98 100
98 103
99 51
99 52
99 55
99 57
99 58
99 61
99 66
99 67
99 74
99 84
100 56
100 59
100 63
100 77
100 80
100 82
100 83
100 85
100 90
101 60
101 62
101 89
101 97
101 100
101 103
102 54
102 64
102 68
102 76
102 79
103 56
103 59
103 80
103 82
103 85
103 86
