104 104 299
0 2
0 8
1 2
1 8
1 15
4 28
4 37
4 43
4 49
5 2
5 8
5 15
7 2
9 2
9 8
9 15
10 2
13 6
13 25
14 22
17 43
17 49
18 22
18 31
18 33
18 40
18 41
19 2
19 8
19 15
21 8
21 15
21 48
22 3
22 14
22 18
22 23
22 24
22 26
22 30
22 32
22 35
22 36
24 22
24 25
24 27
24 31
24 33
24 38
24 40
24 42
25 13
25 23
25 24
25 26
25 30
25 35
25 40
26 22
26 25
26 41
27 18
27 23
27 24
27 26
27 30
27 32
27 35
27 36
28 4
28 16
28 20
28 39
29 45
30 22
30 25
30 27
30 31
30 33
31 18
31 24
31 26
31 30
31 32
31 35
31 36
32 22
33 18
33 24
33 26
33 30
33 32
33 35
33 36
34 45
35 22
35 25
35 27
35 41
36 22
37 4
37 16
37 20
37 39
39 28
39 37
39 43
39 45
39 49
40 18
40 23
40 24
41 18
41 26
41 30
41 32
41 35
41 36
42 24
42 26
42 30
42 32
42 35
42 36
43 4
43 16
43 17
43 20
43 50
45 29
45 34
45 39
46 45
47 44
49 4
49 16
49 17
49 20
49 39
49 46
49 50
50 28
50 37
50 43
50 49
52 2
52 8
52 15
55 1
55 2
55 4
55 8
55 15
57 2
57 8
57 15
58 2
58 8
58 15
60 6
60 11
61 2
61 8
61 15
64 23
65 14
65 18
66 39
67 8
67 15
68 13
68 14
68 26
68 30
68 32
68 35
68 36
69 4
69 16
69 20
69 50
70 3
70 14
70 18
70 23
70 26
70 30
70 32
70 35
70 36
71 4
71 16
71 17
71 20
71 46
72 20
72 29
72 34
72 39
72 46
72 48
73 45
74 29
74 34
74 46
75 26
75 30
75 32
75 35
75 36
76 13
76 14
76 26
76 32
76 35
76 36
78 20
78 48
79 13
79 14
79 26
79 32
79 35
79 36
80 43
80 45
80 49
81 20
81 39
83 45
84 50
85 28
85 37
85 43
85 49
86 45
87 4
87 16
87 20
88 27
88 31
88 33
88 38
88 40
88 41
88 42
90 45
91 26
91 30
91 32
91 35
91 36
92 18
92 23
92 24
92 44
93 27
93 31
93 33
93 38
93 40
93 41
93 42
93 47
94 14
94 18
94 26
94 30
94 32
94 35
94 36
94 44
95 18
95 24
95 26
95 30
95 32
95 35
95 36
99 26
99 30
99 32
99 35
99 36
101 45
102 4
102 16
102 17
102 20
102 50
103 22
103 25
103 27
103 31
103 33
103 38
103 40
103 41
103 42
