104 104 228
0 45
0 96
1 45
1 96
2 86
3 44
3 88
3 89
3 93
3 97
3 100
4 39
4 90
4 98
4 101
5 45
5 96
6 47
7 45
8 48
8 80
8 90
8 101
9 45
9 96
10 45
10 96
11 47
12 29
12 34
12 39
12 46
12 82
12 83
12 86
12 90
12 98
12 101
13 18
13 26
13 30
13 32
13 35
13 36
13 44
13 88
13 89
13 93
13 97
13 100
13 103
14 44
14 88
14 89
14 93
14 97
14 100
15 48
15 80
15 90
15 101
16 39
16 90
16 98
16 101
17 39
17 90
17 98
17 101
18 13
18 53
19 45
19 96
20 39
20 98
21 45
21 96
24 53
26 13
26 53
29 12
30 13
30 53
32 13
32 53
34 12
35 13
35 53
36 13
36 53
39 4
39 12
39 16
39 17
39 20
39 48
39 50
39 56
39 59
39 63
39 77
39 80
39 85
44 3
44 13
44 14
45 0
45 1
45 5
45 7
45 9
45 10
45 19
45 21
45 52
45 58
45 61
45 67
46 12
47 6
47 11
47 25
47 28
47 37
47 54
47 68
47 76
47 79
48 8
48 15
48 39
48 98
50 39
50 90
50 98
50 101
52 45
52 96
53 18
53 24
53 26
53 30
53 32
53 35
53 36
53 103
54 47
55 92
55 96
56 39
56 98
57 96
58 96
59 39
59 98
61 96
63 39
63 90
63 98
67 45
73 2
76 47
77 39
77 90
77 98
79 47
80 8
80 15
80 39
80 98
82 12
83 12
85 39
85 90
85 98
86 2
88 3
88 13
88 14
89 3
89 13
89 14
90 4
90 8
90 12
90 15
90 16
90 17
90 48
90 50
90 63
90 85
93 3
93 13
93 14
96 0
96 1
96 5
96 7
96 9
96 10
96 19
96 21
96 55
97 3
97 13
97 14
98 4
98 12
98 16
98 17
98 20
98 48
98 50
98 56
98 59
98 63
98 77
98 80
98 85
100 3
100 13
100 14
101 8
101 12
101 15
101 56
103 13
