104 104 1256
0 3
0 13
0 14
0 18
0 23
0 24
0 26
0 30
0 32
0 35
0 36
0 53
0 60
0 62
0 103
1 3
1 13
1 14
1 18
1 24
1 26
1 30
1 32
1 35
1 36
1 60
1 62
1 88
1 93
1 103
2 6
2 11
2 22
2 47
2 64
2 65
2 75
2 94
2 95
3 21
3 66
3 67
3 72
3 78
3 81
3 84
4 22
4 25
4 27
4 31
4 33
4 40
4 41
4 64
4 68
4 70
4 75
4 76
4 79
4 92
4 94
4 95
4 99
5 3
5 13
5 14
5 18
5 24
5 26
5 30
5 32
5 35
5 36
5 60
5 62
5 88
5 93
5 103
6 4
6 16
6 17
6 20
6 29
6 34
6 39
6 46
6 50
6 59
6 73
6 77
6 82
6 85
6 86
6 98
7 3
7 13
7 14
7 18
7 23
7 24
7 26
7 30
7 32
7 35
7 36
7 53
7 60
7 62
7 88
7 93
7 103
8 6
8 11
8 22
8 25
8 65
8 68
8 70
8 76
8 79
9 3
9 13
9 14
9 18
9 24
9 26
9 30
9 32
9 35
9 36
9 60
9 62
9 88
9 93
9 103
10 3
10 13
10 14
10 18
10 23
10 24
10 26
10 30
10 32
10 35
10 36
10 53
10 60
10 62
10 88
10 93
10 103
11 4
11 16
11 17
11 20
11 39
11 48
11 50
11 59
11 63
11 73
11 77
11 80
11 85
11 98
12 54
12 64
12 65
12 68
12 70
12 75
12 76
12 79
12 94
12 95
12 99
13 67
13 69
13 71
13 74
13 87
13 102
14 28
14 37
14 43
14 49
14 66
14 69
14 71
14 72
14 74
14 78
14 81
14 84
14 87
14 96
14 102
15 6
15 11
15 22
15 25
15 64
15 65
15 68
15 70
15 76
15 79
16 22
16 25
16 27
16 31
16 33
16 40
16 41
16 64
16 68
16 70
16 75
16 76
16 79
16 92
16 94
16 95
16 99
17 22
17 25
17 27
17 31
17 33
17 40
17 41
17 47
17 64
17 68
17 70
17 75
17 76
17 79
17 92
17 94
17 95
17 99
18 28
18 37
18 43
18 44
18 45
18 49
18 66
18 67
18 69
18 71
18 72
18 78
18 81
18 84
18 87
18 102
19 3
19 13
19 14
19 18
19 24
19 26
19 30
19 32
19 35
19 36
19 60
19 62
19 88
19 93
19 103
20 27
20 31
20 33
20 38
20 40
20 41
20 42
20 51
20 70
20 75
20 91
20 92
20 94
20 95
20 99
21 14
21 18
21 24
21 26
21 30
21 32
21 35
21 36
21 62
21 88
21 93
21 103
22 29
22 34
22 39
22 50
22 63
22 73
22 77
22 80
22 82
22 83
22 85
22 86
22 90
22 98
22 101
23 1
23 5
23 7
23 9
23 19
23 21
23 28
23 37
23 43
23 49
23 52
23 55
23 57
23 58
23 61
23 66
23 67
23 69
23 71
23 72
23 78
23 81
23 84
23 87
23 102
25 2
25 20
25 37
25 41
25 42
25 44
25 47
25 73
25 80
25 82
25 83
25 86
25 90
25 98
25 101
26 28
26 37
26 43
26 49
26 69
26 71
26 72
26 78
26 81
26 87
26 102
27 2
27 39
27 90
27 98
27 101
28 3
28 44
28 88
28 89
28 93
28 97
28 100
29 6
29 11
29 27
29 31
29 33
29 40
29 41
29 47
29 64
29 66
29 75
29 91
29 92
29 94
29 95
29 99
30 28
30 37
30 43
30 45
30 49
30 69
30 71
30 87
30 102
31 2
31 39
31 46
31 83
31 90
31 98
31 101
32 28
32 43
32 49
32 66
32 69
32 71
32 72
32 74
32 78
32 84
32 87
32 102
33 2
33 39
33 46
33 83
33 90
33 98
33 101
34 41
34 47
34 94
34 99
35 28
35 37
35 43
35 49
35 69
35 71
35 72
35 78
35 81
35 87
35 102
36 28
36 37
36 43
36 49
36 69
36 71
36 72
36 78
36 81
36 87
36 102
37 3
37 44
37 88
37 89
37 93
37 97
37 100
38 2
38 4
38 8
38 12
38 15
38 16
38 17
38 50
38 56
38 83
38 90
38 98
38 101
39 38
39 41
39 42
39 47
39 91
40 39
40 90
40 98
40 101
41 2
41 8
41 12
41 15
41 98
41 101
42 2
42 4
42 8
42 12
42 15
42 16
42 17
42 46
42 50
42 56
42 83
42 90
42 101
43 3
43 24
43 44
43 88
43 89
43 93
43 97
43 100
44 0
44 1
44 5
44 7
44 9
44 10
44 19
44 21
44 45
44 51
44 52
44 57
44 58
44 61
44 96
45 3
45 13
45 14
45 53
45 62
46 6
46 11
46 22
46 47
46 54
46 92
47 8
47 12
47 15
47 16
47 17
47 56
47 59
47 63
47 77
47 85
47 86
48 6
48 27
48 31
48 33
48 38
48 40
48 41
48 42
48 47
48 54
48 64
48 70
48 75
48 91
48 92
48 94
48 95
48 99
49 3
49 24
49 44
49 88
49 89
49 93
49 97
49 100
50 25
50 27
50 31
50 33
50 40
50 68
50 70
50 75
50 76
50 79
50 92
50 95
50 99
51 3
51 14
51 18
51 23
51 26
51 30
51 32
51 35
51 36
51 60
51 62
51 103
52 3
52 13
52 14
52 18
52 24
52 26
52 30
52 32
52 35
52 36
52 60
52 62
52 88
52 93
52 103
53 1
53 5
53 9
53 19
53 21
53 28
53 37
53 43
53 49
53 51
53 52
53 55
53 57
53 58
53 61
53 66
53 67
53 69
53 71
53 72
53 74
53 78
53 81
53 84
53 87
53 102
54 2
54 4
54 8
54 15
54 16
54 17
54 20
54 29
54 34
54 39
54 46
54 48
54 50
54 59
54 63
54 73
54 77
54 80
54 82
54 83
54 85
54 86
54 98
55 3
55 13
55 14
55 18
55 24
55 26
55 30
55 32
55 35
55 36
55 40
55 44
55 48
55 49
55 60
55 62
55 88
55 89
55 93
55 100
55 103
56 6
56 11
56 22
56 25
56 27
56 31
56 33
56 38
56 40
56 41
56 42
56 47
56 54
56 64
56 65
56 68
56 70
56 75
56 76
56 79
56 91
56 92
56 94
56 95
56 99
57 3
57 13
57 14
57 18
57 24
57 26
57 30
57 32
57 35
57 36
57 60
57 62
57 88
57 93
57 103
58 3
58 13
58 14
58 18
58 24
58 26
58 30
58 32
58 35
58 36
58 60
58 62
58 88
58 93
58 103
59 22
59 25
59 27
59 31
59 33
59 38
59 40
59 41
59 42
59 49
59 64
59 68
59 70
59 75
59 76
59 79
59 91
59 92
59 94
59 95
59 99
60 21
60 28
60 37
60 43
60 45
60 49
60 66
60 67
60 69
60 71
60 72
60 74
60 78
60 81
60 84
60 87
60 96
60 102
61 3
61 13
61 14
61 18
61 24
61 26
61 30
61 32
61 35
61 36
61 60
61 62
61 88
61 93
61 103
62 22
62 27
62 28
62 31
62 33
62 37
62 40
62 43
62 49
62 66
62 69
62 71
62 72
62 74
62 78
62 81
62 84
62 87
62 96
62 102
63 25
63 27
63 31
63 33
63 38
63 40
63 41
63 42
63 64
63 68
63 70
63 75
63 76
63 79
63 91
63 92
63 94
63 95
63 99
64 39
64 46
64 83
64 85
64 90
64 98
64 101
65 4
65 16
65 17
65 20
65 29
65 34
65 39
65 46
65 48
65 50
65 59
65 63
65 73
65 77
65 80
65 82
65 83
65 85
65 90
65 98
65 101
66 24
66 88
66 89
66 93
66 97
66 100
67 14
67 18
67 24
67 26
67 30
67 32
67 35
67 36
67 44
67 62
67 88
67 89
67 93
67 97
67 100
67 103
68 2
68 20
68 29
68 34
68 39
68 46
68 73
68 82
68 83
68 86
68 98
68 101
69 3
69 24
69 44
69 88
69 89
69 93
69 97
69 100
70 11
70 29
70 34
70 39
70 46
70 48
70 73
70 80
70 82
70 83
70 86
70 90
70 98
70 101
71 44
71 60
71 88
71 89
71 93
71 97
71 100
72 13
72 24
72 44
72 88
72 89
72 93
72 97
72 100
73 27
73 31
73 33
73 38
73 40
73 41
73 42
73 75
73 91
73 92
73 94
73 95
73 99
74 18
74 23
74 24
74 26
74 30
74 32
74 35
74 36
74 44
74 88
74 89
74 93
74 97
74 100
74 103
75 8
75 15
75 18
75 39
75 46
75 83
75 90
75 98
75 101
76 2
76 20
76 29
76 34
76 39
76 46
76 73
76 82
76 83
76 86
76 98
76 101
77 25
77 27
77 31
77 33
77 38
77 40
77 41
77 42
77 64
77 68
77 70
77 75
77 76
77 79
77 91
77 92
77 94
77 95
77 99
78 13
78 15
78 24
78 44
78 88
78 89
78 93
78 97
78 100
79 2
79 20
79 29
79 34
79 39
79 46
79 73
79 82
79 83
79 86
79 98
79 101
80 6
80 25
80 27
80 31
80 33
80 38
80 40
80 41
80 42
80 47
80 64
80 68
80 75
80 76
80 79
80 91
80 92
80 94
80 95
80 99
81 13
81 24
81 44
81 88
81 89
81 93
81 97
81 100
82 11
82 27
82 31
82 33
82 38
82 40
82 41
82 42
82 47
82 64
82 70
82 75
82 91
82 92
82 94
82 95
82 99
83 47
84 24
84 44
84 88
84 89
84 93
84 97
84 100
85 25
85 27
85 31
85 33
85 38
85 40
85 41
85 42
85 68
85 70
85 75
85 76
85 79
85 91
85 92
85 94
85 95
85 99
86 27
86 31
86 33
86 38
86 40
86 41
86 42
86 75
86 91
86 92
86 94
86 95
86 99
87 3
87 24
87 44
87 88
87 89
87 93
87 97
87 100
88 0
88 45
88 51
88 96
89 0
89 1
89 5
89 7
89 9
89 10
89 19
89 21
89 45
89 51
89 52
89 57
89 58
89 61
89 96
90 6
90 11
90 47
90 76
90 77
90 79
91 2
91 4
91 8
91 12
91 15
91 16
91 17
91 46
91 50
91 56
91 83
91 90
91 101
92 2
92 12
92 56
92 98
92 101
93 0
93 45
93 51
93 96
94 2
94 8
94 15
94 39
94 83
95 8
95 15
95 39
95 46
95 83
95 90
95 98
95 101
96 3
96 44
96 53
96 62
96 88
96 89
96 93
96 97
96 100
96 101
97 0
97 1
97 5
97 7
97 9
97 10
97 19
97 21
97 45
97 51
97 52
97 55
97 57
97 58
97 61
97 96
98 38
98 41
98 42
98 47
98 91
98 94
99 2
99 18
99 39
99 46
99 83
99 90
99 98
99 101
100 0
100 1
100 5
100 7
100 9
100 10
100 19
100 21
100 45
100 51
100 52
100 57
100 58
100 61
100 96
101 6
101 11
101 47
101 54
102 3
102 13
102 24
102 44
102 88
102 89
102 93
102 97
102 100
103 28
103 37
103 43
103 45
103 49
103 66
103 69
103 71
103 72
103 78
103 81
103 84
103 87
103 96
103 102
