104 104 193
51 65
52 64
53 59
53 77
53 85
53 90
53 98
53 101
54 67
55 64
56 97
57 64
58 64
59 53
59 60
60 59
60 77
61 64
62 82
63 53
63 103
64 55
64 57
64 61
64 67
64 72
64 74
64 78
64 81
65 51
65 69
65 71
65 87
65 102
66 70
66 75
66 92
66 95
67 54
67 64
68 74
69 65
69 70
69 91
69 92
69 94
69 95
69 99
70 66
70 69
70 71
70 72
70 74
70 78
70 81
70 84
70 87
70 102
71 65
71 70
71 75
71 91
71 92
71 94
71 95
71 99
72 70
72 75
72 91
72 92
72 94
72 95
72 99
73 89
73 97
73 100
73 103
74 64
74 68
74 76
74 79
75 66
75 69
75 71
75 72
75 78
75 81
75 84
75 87
75 102
76 74
77 53
77 60
77 103
78 64
78 70
78 75
78 91
78 92
78 94
78 95
78 99
79 74
80 53
80 60
81 70
81 75
81 91
81 92
81 94
81 95
81 99
82 62
84 70
84 75
84 92
84 95
85 53
85 60
85 87
86 89
86 97
86 100
86 103
87 70
87 75
87 91
87 92
87 94
87 95
87 99
88 90
88 101
89 73
90 53
90 88
90 93
91 69
91 71
91 72
91 78
91 81
91 87
91 102
92 66
92 69
92 71
92 72
92 78
92 81
92 87
92 96
92 102
93 90
93 101
94 69
94 71
94 72
94 78
94 81
94 87
94 102
95 66
95 69
95 71
95 72
95 78
95 81
95 102
97 56
97 73
97 86
98 53
99 69
99 71
99 72
99 78
99 81
99 87
100 86
101 53
101 88
101 93
102 65
102 70
102 91
102 92
102 94
102 95
102 99
103 63
103 73
103 77
