104 104 142
12 6
51 56
51 73
54 62
55 56
55 73
55 80
55 82
55 85
55 86
56 51
56 52
56 55
56 57
56 58
56 61
56 67
57 56
57 73
57 80
57 85
57 86
58 56
58 80
59 74
60 64
60 65
60 68
60 75
60 76
60 79
60 91
60 92
60 94
60 95
60 99
61 56
62 54
62 64
63 60
63 67
63 74
64 103
65 60
65 89
66 85
67 63
67 77
68 60
70 89
70 97
70 100
73 52
73 55
73 57
73 58
73 61
73 69
73 71
73 87
73 96
73 102
74 59
74 63
74 73
74 77
74 85
74 86
74 90
76 60
76 62
77 67
77 74
79 60
82 69
82 71
82 87
83 69
83 71
83 72
83 74
83 78
83 81
83 102
84 85
85 96
86 52
86 55
86 57
86 58
86 61
86 67
86 69
86 71
86 96
86 102
89 70
89 75
89 86
89 91
89 92
89 94
89 95
89 99
90 69
90 71
90 74
90 87
90 96
90 102
92 103
96 82
96 85
96 86
97 70
97 75
97 91
97 94
97 95
97 99
98 96
99 60
99 89
99 97
99 100
99 102
100 70
100 73
100 75
100 91
100 92
100 94
100 95
100 99
101 69
101 71
101 102
102 83
102 90
103 91
103 92
103 94
