104 104 379
1 98
2 28
2 37
2 43
2 45
2 49
2 71
2 74
2 87
2 96
2 102
4 51
7 56
7 59
7 63
7 77
7 80
7 85
8 66
8 84
12 51
12 52
12 55
12 57
12 58
12 61
12 67
12 96
13 47
13 54
14 54
15 51
15 66
15 84
17 51
18 54
20 52
20 55
20 57
20 58
20 61
21 56
23 54
23 64
23 65
23 70
23 91
23 99
26 54
26 68
26 76
26 79
28 56
29 51
29 55
29 57
29 61
30 54
31 53
32 54
33 53
34 51
34 52
34 55
34 57
34 58
34 61
36 54
38 53
39 52
39 55
39 57
39 58
39 61
40 53
41 53
42 53
43 2
43 8
43 15
43 29
43 34
43 48
43 80
43 82
43 86
44 65
44 70
45 56
45 59
46 51
46 52
46 55
46 57
46 58
46 61
46 67
47 53
47 60
47 62
47 103
48 51
48 52
48 55
48 57
48 58
48 61
48 66
48 67
48 69
48 71
48 72
48 74
48 78
48 81
48 84
48 96
51 46
51 48
51 59
51 63
51 77
51 80
51 82
51 83
51 85
51 90
51 101
52 12
52 20
52 29
52 34
52 39
52 46
52 48
52 56
52 73
52 80
52 82
52 83
52 86
52 98
53 27
53 31
53 38
53 41
53 42
53 47
53 91
53 94
53 99
54 3
54 13
54 14
54 18
54 23
54 88
54 93
55 20
55 29
55 34
55 39
55 46
55 79
55 83
55 90
55 98
56 45
56 66
56 72
56 78
56 81
56 96
57 12
57 20
57 29
57 34
57 39
57 46
57 48
57 82
57 83
57 98
58 12
58 20
58 25
58 29
58 34
58 39
58 46
58 48
58 73
58 82
58 83
58 86
58 98
59 51
60 25
60 27
60 31
60 33
60 40
60 47
61 20
61 29
61 34
61 39
61 46
61 48
61 73
61 80
61 82
61 83
61 86
61 98
62 47
63 51
64 53
64 62
64 88
64 93
65 44
65 88
65 93
65 97
65 100
66 2
66 8
66 15
66 48
66 56
66 80
67 20
67 29
67 34
67 48
67 56
67 73
67 80
67 82
67 86
68 3
69 2
69 29
69 34
69 48
69 80
69 82
70 13
70 44
71 2
71 8
71 15
71 39
71 48
71 80
71 82
71 86
71 90
71 101
72 2
72 56
74 2
74 39
74 48
74 80
74 98
76 3
77 51
78 2
78 56
79 3
80 0
80 1
80 5
80 7
80 9
80 10
80 19
80 28
80 37
80 51
80 52
80 55
80 57
80 58
80 61
80 66
80 69
80 71
80 74
80 84
80 87
81 2
81 56
82 28
82 37
82 43
82 49
82 51
82 52
82 55
82 57
82 58
82 61
82 67
82 74
82 96
82 102
83 51
83 52
83 55
83 57
83 58
83 61
83 67
84 2
84 8
84 15
84 48
84 56
84 80
85 51
87 2
87 29
87 34
87 48
87 80
87 82
88 54
88 64
89 65
90 51
91 13
91 24
91 44
91 53
91 89
91 97
91 100
93 54
94 53
96 2
96 4
96 8
96 15
96 56
96 59
97 54
97 65
98 1
98 5
98 9
98 19
98 52
98 55
98 57
98 58
98 61
98 74
99 53
100 65
101 28
101 37
101 43
101 49
101 51
101 82
102 2
102 8
102 15
102 29
102 34
102 48
102 80
102 82
103 6
103 11
103 47
