104 104 392
0 59
0 77
0 80
0 85
1 56
1 59
1 73
1 80
1 82
1 85
1 86
2 66
2 67
2 84
3 65
3 68
3 70
3 76
3 79
4 55
4 66
4 74
4 84
4 96
5 56
5 59
5 80
5 85
5 86
5 98
6 53
6 60
6 62
6 103
8 51
8 69
8 71
8 72
8 74
8 78
8 81
8 87
8 96
8 102
9 56
9 59
9 73
9 80
9 85
9 86
9 98
10 56
10 59
10 63
10 77
10 80
10 85
11 60
11 62
11 103
13 65
13 70
13 91
14 64
14 68
14 76
14 79
15 69
15 71
15 72
15 74
15 78
15 81
15 87
15 96
15 102
16 51
16 55
16 66
16 72
16 74
16 78
16 81
16 84
16 96
17 55
17 66
17 69
17 71
17 72
17 74
17 78
17 81
17 84
17 87
17 96
18 64
18 65
18 68
18 70
18 75
18 76
18 79
18 91
18 92
18 94
18 95
18 99
19 56
19 59
19 73
19 80
19 85
19 86
19 98
20 66
20 67
20 74
20 84
21 59
21 63
21 77
21 85
22 60
22 89
22 97
22 100
23 75
23 95
24 70
24 94
25 60
25 62
26 91
26 92
27 89
27 97
27 100
28 73
28 80
28 82
28 83
28 86
28 90
28 101
29 69
29 71
29 74
29 87
29 96
29 102
30 91
30 92
31 89
31 97
31 100
32 64
32 68
32 70
32 75
32 76
32 79
32 91
32 92
32 95
32 99
33 89
33 97
33 100
34 66
34 69
34 71
34 74
34 84
34 87
34 96
34 102
35 64
35 91
35 92
35 94
36 91
36 92
37 80
37 82
37 83
37 86
37 90
37 101
38 89
38 97
38 100
38 103
39 96
40 88
40 89
40 93
40 97
40 100
40 103
41 89
41 97
41 100
42 89
42 97
42 100
43 83
43 90
43 101
44 75
44 91
44 92
44 94
44 95
44 99
48 87
48 102
49 82
49 83
49 90
49 101
50 51
50 67
50 71
50 72
50 74
50 78
50 81
50 96
51 4
51 8
51 12
51 15
51 17
51 29
51 34
53 6
55 12
55 16
55 17
56 0
56 1
56 5
56 7
56 9
56 10
56 19
56 21
59 0
59 1
59 5
59 7
59 9
59 10
59 19
59 21
60 22
62 6
62 11
63 0
63 7
63 10
63 21
64 14
64 18
64 26
64 30
64 32
64 35
64 36
65 3
65 13
65 24
66 4
66 16
66 17
66 20
67 2
67 50
68 18
69 8
69 15
69 17
70 24
71 29
71 34
71 50
72 4
72 8
72 15
72 16
72 17
72 50
73 1
73 5
73 9
73 19
73 28
73 37
73 43
73 49
74 4
74 8
74 15
74 16
74 17
74 20
74 50
75 23
75 24
76 18
77 0
77 7
77 10
77 21
78 8
79 18
82 1
83 28
83 37
83 43
83 49
84 4
84 16
84 17
84 20
85 0
85 1
85 5
85 7
85 9
85 10
85 19
85 21
86 1
86 5
86 9
86 19
86 28
86 37
86 43
86 49
87 8
87 15
87 17
87 50
89 22
89 27
89 31
89 33
89 38
89 40
89 41
89 42
90 28
90 37
90 43
90 49
91 23
92 26
92 30
92 32
92 35
92 36
94 24
95 23
96 16
96 17
96 20
96 29
96 34
96 39
96 46
96 48
97 22
97 27
97 31
97 33
97 38
97 40
97 41
97 42
99 23
99 24
100 22
100 27
100 31
100 33
100 38
100 40
100 41
100 42
