104 104 489
1 69
4 2
5 28
5 37
5 43
5 49
6 27
6 31
6 33
6 38
6 40
6 41
6 42
6 70
6 75
6 91
6 92
6 94
6 95
6 99
9 28
9 37
9 43
9 49
9 69
9 71
9 72
9 78
9 81
9 87
9 102
11 75
11 91
11 92
11 94
11 95
11 101
13 24
13 60
16 2
16 73
16 86
17 2
17 73
17 86
18 97
20 8
20 15
20 101
21 69
21 71
21 87
22 41
22 47
22 64
23 53
23 88
23 93
24 13
24 60
25 91
25 94
26 97
27 6
27 11
27 47
27 54
28 0
28 1
28 5
28 7
28 9
28 10
28 19
28 51
28 52
28 55
28 57
28 58
28 61
29 8
29 15
29 56
30 97
31 6
31 11
31 47
31 54
32 97
33 6
33 11
33 47
33 54
34 8
34 15
34 56
35 97
36 97
37 0
37 1
37 5
37 7
37 9
37 10
37 19
37 45
37 51
37 52
37 55
37 57
37 58
37 61
37 96
38 6
38 11
38 25
38 47
38 54
38 64
38 68
38 76
38 79
39 2
39 8
39 15
40 6
40 11
40 47
40 54
40 65
41 6
41 11
41 22
41 25
41 65
42 6
42 11
42 25
42 47
42 54
42 64
42 68
42 76
42 79
43 0
43 1
43 5
43 7
43 9
43 10
43 19
43 51
43 52
43 55
43 57
43 58
43 61
44 53
44 60
44 62
45 28
45 37
45 43
45 49
45 51
45 55
45 66
45 69
45 71
45 74
45 84
45 87
45 102
46 8
46 15
46 56
47 22
47 31
47 33
47 38
47 40
47 41
47 42
47 64
47 65
47 70
47 75
47 91
47 92
47 94
47 95
47 99
49 0
49 1
49 5
49 7
49 9
49 10
49 19
49 51
49 52
49 55
49 57
49 58
49 61
50 2
50 12
50 56
50 73
50 86
52 28
52 37
52 43
52 49
55 28
55 37
55 43
55 45
55 69
55 71
55 72
55 81
55 87
55 102
56 29
56 34
56 46
56 50
56 63
56 73
56 77
56 82
56 83
56 86
56 90
56 101
57 28
57 37
57 43
57 49
58 28
58 43
59 2
60 13
60 24
60 44
60 88
60 89
60 93
60 97
60 100
61 28
61 37
61 43
61 49
61 69
61 71
61 72
61 78
61 81
61 87
61 102
63 2
63 12
63 56
64 38
64 65
65 40
65 41
65 47
65 64
65 92
66 0
66 7
66 10
66 51
69 0
69 1
69 5
69 7
69 9
69 10
69 19
69 21
69 51
69 52
69 55
69 57
69 58
69 61
70 6
70 47
70 54
71 0
71 1
71 5
71 7
71 9
71 10
71 19
71 51
71 52
71 55
71 57
71 58
71 61
72 1
72 5
72 7
72 9
72 10
72 19
72 51
72 52
72 55
72 57
72 58
72 61
73 4
73 8
73 12
73 15
73 16
73 17
73 50
73 56
74 0
75 6
75 11
75 54
77 2
77 12
77 56
78 0
78 1
78 5
78 7
78 9
78 10
78 19
78 51
78 52
78 55
78 57
78 58
78 61
81 0
81 1
81 5
81 7
81 9
81 10
81 19
81 51
81 52
81 55
81 57
81 58
81 61
82 8
82 15
82 56
83 2
83 8
83 15
83 56
84 0
84 7
84 10
84 51
85 2
86 4
86 8
86 12
86 15
86 16
86 17
86 50
86 56
87 0
87 1
87 5
87 7
87 9
87 10
87 19
87 51
87 52
87 55
87 57
87 58
88 23
88 53
88 60
88 62
89 53
89 60
89 62
90 2
90 20
90 56
90 59
91 6
91 11
91 25
91 47
91 54
91 64
91 68
91 76
91 79
92 6
92 11
92 54
92 65
93 23
93 53
93 60
93 62
94 11
94 25
94 54
94 64
94 68
94 76
94 79
95 6
95 11
95 54
96 28
96 37
96 43
96 49
96 51
96 52
96 57
96 58
96 61
96 67
96 69
96 71
96 74
96 87
96 102
97 26
97 30
97 32
97 35
97 36
97 53
97 60
97 62
97 103
98 8
98 15
99 6
99 11
99 54
100 53
100 60
100 62
101 2
101 4
101 16
101 17
101 20
101 48
101 50
101 59
101 63
101 73
101 77
101 80
101 85
101 86
102 0
102 1
102 5
102 7
102 9
102 10
102 19
102 51
102 52
102 55
102 57
102 58
102 61
103 97
