104 104 447
2 51
4 52
4 57
4 58
4 61
4 67
11 53
12 66
12 74
12 84
13 68
13 76
13 79
14 65
14 70
16 52
16 57
16 58
16 61
16 67
17 52
17 57
17 58
17 61
17 67
17 102
19 76
21 80
23 68
23 76
23 79
23 92
24 54
24 64
24 65
24 68
24 75
24 76
24 79
24 91
24 92
24 95
24 99
25 53
25 103
26 64
26 65
26 70
26 75
26 94
26 95
26 99
27 60
27 62
27 88
27 93
27 103
28 59
28 63
28 77
28 85
28 98
29 72
29 78
29 81
30 64
30 65
30 68
30 70
30 75
30 76
30 79
30 94
30 95
30 99
31 60
31 62
31 88
31 93
31 103
32 65
32 94
33 60
33 62
33 88
33 93
33 103
34 72
34 78
34 81
35 54
35 65
35 68
35 70
35 75
35 76
35 79
35 95
35 99
36 64
36 65
36 68
36 70
36 75
36 76
36 79
36 94
36 95
36 99
37 59
37 63
37 73
37 77
37 85
37 98
38 60
38 62
38 88
38 93
39 66
39 69
39 71
39 72
39 74
39 78
39 81
39 84
39 87
39 102
40 60
40 62
41 62
41 88
41 93
41 103
42 60
42 62
42 88
42 93
42 103
43 59
43 63
43 77
43 85
44 64
45 73
45 80
45 82
45 86
45 90
45 98
45 101
46 66
46 69
46 71
46 72
46 74
46 78
46 81
46 84
46 87
46 96
46 102
47 88
47 89
47 93
47 97
47 100
49 59
49 63
49 73
49 77
49 80
49 85
49 86
49 98
50 66
50 69
50 84
50 87
50 102
51 86
52 63
52 77
52 85
52 90
52 101
53 54
53 64
53 65
53 68
53 70
53 75
53 76
53 79
53 92
53 95
54 53
55 59
55 63
55 77
57 77
57 90
57 101
58 63
58 77
58 85
58 90
58 101
59 52
59 57
59 58
59 61
59 67
61 63
61 77
61 85
61 90
61 101
62 65
62 92
62 99
64 60
64 89
64 97
64 100
65 62
66 59
66 63
66 73
66 77
66 86
66 98
66 101
68 53
68 62
68 103
69 40
69 59
69 63
69 73
69 77
69 85
69 86
69 90
69 101
70 53
70 60
70 62
70 103
71 59
71 63
71 73
71 77
71 83
71 85
71 98
72 59
72 63
72 73
72 77
72 80
72 82
72 83
72 85
72 86
72 90
72 98
72 101
73 51
73 66
73 67
73 72
73 74
73 78
73 81
73 84
74 82
74 83
75 53
75 60
75 62
75 103
76 53
76 103
78 59
78 63
78 73
78 77
78 80
78 82
78 83
78 85
78 86
78 90
78 98
78 101
79 53
79 62
79 103
80 21
80 67
80 72
80 78
80 81
80 96
80 102
81 59
81 63
81 73
81 77
81 80
81 82
81 85
81 86
81 90
81 98
81 101
82 66
82 72
82 78
82 81
82 84
83 66
83 84
83 96
84 59
84 63
84 73
84 77
84 82
84 83
84 86
84 90
84 98
84 101
85 52
85 55
85 57
85 58
85 61
85 66
85 67
85 69
85 71
85 72
85 74
85 78
85 81
85 84
85 102
86 51
86 66
86 72
86 74
86 78
86 81
86 84
86 87
87 59
87 63
87 73
87 77
87 83
87 85
87 86
87 90
87 98
87 101
88 70
88 75
88 91
88 92
88 94
88 95
88 99
89 64
90 55
90 66
90 72
90 78
90 81
90 84
91 60
91 62
91 88
91 93
91 103
92 53
92 60
92 89
93 70
93 75
93 91
93 92
93 94
93 95
93 99
94 60
94 62
94 88
94 89
94 93
94 97
94 100
94 103
95 53
95 60
95 62
96 63
96 73
96 77
96 80
96 83
96 90
96 98
97 64
97 92
98 69
98 71
98 87
100 64
101 66
101 72
101 78
101 81
101 84
101 87
101 96
102 59
102 63
102 73
102 77
102 85
102 86
102 98
102 101
103 54
103 64
103 65
103 68
103 70
103 75
103 76
103 79
103 95
103 99
