104 104 817
0 88
0 89
0 93
0 97
0 100
1 53
1 89
1 97
1 100
2 52
2 54
2 55
2 57
2 58
2 61
2 68
2 70
2 72
2 76
2 78
2 79
2 81
2 91
2 92
2 99
3 51
3 52
3 54
3 55
3 57
3 58
3 61
3 69
3 71
3 74
3 87
3 96
3 102
4 54
4 65
4 69
4 71
4 72
4 78
4 81
4 87
4 91
4 102
5 53
5 89
5 97
5 100
6 80
6 83
6 90
6 101
7 89
7 97
7 100
8 52
8 54
8 55
8 57
8 58
8 61
8 64
8 67
8 75
8 91
8 92
8 94
8 95
8 99
9 89
9 97
9 100
10 89
10 97
10 100
11 56
11 82
11 83
11 86
11 90
12 91
12 92
13 51
13 52
13 55
13 57
13 58
13 61
13 66
13 72
13 78
13 81
13 84
13 96
14 51
14 52
14 55
14 57
14 58
14 61
14 67
15 52
15 54
15 55
15 57
15 58
15 61
15 67
15 75
15 91
15 92
15 94
15 95
15 99
16 54
16 65
16 69
16 71
16 87
16 91
16 102
17 54
17 65
17 91
18 51
18 52
18 55
18 57
18 58
18 61
18 74
18 96
19 53
19 89
19 97
19 100
20 54
20 64
20 65
20 68
20 69
20 71
20 72
20 76
20 78
20 79
20 81
20 87
20 96
20 102
21 53
21 60
21 89
21 97
21 100
22 53
22 56
22 59
22 62
22 103
23 51
23 74
23 96
24 51
24 52
24 55
24 57
24 58
24 61
24 66
24 67
24 69
24 71
24 72
24 74
24 78
24 81
24 84
24 87
24 96
24 102
25 56
25 59
25 63
25 77
25 85
26 51
26 52
26 55
26 57
26 58
26 61
26 66
26 67
26 74
26 84
26 96
27 56
27 59
27 63
27 73
27 77
27 80
27 82
27 83
27 85
27 86
28 53
28 60
28 62
28 103
29 54
29 65
29 68
29 70
29 76
29 79
29 84
30 51
30 52
30 55
30 57
30 58
30 61
30 66
30 67
30 72
30 74
30 78
30 81
30 84
30 96
31 56
31 59
31 63
31 73
31 77
31 80
31 82
31 85
31 86
32 51
32 52
32 55
32 57
32 58
32 61
32 67
32 96
33 56
33 59
33 63
33 73
33 77
33 80
33 82
33 85
33 86
34 54
34 64
34 65
34 68
34 70
34 75
34 76
34 79
34 91
34 92
34 95
35 51
35 52
35 55
35 57
35 58
35 61
35 66
35 67
35 74
35 84
35 96
36 51
36 52
36 55
36 57
36 58
36 61
36 66
36 67
36 74
36 84
36 96
37 53
37 60
37 62
37 103
38 59
38 63
38 73
38 77
38 80
38 82
38 85
38 86
39 54
39 64
39 65
39 68
39 70
39 75
39 76
39 79
39 92
39 94
39 95
39 99
40 56
40 59
40 63
40 73
40 77
40 80
40 82
40 83
40 85
40 86
41 59
41 73
41 77
41 80
41 82
41 83
41 85
41 86
41 90
42 59
42 63
42 73
42 77
42 80
42 82
42 85
42 86
42 98
43 53
43 60
43 62
43 73
43 98
43 103
44 55
44 66
44 67
44 69
44 71
44 72
44 74
44 78
44 81
44 84
44 87
44 102
45 60
45 88
45 89
45 93
45 97
45 100
45 103
46 64
46 65
46 68
46 70
46 75
46 76
46 79
46 91
46 94
46 95
46 99
47 73
47 80
47 82
47 83
47 90
47 98
47 101
48 65
48 68
48 76
48 79
49 53
49 60
49 62
49 103
50 54
50 64
50 65
50 91
50 94
51 53
51 88
51 89
51 93
51 97
51 100
52 53
52 59
52 89
52 97
52 100
54 56
54 60
54 90
54 101
54 103
55 97
57 53
57 59
57 63
57 89
57 97
57 100
58 53
58 59
58 89
58 97
58 100
59 54
59 55
59 65
59 66
59 69
59 71
59 72
59 78
59 81
59 84
59 87
59 96
59 102
60 51
60 52
60 55
60 57
60 58
60 61
60 70
61 53
61 89
61 97
61 100
62 1
62 51
62 52
62 55
62 57
62 58
62 61
62 67
62 68
62 70
62 75
62 76
62 79
62 91
62 94
62 95
63 54
63 65
63 66
63 69
63 71
63 72
63 78
63 81
63 84
63 87
63 96
63 102
64 56
64 59
64 63
64 73
64 77
64 80
64 82
64 86
65 53
65 56
65 86
65 103
66 53
66 60
66 62
66 82
66 83
66 90
66 103
67 53
67 59
67 60
67 85
67 90
68 56
68 59
68 63
68 77
68 80
68 85
68 90
69 53
69 60
69 62
69 83
69 98
69 103
70 56
70 59
70 63
70 77
70 85
70 88
70 93
71 53
71 62
71 103
72 53
72 60
72 62
72 103
73 54
73 64
73 65
73 68
73 70
73 76
73 79
74 53
74 60
74 62
75 56
75 59
75 63
75 73
75 77
75 80
75 82
75 85
75 86
75 88
75 89
75 93
75 97
75 100
76 56
76 59
76 63
76 77
76 80
76 85
76 90
77 54
77 65
77 66
77 69
77 71
77 72
77 78
77 81
77 84
77 87
77 96
77 102
78 53
78 60
78 62
78 103
79 56
79 59
79 63
79 77
79 80
79 85
79 90
80 54
80 65
80 70
81 53
81 60
81 62
81 83
81 103
82 54
82 65
82 68
82 76
82 79
83 54
83 64
83 65
83 68
83 70
83 75
83 76
83 79
83 87
83 91
83 92
83 94
83 95
83 99
84 53
84 60
84 62
84 103
85 54
85 64
85 65
86 54
86 64
86 65
86 68
86 70
86 76
86 79
87 53
87 60
87 61
87 62
87 103
88 52
88 55
88 57
88 58
88 61
88 66
88 67
88 69
88 71
88 72
88 74
88 78
88 81
88 84
88 87
88 102
89 55
89 66
89 67
89 69
89 71
89 72
89 74
89 78
89 81
89 84
89 87
89 102
90 54
90 64
90 65
90 68
90 70
90 75
90 91
90 92
90 94
90 95
90 99
91 59
91 63
91 73
91 77
91 80
91 82
91 85
91 86
91 98
92 59
92 63
92 73
92 77
92 80
92 82
92 83
92 85
92 86
92 88
92 90
92 93
92 97
92 100
93 52
93 55
93 57
93 58
93 61
93 66
93 67
93 69
93 71
93 72
93 74
93 78
93 81
93 84
93 87
93 102
94 56
94 59
94 63
94 73
94 77
94 80
94 82
94 85
94 86
94 90
94 98
94 101
95 56
95 59
95 63
95 73
95 77
95 80
95 82
95 85
95 86
95 88
95 89
95 93
95 97
95 100
95 103
96 60
96 103
97 66
97 67
97 69
97 71
97 72
97 74
97 78
97 81
97 84
97 87
97 102
98 54
98 64
98 65
98 66
98 70
98 72
98 75
98 76
98 78
98 79
98 81
98 84
98 92
98 95
98 99
98 102
99 56
99 59
99 62
99 63
99 73
99 77
99 80
99 82
99 85
99 86
99 88
99 93
99 103
100 55
100 66
100 67
100 69
100 71
100 72
100 74
100 78
100 81
100 84
100 87
100 102
101 64
101 65
101 68
101 70
101 75
101 76
101 79
101 91
101 92
101 94
101 95
101 99
102 53
102 60
102 62
102 103
103 51
103 52
103 55
103 57
103 58
103 61
103 67
103 74
