104 104 508
2 3
3 12
4 3
4 13
4 14
6 0
11 45
12 13
13 8
13 15
13 39
14 12
16 3
16 13
16 14
17 3
17 13
17 14
18 4
18 12
18 16
18 17
18 20
18 48
18 50
20 3
20 13
20 14
21 11
22 0
22 1
22 5
22 7
22 9
22 10
22 19
22 21
23 4
23 8
23 12
23 15
23 16
23 17
24 2
24 4
24 8
24 12
24 15
24 16
24 17
24 50
25 0
25 7
25 10
25 21
26 2
26 4
26 12
26 16
26 17
26 20
26 29
26 34
26 48
27 0
27 1
27 5
27 7
27 9
27 10
27 19
27 21
28 6
28 11
28 25
29 3
29 13
29 14
29 18
29 23
29 24
29 26
29 30
29 32
29 35
29 36
30 2
30 4
30 8
30 12
30 15
30 16
30 17
30 20
30 48
31 0
31 1
31 5
31 7
31 9
31 10
31 19
31 21
32 2
32 4
32 12
32 16
32 17
32 20
32 48
33 0
33 1
33 5
33 7
33 9
33 10
33 19
33 21
34 3
34 13
34 14
34 18
34 23
34 24
34 26
34 30
35 2
35 4
35 12
35 16
35 17
35 20
35 29
35 33
35 34
35 48
36 2
36 4
36 12
36 16
36 17
36 20
36 48
37 6
37 11
37 25
38 1
38 5
38 7
38 9
38 10
38 19
38 21
39 3
39 14
39 18
39 24
39 26
39 30
39 32
39 35
39 36
39 44
40 0
40 1
40 5
40 7
40 9
40 10
40 19
40 21
41 0
41 1
41 5
41 7
41 9
41 10
41 19
41 21
42 0
42 1
42 5
42 7
42 9
42 10
42 19
42 21
43 6
43 11
43 25
44 4
44 8
44 12
44 15
44 16
44 17
44 20
44 29
44 34
44 46
44 48
44 50
45 6
45 11
45 22
45 25
45 27
45 31
45 33
45 38
45 40
45 42
46 3
46 13
46 14
46 18
46 23
46 24
46 26
46 30
46 32
46 35
46 36
47 43
47 49
48 3
48 13
48 14
48 23
49 6
49 11
49 25
50 3
50 13
50 14
54 0
54 1
56 13
59 3
59 13
59 14
60 8
60 12
60 15
62 12
63 3
63 13
63 14
64 0
64 1
64 7
64 9
64 10
64 21
65 0
65 1
65 5
65 7
65 9
65 10
65 19
65 21
66 6
66 11
66 22
66 25
67 11
68 0
68 7
68 10
68 21
69 6
69 11
69 25
70 0
70 1
70 5
70 7
70 9
70 10
70 19
70 21
71 6
71 11
71 25
72 6
72 11
72 22
72 25
73 3
73 14
73 18
74 6
75 0
75 1
75 5
75 7
75 9
75 10
75 19
75 21
76 0
76 7
76 10
76 21
77 3
77 13
77 14
78 6
78 11
78 22
78 25
79 0
79 7
79 10
79 21
80 3
80 13
80 14
80 23
81 6
81 11
81 22
81 25
82 3
82 13
82 14
82 18
82 23
82 24
82 26
82 30
82 32
82 35
82 36
83 3
83 13
83 14
83 18
83 23
83 24
83 26
83 30
83 32
83 35
83 36
84 6
84 11
84 22
84 25
85 3
85 13
85 14
86 3
86 14
86 18
87 6
87 11
87 25
88 2
88 4
88 12
88 16
88 17
88 20
88 29
88 34
88 46
88 48
88 50
89 4
89 8
89 12
89 15
89 16
89 17
89 20
89 29
89 34
89 46
89 48
89 50
90 3
90 13
90 14
90 18
90 23
90 24
90 26
90 32
90 35
90 36
90 44
91 0
91 1
91 5
91 7
91 9
91 10
91 19
91 21
92 0
92 1
92 5
92 7
92 9
92 10
92 19
92 21
93 2
93 4
93 12
93 16
93 17
93 20
93 29
93 34
93 46
93 48
93 50
94 0
94 1
94 5
94 7
94 9
94 10
94 19
95 0
95 1
95 5
95 7
95 9
95 10
95 19
95 21
96 6
96 11
96 22
96 25
96 27
96 31
96 33
96 38
96 40
96 41
96 42
97 4
97 8
97 15
97 16
97 17
97 20
97 29
97 34
97 46
97 48
97 50
98 3
98 14
98 18
98 24
98 26
98 30
98 32
98 35
98 36
98 44
99 0
99 1
99 5
99 7
99 9
99 10
99 19
99 21
100 4
100 8
100 12
100 15
100 16
100 17
100 20
100 29
100 34
100 46
100 48
100 50
101 3
101 13
101 14
101 23
101 24
101 26
101 30
101 32
101 35
101 36
101 44
102 6
102 11
102 25
103 2
103 4
103 12
103 16
103 17
103 20
103 48
