104 104 231
0 28
0 37
0 43
0 49
0 66
0 69
0 71
0 72
0 74
0 78
0 81
0 84
0 87
0 102
1 28
1 37
1 43
1 49
1 71
1 72
1 78
1 81
1 87
1 102
2 4
2 16
2 17
2 50
2 59
2 63
2 69
2 73
2 77
2 85
2 101
4 73
4 86
5 69
5 71
5 72
5 78
5 81
5 87
5 102
7 28
7 37
7 43
7 49
7 66
7 69
7 71
7 72
7 74
7 78
7 81
7 84
7 87
7 102
8 20
8 29
8 34
8 39
8 46
8 73
8 82
8 83
8 86
8 98
10 28
10 37
10 43
10 49
10 66
10 69
10 71
10 72
10 74
10 78
10 81
10 84
10 87
10 102
11 27
11 31
11 33
11 38
11 40
11 41
11 42
11 99
12 63
12 73
12 77
15 20
15 29
15 34
15 39
15 46
15 73
15 82
15 83
15 86
15 98
19 28
19 37
19 43
19 49
19 69
19 71
19 72
19 78
19 81
19 87
19 102
28 45
41 47
43 45
43 96
49 45
49 96
51 28
51 37
51 43
51 45
51 49
51 66
51 69
51 71
51 72
51 74
51 78
51 81
51 84
51 87
51 96
51 102
52 69
52 71
52 72
52 78
52 81
52 87
52 102
53 23
53 44
53 88
53 89
53 93
53 97
53 100
54 27
54 31
54 32
54 33
54 36
54 38
54 40
54 41
54 42
54 70
54 75
54 91
54 92
54 94
54 95
54 99
57 69
57 71
57 72
57 78
57 81
57 87
57 102
58 69
58 71
58 72
58 78
58 81
58 87
58 102
59 90
59 101
62 44
62 88
62 89
62 93
62 97
62 100
63 101
64 42
64 47
64 91
66 45
66 96
67 96
68 38
68 41
68 42
68 47
68 91
69 45
69 96
71 45
71 96
73 90
73 101
74 45
74 96
75 47
76 38
76 41
76 42
76 91
77 101
79 38
79 41
79 42
79 91
84 45
84 96
85 101
86 90
86 101
87 45
87 96
92 47
94 47
95 47
99 47
102 45
102 96
