104 104 493
0 20
0 29
0 34
0 39
0 46
0 73
0 82
0 83
0 86
0 90
0 98
0 101
1 20
1 46
1 50
1 63
1 77
1 83
1 90
1 101
3 27
3 31
3 33
3 38
3 40
3 41
3 42
3 47
3 64
3 75
3 91
3 92
3 94
3 95
3 99
3 101
4 45
5 29
5 34
5 46
5 50
5 63
5 73
5 77
5 82
5 83
5 90
5 101
6 24
6 44
6 88
6 89
6 93
6 97
6 100
7 29
7 34
7 39
7 46
7 73
7 82
7 83
7 86
7 90
7 98
7 101
8 45
9 20
9 29
9 34
9 42
9 46
9 50
9 63
9 77
9 82
9 83
9 90
9 101
10 29
10 34
10 39
10 46
10 73
10 82
10 83
10 86
10 90
10 98
11 44
11 88
11 89
11 93
11 97
11 100
12 28
12 37
12 43
12 45
12 49
12 69
12 71
12 72
12 78
12 81
12 87
12 102
13 22
13 27
13 31
13 33
13 40
13 41
13 64
13 75
13 92
13 95
13 99
14 27
14 31
14 33
14 38
14 40
14 41
14 42
14 47
14 75
14 91
14 92
14 94
14 95
14 99
15 45
16 45
17 45
18 38
18 42
18 47
19 29
19 34
19 46
19 50
19 63
19 77
19 82
19 83
19 90
19 101
20 0
20 1
20 45
21 29
21 34
21 39
21 44
21 46
21 73
21 82
21 83
21 86
21 90
21 98
21 101
22 13
22 88
22 93
23 41
23 47
23 94
24 6
24 11
24 41
24 47
25 36
25 43
25 88
25 89
25 93
25 97
25 100
26 47
27 3
27 13
27 14
27 53
28 12
29 0
29 5
29 7
29 9
29 10
29 19
29 21
29 52
29 58
29 67
30 11
30 41
30 47
31 3
31 13
31 14
32 47
33 3
33 13
33 14
34 0
34 5
34 7
34 9
34 10
34 19
34 21
34 67
35 47
36 47
37 12
37 56
38 3
38 13
38 14
38 18
39 0
39 7
39 10
39 21
39 51
39 67
40 3
40 13
40 14
41 3
41 13
41 14
41 23
41 60
42 3
42 14
42 18
43 12
43 56
44 6
44 11
44 25
44 54
44 68
44 76
44 79
45 4
45 8
45 12
45 15
45 16
45 17
45 20
45 46
45 48
45 50
45 63
45 77
45 83
45 85
46 0
46 1
46 5
46 7
46 9
46 10
46 19
46 21
47 3
47 13
47 14
47 18
47 23
47 24
47 26
47 30
47 32
47 35
47 36
48 45
49 12
49 56
50 1
50 5
50 9
50 19
50 45
50 52
50 55
50 57
50 58
50 61
51 39
51 98
52 50
53 22
54 24
54 44
54 89
54 100
55 50
55 78
55 101
56 28
56 37
56 43
56 49
56 69
56 71
56 74
56 84
56 87
56 102
57 50
59 45
60 41
63 1
63 5
63 9
63 19
63 45
63 52
63 55
63 57
63 58
63 61
64 3
64 13
67 39
67 46
67 83
67 98
67 101
68 44
68 88
68 89
68 93
68 97
68 100
69 12
69 56
71 12
71 56
72 12
73 0
73 7
73 10
73 21
74 56
74 101
75 3
75 13
75 14
76 44
76 88
76 89
76 93
76 97
76 100
77 1
77 5
77 9
77 19
77 45
77 52
77 55
77 57
77 58
77 61
78 12
79 44
79 88
79 89
79 93
79 97
79 100
81 12
82 0
82 5
82 7
82 9
82 10
82 19
82 21
83 0
83 1
83 5
83 7
83 9
83 10
83 19
83 21
85 44
85 45
86 0
86 7
86 10
86 21
87 12
87 56
88 6
88 11
88 22
88 25
88 65
88 68
88 76
88 79
89 6
89 11
89 25
89 54
89 68
89 76
89 79
90 0
90 1
90 5
90 7
90 9
90 10
90 19
90 21
90 52
90 57
90 58
90 61
90 67
91 3
91 14
91 18
92 3
92 13
92 14
92 62
93 6
93 11
93 22
93 25
93 64
93 65
93 68
93 76
93 79
94 3
94 13
94 23
95 3
95 13
95 14
96 12
97 6
97 11
97 25
97 68
97 76
97 79
98 0
98 7
98 10
98 21
98 51
98 67
98 68
99 3
99 13
99 14
100 6
100 11
100 25
100 54
100 68
100 76
100 79
101 0
101 1
101 5
101 7
101 9
101 10
101 19
101 21
101 52
101 55
101 57
101 58
101 61
101 67
101 74
102 12
102 56
