104 104 943
0 6
0 22
0 25
0 27
0 31
0 33
0 38
0 40
0 41
0 42
0 54
0 64
0 65
0 68
0 70
0 75
0 76
0 79
0 91
0 92
0 94
0 95
0 99
1 22
1 27
1 31
1 33
1 38
1 40
1 41
1 42
1 54
1 64
1 65
1 70
1 75
1 91
1 92
1 94
1 95
1 99
2 24
2 26
2 30
2 32
2 35
2 36
2 88
2 93
2 103
3 2
3 4
3 16
3 17
3 20
3 29
3 34
3 39
3 46
3 48
3 50
3 59
3 63
3 73
3 77
3 80
3 82
3 83
3 85
3 86
3 90
3 98
4 18
4 23
4 24
4 26
4 30
4 32
4 35
4 36
4 44
4 88
4 89
4 93
4 97
4 100
4 103
5 22
5 27
5 31
5 33
5 38
5 40
5 41
5 42
5 65
5 70
5 75
5 91
5 92
5 94
5 95
5 99
6 28
6 37
6 43
6 45
6 49
6 66
6 69
6 71
6 72
6 74
6 78
6 81
6 84
6 87
6 102
7 22
7 25
7 27
7 31
7 33
7 38
7 40
7 41
7 42
7 64
7 65
7 68
7 70
7 75
7 76
7 79
7 91
7 92
7 94
7 95
7 96
7 99
8 13
8 18
8 23
8 24
8 30
8 44
8 60
8 89
8 97
8 100
9 22
9 27
9 31
9 33
9 38
9 40
9 41
9 54
9 64
9 65
9 70
9 75
9 91
9 92
9 94
9 95
9 99
10 22
10 25
10 27
10 31
10 33
10 38
10 40
10 41
10 42
10 64
10 65
10 68
10 70
10 75
10 76
10 79
10 91
10 92
10 94
10 95
10 99
10 101
11 21
11 28
11 37
11 43
11 49
11 66
11 67
11 69
11 71
11 72
11 78
11 81
11 84
11 87
11 102
12 3
12 14
12 18
12 23
12 24
12 26
12 30
12 32
12 35
12 36
12 44
12 60
12 62
12 88
12 89
12 93
12 100
12 103
13 4
13 12
13 16
13 17
13 20
13 29
13 34
13 46
13 48
13 50
13 59
13 77
13 80
13 82
13 83
13 85
13 90
13 101
14 4
14 16
14 17
14 20
14 29
14 34
14 39
14 46
14 50
14 59
14 63
14 73
14 77
14 80
14 82
14 83
14 85
14 86
14 90
14 98
14 101
15 13
15 23
15 24
15 30
15 44
15 89
15 97
15 100
16 18
16 23
16 24
16 26
16 30
16 32
16 35
16 36
16 44
16 88
16 89
16 93
16 97
16 100
16 103
17 18
17 23
17 24
17 26
17 30
17 32
17 35
17 36
17 44
17 88
17 89
17 93
17 97
17 100
17 103
18 0
18 29
18 34
18 39
18 46
18 82
18 83
18 90
18 98
18 101
19 22
19 27
19 31
19 33
19 38
19 40
19 41
19 42
19 65
19 70
19 75
19 91
19 92
19 94
19 95
19 99
20 18
20 26
20 30
20 32
20 35
20 36
20 44
20 88
20 89
20 93
20 97
20 100
20 103
21 22
21 25
21 27
21 31
21 33
21 38
21 40
21 41
21 42
21 47
21 64
21 65
21 68
21 70
21 75
21 76
21 79
21 91
21 92
21 95
21 99
22 45
22 66
22 72
22 78
22 81
22 84
22 96
23 29
23 34
23 46
23 48
23 80
23 82
23 83
23 90
23 101
24 29
24 34
24 39
24 46
24 82
24 83
24 90
24 98
24 101
25 28
25 48
25 66
25 69
25 71
25 72
25 78
25 81
25 84
25 87
25 96
25 102
26 39
26 46
26 82
26 83
26 90
26 98
26 101
27 45
27 96
28 47
29 44
29 88
29 89
29 93
29 97
29 100
30 29
30 34
30 39
30 46
30 82
30 83
30 90
30 98
30 101
31 45
31 96
32 29
32 34
32 39
32 46
32 82
32 83
32 90
32 98
32 101
33 45
33 96
34 32
34 35
34 36
34 44
34 88
34 89
34 93
34 97
34 100
34 103
35 39
35 46
35 83
35 90
35 98
35 101
36 29
36 34
36 39
36 46
36 83
36 90
36 98
36 101
37 47
38 0
38 45
38 96
39 13
40 45
40 96
41 48
41 96
42 45
42 96
43 47
44 39
44 98
44 101
46 44
46 88
46 89
46 93
46 97
46 100
48 18
48 26
48 30
48 32
48 35
48 36
48 44
48 88
48 89
48 93
48 97
48 100
48 103
49 47
50 18
50 23
50 24
50 44
50 88
50 89
50 93
50 97
50 100
51 25
51 27
51 31
51 33
51 38
51 40
51 41
51 42
51 54
51 68
51 70
51 75
51 76
51 79
51 91
51 92
51 94
51 95
51 99
52 22
52 27
52 31
52 33
52 38
52 40
52 41
52 42
52 54
52 65
52 68
52 70
52 75
52 76
52 79
52 91
52 92
52 94
52 95
52 99
53 12
53 29
53 34
53 46
53 48
53 73
53 80
53 82
53 83
53 86
54 28
54 37
54 43
54 45
54 49
54 66
54 69
54 71
54 72
54 74
54 78
54 81
54 84
54 87
54 96
54 97
54 102
55 22
55 25
55 27
55 31
55 33
55 38
55 41
55 42
55 54
55 65
55 68
55 70
55 75
55 76
55 91
55 94
55 95
55 99
56 3
56 14
56 18
56 23
56 24
56 26
56 30
56 32
56 35
56 36
56 44
56 60
56 62
56 88
56 89
56 93
56 100
56 103
57 25
57 27
57 31
57 33
57 38
57 40
57 41
57 42
57 54
57 65
57 68
57 70
57 75
57 76
57 79
57 91
57 92
57 94
57 95
57 99
58 22
58 27
58 31
58 33
58 37
58 38
58 40
58 41
58 42
58 49
58 54
58 65
58 68
58 70
58 75
58 76
58 79
58 91
58 92
58 94
58 95
58 99
59 18
59 24
59 26
59 29
59 30
59 32
59 35
59 36
59 44
59 88
59 89
59 93
59 97
59 100
59 103
60 20
60 29
60 34
60 39
60 46
60 73
60 82
60 83
60 85
60 86
60 90
60 98
60 101
61 22
61 25
61 27
61 31
61 33
61 38
61 40
61 41
61 42
61 54
61 65
61 68
61 70
61 75
61 76
61 79
61 91
61 92
61 94
61 95
61 99
62 4
62 16
62 17
62 20
62 39
62 46
62 48
62 50
62 59
62 63
62 73
62 77
62 80
62 83
62 85
62 86
62 90
62 98
62 101
63 18
63 23
63 24
63 44
63 88
63 89
63 93
63 97
63 100
64 28
64 37
64 43
64 45
64 49
64 66
64 69
64 71
64 84
64 87
64 96
64 102
65 45
65 66
65 72
65 74
65 78
65 81
65 84
65 96
66 27
66 31
66 33
66 38
66 41
66 42
66 47
66 91
66 94
66 99
67 22
67 25
67 27
67 31
67 33
67 38
67 40
67 41
67 42
67 47
67 65
67 68
67 70
67 75
67 76
67 79
67 91
67 92
67 94
67 95
67 99
68 28
68 37
68 43
68 45
68 49
68 66
68 69
68 71
68 72
68 78
68 81
68 84
68 87
68 96
68 102
69 47
69 75
70 45
70 96
71 47
72 47
73 24
73 88
73 93
74 27
74 31
74 33
74 38
74 40
74 41
74 42
74 47
74 70
74 75
74 91
74 92
74 94
74 95
74 99
75 44
75 45
75 96
76 28
76 37
76 43
76 45
76 49
76 66
76 69
76 71
76 72
76 78
76 81
76 84
76 87
76 96
76 102
77 18
77 23
77 24
77 44
77 88
77 89
77 93
77 97
77 100
78 47
79 28
79 37
79 43
79 45
79 49
79 66
79 69
79 71
79 72
79 78
79 81
79 84
79 87
79 96
79 102
80 18
80 26
80 30
80 32
80 35
80 36
80 44
80 88
80 89
80 93
80 97
80 100
80 103
81 47
82 44
82 88
82 89
82 93
82 97
82 100
83 44
83 88
83 89
83 93
83 97
83 100
84 27
84 31
84 33
84 38
84 41
84 42
84 47
84 91
84 94
84 99
85 18
85 23
85 24
85 26
85 30
85 32
85 35
85 36
85 88
85 89
85 93
85 97
85 100
85 103
86 24
86 88
86 93
87 47
87 65
88 39
88 98
89 39
89 98
89 101
91 45
91 96
92 45
93 39
93 98
94 45
94 96
95 45
95 96
97 39
97 98
97 101
98 13
99 45
99 96
100 39
100 98
100 101
102 47
103 29
103 34
103 39
103 46
103 83
103 90
103 98
103 101
