104 104 569
0 11
0 47
1 6
1 11
1 25
1 47
1 68
1 76
1 79
2 13
2 14
2 18
2 23
2 44
2 53
2 60
2 62
2 89
2 97
2 100
3 8
3 9
3 15
4 53
4 60
5 6
5 11
5 25
5 47
5 54
5 64
5 68
5 76
5 79
6 1
6 5
6 7
6 9
6 10
6 19
6 21
6 51
6 52
6 55
6 57
6 58
6 61
6 67
6 96
7 11
7 47
7 54
8 3
8 14
8 26
8 32
8 35
8 36
8 53
8 62
8 88
8 93
8 103
9 6
9 11
9 25
9 47
9 53
9 68
9 76
9 79
10 6
10 11
10 47
10 54
11 0
11 1
11 5
11 7
11 9
11 10
11 19
11 51
11 52
11 55
11 57
11 58
11 61
11 74
11 96
12 97
13 2
13 73
13 86
14 2
14 8
14 15
15 3
15 14
15 18
15 26
15 32
15 35
15 36
15 43
15 53
15 60
15 62
15 88
15 93
15 103
16 53
16 60
17 53
17 60
18 2
18 8
18 15
19 6
19 11
19 25
19 47
19 54
19 64
19 68
19 79
20 23
20 24
20 53
21 6
21 54
21 94
22 28
22 37
22 43
22 49
22 51
22 57
22 69
22 71
22 74
22 87
22 102
23 2
23 20
23 39
23 59
23 73
23 86
23 98
24 20
24 48
24 80
25 1
25 5
25 9
25 19
25 45
25 74
26 8
26 15
26 50
26 63
26 73
26 77
26 85
26 86
27 28
27 37
27 43
27 49
27 69
27 71
27 72
27 78
27 81
27 87
27 102
28 22
28 27
28 31
28 33
28 38
28 40
28 41
28 42
28 65
28 70
28 75
28 91
28 92
28 94
28 95
28 99
29 53
29 62
30 50
30 63
30 73
30 77
30 85
30 86
31 28
31 37
31 43
31 49
31 69
31 71
31 72
31 78
31 81
31 87
31 102
32 8
32 15
32 50
32 63
32 73
32 77
32 81
32 86
33 28
33 37
33 43
33 49
33 69
33 71
33 72
33 78
33 81
33 87
33 102
34 53
34 62
35 8
35 15
35 50
35 63
35 73
35 77
35 86
36 8
36 15
36 63
36 73
36 77
36 86
37 22
37 27
37 31
37 33
37 38
37 40
37 41
37 42
37 65
37 70
37 75
37 91
37 92
37 94
37 95
37 99
38 28
38 37
38 43
38 49
38 69
38 71
38 72
38 78
38 81
38 87
38 102
39 23
39 53
40 28
40 37
40 43
40 49
40 66
40 69
40 71
40 72
40 78
40 81
40 84
40 87
41 28
41 37
41 43
41 45
41 49
41 51
41 69
41 71
41 72
41 78
41 81
41 87
41 102
42 28
42 37
42 43
42 69
42 71
42 72
42 78
42 81
42 87
42 102
43 22
43 27
43 31
43 33
43 38
43 40
43 41
43 42
43 65
43 70
43 75
43 91
43 92
43 94
43 95
43 99
44 2
44 73
44 86
45 41
45 47
47 0
47 1
47 5
47 7
47 9
47 10
47 19
47 21
47 45
47 51
47 52
47 55
47 57
47 58
47 61
48 24
48 53
48 60
48 62
48 73
49 22
49 27
49 31
49 33
49 38
49 40
49 41
49 42
49 65
49 70
49 75
49 91
49 92
49 94
49 95
49 99
50 26
50 30
50 32
50 35
50 36
50 53
50 60
50 103
51 6
51 11
51 13
51 22
51 47
52 6
52 11
52 25
52 47
53 2
53 4
53 8
53 15
53 16
53 17
53 20
53 39
53 50
54 5
54 7
54 9
54 10
54 19
54 21
55 6
55 11
55 47
57 6
57 11
57 22
57 47
58 6
58 11
58 47
59 23
60 2
60 16
60 17
60 48
60 50
61 6
61 11
61 47
62 2
62 8
62 15
62 29
62 34
63 26
63 30
63 32
63 35
63 36
64 5
64 19
65 28
65 37
65 43
65 49
66 40
67 6
67 12
68 5
68 9
68 19
69 22
69 27
69 31
69 33
69 38
69 41
69 42
70 28
70 37
70 43
70 49
71 22
71 27
71 31
71 33
71 38
71 40
71 41
71 42
72 27
72 31
72 33
72 38
72 40
72 41
72 42
73 13
73 23
73 26
73 30
73 32
73 35
73 36
73 44
74 11
74 22
74 25
75 28
75 37
75 43
75 49
76 1
76 5
76 9
76 19
77 26
77 30
77 32
77 35
77 36
78 27
78 31
78 33
78 38
78 40
78 41
78 42
79 1
79 5
79 9
79 19
80 4
80 24
81 27
81 31
81 33
81 38
81 40
81 41
81 42
84 40
86 13
86 23
86 26
86 30
86 32
86 35
86 36
86 44
87 22
87 27
87 31
87 33
87 38
87 40
87 41
87 42
88 8
88 15
89 2
91 28
91 37
91 43
91 49
92 28
92 37
92 43
92 49
93 8
93 15
94 21
94 28
94 37
94 43
94 49
95 28
95 37
95 43
95 49
96 47
97 2
97 12
98 23
99 28
99 37
99 43
99 49
100 2
101 18
102 22
102 27
102 31
102 33
102 38
102 40
102 42
103 8
103 15
