135 135 93
0 2
0 51
0 62
0 106
0 112
0 114
7 2
7 51
7 62
7 106
7 112
7 114
28 129
29 2
29 40
29 51
29 62
29 74
29 87
29 92
29 106
29 112
29 114
37 2
37 51
37 62
37 106
37 112
37 114
40 2
40 40
40 51
40 62
40 74
40 87
40 92
40 106
40 112
40 114
50 2
50 40
50 51
50 62
50 74
50 87
50 92
50 106
50 112
50 114
59 129
74 2
74 51
74 62
74 106
74 112
74 114
86 129
87 2
87 40
87 51
87 62
87 74
87 87
87 92
87 106
87 112
87 114
89 129
92 2
92 40
92 51
92 62
92 74
92 87
92 92
92 106
92 112
92 114
98 86
98 102
98 129
102 129
105 2
105 40
105 51
105 62
105 74
105 87
105 92
105 106
105 112
105 114
110 129
