135 135 272
0 0
0 7
0 37
7 0
7 7
7 37
10 0
10 7
10 14
10 28
10 29
10 37
10 40
10 50
10 59
10 74
10 86
10 87
10 89
10 92
10 98
10 102
10 105
10 110
15 0
15 7
15 14
15 28
15 29
15 37
15 40
15 50
15 59
15 74
15 86
15 87
15 89
15 92
15 98
15 102
15 105
15 110
29 0
29 7
29 29
29 37
29 40
29 50
29 74
29 87
29 92
29 105
37 0
37 7
37 37
40 0
40 7
40 29
40 37
40 40
40 50
40 74
40 87
40 92
40 105
48 0
48 7
48 14
48 28
48 29
48 37
48 40
48 50
48 59
48 74
48 86
48 87
48 89
48 92
48 98
48 102
48 105
48 110
50 0
50 7
50 29
50 37
50 40
50 50
50 74
50 87
50 92
50 105
64 0
64 7
64 14
64 28
64 29
64 37
64 40
64 50
64 59
64 74
64 86
64 87
64 89
64 92
64 98
64 102
64 105
64 110
67 0
67 7
67 14
67 28
67 29
67 37
67 40
67 50
67 59
67 74
67 86
67 87
67 89
67 92
67 98
67 102
67 105
67 110
71 0
71 7
71 14
71 28
71 29
71 37
71 40
71 50
71 59
71 74
71 86
71 87
71 89
71 92
71 98
71 102
71 105
71 110
74 0
74 7
74 29
74 37
74 40
74 50
74 87
74 92
74 105
87 0
87 7
87 29
87 37
87 40
87 50
87 74
87 87
87 92
87 105
92 0
92 7
92 29
92 37
92 40
92 50
92 74
92 87
92 92
92 105
93 0
93 7
93 14
93 28
93 29
93 37
93 40
93 50
93 59
93 74
93 86
93 87
93 89
93 92
93 98
93 102
93 105
93 110
105 0
105 7
105 29
105 37
105 40
105 50
105 74
105 87
105 92
105 105
107 0
107 7
107 14
107 28
107 29
107 37
107 40
107 50
107 59
107 74
107 86
107 87
107 89
107 92
107 98
107 102
107 105
107 110
117 0
117 7
117 14
117 28
117 29
117 37
117 40
117 50
117 59
117 74
117 86
117 87
117 89
117 92
117 98
117 102
117 105
117 110
130 14
130 28
130 29
130 40
130 50
130 59
130 86
130 87
130 89
130 92
130 98
130 102
130 105
130 110
134 0
134 7
134 14
134 28
134 29
134 37
134 40
134 50
134 59
134 74
134 86
134 87
134 89
134 92
134 98
134 102
134 105
134 110
