135 135 499
2 2
2 62
2 106
3 3
3 6
3 9
3 11
3 12
3 18
3 53
3 57
3 68
3 77
3 83
3 100
3 119
3 122
3 132
3 133
4 4
4 10
4 15
4 17
4 24
4 30
4 31
4 43
4 44
4 48
4 64
4 67
4 71
4 72
4 75
4 81
4 93
4 107
4 117
4 127
4 134
6 6
6 11
6 18
6 53
6 68
6 83
6 100
6 119
9 6
9 9
9 11
9 18
9 53
9 68
9 77
9 83
9 100
9 119
9 132
10 10
10 15
10 17
10 30
10 48
10 64
10 67
10 71
10 72
10 93
10 117
10 134
11 11
11 100
12 6
12 9
12 11
12 12
12 18
12 53
12 68
12 77
12 83
12 100
12 119
12 132
15 15
15 30
15 48
15 64
15 67
15 71
15 72
15 93
15 117
15 134
17 15
17 17
17 30
17 48
17 64
17 67
17 71
17 72
17 93
17 117
17 134
18 11
18 18
18 53
18 68
18 83
18 100
18 119
24 10
24 15
24 17
24 24
24 30
24 31
24 43
24 44
24 48
24 64
24 67
24 71
24 72
24 75
24 81
24 93
24 107
24 117
24 127
24 134
30 30
31 10
31 15
31 17
31 30
31 31
31 48
31 64
31 67
31 71
31 72
31 93
31 107
31 117
31 134
32 4
32 10
32 15
32 17
32 24
32 30
32 31
32 32
32 43
32 44
32 48
32 64
32 67
32 71
32 72
32 75
32 81
32 93
32 94
32 99
32 104
32 107
32 117
32 127
32 134
43 10
43 15
43 17
43 30
43 31
43 43
43 44
43 48
43 64
43 67
43 71
43 72
43 75
43 93
43 107
43 117
43 134
44 10
44 15
44 17
44 30
44 31
44 44
44 48
44 64
44 67
44 71
44 72
44 75
44 93
44 107
44 117
44 134
48 30
48 48
48 64
48 71
48 72
48 117
48 134
51 2
51 51
51 62
51 106
53 11
53 53
53 68
53 83
53 100
53 119
57 6
57 9
57 11
57 12
57 18
57 53
57 57
57 68
57 77
57 83
57 100
57 119
57 122
57 132
57 133
62 62
64 30
64 64
67 30
67 48
67 64
67 67
67 71
67 72
67 117
67 134
68 11
68 68
68 100
71 30
71 64
71 71
71 72
71 117
72 30
72 64
72 72
75 10
75 15
75 17
75 30
75 31
75 48
75 64
75 67
75 71
75 72
75 75
75 93
75 107
75 117
75 134
77 6
77 11
77 18
77 53
77 68
77 77
77 83
77 100
77 119
77 132
81 10
81 15
81 17
81 30
81 31
81 43
81 44
81 48
81 64
81 67
81 71
81 72
81 75
81 81
81 93
81 107
81 117
81 127
81 134
83 11
83 68
83 83
83 100
93 30
93 48
93 64
93 67
93 71
93 72
93 93
93 117
93 134
94 4
94 10
94 15
94 17
94 24
94 30
94 31
94 43
94 44
94 48
94 64
94 67
94 71
94 72
94 75
94 81
94 93
94 94
94 104
94 107
94 117
94 127
94 134
99 4
99 10
99 15
99 17
99 24
99 30
99 31
99 43
99 44
99 48
99 64
99 67
99 71
99 72
99 75
99 81
99 93
99 94
99 99
99 104
99 107
99 117
99 127
99 134
100 100
104 4
104 10
104 15
104 17
104 24
104 30
104 31
104 43
104 44
104 48
104 64
104 67
104 71
104 72
104 75
104 81
104 93
104 104
104 107
104 117
104 127
104 134
106 62
106 106
107 10
107 15
107 17
107 30
107 48
107 64
107 67
107 71
107 72
107 93
107 107
107 117
107 134
111 3
111 6
111 9
111 11
111 12
111 18
111 53
111 57
111 68
111 77
111 83
111 100
111 111
111 119
111 122
111 132
111 133
112 2
112 51
112 62
112 106
112 112
114 2
114 51
114 62
114 106
114 112
114 114
117 30
117 64
117 72
117 117
119 11
119 68
119 83
119 100
119 119
122 6
122 9
122 11
122 12
122 18
122 53
122 68
122 77
122 83
122 100
122 119
122 122
122 132
127 10
127 15
127 17
127 30
127 31
127 43
127 44
127 48
127 64
127 67
127 71
127 72
127 75
127 93
127 107
127 117
127 127
127 134
132 6
132 11
132 18
132 53
132 68
132 83
132 100
132 119
132 132
133 6
133 9
133 11
133 12
133 18
133 53
133 68
133 77
133 83
133 100
133 119
133 122
133 132
133 133
134 30
134 64
134 71
134 72
134 117
134 134
