135 135 276
2 33
2 35
2 41
2 76
2 84
2 85
2 118
2 121
14 15
14 22
14 48
14 67
14 71
14 93
14 117
14 134
20 4
20 15
20 22
20 24
20 43
20 48
20 67
20 71
20 81
20 93
20 94
20 99
20 104
20 117
20 127
20 134
26 4
26 15
26 22
26 24
26 43
26 48
26 67
26 71
26 81
26 93
26 94
26 99
26 104
26 117
26 127
26 134
27 4
27 15
27 22
27 24
27 43
27 48
27 67
27 71
27 81
27 93
27 94
27 99
27 104
27 117
27 127
27 134
28 15
28 22
28 48
28 67
28 71
28 93
28 117
28 134
29 15
29 22
29 48
29 67
29 71
29 93
29 117
29 134
40 15
40 22
40 48
40 67
40 71
40 93
40 117
40 131
40 134
50 15
50 22
50 48
50 67
50 71
50 93
50 117
50 134
51 33
51 35
51 41
51 76
51 84
51 85
51 118
51 121
55 4
55 15
55 22
55 24
55 43
55 48
55 67
55 71
55 81
55 93
55 94
55 99
55 104
55 117
55 127
55 134
58 4
58 15
58 22
58 24
58 43
58 48
58 67
58 71
58 81
58 93
58 94
58 99
58 104
58 117
58 127
58 134
59 15
59 22
59 27
59 48
59 67
59 71
59 93
59 117
59 134
62 33
62 35
62 41
62 76
62 84
62 85
62 118
62 121
66 33
66 76
66 118
86 2
86 15
86 22
86 48
86 51
86 67
86 71
86 93
86 117
86 134
87 15
87 22
87 48
87 67
87 71
87 93
87 117
87 131
87 134
89 15
89 22
89 48
89 67
89 71
89 93
89 117
89 134
92 15
92 22
92 48
92 67
92 71
92 93
92 117
92 131
92 134
98 15
98 22
98 48
98 67
98 71
98 93
98 117
98 134
102 2
102 15
102 22
102 48
102 51
102 67
102 71
102 93
102 117
102 134
103 33
103 76
103 118
105 15
105 22
105 48
105 67
105 71
105 93
105 117
105 134
106 33
106 35
106 41
106 76
106 84
106 85
106 118
106 121
110 15
110 22
110 48
110 67
110 71
110 93
110 117
110 134
112 33
112 35
112 41
112 76
112 84
112 85
112 118
112 121
113 33
113 76
113 118
114 33
114 35
114 41
114 76
114 84
114 85
114 118
114 121
123 33
123 76
123 118
131 4
131 15
131 22
131 24
131 43
131 48
131 67
131 71
131 81
131 93
131 94
131 99
131 104
131 117
131 127
131 134
