135 135 154
10 20
10 26
10 27
10 28
10 45
10 55
10 58
10 59
10 86
10 89
10 98
10 102
10 110
10 131
15 20
15 26
15 27
15 28
15 45
15 55
15 58
15 59
15 86
15 89
15 98
15 102
15 110
15 131
48 20
48 26
48 27
48 28
48 45
48 55
48 58
48 59
48 86
48 89
48 98
48 102
48 110
48 131
64 20
64 26
64 27
64 28
64 45
64 55
64 58
64 59
64 86
64 89
64 98
64 102
64 110
64 131
67 20
67 26
67 27
67 28
67 45
67 55
67 58
67 59
67 86
67 89
67 98
67 102
67 110
67 131
71 20
71 26
71 27
71 28
71 45
71 55
71 58
71 59
71 86
71 89
71 98
71 102
71 110
71 131
74 20
74 26
74 27
74 28
74 45
74 55
74 58
74 59
74 86
74 89
74 98
74 102
74 110
74 131
93 20
93 26
93 27
93 28
93 45
93 55
93 58
93 59
93 86
93 89
93 98
93 102
93 110
93 131
107 20
107 26
107 27
107 28
107 45
107 55
107 58
107 59
107 86
107 89
107 98
107 102
107 110
107 131
117 20
117 26
117 27
117 28
117 45
117 55
117 58
117 59
117 86
117 89
117 98
117 102
117 110
117 131
134 20
134 26
134 27
134 28
134 45
134 55
134 58
134 59
134 86
134 89
134 98
134 102
134 110
134 131
