135 135 452
14 3
14 6
14 9
14 11
14 12
14 14
14 18
14 28
14 29
14 40
14 50
14 53
14 57
14 59
14 68
14 77
14 83
14 86
14 87
14 89
14 91
14 92
14 98
14 100
14 102
14 105
14 110
14 111
14 119
14 122
14 132
14 133
28 3
28 6
28 9
28 11
28 12
28 14
28 18
28 28
28 29
28 40
28 50
28 53
28 57
28 59
28 68
28 77
28 83
28 86
28 87
28 89
28 91
28 92
28 98
28 100
28 102
28 105
28 110
28 111
28 119
28 122
28 132
28 133
29 3
29 6
29 9
29 11
29 12
29 14
29 18
29 28
29 29
29 40
29 50
29 53
29 57
29 59
29 68
29 77
29 83
29 86
29 87
29 89
29 91
29 92
29 98
29 100
29 102
29 105
29 110
29 111
29 119
29 122
29 132
29 133
40 3
40 6
40 9
40 11
40 12
40 14
40 18
40 28
40 29
40 40
40 50
40 53
40 57
40 59
40 68
40 77
40 83
40 86
40 87
40 89
40 91
40 92
40 98
40 100
40 102
40 105
40 110
40 111
40 119
40 122
40 132
40 133
50 3
50 6
50 9
50 11
50 12
50 14
50 18
50 28
50 29
50 40
50 50
50 53
50 57
50 59
50 68
50 77
50 83
50 86
50 87
50 89
50 91
50 92
50 98
50 100
50 102
50 105
50 110
50 111
50 119
50 122
50 132
50 133
59 3
59 6
59 9
59 11
59 12
59 14
59 18
59 28
59 29
59 40
59 50
59 53
59 57
59 59
59 68
59 77
59 83
59 86
59 87
59 89
59 91
59 92
59 98
59 100
59 102
59 105
59 110
59 111
59 119
59 122
59 132
59 133
73 125
86 6
86 9
86 11
86 14
86 18
86 28
86 29
86 40
86 50
86 53
86 59
86 68
86 77
86 83
86 86
86 87
86 89
86 91
86 92
86 98
86 100
86 102
86 105
86 110
86 119
86 132
87 6
87 9
87 11
87 14
87 18
87 28
87 29
87 40
87 50
87 53
87 59
87 68
87 77
87 83
87 86
87 87
87 89
87 91
87 92
87 98
87 100
87 102
87 105
87 110
87 119
87 132
89 3
89 6
89 9
89 11
89 12
89 14
89 18
89 28
89 29
89 40
89 50
89 53
89 57
89 59
89 68
89 77
89 83
89 86
89 87
89 89
89 91
89 92
89 98
89 100
89 102
89 105
89 110
89 111
89 119
89 122
89 132
89 133
91 14
91 28
91 29
91 40
91 50
91 59
91 86
91 87
91 89
91 91
91 92
91 98
91 102
91 105
91 110
92 3
92 6
92 9
92 11
92 12
92 14
92 18
92 28
92 29
92 40
92 50
92 53
92 57
92 59
92 68
92 77
92 83
92 86
92 87
92 89
92 91
92 92
92 98
92 100
92 102
92 105
92 110
92 111
92 119
92 122
92 132
92 133
98 3
98 6
98 9
98 11
98 12
98 14
98 18
98 28
98 29
98 40
98 50
98 53
98 57
98 59
98 68
98 77
98 83
98 86
98 87
98 89
98 91
98 92
98 98
98 100
98 102
98 105
98 110
98 111
98 119
98 122
98 132
98 133
102 3
102 6
102 9
102 11
102 12
102 14
102 18
102 28
102 29
102 40
102 50
102 53
102 57
102 59
102 68
102 77
102 83
102 86
102 87
102 89
102 91
102 92
102 98
102 100
102 102
102 105
102 110
102 111
102 119
102 122
102 132
102 133
105 3
105 6
105 9
105 11
105 12
105 14
105 18
105 28
105 29
105 40
105 50
105 53
105 57
105 59
105 68
105 77
105 83
105 86
105 87
105 89
105 91
105 92
105 98
105 100
105 102
105 105
105 110
105 111
105 119
105 122
105 132
105 133
110 3
110 6
110 9
110 11
110 12
110 14
110 18
110 28
110 29
110 40
110 50
110 53
110 57
110 59
110 68
110 77
110 83
110 86
110 87
110 89
110 91
110 92
110 98
110 100
110 102
110 105
110 110
110 111
110 119
110 122
110 132
110 133
