135 135 360
4 0
4 7
4 29
4 37
4 40
4 50
4 74
4 87
4 92
4 105
10 0
10 7
10 29
10 37
10 40
10 50
10 74
10 87
10 92
10 105
12 29
12 40
12 50
12 87
12 92
12 105
15 0
15 7
15 29
15 37
15 40
15 50
15 74
15 87
15 92
15 105
17 0
17 7
17 29
17 37
17 40
17 50
17 74
17 87
17 92
17 105
22 0
22 7
22 29
22 37
22 40
22 50
22 74
22 87
22 92
22 105
24 0
24 7
24 29
24 37
24 40
24 50
24 74
24 87
24 92
24 105
30 0
30 7
30 29
30 37
30 40
30 50
30 74
30 87
30 92
30 105
31 0
31 7
31 29
31 37
31 40
31 50
31 74
31 87
31 92
31 105
32 0
32 7
32 29
32 37
32 40
32 50
32 74
32 87
32 92
32 105
35 0
35 7
35 29
35 37
35 40
35 50
35 74
35 87
35 92
35 105
41 0
41 7
41 29
41 37
41 40
41 50
41 74
41 87
41 92
41 105
43 0
43 7
43 29
43 37
43 40
43 50
43 74
43 87
43 92
43 105
44 0
44 7
44 29
44 37
44 40
44 50
44 74
44 87
44 92
44 105
48 0
48 7
48 29
48 37
48 40
48 50
48 74
48 87
48 92
48 105
54 0
54 7
54 29
54 37
54 40
54 50
54 74
54 87
54 92
54 105
57 29
57 40
57 50
57 87
57 92
57 105
64 0
64 7
64 29
64 37
64 40
64 50
64 74
64 87
64 92
64 105
67 0
67 7
67 29
67 37
67 40
67 50
67 74
67 87
67 92
67 105
71 0
71 7
71 29
71 37
71 40
71 50
71 74
71 87
71 92
71 105
72 0
72 7
72 29
72 37
72 40
72 50
72 74
72 87
72 92
72 105
75 0
75 7
75 29
75 37
75 40
75 50
75 74
75 87
75 92
75 105
77 29
77 40
77 50
77 87
77 92
77 105
81 0
81 7
81 29
81 37
81 40
81 50
81 74
81 87
81 92
81 105
84 0
84 7
84 29
84 37
84 40
84 50
84 74
84 87
84 92
84 105
85 0
85 7
85 29
85 37
85 40
85 50
85 74
85 87
85 92
85 105
93 0
93 7
93 29
93 37
93 40
93 50
93 74
93 87
93 92
93 105
94 0
94 7
94 29
94 37
94 40
94 50
94 74
94 87
94 92
94 105
99 0
99 7
99 29
99 37
99 40
99 50
99 74
99 87
99 92
99 105
104 0
104 7
104 29
104 37
104 40
104 50
104 74
104 87
104 92
104 105
107 0
107 7
107 29
107 37
107 40
107 50
107 74
107 87
107 92
107 105
117 0
117 7
117 29
117 37
117 40
117 50
117 74
117 87
117 92
117 105
121 0
121 7
121 29
121 37
121 40
121 50
121 74
121 87
121 92
121 105
122 29
122 40
122 50
122 87
122 92
122 105
127 0
127 7
127 29
127 37
127 40
127 50
127 74
127 87
127 92
127 105
128 0
128 7
128 29
128 37
128 40
128 50
128 74
128 87
128 92
128 105
133 29
133 40
133 50
133 87
133 92
133 105
134 0
134 7
134 29
134 37
134 40
134 50
134 74
134 87
134 92
134 105
