135 135 207
0 3
0 6
0 9
0 11
0 12
0 18
0 53
0 57
0 68
0 77
0 83
0 100
0 111
0 119
0 122
0 132
0 133
7 3
7 6
7 9
7 11
7 12
7 18
7 53
7 57
7 68
7 77
7 83
7 100
7 111
7 119
7 122
7 132
7 133
8 3
8 6
8 9
8 11
8 12
8 18
8 53
8 57
8 68
8 77
8 83
8 100
8 111
8 119
8 122
8 132
8 133
20 3
20 6
20 9
20 11
20 12
20 18
20 20
20 53
20 57
20 68
20 77
20 83
20 100
20 111
20 119
20 122
20 132
20 133
21 20
22 20
22 22
26 3
26 6
26 9
26 11
26 12
26 18
26 20
26 26
26 53
26 57
26 68
26 77
26 83
26 100
26 111
26 119
26 122
26 131
26 132
26 133
27 3
27 6
27 9
27 11
27 12
27 18
27 20
27 26
27 27
27 53
27 57
27 68
27 77
27 83
27 100
27 111
27 119
27 122
27 131
27 132
27 133
37 3
37 6
37 9
37 11
37 12
37 18
37 53
37 57
37 68
37 77
37 83
37 100
37 111
37 119
37 122
37 132
37 133
45 3
45 6
45 9
45 11
45 12
45 18
45 26
45 45
45 53
45 57
45 68
45 77
45 83
45 100
45 111
45 119
45 122
45 132
45 133
55 3
55 6
55 9
55 11
55 12
55 18
55 53
55 57
55 68
55 77
55 83
55 100
55 111
55 119
55 122
55 132
55 133
58 3
58 6
58 9
58 11
58 12
58 18
58 20
58 26
58 27
58 53
58 57
58 68
58 77
58 83
58 100
58 111
58 119
58 122
58 131
58 132
58 133
95 95
131 3
131 6
131 9
131 11
131 12
131 18
131 20
131 53
131 57
131 68
131 77
131 83
131 100
131 111
131 119
131 122
131 131
131 132
131 133
