135 135 1040
0 3
0 6
0 9
0 11
0 12
0 18
0 28
0 53
0 57
0 59
0 68
0 77
0 83
0 86
0 89
0 98
0 100
0 102
0 110
0 111
0 119
0 122
0 132
0 133
4 14
4 28
4 29
4 40
4 50
4 59
4 86
4 87
4 89
4 91
4 92
4 98
4 102
4 105
4 110
7 3
7 6
7 9
7 11
7 12
7 18
7 28
7 53
7 57
7 59
7 68
7 77
7 83
7 86
7 89
7 98
7 100
7 102
7 110
7 111
7 119
7 122
7 132
7 133
10 14
10 28
10 29
10 40
10 50
10 59
10 86
10 87
10 89
10 91
10 92
10 98
10 102
10 105
10 110
13 13
13 73
13 86
13 125
14 3
14 6
14 9
14 11
14 12
14 14
14 18
14 28
14 29
14 40
14 50
14 53
14 57
14 59
14 68
14 77
14 83
14 86
14 87
14 89
14 91
14 92
14 98
14 100
14 102
14 105
14 110
14 111
14 119
14 122
14 132
14 133
15 14
15 28
15 29
15 40
15 50
15 59
15 86
15 87
15 89
15 91
15 92
15 98
15 102
15 105
15 110
17 14
17 28
17 29
17 40
17 50
17 59
17 86
17 87
17 89
17 91
17 92
17 98
17 102
17 105
17 110
24 14
24 28
24 29
24 40
24 50
24 59
24 86
24 87
24 89
24 91
24 92
24 98
24 102
24 105
24 110
27 28
27 59
27 86
27 89
27 98
27 102
27 110
28 3
28 6
28 9
28 11
28 12
28 14
28 18
28 28
28 29
28 34
28 40
28 50
28 53
28 57
28 59
28 68
28 77
28 83
28 86
28 87
28 89
28 91
28 92
28 98
28 100
28 101
28 102
28 105
28 110
28 111
28 119
28 122
28 132
28 133
29 3
29 6
29 9
29 11
29 12
29 14
29 18
29 28
29 29
29 40
29 50
29 53
29 57
29 59
29 68
29 77
29 83
29 86
29 87
29 89
29 91
29 92
29 98
29 100
29 102
29 105
29 110
29 111
29 119
29 122
29 132
29 133
30 14
30 28
30 29
30 40
30 50
30 59
30 86
30 87
30 89
30 91
30 92
30 98
30 102
30 105
30 110
31 14
31 28
31 29
31 40
31 50
31 59
31 86
31 87
31 89
31 91
31 92
31 98
31 102
31 105
31 110
32 14
32 28
32 29
32 40
32 50
32 59
32 86
32 87
32 89
32 91
32 92
32 98
32 102
32 105
32 110
37 3
37 6
37 9
37 11
37 12
37 18
37 28
37 53
37 57
37 59
37 68
37 77
37 83
37 86
37 89
37 98
37 100
37 102
37 110
37 111
37 119
37 122
37 132
37 133
39 14
39 28
39 29
39 40
39 50
39 59
39 86
39 87
39 89
39 92
39 98
39 102
39 105
39 106
39 110
40 3
40 6
40 9
40 11
40 12
40 14
40 18
40 28
40 29
40 40
40 50
40 53
40 57
40 59
40 68
40 77
40 83
40 86
40 87
40 89
40 91
40 92
40 98
40 100
40 102
40 105
40 110
40 111
40 119
40 122
40 132
40 133
43 14
43 28
43 29
43 40
43 50
43 59
43 86
43 87
43 89
43 91
43 92
43 98
43 102
43 105
43 110
44 14
44 28
44 29
44 40
44 50
44 59
44 86
44 87
44 89
44 91
44 92
44 98
44 102
44 105
44 110
48 14
48 28
48 29
48 40
48 50
48 59
48 86
48 87
48 89
48 91
48 92
48 98
48 102
48 105
48 110
50 3
50 6
50 9
50 11
50 12
50 14
50 18
50 28
50 29
50 40
50 50
50 53
50 57
50 59
50 68
50 77
50 83
50 86
50 87
50 89
50 91
50 92
50 98
50 100
50 102
50 105
50 110
50 111
50 119
50 122
50 132
50 133
54 14
54 28
54 29
54 40
54 50
54 59
54 86
54 87
54 89
54 92
54 98
54 102
54 105
54 110
58 28
58 59
58 86
58 89
58 98
58 102
58 110
59 3
59 6
59 9
59 11
59 12
59 14
59 18
59 28
59 29
59 34
59 40
59 50
59 53
59 57
59 59
59 68
59 77
59 83
59 86
59 87
59 89
59 91
59 92
59 98
59 100
59 101
59 102
59 105
59 110
59 111
59 119
59 122
59 132
59 133
64 14
64 28
64 29
64 40
64 50
64 59
64 86
64 87
64 89
64 91
64 92
64 98
64 102
64 105
64 110
65 14
65 28
65 29
65 40
65 50
65 59
65 86
65 87
65 89
65 92
65 98
65 102
65 105
65 110
67 14
67 28
67 29
67 40
67 50
67 59
67 86
67 87
67 89
67 91
67 92
67 98
67 102
67 105
67 110
71 14
71 28
71 29
71 40
71 50
71 59
71 86
71 87
71 89
71 91
71 92
71 98
71 102
71 105
71 110
72 14
72 28
72 29
72 40
72 50
72 59
72 86
72 87
72 89
72 91
72 92
72 98
72 102
72 105
72 110
73 13
73 73
73 86
73 125
75 14
75 28
75 29
75 40
75 50
75 59
75 86
75 87
75 89
75 91
75 92
75 98
75 102
75 105
75 110
78 14
78 28
78 29
78 40
78 50
78 59
78 86
78 87
78 89
78 92
78 98
78 102
78 105
78 110
81 14
81 28
81 29
81 40
81 50
81 59
81 86
81 87
81 89
81 91
81 92
81 98
81 102
81 105
81 110
86 3
86 6
86 9
86 11
86 12
86 13
86 14
86 18
86 28
86 29
86 34
86 40
86 50
86 53
86 57
86 59
86 68
86 73
86 77
86 83
86 86
86 87
86 89
86 91
86 92
86 98
86 100
86 101
86 102
86 105
86 110
86 111
86 119
86 122
86 125
86 132
86 133
87 3
87 6
87 9
87 11
87 12
87 13
87 14
87 18
87 28
87 29
87 40
87 50
87 53
87 57
87 59
87 68
87 73
87 77
87 83
87 86
87 87
87 89
87 91
87 92
87 98
87 100
87 102
87 105
87 110
87 111
87 119
87 122
87 125
87 132
87 133
88 86
89 3
89 6
89 9
89 11
89 12
89 14
89 18
89 28
89 29
89 34
89 40
89 50
89 53
89 57
89 59
89 68
89 77
89 83
89 86
89 87
89 89
89 91
89 92
89 98
89 100
89 101
89 102
89 105
89 110
89 111
89 119
89 122
89 132
89 133
91 14
91 28
91 29
91 40
91 50
91 59
91 86
91 87
91 89
91 91
91 92
91 98
91 102
91 105
91 110
92 3
92 6
92 9
92 11
92 12
92 14
92 18
92 28
92 29
92 40
92 50
92 53
92 57
92 59
92 68
92 77
92 83
92 86
92 87
92 89
92 91
92 92
92 98
92 100
92 102
92 105
92 110
92 111
92 119
92 122
92 132
92 133
93 14
93 28
93 29
93 40
93 50
93 59
93 86
93 87
93 89
93 91
93 92
93 98
93 102
93 105
93 110
94 14
94 28
94 29
94 40
94 50
94 59
94 86
94 87
94 89
94 91
94 92
94 98
94 102
94 105
94 110
98 3
98 6
98 9
98 11
98 12
98 14
98 18
98 28
98 29
98 34
98 40
98 50
98 53
98 57
98 59
98 68
98 77
98 83
98 86
98 87
98 89
98 91
98 92
98 98
98 100
98 101
98 102
98 105
98 110
98 111
98 119
98 122
98 132
98 133
99 14
99 28
99 29
99 40
99 50
99 59
99 86
99 87
99 89
99 91
99 92
99 98
99 102
99 105
99 110
102 3
102 6
102 9
102 11
102 12
102 14
102 18
102 28
102 29
102 34
102 40
102 50
102 53
102 57
102 59
102 68
102 77
102 83
102 86
102 87
102 89
102 91
102 92
102 98
102 100
102 101
102 102
102 105
102 110
102 111
102 119
102 122
102 132
102 133
104 14
104 28
104 29
104 40
104 50
104 59
104 86
104 87
104 89
104 91
104 92
104 98
104 102
104 105
104 110
105 3
105 6
105 9
105 11
105 12
105 14
105 18
105 28
105 29
105 40
105 50
105 53
105 57
105 59
105 68
105 77
105 83
105 86
105 87
105 89
105 91
105 92
105 98
105 100
105 102
105 105
105 110
105 111
105 119
105 122
105 132
105 133
107 14
107 28
107 29
107 40
107 50
107 59
107 86
107 87
107 89
107 91
107 92
107 98
107 102
107 105
107 110
110 3
110 6
110 9
110 11
110 12
110 14
110 18
110 28
110 29
110 34
110 40
110 50
110 53
110 57
110 59
110 68
110 77
110 83
110 86
110 87
110 89
110 91
110 92
110 98
110 100
110 101
110 102
110 105
110 110
110 111
110 119
110 122
110 132
110 133
117 14
117 28
117 29
117 40
117 50
117 59
117 86
117 87
117 89
117 91
117 92
117 98
117 102
117 105
117 110
118 2
118 51
118 62
118 66
118 103
118 106
118 112
118 113
118 114
118 123
120 86
125 13
125 73
125 86
125 125
127 14
127 28
127 29
127 40
127 50
127 59
127 86
127 87
127 89
127 91
127 92
127 98
127 102
127 105
127 110
130 14
130 28
130 29
130 40
130 50
130 59
130 86
130 87
130 89
130 92
130 98
130 102
130 105
130 106
130 110
134 14
134 28
134 29
134 40
134 50
134 59
134 86
134 87
134 89
134 91
134 92
134 98
134 102
134 105
134 110
