135 135 200
0 14
0 28
0 29
0 40
0 50
0 59
0 86
0 87
0 89
0 92
0 98
0 102
0 105
0 110
7 14
7 28
7 29
7 40
7 50
7 59
7 86
7 87
7 89
7 92
7 98
7 102
7 105
7 110
13 86
13 87
29 28
29 29
29 40
29 50
29 59
29 74
29 86
29 87
29 89
29 92
29 98
29 102
29 105
29 110
34 28
34 59
34 86
34 89
34 98
34 102
34 110
37 14
37 28
37 29
37 40
37 50
37 59
37 86
37 87
37 89
37 92
37 98
37 102
37 105
37 110
40 28
40 29
40 40
40 50
40 59
40 74
40 86
40 87
40 89
40 92
40 98
40 102
40 105
40 110
50 28
50 29
50 40
50 50
50 59
50 74
50 86
50 87
50 89
50 92
50 98
50 102
50 105
50 110
52 0
52 7
52 14
52 28
52 29
52 37
52 40
52 50
52 59
52 74
52 86
52 87
52 89
52 92
52 98
52 102
52 105
52 110
73 86
73 87
79 0
79 7
79 14
79 28
79 29
79 37
79 40
79 50
79 59
79 74
79 86
79 87
79 89
79 92
79 98
79 102
79 105
79 110
87 28
87 29
87 40
87 50
87 59
87 74
87 86
87 87
87 89
87 92
87 98
87 102
87 105
87 110
92 28
92 29
92 40
92 50
92 59
92 74
92 86
92 87
92 89
92 92
92 98
92 102
92 105
92 110
101 28
101 59
101 86
101 89
101 98
101 102
101 110
105 28
105 29
105 40
105 50
105 59
105 74
105 86
105 87
105 89
105 92
105 98
105 102
105 105
105 110
124 0
124 7
124 14
124 28
124 29
124 37
124 40
124 50
124 59
124 74
124 86
124 87
124 89
124 92
124 98
124 102
124 105
124 110
125 86
125 87
