135 135 270
0 16
0 96
1 16
1 96
2 16
2 96
3 16
3 96
4 16
4 96
5 16
5 96
6 16
6 96
7 16
7 96
8 16
8 96
9 16
9 96
10 16
10 96
11 16
11 96
12 16
12 96
13 16
13 96
14 16
14 96
15 16
15 96
16 16
16 96
17 16
17 96
18 16
18 96
19 16
19 96
20 16
20 96
21 16
21 96
22 16
22 96
23 16
23 96
24 16
24 96
25 16
25 96
26 16
26 96
27 16
27 96
28 16
28 96
29 16
29 96
30 16
30 96
31 16
31 96
32 16
32 96
33 16
33 96
34 16
34 96
35 16
35 96
36 16
36 96
37 16
37 96
38 16
38 96
39 16
39 96
40 16
40 96
41 16
41 96
42 16
42 96
43 16
43 96
44 16
44 96
45 16
45 96
46 16
46 96
47 16
47 96
48 16
48 96
49 16
49 96
50 16
50 96
51 16
51 96
52 16
52 96
53 16
53 96
54 16
54 96
55 16
55 96
56 16
56 96
57 16
57 96
58 16
58 96
59 16
59 96
60 16
60 96
61 16
61 96
62 16
62 96
63 16
63 96
64 16
64 96
65 16
65 96
66 16
66 96
67 16
67 96
68 16
68 96
69 16
69 96
70 16
70 96
71 16
71 96
72 16
72 96
73 16
73 96
74 16
74 96
75 16
75 96
76 16
76 96
77 16
77 96
78 16
78 96
79 16
79 96
80 16
80 96
81 16
81 96
82 16
82 96
83 16
83 96
84 16
84 96
85 16
85 96
86 16
86 96
87 16
87 96
88 16
88 96
89 16
89 96
90 16
90 96
91 16
91 96
92 16
92 96
93 16
93 96
94 16
94 96
95 16
95 96
96 16
96 96
97 16
97 96
98 16
98 96
99 16
99 96
100 16
100 96
101 16
101 96
102 16
102 96
103 16
103 96
104 16
104 96
105 16
105 96
106 16
106 96
107 16
107 96
108 16
108 96
109 16
109 96
110 16
110 96
111 16
111 96
112 16
112 96
113 16
113 96
114 16
114 96
115 16
115 96
116 16
116 96
117 16
117 96
118 16
118 96
119 16
119 96
120 16
120 96
121 16
121 96
122 16
122 96
123 16
123 96
124 16
124 96
125 16
125 96
126 16
126 96
127 16
127 96
128 16
128 96
129 16
129 96
130 16
130 96
131 16
131 96
132 16
132 96
133 16
133 96
134 16
134 96
