135 135 180
39 4
39 10
39 14
39 15
39 17
39 22
39 24
39 28
39 29
39 30
39 31
39 32
39 34
39 40
39 43
39 44
39 48
39 50
39 59
39 64
39 67
39 71
39 72
39 75
39 81
39 86
39 87
39 89
39 91
39 92
39 93
39 94
39 98
39 99
39 101
39 102
39 104
39 105
39 107
39 110
39 116
39 117
39 127
39 129
39 134
78 4
78 10
78 14
78 15
78 17
78 22
78 24
78 28
78 29
78 30
78 31
78 32
78 34
78 40
78 43
78 44
78 48
78 50
78 59
78 64
78 67
78 71
78 72
78 75
78 81
78 86
78 87
78 89
78 91
78 92
78 93
78 94
78 98
78 99
78 101
78 102
78 104
78 105
78 107
78 110
78 116
78 117
78 127
78 129
78 134
88 4
88 10
88 14
88 15
88 17
88 22
88 24
88 28
88 29
88 30
88 31
88 32
88 34
88 40
88 43
88 44
88 48
88 50
88 59
88 64
88 67
88 71
88 72
88 75
88 81
88 86
88 87
88 89
88 91
88 92
88 93
88 94
88 98
88 99
88 101
88 102
88 104
88 105
88 107
88 110
88 116
88 117
88 127
88 129
88 134
120 4
120 10
120 14
120 15
120 17
120 22
120 24
120 28
120 29
120 30
120 31
120 32
120 34
120 40
120 43
120 44
120 48
120 50
120 59
120 64
120 67
120 71
120 72
120 75
120 81
120 86
120 87
120 89
120 91
120 92
120 93
120 94
120 98
120 99
120 101
120 102
120 104
120 105
120 107
120 110
120 116
120 117
120 127
120 129
120 134
