135 135 321
0 12
0 29
0 40
0 50
0 57
0 87
0 92
0 105
0 122
0 133
3 15
3 48
3 67
3 71
3 93
3 117
3 134
7 12
7 29
7 40
7 50
7 57
7 87
7 92
7 105
7 122
7 133
8 12
8 57
8 122
8 133
12 15
12 48
12 67
12 71
12 93
12 117
12 134
19 0
19 7
19 14
19 19
19 20
19 28
19 29
19 37
19 39
19 40
19 50
19 59
19 74
19 86
19 87
19 89
19 92
19 98
19 102
19 105
19 110
19 130
19 131
20 0
20 7
20 12
20 14
20 19
20 21
20 28
20 29
20 37
20 39
20 40
20 50
20 57
20 59
20 74
20 86
20 87
20 89
20 92
20 98
20 102
20 105
20 110
20 122
20 130
20 133
21 0
21 7
21 14
21 21
21 22
21 27
21 28
21 29
21 37
21 39
21 40
21 50
21 59
21 74
21 86
21 87
21 89
21 92
21 98
21 102
21 105
21 110
21 130
26 0
26 7
26 12
26 14
26 21
26 28
26 29
26 37
26 39
26 40
26 50
26 57
26 59
26 74
26 86
26 87
26 89
26 92
26 98
26 102
26 105
26 110
26 122
26 130
26 133
27 0
27 7
27 12
27 14
27 21
27 28
27 29
27 37
27 39
27 40
27 50
27 57
27 59
27 74
27 86
27 87
27 89
27 92
27 98
27 102
27 105
27 110
27 122
27 130
27 133
37 12
37 29
37 40
37 50
37 57
37 87
37 92
37 105
37 122
37 133
45 12
45 14
45 28
45 29
45 40
45 50
45 57
45 59
45 86
45 87
45 89
45 92
45 98
45 102
45 105
45 110
45 122
45 133
55 0
55 7
55 12
55 14
55 28
55 29
55 37
55 40
55 50
55 57
55 59
55 74
55 86
55 87
55 89
55 92
55 98
55 102
55 105
55 110
55 122
55 133
57 15
57 48
57 67
57 71
57 93
57 117
57 134
58 0
58 7
58 12
58 14
58 28
58 29
58 37
58 40
58 50
58 57
58 59
58 74
58 86
58 87
58 89
58 92
58 98
58 102
58 105
58 110
58 122
58 133
66 39
66 42
66 61
66 65
66 78
66 88
66 97
66 120
66 130
103 39
103 42
103 61
103 65
103 78
103 88
103 97
103 120
103 130
111 15
111 48
111 67
111 71
111 93
111 117
111 134
113 39
113 42
113 61
113 65
113 78
113 88
113 97
113 120
113 130
122 15
122 48
122 67
122 71
122 93
122 117
122 134
123 39
123 42
123 61
123 65
123 78
123 88
123 97
123 120
123 130
131 0
131 7
131 12
131 14
131 21
131 28
131 29
131 37
131 39
131 40
131 50
131 57
131 59
131 74
131 86
131 87
131 89
131 92
131 98
131 102
131 105
131 110
131 122
131 130
131 133
133 15
133 48
133 67
133 71
133 93
133 117
133 134
