135 135 247
0 34
0 101
7 34
7 101
13 2
13 16
13 34
13 51
13 60
13 62
13 63
13 96
13 101
13 106
13 112
13 114
15 133
29 29
29 34
29 50
29 101
29 105
34 34
34 101
37 34
37 101
38 0
38 7
38 29
38 37
38 40
38 50
38 74
38 87
38 92
38 105
39 0
39 7
39 29
39 37
39 40
39 50
39 74
39 87
39 92
39 105
40 29
40 34
40 40
40 50
40 87
40 92
40 101
40 105
42 0
42 7
42 29
42 37
42 40
42 50
42 74
42 87
42 92
42 105
48 133
50 34
50 50
50 101
50 105
52 0
52 7
52 29
52 37
52 40
52 50
52 74
52 87
52 92
52 105
60 0
60 7
60 29
60 37
60 40
60 50
60 74
60 87
60 92
60 105
61 0
61 7
61 29
61 37
61 40
61 50
61 74
61 87
61 92
61 105
65 0
65 7
65 29
65 37
65 40
65 50
65 74
65 87
65 92
65 105
67 133
71 133
73 0
73 2
73 7
73 16
73 29
73 34
73 37
73 40
73 50
73 51
73 60
73 62
73 63
73 74
73 87
73 92
73 96
73 101
73 105
73 106
73 112
73 114
74 34
74 101
78 0
78 7
78 29
78 37
78 40
78 50
78 74
78 87
78 92
78 105
79 0
79 7
79 29
79 37
79 40
79 50
79 74
79 87
79 92
79 105
87 29
87 34
87 50
87 87
87 92
87 101
87 105
88 0
88 7
88 29
88 37
88 40
88 50
88 74
88 87
88 92
88 105
92 29
92 34
92 50
92 92
92 101
92 105
93 133
97 0
97 7
97 29
97 37
97 40
97 50
97 74
97 87
97 92
97 105
101 101
105 34
105 101
105 105
112 0
112 7
112 29
112 37
112 40
112 50
112 74
112 87
112 92
112 105
117 133
120 0
120 7
120 29
120 37
120 40
120 50
120 74
120 87
120 92
120 105
124 0
124 7
124 29
124 37
124 40
124 50
124 74
124 87
124 92
124 105
125 2
125 16
125 34
125 51
125 60
125 62
125 63
125 96
125 101
125 106
125 112
125 114
130 0
130 7
130 29
130 37
130 40
130 50
130 74
130 87
130 92
130 105
134 133
