135 135 500
0 7
0 8
0 46
0 109
1 49
2 36
2 46
2 62
3 46
3 100
3 109
3 111
4 30
4 32
4 46
4 99
4 109
4 128
5 36
5 46
5 70
5 90
5 126
6 9
6 46
6 100
6 109
6 132
7 8
7 46
7 109
8 46
8 109
9 46
9 100
9 109
10 30
10 31
10 46
10 107
10 109
10 128
11 46
11 100
11 109
12 46
12 100
12 109
13 1
13 49
14 49
14 91
14 108
15 30
15 31
15 46
15 109
15 128
16 36
16 46
16 96
17 30
17 31
17 46
17 109
17 128
18 9
18 46
18 100
18 109
18 132
19 36
19 46
19 70
19 126
20 8
20 46
20 55
20 109
21 36
21 46
21 70
21 126
22 46
22 109
22 128
23 36
23 46
23 56
23 70
24 30
24 32
24 46
24 99
24 109
24 128
25 36
25 46
25 70
25 90
25 126
26 8
26 46
26 55
26 109
27 8
27 46
27 55
27 109
28 14
28 49
28 91
28 108
28 110
29 14
29 49
29 91
29 105
29 108
30 46
30 109
30 128
31 30
31 46
31 109
31 128
32 30
32 46
32 109
32 128
33 36
33 46
33 76
34 36
34 46
34 101
35 46
35 84
35 109
36 46
37 7
37 8
37 46
37 109
38 1
38 49
39 1
39 49
39 65
39 97
40 14
40 49
40 91
40 105
40 108
41 46
41 84
41 85
41 109
42 1
42 49
42 97
43 30
43 32
43 46
43 81
43 99
43 109
43 128
44 30
44 32
44 46
44 109
44 128
45 8
45 46
45 109
47 49
47 69
47 108
48 15
48 30
48 31
48 46
48 109
48 128
50 14
50 49
50 91
50 105
50 108
51 36
51 46
51 62
52 36
52 46
53 9
53 46
53 100
53 109
53 132
54 46
54 109
54 128
55 8
55 46
55 109
56 36
56 46
56 70
57 46
57 100
57 109
58 8
58 46
58 55
58 109
59 14
59 49
59 89
59 91
59 108
59 110
60 36
60 46
60 70
60 126
61 1
61 49
61 97
62 36
62 46
63 36
63 46
64 30
64 31
64 46
64 109
64 128
65 1
65 49
65 97
66 36
66 46
66 103
67 15
67 30
67 31
67 46
67 109
67 128
68 9
68 46
68 83
68 100
68 109
68 132
69 49
69 108
70 36
70 46
71 15
71 30
71 31
71 46
71 109
71 128
72 30
72 31
72 46
72 109
72 128
73 1
73 13
73 49
74 49
74 108
75 30
75 32
75 46
75 109
75 128
76 36
76 46
77 9
77 46
77 100
77 109
78 1
78 49
78 65
78 97
79 36
79 46
79 52
80 36
80 46
81 30
81 32
81 46
81 99
81 109
81 128
82 1
82 49
83 9
83 46
83 100
83 109
83 132
84 46
84 109
85 46
85 84
85 109
86 14
86 49
86 91
86 102
86 108
86 110
87 14
87 40
87 49
87 91
87 105
87 108
88 1
88 49
88 97
88 120
89 14
89 49
89 91
89 108
89 110
90 36
90 46
90 70
90 126
91 49
91 108
92 14
92 40
92 49
92 91
92 105
92 108
93 15
93 30
93 31
93 46
93 109
93 128
94 30
94 32
94 46
94 99
94 109
94 128
95 36
95 46
95 70
95 90
95 126
96 36
96 46
97 1
97 49
98 14
98 49
98 91
98 108
98 110
99 30
99 32
99 46
99 109
99 128
100 46
100 109
101 36
101 46
102 14
102 49
102 91
102 108
102 110
103 36
103 46
104 30
104 32
104 46
104 99
104 109
104 128
105 14
105 49
105 91
105 108
106 36
106 46
106 62
107 30
107 31
107 46
107 109
107 128
108 49
109 46
110 14
110 49
110 91
110 108
111 46
111 100
111 109
112 36
112 46
112 62
113 36
113 46
113 103
114 36
114 46
114 62
115 36
115 46
115 70
116 36
116 46
116 70
117 15
117 30
117 31
117 46
117 109
117 128
118 36
118 46
118 76
119 9
119 46
119 100
119 109
119 132
120 1
120 49
120 97
121 46
121 84
121 109
122 46
122 100
122 109
123 36
123 46
123 103
124 36
124 46
124 52
125 1
125 13
125 49
126 36
126 46
126 70
127 30
127 32
127 46
127 81
127 99
127 109
127 128
128 46
128 109
129 36
129 46
129 70
130 1
130 49
130 65
130 97
131 8
131 46
131 55
131 109
132 9
132 46
132 100
132 109
133 46
133 100
133 109
134 15
134 30
134 31
134 46
134 109
134 128
