135 135 87
0 0
0 7
0 74
7 7
28 28
28 59
28 89
28 110
29 0
29 7
29 29
29 37
29 50
29 74
29 105
37 0
37 7
37 37
40 0
40 7
40 29
40 37
40 40
40 50
40 74
40 87
40 92
40 105
50 0
50 7
50 37
50 50
50 74
50 105
52 52
59 59
59 110
74 74
79 52
79 79
79 124
86 28
86 59
86 86
86 89
86 98
86 110
87 0
87 7
87 29
87 37
87 50
87 74
87 87
87 92
87 105
89 59
89 89
89 110
92 0
92 7
92 29
92 37
92 50
92 74
92 92
92 105
98 28
98 59
98 89
98 98
98 110
102 28
102 59
102 86
102 89
102 98
102 102
102 110
105 0
105 7
105 37
105 74
105 105
110 110
124 52
124 124
