135 135 608
0 0
0 7
0 13
0 14
0 28
0 29
0 37
0 39
0 40
0 47
0 50
0 59
0 65
0 69
0 73
0 74
0 78
0 86
0 87
0 89
0 91
0 92
0 98
0 102
0 105
0 108
0 110
0 125
0 130
5 86
7 0
7 7
7 14
7 28
7 29
7 37
7 39
7 40
7 47
7 50
7 59
7 65
7 69
7 74
7 78
7 86
7 87
7 89
7 91
7 92
7 98
7 102
7 105
7 108
7 110
7 130
13 86
14 0
14 7
14 14
14 28
14 29
14 37
14 40
14 47
14 50
14 59
14 69
14 74
14 86
14 87
14 89
14 91
14 92
14 98
14 102
14 105
14 108
14 110
19 86
21 86
23 86
25 86
28 0
28 7
28 14
28 28
28 29
28 37
28 40
28 47
28 50
28 59
28 69
28 74
28 86
28 87
28 89
28 91
28 92
28 98
28 102
28 105
28 108
28 110
29 0
29 7
29 13
29 14
29 28
29 29
29 37
29 39
29 40
29 47
29 50
29 59
29 65
29 69
29 73
29 74
29 78
29 86
29 87
29 89
29 91
29 92
29 98
29 102
29 105
29 108
29 110
29 125
29 130
34 14
34 28
34 29
34 40
34 47
34 50
34 59
34 69
34 74
34 86
34 87
34 89
34 91
34 92
34 98
34 102
34 105
34 108
34 110
37 0
37 7
37 14
37 28
37 29
37 37
37 39
37 40
37 47
37 50
37 59
37 65
37 69
37 74
37 78
37 86
37 87
37 89
37 91
37 92
37 98
37 102
37 105
37 108
37 110
37 130
40 0
40 7
40 13
40 14
40 28
40 29
40 37
40 39
40 40
40 47
40 50
40 59
40 65
40 69
40 73
40 74
40 78
40 86
40 87
40 89
40 91
40 92
40 98
40 102
40 105
40 108
40 110
40 125
40 130
47 0
47 7
47 14
47 28
47 29
47 37
47 40
47 47
47 50
47 59
47 69
47 74
47 86
47 87
47 89
47 91
47 92
47 98
47 102
47 105
47 108
47 110
50 0
50 7
50 13
50 14
50 28
50 29
50 37
50 39
50 40
50 47
50 50
50 59
50 65
50 69
50 73
50 74
50 78
50 86
50 87
50 89
50 91
50 92
50 98
50 102
50 105
50 108
50 110
50 125
50 130
56 86
59 0
59 7
59 14
59 28
59 29
59 37
59 40
59 47
59 50
59 59
59 69
59 74
59 86
59 87
59 89
59 91
59 92
59 98
59 102
59 105
59 108
59 110
60 86
69 0
69 7
69 14
69 28
69 29
69 37
69 40
69 47
69 50
69 59
69 69
69 74
69 86
69 87
69 89
69 91
69 92
69 98
69 102
69 105
69 108
69 110
70 86
73 86
74 0
74 7
74 13
74 14
74 28
74 29
74 37
74 39
74 40
74 47
74 50
74 59
74 65
74 69
74 73
74 74
74 78
74 86
74 87
74 89
74 91
74 92
74 98
74 102
74 105
74 108
74 110
74 125
74 130
79 39
79 78
86 0
86 7
86 13
86 14
86 28
86 29
86 37
86 40
86 47
86 50
86 59
86 69
86 73
86 74
86 86
86 87
86 89
86 91
86 92
86 98
86 102
86 105
86 108
86 110
86 125
87 0
87 7
87 13
87 14
87 28
87 29
87 37
87 39
87 40
87 47
87 50
87 59
87 65
87 69
87 73
87 74
87 78
87 86
87 87
87 89
87 91
87 92
87 98
87 102
87 105
87 108
87 110
87 125
87 130
89 0
89 7
89 14
89 28
89 29
89 37
89 40
89 47
89 50
89 59
89 69
89 74
89 86
89 87
89 89
89 91
89 92
89 98
89 102
89 105
89 108
89 110
90 86
91 0
91 7
91 14
91 28
91 29
91 37
91 40
91 47
91 50
91 59
91 69
91 74
91 86
91 87
91 89
91 91
91 92
91 98
91 102
91 105
91 108
91 110
92 0
92 7
92 13
92 14
92 28
92 29
92 37
92 39
92 40
92 47
92 50
92 59
92 65
92 69
92 73
92 74
92 78
92 86
92 87
92 89
92 91
92 92
92 98
92 102
92 105
92 108
92 110
92 125
92 130
95 86
98 0
98 7
98 14
98 28
98 29
98 37
98 40
98 47
98 50
98 59
98 69
98 74
98 86
98 87
98 89
98 91
98 92
98 98
98 102
98 105
98 108
98 110
101 14
101 28
101 29
101 40
101 47
101 50
101 59
101 69
101 74
101 86
101 87
101 89
101 91
101 92
101 98
101 102
101 105
101 108
101 110
102 0
102 7
102 14
102 28
102 29
102 37
102 40
102 47
102 50
102 59
102 69
102 74
102 86
102 87
102 89
102 91
102 92
102 98
102 102
102 105
102 108
102 110
105 0
105 7
105 13
105 14
105 28
105 29
105 37
105 39
105 40
105 47
105 50
105 59
105 65
105 69
105 73
105 74
105 78
105 86
105 87
105 89
105 91
105 92
105 98
105 102
105 105
105 108
105 110
105 125
105 130
108 0
108 7
108 14
108 28
108 29
108 37
108 40
108 47
108 50
108 59
108 69
108 74
108 86
108 87
108 89
108 91
108 92
108 98
108 102
108 105
108 108
108 110
110 0
110 7
110 14
110 28
110 29
110 37
110 40
110 47
110 50
110 59
110 69
110 74
110 86
110 87
110 89
110 91
110 92
110 98
110 102
110 105
110 108
110 110
115 86
116 86
125 86
126 86
129 86
