135 135 86
28 28
28 59
28 86
28 89
28 98
28 102
28 110
29 29
29 40
29 50
29 87
29 92
29 105
39 130
40 29
40 40
40 50
40 87
40 92
40 105
50 29
50 40
50 50
50 87
50 92
50 105
59 28
59 59
59 86
59 89
59 98
59 102
59 110
86 28
86 59
86 86
86 89
86 98
86 102
86 110
87 29
87 40
87 50
87 87
87 92
87 105
89 28
89 59
89 86
89 89
89 98
89 102
89 110
92 29
92 40
92 50
92 87
92 92
92 105
98 28
98 59
98 86
98 89
98 98
98 102
98 110
102 28
102 59
102 86
102 89
102 98
102 102
102 110
105 29
105 40
105 50
105 87
105 92
105 105
110 28
110 59
110 86
110 89
110 98
110 102
110 110
