135 135 90
2 1
2 13
2 38
2 39
2 42
2 61
2 65
2 73
2 78
2 82
2 88
2 97
2 120
2 125
2 130
51 1
51 13
51 38
51 39
51 42
51 61
51 65
51 73
51 78
51 82
51 88
51 97
51 120
51 125
51 130
62 1
62 13
62 38
62 39
62 42
62 61
62 65
62 73
62 78
62 82
62 88
62 97
62 120
62 125
62 130
106 1
106 13
106 38
106 39
106 42
106 61
106 65
106 73
106 78
106 82
106 88
106 97
106 120
106 125
106 130
112 1
112 13
112 38
112 39
112 42
112 61
112 65
112 73
112 78
112 82
112 88
112 97
112 120
112 125
112 130
114 1
114 13
114 38
114 39
114 42
114 61
114 65
114 73
114 78
114 82
114 88
114 97
114 120
114 125
114 130
